origin_lat,origin_lng,origin_id,destination_lat,destination_lng,destination_id,distance,time
55.851896198574934,-4.132843272187337,0.0,55.8391698042901,-4.214478482526657,0,7.703,626
55.851896198574934,-4.132843272187337,0.0,55.86553667472969,-4.350500876963486,1,20.04,1055
55.851896198574934,-4.132843272187337,0.0,55.912892829643965,-4.286410947894997,2,18.782,2096
55.851896198574934,-4.132843272187337,0.0,55.84854019346565,-4.391697428307927,3,19.471,1276
55.851896198574934,-4.132843272187337,0.0,55.79232875093524,-4.310455024670266,4,21.936,1253
55.851896198574934,-4.132843272187337,0.0,55.837143362020576,-4.120043492886959,5,5.899,418
55.851896198574934,-4.132843272187337,0.0,55.84185129809378,-4.283879851305767,6,11.91,928
55.851896198574934,-4.132843272187337,0.0,55.90609664927746,-4.311383718964596,7,17.466,1205
55.851896198574934,-4.132843272187337,0.0,55.7832172019226,-4.31249791159531,8,17.893,1295
55.851896198574934,-4.132843272187337,0.0,55.8177258987159,-4.260489243356555,9,11.86,841
55.851896198574934,-4.132843272187337,0.0,55.903262790870684,-4.212111703691823,10,12.019,986
55.851896198574934,-4.132843272187337,0.0,55.893978813107424,-4.1413270988368325,11,9.948,760
55.851896198574934,-4.132843272187337,0.0,55.894884622950286,-4.154349650804189,12,18.012,803
55.851896198574934,-4.132843272187337,0.0,55.80680963785043,-4.263605759417426,13,14.298,1108
55.851896198574934,-4.132843272187337,0.0,55.81824312166051,-4.346878846315483,14,19.099,1167
55.851896198574934,-4.132843272187337,0.0,55.84742656229786,-4.269221405976544,15,12.275,947
55.851896198574934,-4.132843272187337,0.0,55.80730424868546,-4.315177272898423,16,18.805,1152
55.851896198574934,-4.132843272187337,0.0,55.83798278877758,-4.260604018644594,17,10.381,742
55.851896198574934,-4.132843272187337,0.0,55.89424631095569,-4.343398240721316,18,17.327,1185
55.851896198574934,-4.132843272187337,0.0,55.83908093533876,-4.223069302141199,19,8.202,713
55.851896198574934,-4.132843272187337,0.0,55.8357731433788,-4.270556349194068,20,11.065,793
55.851896198574934,-4.132843272187337,0.0,55.90309627527835,-4.360750370095284,21,19.36,1420
55.851896198574934,-4.132843272187337,0.0,55.85652103589449,-4.101365743428073,22,2.538,274
55.851896198574934,-4.132843272187337,0.0,55.783736419963375,-4.235306054793451,23,12.556,954
55.851896198574934,-4.132843272187337,0.0,55.92064824587275,-4.2358362157531895,24,16.38,1086
55.851896198574934,-4.132843272187337,0.0,55.907674892744176,-4.2497703459088045,25,15.132,2131
55.851896198574934,-4.132843272187337,0.0,55.919604340921964,-4.226208116301384,26,14.226,1046
55.851896198574934,-4.132843272187337,0.0,55.83219148710444,-4.304581930326681,27,17.977,1194
55.851896198574934,-4.132843272187337,0.0,55.79569701419853,-4.1769099124482585,28,8.731,709
55.851896198574934,-4.132843272187337,0.0,55.81260197667657,-4.197841211154324,29,9.568,761
55.851896198574934,-4.132843272187337,0.0,55.826092940761974,-4.176919409292903,30,5.827,562
55.851896198574934,-4.132843272187337,0.0,55.828413149208096,-4.109650878166438,31,5.852,478
55.851896198574934,-4.132843272187337,0.0,55.8999241737755,-4.257993823533507,32,15.231,1075
55.851896198574934,-4.132843272187337,0.0,55.892514250678616,-4.340118142906542,33,17.356,1197
55.851896198574934,-4.132843272187337,0.0,55.855241629670886,-4.269936069312288,34,13.318,715
55.851896198574934,-4.132843272187337,0.0,55.877364911629314,-4.109701193625618,35,6.755,587
55.851896198574934,-4.132843272187337,0.0,55.887053111734645,-4.1280531391159245,36,16.526,883
55.851896198574934,-4.132843272187337,0.0,55.89108676863447,-4.105446803942431,37,10.867,894
55.851896198574934,-4.132843272187337,0.0,55.842635153466425,-4.334387903339716,38,15.908,982
55.851896198574934,-4.132843272187337,0.0,55.89197542936556,-4.19614108945253,39,9.803,710
55.851896198574934,-4.132843272187337,0.0,55.825849135803445,-4.321179033230789,40,16.155,1094
55.851896198574934,-4.132843272187337,0.0,55.81864602215581,-4.375055705699034,41,20.128,1176
55.851896198574934,-4.132843272187337,0.0,55.92613065482397,-4.212698358862173,42,14.09,1068
55.851896198574934,-4.132843272187337,0.0,55.874439929608144,-4.279689658904073,43,13.159,837
55.851896198574934,-4.132843272187337,0.0,55.81998166828728,-4.245455535821837,44,11.34,746
55.851896198574934,-4.132843272187337,0.0,55.91066980601156,-4.213502644426629,45,13.721,1061
55.851896198574934,-4.132843272187337,0.0,55.8404807486866,-4.356656090229781,46,19.56,1250
55.851896198574934,-4.132843272187337,0.0,55.88708229912325,-4.079055837843032,47,8.497,487
55.851896198574934,-4.132843272187337,0.0,55.84510555179576,-4.178720975321847,48,4.355,426
55.851896198574934,-4.132843272187337,0.0,55.84413340760586,-4.085244529493477,49,7.414,899
55.851896198574934,-4.132843272187337,0.0,55.83324217210475,-4.157183908594519,50,3.733,370
55.851896198574934,-4.132843272187337,0.0,55.895753278756494,-4.323131413571223,51,17.098,1259
55.851896198574934,-4.132843272187337,0.0,55.88609925330935,-4.38354364327563,52,21.073,1123
55.851896198574934,-4.132843272187337,0.0,55.86596770908397,-4.338853955125049,53,17.856,1003
55.851896198574934,-4.132843272187337,0.0,55.819381988004544,-4.256567679373081,54,12.769,896
55.851896198574934,-4.132843272187337,0.0,55.919398785577634,-4.298102785445152,55,19.058,1776
55.851896198574934,-4.132843272187337,0.0,55.81052481551728,-4.0780884232687225,56,8.651,1625
55.851896198574934,-4.132843272187337,0.0,55.8411814367945,-4.125490362928665,57,2.106,228
55.851896198574934,-4.132843272187337,0.0,55.844855881791794,-4.151320272286683,58,4.187,387
55.851896198574934,-4.132843272187337,0.0,55.79334532620707,-4.3052187624925375,59,16.636,1243
55.851896198574934,-4.132843272187337,0.0,55.78499644933002,-4.082518262203789,60,12.717,670
55.851896198574934,-4.132843272187337,0.0,55.86482365717543,-4.074666870071637,61,5.181,583
55.851896198574934,-4.132843272187337,0.0,55.910543969585106,-4.384534109666136,62,21.187,1485
55.851896198574934,-4.132843272187337,0.0,55.799715679086134,-4.188568421733812,63,9.059,900
55.851896198574934,-4.132843272187337,0.0,55.90005630083831,-4.294022887833187,64,16.538,1158
55.851896198574934,-4.132843272187337,0.0,55.82573931186619,-4.210157383495828,65,7.625,575
55.851896198574934,-4.132843272187337,0.0,55.88010014610652,-4.288014027401103,66,15.259,1127
55.851896198574934,-4.132843272187337,0.0,55.8836463272421,-4.377148406451105,67,20.843,1200
55.851896198574934,-4.132843272187337,0.0,55.80511293548626,-4.195982430231648,68,8.883,755
55.851896198574934,-4.132843272187337,0.0,55.9265186267864,-4.256321117900257,69,18.596,1190
55.851896198574934,-4.132843272187337,0.0,55.90353118048908,-4.119171950823842,70,11.469,954
55.851896198574934,-4.132843272187337,0.0,55.81502357146685,-4.260984914919316,71,12.217,875
55.851896198574934,-4.132843272187337,0.0,55.894355058439295,-4.293143876300353,72,15.828,1106
55.851896198574934,-4.132843272187337,0.0,55.80246488546192,-4.242274834364847,73,13.481,972
55.851896198574934,-4.132843272187337,0.0,55.887581813102464,-4.2985753032369685,74,15.44,1102
55.851896198574934,-4.132843272187337,0.0,55.928290955083554,-4.295962301582311,75,19.48,1190
55.851896198574934,-4.132843272187337,0.0,55.81096058143004,-4.368797105646974,76,21.785,1258
55.851896198574934,-4.132843272187337,0.0,55.84818750128869,-4.3631808239548375,77,20.546,1102
55.851896198574934,-4.132843272187337,0.0,55.81610352786554,-4.330910795148831,78,18.124,1007
55.851896198574934,-4.132843272187337,0.0,55.807034270653475,-4.136077366584948,79,7.757,658
55.851896198574934,-4.132843272187337,0.0,55.86778114631985,-4.233612892312959,80,10.289,701
55.851896198574934,-4.132843272187337,0.0,55.79578956690847,-4.368290459919509,81,26.869,2453
55.851896198574934,-4.132843272187337,0.0,55.897877306124535,-4.077031107370425,82,10.856,1232
55.851896198574934,-4.132843272187337,0.0,55.80721289582252,-4.242612882195534,83,12.704,923
55.851896198574934,-4.132843272187337,0.0,55.92209393969709,-4.157940141970138,84,14.047,954
55.851896198574934,-4.132843272187337,0.0,55.79188265083702,-4.28147512844989,85,15.671,1167
55.851896198574934,-4.132843272187337,0.0,55.88043814367632,-4.104360473798184,86,6.567,547
55.851896198574934,-4.132843272187337,0.0,55.90345994988174,-4.293652184560058,87,18.255,1232
55.851896198574934,-4.132843272187337,0.0,55.91230525016259,-4.108196424937476,88,14.149,856
55.851896198574934,-4.132843272187337,0.0,55.90569137930351,-4.3852429216612405,89,21.222,1508
55.851896198574934,-4.132843272187337,0.0,55.824402119970216,-4.298242138123909,90,16.591,1015
55.851896198574934,-4.132843272187337,0.0,55.887104625653905,-4.201059285828647,91,9.577,784
55.851896198574934,-4.132843272187337,0.0,55.92006797200308,-4.195257422106852,92,14.878,931
55.851896198574934,-4.132843272187337,0.0,55.7944551107823,-4.1683749063061635,93,8.861,1144
55.851896198574934,-4.132843272187337,0.0,55.88003873447475,-4.304350182381346,94,14.773,1010
55.851896198574934,-4.132843272187337,0.0,55.88308048053683,-4.2942103285768285,95,14.373,984
55.851896198574934,-4.132843272187337,0.0,55.80779271908626,-4.3234306371549245,96,19.395,1140
55.851896198574934,-4.132843272187337,0.0,55.90123467399992,-4.380968632189907,97,24.375,1684
55.851896198574934,-4.132843272187337,0.0,55.88049231589054,-4.293733205570284,98,14.275,975
55.851896198574934,-4.132843272187337,0.0,55.84697147961761,-4.334108806216461,99,16.022,1016
55.851896198574934,-4.132843272187337,0.0,55.83067141211495,-4.195633651932574,100,6.869,589
55.851896198574934,-4.132843272187337,0.0,55.89350845984679,-4.099445363541155,101,9.934,664
55.851896198574934,-4.132843272187337,0.0,55.92592408664018,-4.179171340754611,102,14.149,970
55.851896198574934,-4.132843272187337,0.0,55.84941827409408,-4.169566750359822,103,2.96,329
55.851896198574934,-4.132843272187337,0.0,55.92413375575165,-4.226670311636797,104,15.305,1810
55.851896198574934,-4.132843272187337,0.0,55.88995713457192,-4.285031242761631,105,14.768,1009
55.851896198574934,-4.132843272187337,0.0,55.90528066541109,-4.131569818675147,106,17.792,828
55.851896198574934,-4.132843272187337,0.0,55.87850608392288,-4.103517886631066,107,6.898,580
55.851896198574934,-4.132843272187337,0.0,55.80799405798939,-4.284953473560454,108,14.084,1112
55.851896198574934,-4.132843272187337,0.0,55.906815669822045,-4.385279074380807,109,20.533,1423
55.851896198574934,-4.132843272187337,0.0,55.916237634416454,-4.222407816066865,110,14.141,1035
55.851896198574934,-4.132843272187337,0.0,55.915798955837815,-4.088621086891774,111,13.015,740
55.851896198574934,-4.132843272187337,0.0,55.827538479175395,-4.350653065976025,112,18.468,1098
55.851896198574934,-4.132843272187337,0.0,55.799515288981674,-4.0866627646338864,113,10.167,750
55.851896198574934,-4.132843272187337,0.0,55.831024245961984,-4.244756518165482,114,9.821,647
55.851896198574934,-4.132843272187337,0.0,55.86754360554833,-4.2143078261423845,115,8.962,687
55.851896198574934,-4.132843272187337,0.0,55.8574985965699,-4.1521224561179935,116,2.666,302
55.851896198574934,-4.132843272187337,0.0,55.88095643501817,-4.32811659177277,117,17.992,1067
55.851896198574934,-4.132843272187337,0.0,55.85240433608213,-4.177570445500026,118,3.238,332
55.851896198574934,-4.132843272187337,0.0,55.91169549549074,-4.359708873069638,119,20.924,1488
55.851896198574934,-4.132843272187337,0.0,55.92640787519779,-4.300990956079843,120,19.928,1239
55.851896198574934,-4.132843272187337,0.0,55.84019197366069,-4.205566157974415,121,8.189,741
55.851896198574934,-4.132843272187337,0.0,55.866619942939494,-4.268153778778456,122,12.236,818
55.851896198574934,-4.132843272187337,0.0,55.81327411986783,-4.2587495402872255,123,12.196,885
55.851896198574934,-4.132843272187337,0.0,55.86022660117776,-4.154711133590585,124,3.586,312
55.851896198574934,-4.132843272187337,0.0,55.831522729053496,-4.370420634377527,125,20.522,1269
55.851896198574934,-4.132843272187337,0.0,55.84074346341779,-4.172411658039648,126,4.077,387
55.851896198574934,-4.132843272187337,0.0,55.8801412435821,-4.258666277618953,127,12.512,832
55.851896198574934,-4.132843272187337,0.0,55.8434159429892,-4.1056733307349536,128,3.717,345
55.851896198574934,-4.132843272187337,0.0,55.83522057783537,-4.25736952395694,129,10.355,744
55.851896198574934,-4.132843272187337,0.0,55.86467774065618,-4.2250953414252415,130,10.182,604
55.851896198574934,-4.132843272187337,0.0,55.8953662249987,-4.231143624453162,131,13.406,897
55.851896198574934,-4.132843272187337,0.0,55.81920459649808,-4.236238450921302,132,11.924,797
55.851896198574934,-4.132843272187337,0.0,55.900795402502105,-4.206009410292495,133,11.204,876
55.851896198574934,-4.132843272187337,0.0,55.86078490474355,-4.339631469507248,134,18.391,1098
55.851896198574934,-4.132843272187337,0.0,55.924999437053955,-4.191173279124663,135,14.627,922
55.851896198574934,-4.132843272187337,0.0,55.81549096669224,-4.126910343137958,136,7.826,654
55.851896198574934,-4.132843272187337,0.0,55.90135585493081,-4.207622057499793,137,11.203,854
55.851896198574934,-4.132843272187337,0.0,55.845816555475636,-4.129576488296543,138,0.954,147
55.851896198574934,-4.132843272187337,0.0,55.80470047644827,-4.291960781118721,139,15.09,1171
55.851896198574934,-4.132843272187337,0.0,55.89185394491289,-4.179857587296262,140,10.407,653
55.851896198574934,-4.132843272187337,0.0,55.91859399996558,-4.3401659608951215,141,19.79,1339
55.851896198574934,-4.132843272187337,0.0,55.90671476836246,-4.3642865107142725,142,21.011,1460
55.851896198574934,-4.132843272187337,0.0,55.81273399651921,-4.167613047894911,143,6.19,511
55.851896198574934,-4.132843272187337,0.0,55.80939871413575,-4.276056954355674,144,13.372,1000
55.851896198574934,-4.132843272187337,0.0,55.88312869327199,-4.214542892826467,145,9.204,755
55.851896198574934,-4.132843272187337,0.0,55.815340374954424,-4.283514492524949,146,13.542,1018
55.851896198574934,-4.132843272187337,0.0,55.87864379034378,-4.080636908866371,147,9.477,521
55.851896198574934,-4.132843272187337,0.0,55.89423440492952,-4.2418874418647645,148,13.969,981
55.851896198574934,-4.132843272187337,0.0,55.92796852989922,-4.305970400193036,149,20.056,1262
55.851896198574934,-4.132843272187337,0.0,55.92895153496988,-4.082888064137351,150,13.973,748
55.851896198574934,-4.132843272187337,0.0,55.790766759429424,-4.135285962371055,151,9.885,714
55.851896198574934,-4.132843272187337,0.0,55.80808041573422,-4.184105792933229,152,7.669,627
55.851896198574934,-4.132843272187337,0.0,55.7982747224006,-4.3931924101572655,153,22.593,1353
55.851896198574934,-4.132843272187337,0.0,55.81178474630603,-4.337962602706185,154,19.191,1113
55.851896198574934,-4.132843272187337,0.0,55.852972007756,-4.353957895039277,155,17.59,1101
55.851896198574934,-4.132843272187337,0.0,55.797152036890715,-4.311451416173846,156,21.163,1187
55.851896198574934,-4.132843272187337,0.0,55.84839482833289,-4.1889265673730645,157,5.116,449
55.851896198574934,-4.132843272187337,0.0,55.86383954752864,-4.387927326091926,158,23.182,1129
55.851896198574934,-4.132843272187337,0.0,55.807182357875575,-4.140487806234959,159,7.434,633
55.851896198574934,-4.132843272187337,0.0,55.8296607577131,-4.218765551358871,160,7.966,667
55.851896198574934,-4.132843272187337,0.0,55.82699494590622,-4.295404959002084,161,16.627,991
55.851896198574934,-4.132843272187337,0.0,55.861248665443505,-4.307186036515638,162,15.476,1005
55.851896198574934,-4.132843272187337,0.0,55.897857165570365,-4.156645648865112,163,11.883,690
55.851896198574934,-4.132843272187337,0.0,55.877747555317356,-4.342792329217214,164,18.59,1173
55.851896198574934,-4.132843272187337,0.0,55.92259641850896,-4.389236283866068,165,23.789,1545
55.851896198574934,-4.132843272187337,0.0,55.92621339590465,-4.2820478996479165,166,18.38,1139
55.851896198574934,-4.132843272187337,0.0,55.80660612206145,-4.094012410496262,167,8.236,690
55.851896198574934,-4.132843272187337,0.0,55.84605439624201,-4.09192094471571,168,6.877,458
55.851896198574934,-4.132843272187337,0.0,55.83961965364386,-4.1201104741133365,169,2.56,218
55.851896198574934,-4.132843272187337,0.0,55.85030951683019,-4.217608837338132,170,7.338,655
55.851896198574934,-4.132843272187337,0.0,55.85971342373431,-4.246748195156407,171,10.895,751
55.851896198574934,-4.132843272187337,0.0,55.815747728441636,-4.150792968910081,172,6.304,530
55.851896198574934,-4.132843272187337,0.0,55.80041195127493,-4.3806303679601495,173,22.009,1305
55.851896198574934,-4.132843272187337,0.0,55.85487415463933,-4.092829020720908,174,4.152,343
55.851896198574934,-4.132843272187337,0.0,55.80456076444065,-4.203157873727267,175,9.374,775
55.851896198574934,-4.132843272187337,0.0,55.84723005082115,-4.330151260440624,176,15.543,959
55.851896198574934,-4.132843272187337,0.0,55.88775631668876,-4.123428423568879,177,13.132,874
55.851896198574934,-4.132843272187337,0.0,55.82857385936083,-4.129579652409029,178,8.858,668
55.851896198574934,-4.132843272187337,0.0,55.879865395443076,-4.36272007519476,179,19.498,1198
55.851896198574934,-4.132843272187337,0.0,55.87973669437185,-4.215636550296907,180,9.92,851
55.851896198574934,-4.132843272187337,0.0,55.8162521393249,-4.1868605517933455,181,6.777,625
55.851896198574934,-4.132843272187337,0.0,55.80755514535402,-4.201625161718038,182,9.127,742
55.851896198574934,-4.132843272187337,0.0,55.85565398843102,-4.250533808562208,183,11.709,906
55.851896198574934,-4.132843272187337,0.0,55.929636326069506,-4.381100658166308,184,22.851,1504
55.851896198574934,-4.132843272187337,0.0,55.879581066995904,-4.21986165885879,185,10.105,886
55.851896198574934,-4.132843272187337,0.0,55.92647877645629,-4.127886630011083,186,14.375,1009
55.851896198574934,-4.132843272187337,0.0,55.82282427264178,-4.371094162561755,187,19.658,1192
55.851896198574934,-4.132843272187337,0.0,55.90291353127043,-4.3414180899754955,188,18.158,1354
55.851896198574934,-4.132843272187337,0.0,55.78437024600116,-4.156926419796477,189,10.63,799
55.851896198574934,-4.132843272187337,0.0,55.8321542449311,-4.1561720476648265,190,3.773,384
55.851896198574934,-4.132843272187337,0.0,55.88310705812362,-4.084862107847263,191,6.638,403
55.851896198574934,-4.132843272187337,0.0,55.85616333886266,-4.110333739241922,192,2.039,275
55.851896198574934,-4.132843272187337,0.0,55.90185178498145,-4.152652007721208,193,13.676,1336
55.851896198574934,-4.132843272187337,0.0,55.8837118458465,-4.182392741162416,194,9.774,1537
55.851896198574934,-4.132843272187337,0.0,55.83086049774818,-4.312434105301623,195,17.561,1096
55.851896198574934,-4.132843272187337,0.0,55.821849459706755,-4.176208567338996,196,5.657,468
55.851896198574934,-4.132843272187337,0.0,55.88009750494633,-4.255964552703097,197,12.198,811
55.851896198574934,-4.132843272187337,0.0,55.87413911675089,-4.369807111055967,198,19.184,1019
55.851896198574934,-4.132843272187337,0.0,55.86354071984154,-4.093406384811447,199,5.732,448
55.91286831249761,-4.344525693117795,1.0,55.8391698042901,-4.214478482526657,0,18.672,1331
55.91286831249761,-4.344525693117795,1.0,55.86553667472969,-4.350500876963486,1,9.052,892
55.91286831249761,-4.344525693117795,1.0,55.912892829643965,-4.286410947894997,2,7.387,1468
55.91286831249761,-4.344525693117795,1.0,55.84854019346565,-4.391697428307927,3,13.137,1245
55.91286831249761,-4.344525693117795,1.0,55.79232875093524,-4.310455024670266,4,21.786,1462
55.91286831249761,-4.344525693117795,1.0,55.837143362020576,-4.120043492886959,5,22.371,1343
55.91286831249761,-4.344525693117795,1.0,55.84185129809378,-4.283879851305767,6,13.53,1204
55.91286831249761,-4.344525693117795,1.0,55.90609664927746,-4.311383718964596,7,2.769,349
55.91286831249761,-4.344525693117795,1.0,55.7832172019226,-4.31249791159531,8,23.374,1520
55.91286831249761,-4.344525693117795,1.0,55.8177258987159,-4.260489243356555,9,17.343,1393
55.91286831249761,-4.344525693117795,1.0,55.903262790870684,-4.212111703691823,10,13.028,979
55.91286831249761,-4.344525693117795,1.0,55.893978813107424,-4.1413270988368325,11,19.204,1261
55.91286831249761,-4.344525693117795,1.0,55.894884622950286,-4.154349650804189,12,18.796,1130
55.91286831249761,-4.344525693117795,1.0,55.80680963785043,-4.263605759417426,13,19.108,1617
55.91286831249761,-4.344525693117795,1.0,55.81824312166051,-4.346878846315483,14,18.949,1376
55.91286831249761,-4.344525693117795,1.0,55.84742656229786,-4.269221405976544,15,12.942,1100
55.91286831249761,-4.344525693117795,1.0,55.80730424868546,-4.315177272898423,16,18.655,1361
55.91286831249761,-4.344525693117795,1.0,55.83798278877758,-4.260604018644594,17,13.724,1210
55.91286831249761,-4.344525693117795,1.0,55.89424631095569,-4.343398240721316,18,3.63,473
55.91286831249761,-4.344525693117795,1.0,55.83908093533876,-4.223069302141199,19,16.263,1362
55.91286831249761,-4.344525693117795,1.0,55.8357731433788,-4.270556349194068,20,13.746,1111
55.91286831249761,-4.344525693117795,1.0,55.90309627527835,-4.360750370095284,21,2.117,310
55.91286831249761,-4.344525693117795,1.0,55.85652103589449,-4.101365743428073,22,19.734,1261
55.91286831249761,-4.344525693117795,1.0,55.783736419963375,-4.235306054793451,23,21.403,1684
55.91286831249761,-4.344525693117795,1.0,55.92064824587275,-4.2358362157531895,24,9.739,618
55.91286831249761,-4.344525693117795,1.0,55.907674892744176,-4.2497703459088045,25,13.355,2061
55.91286831249761,-4.344525693117795,1.0,55.919604340921964,-4.226208116301384,26,12.167,820
55.91286831249761,-4.344525693117795,1.0,55.83219148710444,-4.304581930326681,27,17.827,1403
55.91286831249761,-4.344525693117795,1.0,55.79569701419853,-4.1769099124482585,28,23.087,1616
55.91286831249761,-4.344525693117795,1.0,55.81260197667657,-4.197841211154324,29,20.498,1483
55.91286831249761,-4.344525693117795,1.0,55.826092940761974,-4.176919409292903,30,19.028,1416
55.91286831249761,-4.344525693117795,1.0,55.828413149208096,-4.109650878166438,31,25.832,1606
55.91286831249761,-4.344525693117795,1.0,55.8999241737755,-4.257993823533507,32,10.516,733
55.91286831249761,-4.344525693117795,1.0,55.892514250678616,-4.340118142906542,33,3.795,503
55.91286831249761,-4.344525693117795,1.0,55.855241629670886,-4.269936069312288,34,10.786,840
55.91286831249761,-4.344525693117795,1.0,55.877364911629314,-4.109701193625618,35,20.135,1361
55.91286831249761,-4.344525693117795,1.0,55.887053111734645,-4.1280531391159245,36,19.662,1241
55.91286831249761,-4.344525693117795,1.0,55.89108676863447,-4.105446803942431,37,21.395,1548
55.91286831249761,-4.344525693117795,1.0,55.842635153466425,-4.334387903339716,38,10.915,1048
55.91286831249761,-4.344525693117795,1.0,55.89197542936556,-4.19614108945253,39,15.286,1083
55.91286831249761,-4.344525693117795,1.0,55.825849135803445,-4.321179033230789,40,16.005,1303
55.91286831249761,-4.344525693117795,1.0,55.81864602215581,-4.375055705699034,41,14.917,1331
55.91286831249761,-4.344525693117795,1.0,55.92613065482397,-4.212698358862173,42,12.795,891
55.91286831249761,-4.344525693117795,1.0,55.874439929608144,-4.279689658904073,43,8.007,796
55.91286831249761,-4.344525693117795,1.0,55.81998166828728,-4.245455535821837,44,16.823,1298
55.91286831249761,-4.344525693117795,1.0,55.91066980601156,-4.213502644426629,45,11.867,849
55.91286831249761,-4.344525693117795,1.0,55.8404807486866,-4.356656090229781,46,13.226,1219
55.91286831249761,-4.344525693117795,1.0,55.88708229912325,-4.079055837843032,47,27.991,1481
55.91286831249761,-4.344525693117795,1.0,55.84510555179576,-4.178720975321847,48,20.693,1431
55.91286831249761,-4.344525693117795,1.0,55.84413340760586,-4.085244529493477,49,24.233,1794
55.91286831249761,-4.344525693117795,1.0,55.83324217210475,-4.157183908594519,50,20.555,1428
55.91286831249761,-4.344525693117795,1.0,55.895753278756494,-4.323131413571223,51,4.386,500
55.91286831249761,-4.344525693117795,1.0,55.88609925330935,-4.38354364327563,52,13.917,1076
55.91286831249761,-4.344525693117795,1.0,55.86596770908397,-4.338853955125049,53,8.183,816
55.91286831249761,-4.344525693117795,1.0,55.819381988004544,-4.256567679373081,54,18.252,1448
55.91286831249761,-4.344525693117795,1.0,55.919398785577634,-4.298102785445152,55,7.663,1147
55.91286831249761,-4.344525693117795,1.0,55.81052481551728,-4.0780884232687225,56,28.631,2753
55.91286831249761,-4.344525693117795,1.0,55.8411814367945,-4.125490362928665,57,23.913,1501
55.91286831249761,-4.344525693117795,1.0,55.844855881791794,-4.151320272286683,58,21.545,1482
55.91286831249761,-4.344525693117795,1.0,55.79334532620707,-4.3052187624925375,59,22.117,1469
55.91286831249761,-4.344525693117795,1.0,55.78499644933002,-4.082518262203789,60,31.369,1680
55.91286831249761,-4.344525693117795,1.0,55.86482365717543,-4.074666870071637,61,22.0,1478
55.91286831249761,-4.344525693117795,1.0,55.910543969585106,-4.384534109666136,62,3.876,478
55.91286831249761,-4.344525693117795,1.0,55.799715679086134,-4.188568421733812,63,23.069,1774
55.91286831249761,-4.344525693117795,1.0,55.90005630083831,-4.294022887833187,64,4.8,462
55.91286831249761,-4.344525693117795,1.0,55.82573931186619,-4.210157383495828,65,18.555,1298
55.91286831249761,-4.344525693117795,1.0,55.88010014610652,-4.288014027401103,66,6.406,683
55.91286831249761,-4.344525693117795,1.0,55.8836463272421,-4.377148406451105,67,13.687,1153
55.91286831249761,-4.344525693117795,1.0,55.80511293548626,-4.195982430231648,68,21.478,1557
55.91286831249761,-4.344525693117795,1.0,55.9265186267864,-4.256321117900257,69,8.637,605
55.91286831249761,-4.344525693117795,1.0,55.90353118048908,-4.119171950823842,70,20.063,1463
55.91286831249761,-4.344525693117795,1.0,55.81502357146685,-4.260984914919316,71,17.7,1427
55.91286831249761,-4.344525693117795,1.0,55.894355058439295,-4.293143876300353,72,5.241,504
55.91286831249761,-4.344525693117795,1.0,55.80246488546192,-4.242274834364847,73,18.964,1524
55.91286831249761,-4.344525693117795,1.0,55.887581813102464,-4.2985753032369685,74,5.743,593
55.91286831249761,-4.344525693117795,1.0,55.928290955083554,-4.295962301582311,75,4.516,412
55.91286831249761,-4.344525693117795,1.0,55.81096058143004,-4.368797105646974,76,21.635,1467
55.91286831249761,-4.344525693117795,1.0,55.84818750128869,-4.3631808239548375,77,13.39,1055
55.91286831249761,-4.344525693117795,1.0,55.81610352786554,-4.330910795148831,78,17.974,1216
55.91286831249761,-4.344525693117795,1.0,55.807034270653475,-4.136077366584948,79,22.262,1666
55.91286831249761,-4.344525693117795,1.0,55.86778114631985,-4.233612892312959,80,11.02,973
55.91286831249761,-4.344525693117795,1.0,55.79578956690847,-4.368290459919509,81,18.46,2642
55.91286831249761,-4.344525693117795,1.0,55.897877306124535,-4.077031107370425,82,23.186,2014
55.91286831249761,-4.344525693117795,1.0,55.80721289582252,-4.242612882195534,83,18.187,1475
55.91286831249761,-4.344525693117795,1.0,55.92209393969709,-4.157940141970138,84,16.849,1080
55.91286831249761,-4.344525693117795,1.0,55.79188265083702,-4.28147512844989,85,22.979,1524
55.91286831249761,-4.344525693117795,1.0,55.88043814367632,-4.104360473798184,86,19.947,1321
55.91286831249761,-4.344525693117795,1.0,55.90345994988174,-4.293652184560058,87,4.87,479
55.91286831249761,-4.344525693117795,1.0,55.91230525016259,-4.108196424937476,88,21.087,1372
55.91286831249761,-4.344525693117795,1.0,55.90569137930351,-4.3852429216612405,89,5.349,582
55.91286831249761,-4.344525693117795,1.0,55.824402119970216,-4.298242138123909,90,16.441,1224
55.91286831249761,-4.344525693117795,1.0,55.887104625653905,-4.201059285828647,91,15.487,1182
55.91286831249761,-4.344525693117795,1.0,55.92006797200308,-4.195257422106852,92,12.237,823
55.91286831249761,-4.344525693117795,1.0,55.7944551107823,-4.1683749063061635,93,23.217,2050
55.91286831249761,-4.344525693117795,1.0,55.88003873447475,-4.304350182381346,94,6.208,644
55.91286831249761,-4.344525693117795,1.0,55.88308048053683,-4.2942103285768285,95,6.666,664
55.91286831249761,-4.344525693117795,1.0,55.80779271908626,-4.3234306371549245,96,19.245,1349
55.91286831249761,-4.344525693117795,1.0,55.90123467399992,-4.380968632189907,97,8.253,901
55.91286831249761,-4.344525693117795,1.0,55.88049231589054,-4.293733205570284,98,6.568,654
55.91286831249761,-4.344525693117795,1.0,55.84697147961761,-4.334108806216461,99,10.505,982
55.91286831249761,-4.344525693117795,1.0,55.83067141211495,-4.195633651932574,100,17.838,1295
55.91286831249761,-4.344525693117795,1.0,55.89350845984679,-4.099445363541155,101,21.21,1379
55.91286831249761,-4.344525693117795,1.0,55.92592408664018,-4.179171340754611,102,14.408,967
55.91286831249761,-4.344525693117795,1.0,55.84941827409408,-4.169566750359822,103,15.797,1403
55.91286831249761,-4.344525693117795,1.0,55.92413375575165,-4.226670311636797,104,14.01,1633
55.91286831249761,-4.344525693117795,1.0,55.88995713457192,-4.285031242761631,105,5.399,506
55.91286831249761,-4.344525693117795,1.0,55.90528066541109,-4.131569818675147,106,17.425,1100
55.91286831249761,-4.344525693117795,1.0,55.87850608392288,-4.103517886631066,107,20.278,1354
55.91286831249761,-4.344525693117795,1.0,55.80799405798939,-4.284953473560454,108,17.744,1479
55.91286831249761,-4.344525693117795,1.0,55.906815669822045,-4.385279074380807,109,4.66,496
55.91286831249761,-4.344525693117795,1.0,55.916237634416454,-4.222407816066865,110,11.919,803
55.91286831249761,-4.344525693117795,1.0,55.915798955837815,-4.088621086891774,111,21.805,1407
55.91286831249761,-4.344525693117795,1.0,55.827538479175395,-4.350653065976025,112,13.769,1297
55.91286831249761,-4.344525693117795,1.0,55.799515288981674,-4.0866627646338864,113,31.739,1793
55.91286831249761,-4.344525693117795,1.0,55.831024245961984,-4.244756518165482,114,15.304,1199
55.91286831249761,-4.344525693117795,1.0,55.86754360554833,-4.2143078261423845,115,12.36,1088
55.91286831249761,-4.344525693117795,1.0,55.8574985965699,-4.1521224561179935,116,17.644,1304
55.91286831249761,-4.344525693117795,1.0,55.88095643501817,-4.32811659177277,117,5.466,599
55.91286831249761,-4.344525693117795,1.0,55.85240433608213,-4.177570445500026,118,15.082,1275
55.91286831249761,-4.344525693117795,1.0,55.91169549549074,-4.359708873069638,119,2.061,301
55.91286831249761,-4.344525693117795,1.0,55.92640787519779,-4.300990956079843,120,4.324,433
55.91286831249761,-4.344525693117795,1.0,55.84019197366069,-4.205566157974415,121,19.158,1446
55.91286831249761,-4.344525693117795,1.0,55.866619942939494,-4.268153778778456,122,8.845,927
55.91286831249761,-4.344525693117795,1.0,55.81327411986783,-4.2587495402872255,123,17.679,1437
55.91286831249761,-4.344525693117795,1.0,55.86022660117776,-4.154711133590585,124,16.861,1232
55.91286831249761,-4.344525693117795,1.0,55.831522729053496,-4.370420634377527,125,13.231,1226
55.91286831249761,-4.344525693117795,1.0,55.84074346341779,-4.172411658039648,126,19.766,1351
55.91286831249761,-4.344525693117795,1.0,55.8801412435821,-4.258666277618953,127,11.621,818
55.91286831249761,-4.344525693117795,1.0,55.8434159429892,-4.1056733307349536,128,24.169,1530
55.91286831249761,-4.344525693117795,1.0,55.83522057783537,-4.25736952395694,129,14.363,1237
55.91286831249761,-4.344525693117795,1.0,55.86467774065618,-4.2250953414252415,130,11.144,925
55.91286831249761,-4.344525693117795,1.0,55.8953662249987,-4.231143624453162,131,13.281,935
55.91286831249761,-4.344525693117795,1.0,55.81920459649808,-4.236238450921302,132,17.407,1349
55.91286831249761,-4.344525693117795,1.0,55.900795402502105,-4.206009410292495,133,13.841,1059
55.91286831249761,-4.344525693117795,1.0,55.86078490474355,-4.339631469507248,134,8.718,911
55.91286831249761,-4.344525693117795,1.0,55.924999437053955,-4.191173279124663,135,12.488,833
55.91286831249761,-4.344525693117795,1.0,55.81549096669224,-4.126910343137958,136,23.253,1713
55.91286831249761,-4.344525693117795,1.0,55.90135585493081,-4.207622057499793,137,13.73,1022
55.91286831249761,-4.344525693117795,1.0,55.845816555475636,-4.129576488296543,138,20.834,1473
55.91286831249761,-4.344525693117795,1.0,55.80470047644827,-4.291960781118721,139,17.771,1457
55.91286831249761,-4.344525693117795,1.0,55.89185394491289,-4.179857587296262,140,15.348,1086
55.91286831249761,-4.344525693117795,1.0,55.91859399996558,-4.3401659608951215,141,2.247,277
55.91286831249761,-4.344525693117795,1.0,55.90671476836246,-4.3642865107142725,142,2.148,273
55.91286831249761,-4.344525693117795,1.0,55.81273399651921,-4.167613047894911,143,20.311,1477
55.91286831249761,-4.344525693117795,1.0,55.80939871413575,-4.276056954355674,144,17.652,1443
55.91286831249761,-4.344525693117795,1.0,55.88312869327199,-4.214542892826467,145,13.664,1130
55.91286831249761,-4.344525693117795,1.0,55.815340374954424,-4.283514492524949,146,16.646,1328
55.91286831249761,-4.344525693117795,1.0,55.87864379034378,-4.080636908866371,147,28.904,1504
55.91286831249761,-4.344525693117795,1.0,55.89423440492952,-4.2418874418647645,148,11.157,846
55.91286831249761,-4.344525693117795,1.0,55.92796852989922,-4.305970400193036,149,4.452,456
55.91286831249761,-4.344525693117795,1.0,55.92895153496988,-4.082888064137351,150,20.373,1339
55.91286831249761,-4.344525693117795,1.0,55.790766759429424,-4.135285962371055,151,25.642,1691
55.91286831249761,-4.344525693117795,1.0,55.80808041573422,-4.184105792933229,152,21.272,1489
55.91286831249761,-4.344525693117795,1.0,55.7982747224006,-4.3931924101572655,153,17.382,1507
55.91286831249761,-4.344525693117795,1.0,55.81178474630603,-4.337962602706185,154,19.041,1322
55.91286831249761,-4.344525693117795,1.0,55.852972007756,-4.353957895039277,155,10.039,1010
55.91286831249761,-4.344525693117795,1.0,55.797152036890715,-4.311451416173846,156,21.013,1396
55.91286831249761,-4.344525693117795,1.0,55.84839482833289,-4.1889265673730645,157,14.826,1292
55.91286831249761,-4.344525693117795,1.0,55.86383954752864,-4.387927326091926,158,16.026,1082
55.91286831249761,-4.344525693117795,1.0,55.807182357875575,-4.140487806234959,159,21.939,1642
55.91286831249761,-4.344525693117795,1.0,55.8296607577131,-4.218765551358871,160,16.724,1355
55.91286831249761,-4.344525693117795,1.0,55.82699494590622,-4.295404959002084,161,16.477,1200
55.91286831249761,-4.344525693117795,1.0,55.861248665443505,-4.307186036515638,162,8.859,882
55.91286831249761,-4.344525693117795,1.0,55.897857165570365,-4.156645648865112,163,16.824,1122
55.91286831249761,-4.344525693117795,1.0,55.877747555317356,-4.342792329217214,164,5.882,764
55.91286831249761,-4.344525693117795,1.0,55.92259641850896,-4.389236283866068,165,6.246,483
55.91286831249761,-4.344525693117795,1.0,55.92621339590465,-4.2820478996479165,166,5.683,457
55.91286831249761,-4.344525693117795,1.0,55.80660612206145,-4.094012410496262,167,28.216,1818
55.91286831249761,-4.344525693117795,1.0,55.84605439624201,-4.09192094471571,168,21.161,1237
55.91286831249761,-4.344525693117795,1.0,55.83961965364386,-4.1201104741133365,169,23.52,1428
55.91286831249761,-4.344525693117795,1.0,55.85030951683019,-4.217608837338132,170,13.576,1209
55.91286831249761,-4.344525693117795,1.0,55.85971342373431,-4.246748195156407,171,11.513,1023
55.91286831249761,-4.344525693117795,1.0,55.815747728441636,-4.150792968910081,172,20.809,1538
55.91286831249761,-4.344525693117795,1.0,55.80041195127493,-4.3806303679601495,173,16.798,1460
55.91286831249761,-4.344525693117795,1.0,55.85487415463933,-4.092829020720908,174,20.971,1238
55.91286831249761,-4.344525693117795,1.0,55.80456076444065,-4.203157873727267,175,21.497,1559
55.91286831249761,-4.344525693117795,1.0,55.84723005082115,-4.330151260440624,176,10.695,962
55.91286831249761,-4.344525693117795,1.0,55.88775631668876,-4.123428423568879,177,19.797,1247
55.91286831249761,-4.344525693117795,1.0,55.82857385936083,-4.129579652409029,178,23.331,1726
55.91286831249761,-4.344525693117795,1.0,55.879865395443076,-4.36272007519476,179,6.864,685
55.91286831249761,-4.344525693117795,1.0,55.87973669437185,-4.215636550296907,180,14.579,1154
55.91286831249761,-4.344525693117795,1.0,55.8162521393249,-4.1868605517933455,181,19.691,1448
55.91286831249761,-4.344525693117795,1.0,55.80755514535402,-4.201625161718038,182,21.25,1526
55.91286831249761,-4.344525693117795,1.0,55.85565398843102,-4.250533808562208,183,11.923,1101
55.91286831249761,-4.344525693117795,1.0,55.929636326069506,-4.381100658166308,184,5.308,442
55.91286831249761,-4.344525693117795,1.0,55.879581066995904,-4.21986165885879,185,13.602,1094
55.91286831249761,-4.344525693117795,1.0,55.92647877645629,-4.127886630011083,186,18.653,1289
55.91286831249761,-4.344525693117795,1.0,55.82282427264178,-4.371094162561755,187,14.219,1312
55.91286831249761,-4.344525693117795,1.0,55.90291353127043,-4.3414180899754955,188,3.876,557
55.91286831249761,-4.344525693117795,1.0,55.78437024600116,-4.156926419796477,189,24.986,1706
55.91286831249761,-4.344525693117795,1.0,55.8321542449311,-4.1561720476648265,190,20.595,1442
55.91286831249761,-4.344525693117795,1.0,55.88310705812362,-4.084862107847263,191,25.225,1400
55.91286831249761,-4.344525693117795,1.0,55.85616333886266,-4.110333739241922,192,19.772,1282
55.91286831249761,-4.344525693117795,1.0,55.90185178498145,-4.152652007721208,193,18.467,1523
55.91286831249761,-4.344525693117795,1.0,55.8837118458465,-4.182392741162416,194,17.012,2095
55.91286831249761,-4.344525693117795,1.0,55.83086049774818,-4.312434105301623,195,17.411,1305
55.91286831249761,-4.344525693117795,1.0,55.821849459706755,-4.176208567338996,196,19.439,1412
55.91286831249761,-4.344525693117795,1.0,55.88009750494633,-4.255964552703097,197,11.517,813
55.91286831249761,-4.344525693117795,1.0,55.87413911675089,-4.369807111055967,198,12.028,972
55.91286831249761,-4.344525693117795,1.0,55.86354071984154,-4.093406384811447,199,20.388,1336
55.78639025438529,-4.0949800260091145,2.0,55.8391698042901,-4.214478482526657,0,13.14,796
55.78639025438529,-4.0949800260091145,2.0,55.86553667472969,-4.350500876963486,1,29.238,1236
55.78639025438529,-4.0949800260091145,2.0,55.912892829643965,-4.286410947894997,2,30.379,2415
55.78639025438529,-4.0949800260091145,2.0,55.84854019346565,-4.391697428307927,3,28.669,1457
55.78639025438529,-4.0949800260091145,2.0,55.79232875093524,-4.310455024670266,4,17.993,1103
55.78639025438529,-4.0949800260091145,2.0,55.837143362020576,-4.120043492886959,5,15.131,626
55.78639025438529,-4.0949800260091145,2.0,55.84185129809378,-4.283879851305767,6,21.108,1110
55.78639025438529,-4.0949800260091145,2.0,55.90609664927746,-4.311383718964596,7,29.063,1524
55.78639025438529,-4.0949800260091145,2.0,55.7832172019226,-4.31249791159531,8,18.323,1080
55.78639025438529,-4.0949800260091145,2.0,55.8177258987159,-4.260489243356555,9,14.136,938
55.78639025438529,-4.0949800260091145,2.0,55.903262790870684,-4.212111703691823,10,23.616,1305
55.78639025438529,-4.0949800260091145,2.0,55.893978813107424,-4.1413270988368325,11,21.117,1098
55.78639025438529,-4.0949800260091145,2.0,55.894884622950286,-4.154349650804189,12,25.982,999
55.78639025438529,-4.0949800260091145,2.0,55.80680963785043,-4.263605759417426,13,17.874,1162
55.78639025438529,-4.0949800260091145,2.0,55.81824312166051,-4.346878846315483,14,28.297,1348
55.78639025438529,-4.0949800260091145,2.0,55.84742656229786,-4.269221405976544,15,21.473,1128
55.78639025438529,-4.0949800260091145,2.0,55.80730424868546,-4.315177272898423,16,19.63,1236
55.78639025438529,-4.0949800260091145,2.0,55.83798278877758,-4.260604018644594,17,19.579,924
55.78639025438529,-4.0949800260091145,2.0,55.89424631095569,-4.343398240721316,18,31.054,1485
55.78639025438529,-4.0949800260091145,2.0,55.83908093533876,-4.223069302141199,19,14.17,925
55.78639025438529,-4.0949800260091145,2.0,55.8357731433788,-4.270556349194068,20,20.263,974
55.78639025438529,-4.0949800260091145,2.0,55.90309627527835,-4.360750370095284,21,33.087,1720
55.78639025438529,-4.0949800260091145,2.0,55.85652103589449,-4.101365743428073,22,12.608,663
55.78639025438529,-4.0949800260091145,2.0,55.783736419963375,-4.235306054793451,23,12.616,706
55.78639025438529,-4.0949800260091145,2.0,55.92064824587275,-4.2358362157531895,24,27.977,1404
55.78639025438529,-4.0949800260091145,2.0,55.907674892744176,-4.2497703459088045,25,26.729,2449
55.78639025438529,-4.0949800260091145,2.0,55.919604340921964,-4.226208116301384,26,32.774,1410
55.78639025438529,-4.0949800260091145,2.0,55.83219148710444,-4.304581930326681,27,27.175,1375
55.78639025438529,-4.0949800260091145,2.0,55.79569701419853,-4.1769099124482585,28,7.459,425
55.78639025438529,-4.0949800260091145,2.0,55.81260197667657,-4.197841211154324,29,10.019,592
55.78639025438529,-4.0949800260091145,2.0,55.826092940761974,-4.176919409292903,30,15.049,769
55.78639025438529,-4.0949800260091145,2.0,55.828413149208096,-4.109650878166438,31,6.099,492
55.78639025438529,-4.0949800260091145,2.0,55.8999241737755,-4.257993823533507,32,26.828,1394
55.78639025438529,-4.0949800260091145,2.0,55.892514250678616,-4.340118142906542,33,31.083,1497
55.78639025438529,-4.0949800260091145,2.0,55.855241629670886,-4.269936069312288,34,24.915,1034
55.78639025438529,-4.0949800260091145,2.0,55.877364911629314,-4.109701193625618,35,18.849,875
55.78639025438529,-4.0949800260091145,2.0,55.887053111734645,-4.1280531391159245,36,24.496,1079
55.78639025438529,-4.0949800260091145,2.0,55.89108676863447,-4.105446803942431,37,18.837,1090
55.78639025438529,-4.0949800260091145,2.0,55.842635153466425,-4.334387903339716,38,25.106,1164
55.78639025438529,-4.0949800260091145,2.0,55.89197542936556,-4.19614108945253,39,21.4,1029
55.78639025438529,-4.0949800260091145,2.0,55.825849135803445,-4.321179033230789,40,25.353,1275
55.78639025438529,-4.0949800260091145,2.0,55.81864602215581,-4.375055705699034,41,29.582,1381
55.78639025438529,-4.0949800260091145,2.0,55.92613065482397,-4.212698358862173,42,32.148,1405
55.78639025438529,-4.0949800260091145,2.0,55.874439929608144,-4.279689658904073,43,24.756,1155
55.78639025438529,-4.0949800260091145,2.0,55.81998166828728,-4.245455535821837,44,12.996,804
55.78639025438529,-4.0949800260091145,2.0,55.91066980601156,-4.213502644426629,45,33.13,1459
55.78639025438529,-4.0949800260091145,2.0,55.8404807486866,-4.356656090229781,46,28.758,1431
55.78639025438529,-4.0949800260091145,2.0,55.88708229912325,-4.079055837843032,47,16.467,683
55.78639025438529,-4.0949800260091145,2.0,55.84510555179576,-4.178720975321847,48,14.465,742
55.78639025438529,-4.0949800260091145,2.0,55.84413340760586,-4.085244529493477,49,13.62,1069
55.78639025438529,-4.0949800260091145,2.0,55.83324217210475,-4.157183908594519,50,13.146,616
55.78639025438529,-4.0949800260091145,2.0,55.895753278756494,-4.323131413571223,51,28.695,1578
55.78639025438529,-4.0949800260091145,2.0,55.88609925330935,-4.38354364327563,52,30.271,1304
55.78639025438529,-4.0949800260091145,2.0,55.86596770908397,-4.338853955125049,53,27.054,1185
55.78639025438529,-4.0949800260091145,2.0,55.819381988004544,-4.256567679373081,54,15.045,999
55.78639025438529,-4.0949800260091145,2.0,55.919398785577634,-4.298102785445152,55,30.655,2094
55.78639025438529,-4.0949800260091145,2.0,55.81052481551728,-4.0780884232687225,56,8.331,1644
55.78639025438529,-4.0949800260091145,2.0,55.8411814367945,-4.125490362928665,57,10.68,560
55.78639025438529,-4.0949800260091145,2.0,55.844855881791794,-4.151320272286683,58,14.297,715
55.78639025438529,-4.0949800260091145,2.0,55.79334532620707,-4.3052187624925375,59,17.588,1064
55.78639025438529,-4.0949800260091145,2.0,55.78499644933002,-4.082518262203789,60,1.367,147
55.78639025438529,-4.0949800260091145,2.0,55.86482365717543,-4.074666870071637,61,14.16,857
55.78639025438529,-4.0949800260091145,2.0,55.910543969585106,-4.384534109666136,62,34.914,1785
55.78639025438529,-4.0949800260091145,2.0,55.799715679086134,-4.188568421733812,63,9.119,653
55.78639025438529,-4.0949800260091145,2.0,55.90005630083831,-4.294022887833187,64,28.135,1477
55.78639025438529,-4.0949800260091145,2.0,55.82573931186619,-4.210157383495828,65,11.309,635
55.78639025438529,-4.0949800260091145,2.0,55.88010014610652,-4.288014027401103,66,26.856,1446
55.78639025438529,-4.0949800260091145,2.0,55.8836463272421,-4.377148406451105,67,30.041,1382
55.78639025438529,-4.0949800260091145,2.0,55.80511293548626,-4.195982430231648,68,9.276,540
55.78639025438529,-4.0949800260091145,2.0,55.9265186267864,-4.256321117900257,69,30.193,1509
55.78639025438529,-4.0949800260091145,2.0,55.90353118048908,-4.119171950823842,70,19.439,1151
55.78639025438529,-4.0949800260091145,2.0,55.81502357146685,-4.260984914919316,71,14.493,972
55.78639025438529,-4.0949800260091145,2.0,55.894355058439295,-4.293143876300353,72,27.425,1425
55.78639025438529,-4.0949800260091145,2.0,55.80246488546192,-4.242274834364847,73,14.023,847
55.78639025438529,-4.0949800260091145,2.0,55.887581813102464,-4.2985753032369685,74,27.037,1421
55.78639025438529,-4.0949800260091145,2.0,55.928290955083554,-4.295962301582311,75,31.077,1509
55.78639025438529,-4.0949800260091145,2.0,55.81096058143004,-4.368797105646974,76,28.747,1355
55.78639025438529,-4.0949800260091145,2.0,55.84818750128869,-4.3631808239548375,77,29.744,1283
55.78639025438529,-4.0949800260091145,2.0,55.81610352786554,-4.330910795148831,78,27.322,1189
55.78639025438529,-4.0949800260091145,2.0,55.807034270653475,-4.136077366584948,79,5.046,363
55.78639025438529,-4.0949800260091145,2.0,55.86778114631985,-4.233612892312959,80,21.886,1020
55.78639025438529,-4.0949800260091145,2.0,55.79578956690847,-4.368290459919509,81,27.842,2394
55.78639025438529,-4.0949800260091145,2.0,55.897877306124535,-4.077031107370425,82,18.826,1428
55.78639025438529,-4.0949800260091145,2.0,55.80721289582252,-4.242612882195534,83,14.413,880
55.78639025438529,-4.0949800260091145,2.0,55.92209393969709,-4.157940141970138,84,28.083,1177
55.78639025438529,-4.0949800260091145,2.0,55.79188265083702,-4.28147512844989,85,15.735,902
55.78639025438529,-4.0949800260091145,2.0,55.88043814367632,-4.104360473798184,86,18.159,815
55.78639025438529,-4.0949800260091145,2.0,55.90345994988174,-4.293652184560058,87,29.852,1551
55.78639025438529,-4.0949800260091145,2.0,55.91230525016259,-4.108196424937476,88,22.119,1052
55.78639025438529,-4.0949800260091145,2.0,55.90569137930351,-4.3852429216612405,89,34.949,1808
55.78639025438529,-4.0949800260091145,2.0,55.824402119970216,-4.298242138123909,90,25.789,1196
55.78639025438529,-4.0949800260091145,2.0,55.887104625653905,-4.201059285828647,91,21.174,1103
55.78639025438529,-4.0949800260091145,2.0,55.92006797200308,-4.195257422106852,92,30.153,1222
55.78639025438529,-4.0949800260091145,2.0,55.7944551107823,-4.1683749063061635,93,7.606,858
55.78639025438529,-4.0949800260091145,2.0,55.88003873447475,-4.304350182381346,94,26.37,1328
55.78639025438529,-4.0949800260091145,2.0,55.88308048053683,-4.2942103285768285,95,25.97,1303
55.78639025438529,-4.0949800260091145,2.0,55.80779271908626,-4.3234306371549245,96,20.078,1283
55.78639025438529,-4.0949800260091145,2.0,55.90123467399992,-4.380968632189907,97,35.255,1938
55.78639025438529,-4.0949800260091145,2.0,55.88049231589054,-4.293733205570284,98,25.872,1293
55.78639025438529,-4.0949800260091145,2.0,55.84697147961761,-4.334108806216461,99,25.22,1197
55.78639025438529,-4.0949800260091145,2.0,55.83067141211495,-4.195633651932574,100,16.067,771
55.78639025438529,-4.0949800260091145,2.0,55.89350845984679,-4.099445363541155,101,17.904,860
55.78639025438529,-4.0949800260091145,2.0,55.92592408664018,-4.179171340754611,102,29.424,1261
55.78639025438529,-4.0949800260091145,2.0,55.84941827409408,-4.169566750359822,103,14.574,765
55.78639025438529,-4.0949800260091145,2.0,55.92413375575165,-4.226670311636797,104,33.363,2147
55.78639025438529,-4.0949800260091145,2.0,55.88995713457192,-4.285031242761631,105,26.365,1327
55.78639025438529,-4.0949800260091145,2.0,55.90528066541109,-4.131569818675147,106,25.762,1024
55.78639025438529,-4.0949800260091145,2.0,55.87850608392288,-4.103517886631066,107,18.49,848
55.78639025438529,-4.0949800260091145,2.0,55.80799405798939,-4.284953473560454,108,18.981,1219
55.78639025438529,-4.0949800260091145,2.0,55.906815669822045,-4.385279074380807,109,34.26,1723
55.78639025438529,-4.0949800260091145,2.0,55.916237634416454,-4.222407816066865,110,32.689,1398
55.78639025438529,-4.0949800260091145,2.0,55.915798955837815,-4.088621086891774,111,20.985,936
55.78639025438529,-4.0949800260091145,2.0,55.827538479175395,-4.350653065976025,112,27.666,1280
55.78639025438529,-4.0949800260091145,2.0,55.799515288981674,-4.0866627646338864,113,1.922,292
55.78639025438529,-4.0949800260091145,2.0,55.831024245961984,-4.244756518165482,114,19.019,829
55.78639025438529,-4.0949800260091145,2.0,55.86754360554833,-4.2143078261423845,115,20.559,1005
55.78639025438529,-4.0949800260091145,2.0,55.8574985965699,-4.1521224561179935,116,15.453,841
55.78639025438529,-4.0949800260091145,2.0,55.88095643501817,-4.32811659177277,117,28.896,1312
55.78639025438529,-4.0949800260091145,2.0,55.85240433608213,-4.177570445500026,118,15.506,822
55.78639025438529,-4.0949800260091145,2.0,55.91169549549074,-4.359708873069638,119,32.521,1807
55.78639025438529,-4.0949800260091145,2.0,55.92640787519779,-4.300990956079843,120,31.525,1558
55.78639025438529,-4.0949800260091145,2.0,55.84019197366069,-4.205566157974415,121,13.626,911
55.78639025438529,-4.0949800260091145,2.0,55.866619942939494,-4.268153778778456,122,23.833,1137
55.78639025438529,-4.0949800260091145,2.0,55.81327411986783,-4.2587495402872255,123,14.472,982
55.78639025438529,-4.0949800260091145,2.0,55.86022660117776,-4.154711133590585,124,16.888,785
55.78639025438529,-4.0949800260091145,2.0,55.831522729053496,-4.370420634377527,125,29.72,1450
55.78639025438529,-4.0949800260091145,2.0,55.84074346341779,-4.172411658039648,126,14.127,661
55.78639025438529,-4.0949800260091145,2.0,55.8801412435821,-4.258666277618953,127,24.109,1151
55.78639025438529,-4.0949800260091145,2.0,55.8434159429892,-4.1056733307349536,128,10.936,588
55.78639025438529,-4.0949800260091145,2.0,55.83522057783537,-4.25736952395694,129,19.553,926
55.78639025438529,-4.0949800260091145,2.0,55.86467774065618,-4.2250953414252415,130,21.779,923
55.78639025438529,-4.0949800260091145,2.0,55.8953662249987,-4.231143624453162,131,25.003,1216
55.78639025438529,-4.0949800260091145,2.0,55.81920459649808,-4.236238450921302,132,12.412,754
55.78639025438529,-4.0949800260091145,2.0,55.900795402502105,-4.206009410292495,133,22.801,1195
55.78639025438529,-4.0949800260091145,2.0,55.86078490474355,-4.339631469507248,134,27.589,1279
55.78639025438529,-4.0949800260091145,2.0,55.924999437053955,-4.191173279124663,135,29.902,1213
55.78639025438529,-4.0949800260091145,2.0,55.81549096669224,-4.126910343137958,136,5.555,423
55.78639025438529,-4.0949800260091145,2.0,55.90135585493081,-4.207622057499793,137,22.8,1173
55.78639025438529,-4.0949800260091145,2.0,55.845816555475636,-4.129576488296543,138,12.58,685
55.78639025438529,-4.0949800260091145,2.0,55.80470047644827,-4.291960781118721,139,18.823,1218
55.78639025438529,-4.0949800260091145,2.0,55.89185394491289,-4.179857587296262,140,22.004,972
55.78639025438529,-4.0949800260091145,2.0,55.91859399996558,-4.3401659608951215,141,31.387,1657
55.78639025438529,-4.0949800260091145,2.0,55.90671476836246,-4.3642865107142725,142,33.839,1776
55.78639025438529,-4.0949800260091145,2.0,55.81273399651921,-4.167613047894911,143,9.292,524
55.78639025438529,-4.0949800260091145,2.0,55.80939871413575,-4.276056954355674,144,18.002,1091
55.78639025438529,-4.0949800260091145,2.0,55.88312869327199,-4.214542892826467,145,20.801,1073
55.78639025438529,-4.0949800260091145,2.0,55.815340374954424,-4.283514492524949,146,15.818,1114
55.78639025438529,-4.0949800260091145,2.0,55.87864379034378,-4.080636908866371,147,17.447,718
55.78639025438529,-4.0949800260091145,2.0,55.89423440492952,-4.2418874418647645,148,25.566,1300
55.78639025438529,-4.0949800260091145,2.0,55.92796852989922,-4.305970400193036,149,31.653,1581
55.78639025438529,-4.0949800260091145,2.0,55.92895153496988,-4.082888064137351,150,21.943,944
55.78639025438529,-4.0949800260091145,2.0,55.790766759429424,-4.135285962371055,151,3.892,297
55.78639025438529,-4.0949800260091145,2.0,55.80808041573422,-4.184105792933229,152,8.892,477
55.78639025438529,-4.0949800260091145,2.0,55.7982747224006,-4.3931924101572655,153,30.385,1463
55.78639025438529,-4.0949800260091145,2.0,55.81178474630603,-4.337962602706185,154,27.533,1256
55.78639025438529,-4.0949800260091145,2.0,55.852972007756,-4.353957895039277,155,26.788,1283
55.78639025438529,-4.0949800260091145,2.0,55.797152036890715,-4.311451416173846,156,17.878,1097
55.78639025438529,-4.0949800260091145,2.0,55.84839482833289,-4.1889265673730645,157,15.226,778
55.78639025438529,-4.0949800260091145,2.0,55.86383954752864,-4.387927326091926,158,32.38,1310
55.78639025438529,-4.0949800260091145,2.0,55.807182357875575,-4.140487806234959,159,5.257,361
55.78639025438529,-4.0949800260091145,2.0,55.8296607577131,-4.218765551358871,160,12.221,759
55.78639025438529,-4.0949800260091145,2.0,55.82699494590622,-4.295404959002084,161,25.825,1173
55.78639025438529,-4.0949800260091145,2.0,55.861248665443505,-4.307186036515638,162,24.674,1186
55.78639025438529,-4.0949800260091145,2.0,55.897857165570365,-4.156645648865112,163,23.48,1008
55.78639025438529,-4.0949800260091145,2.0,55.877747555317356,-4.342792329217214,164,29.486,1409
55.78639025438529,-4.0949800260091145,2.0,55.92259641850896,-4.389236283866068,165,45.742,1873
55.78639025438529,-4.0949800260091145,2.0,55.92621339590465,-4.2820478996479165,166,29.977,1457
55.78639025438529,-4.0949800260091145,2.0,55.80660612206145,-4.094012410496262,167,11.565,783
55.78639025438529,-4.0949800260091145,2.0,55.84605439624201,-4.09192094471571,168,18.676,786
55.78639025438529,-4.0949800260091145,2.0,55.83961965364386,-4.1201104741133365,169,10.287,487
55.78639025438529,-4.0949800260091145,2.0,55.85030951683019,-4.217608837338132,170,17.061,886
55.78639025438529,-4.0949800260091145,2.0,55.85971342373431,-4.246748195156407,171,22.492,1070
55.78639025438529,-4.0949800260091145,2.0,55.815747728441636,-4.150792968910081,172,6.162,494
55.78639025438529,-4.0949800260091145,2.0,55.80041195127493,-4.3806303679601495,173,28.216,1372
55.78639025438529,-4.0949800260091145,2.0,55.85487415463933,-4.092829020720908,174,13.131,617
55.78639025438529,-4.0949800260091145,2.0,55.80456076444065,-4.203157873727267,175,9.767,560
55.78639025438529,-4.0949800260091145,2.0,55.84723005082115,-4.330151260440624,176,24.741,1140
55.78639025438529,-4.0949800260091145,2.0,55.88775631668876,-4.123428423568879,177,21.102,1071
55.78639025438529,-4.0949800260091145,2.0,55.82857385936083,-4.129579652409029,178,6.827,549
55.78639025438529,-4.0949800260091145,2.0,55.879865395443076,-4.36272007519476,179,30.378,1452
55.78639025438529,-4.0949800260091145,2.0,55.87973669437185,-4.215636550296907,180,21.517,1170
55.78639025438529,-4.0949800260091145,2.0,55.8162521393249,-4.1868605517933455,181,10.274,596
55.78639025438529,-4.0949800260091145,2.0,55.80755514535402,-4.201625161718038,182,9.52,527
55.78639025438529,-4.0949800260091145,2.0,55.85565398843102,-4.250533808562208,183,21.232,1112
55.78639025438529,-4.0949800260091145,2.0,55.929636326069506,-4.381100658166308,184,46.728,1894
55.78639025438529,-4.0949800260091145,2.0,55.879581066995904,-4.21986165885879,185,21.702,1204
55.78639025438529,-4.0949800260091145,2.0,55.92647877645629,-4.127886630011083,186,22.345,1205
55.78639025438529,-4.0949800260091145,2.0,55.82282427264178,-4.371094162561755,187,28.856,1373
55.78639025438529,-4.0949800260091145,2.0,55.90291353127043,-4.3414180899754955,188,31.885,1654
55.78639025438529,-4.0949800260091145,2.0,55.78437024600116,-4.156926419796477,189,6.104,422
55.78639025438529,-4.0949800260091145,2.0,55.8321542449311,-4.1561720476648265,190,13.186,630
55.78639025438529,-4.0949800260091145,2.0,55.88310705812362,-4.084862107847263,191,14.608,599
55.78639025438529,-4.0949800260091145,2.0,55.85616333886266,-4.110333739241922,192,13.251,715
55.78639025438529,-4.0949800260091145,2.0,55.90185178498145,-4.152652007721208,193,27.712,1556
55.78639025438529,-4.0949800260091145,2.0,55.8837118458465,-4.182392741162416,194,21.371,1855
55.78639025438529,-4.0949800260091145,2.0,55.83086049774818,-4.312434105301623,195,26.759,1277
55.78639025438529,-4.0949800260091145,2.0,55.821849459706755,-4.176208567338996,196,7.778,625
55.78639025438529,-4.0949800260091145,2.0,55.88009750494633,-4.255964552703097,197,23.795,1129
55.78639025438529,-4.0949800260091145,2.0,55.87413911675089,-4.369807111055967,198,28.382,1201
55.78639025438529,-4.0949800260091145,2.0,55.86354071984154,-4.093406384811447,199,14.711,722
55.81339843670054,-4.143673065280324,3.0,55.8391698042901,-4.214478482526657,0,5.925,582
55.81339843670054,-4.143673065280324,3.0,55.86553667472969,-4.350500876963486,1,18.279,1050
55.81339843670054,-4.143673065280324,3.0,55.912892829643965,-4.286410947894997,2,20.191,2436
55.81339843670054,-4.143673065280324,3.0,55.84854019346565,-4.391697428307927,3,17.71,1271
55.81339843670054,-4.143673065280324,3.0,55.79232875093524,-4.310455024670266,4,17.577,1211
55.81339843670054,-4.143673065280324,3.0,55.837143362020576,-4.120043492886959,5,6.221,394
55.81339843670054,-4.143673065280324,3.0,55.84185129809378,-4.283879851305767,6,10.149,924
55.81339843670054,-4.143673065280324,3.0,55.90609664927746,-4.311383718964596,7,22.424,1539
55.81339843670054,-4.143673065280324,3.0,55.7832172019226,-4.31249791159531,8,17.907,1188
55.81339843670054,-4.143673065280324,3.0,55.8177258987159,-4.260489243356555,9,10.099,837
55.81339843670054,-4.143673065280324,3.0,55.903262790870684,-4.212111703691823,10,22.162,1359
55.81339843670054,-4.143673065280324,3.0,55.893978813107424,-4.1413270988368325,11,19.663,1153
55.81339843670054,-4.143673065280324,3.0,55.894884622950286,-4.154349650804189,12,24.528,1053
55.81339843670054,-4.143673065280324,3.0,55.80680963785043,-4.263605759417426,13,12.537,1104
55.81339843670054,-4.143673065280324,3.0,55.81824312166051,-4.346878846315483,14,17.338,1163
55.81339843670054,-4.143673065280324,3.0,55.84742656229786,-4.269221405976544,15,10.514,943
55.81339843670054,-4.143673065280324,3.0,55.80730424868546,-4.315177272898423,16,17.044,1148
55.81339843670054,-4.143673065280324,3.0,55.83798278877758,-4.260604018644594,17,8.62,738
55.81339843670054,-4.143673065280324,3.0,55.89424631095569,-4.343398240721316,18,20.095,1300
55.81339843670054,-4.143673065280324,3.0,55.83908093533876,-4.223069302141199,19,6.955,711
55.81339843670054,-4.143673065280324,3.0,55.8357731433788,-4.270556349194068,20,9.304,788
55.81339843670054,-4.143673065280324,3.0,55.90309627527835,-4.360750370095284,21,22.128,1535
55.81339843670054,-4.143673065280324,3.0,55.85652103589449,-4.101365743428073,22,11.154,718
55.81339843670054,-4.143673065280324,3.0,55.783736419963375,-4.235306054793451,23,11.956,714
55.81339843670054,-4.143673065280324,3.0,55.92064824587275,-4.2358362157531895,24,17.789,1426
55.81339843670054,-4.143673065280324,3.0,55.907674892744176,-4.2497703459088045,25,16.541,2471
55.81339843670054,-4.143673065280324,3.0,55.919604340921964,-4.226208116301384,26,31.32,1464
55.81339843670054,-4.143673065280324,3.0,55.83219148710444,-4.304581930326681,27,16.216,1190
55.81339843670054,-4.143673065280324,3.0,55.79569701419853,-4.1769099124482585,28,6.799,428
55.81339843670054,-4.143673065280324,3.0,55.81260197667657,-4.197841211154324,29,5.211,527
55.81339843670054,-4.143673065280324,3.0,55.826092940761974,-4.176919409292903,30,4.394,504
55.81339843670054,-4.143673065280324,3.0,55.828413149208096,-4.109650878166438,31,5.016,479
55.81339843670054,-4.143673065280324,3.0,55.8999241737755,-4.257993823533507,32,16.64,1415
55.81339843670054,-4.143673065280324,3.0,55.892514250678616,-4.340118142906542,33,20.124,1311
55.81339843670054,-4.143673065280324,3.0,55.855241629670886,-4.269936069312288,34,23.461,1088
55.81339843670054,-4.143673065280324,3.0,55.877364911629314,-4.109701193625618,35,17.395,929
55.81339843670054,-4.143673065280324,3.0,55.887053111734645,-4.1280531391159245,36,23.042,1134
55.81339843670054,-4.143673065280324,3.0,55.89108676863447,-4.105446803942431,37,17.383,1144
55.81339843670054,-4.143673065280324,3.0,55.842635153466425,-4.334387903339716,38,14.147,978
55.81339843670054,-4.143673065280324,3.0,55.89197542936556,-4.19614108945253,39,19.946,1083
55.81339843670054,-4.143673065280324,3.0,55.825849135803445,-4.321179033230789,40,14.394,1090
55.81339843670054,-4.143673065280324,3.0,55.81864602215581,-4.375055705699034,41,18.367,1172
55.81339843670054,-4.143673065280324,3.0,55.92613065482397,-4.212698358862173,42,30.694,1459
55.81339843670054,-4.143673065280324,3.0,55.874439929608144,-4.279689658904073,43,23.302,1210
55.81339843670054,-4.143673065280324,3.0,55.81998166828728,-4.245455535821837,44,9.579,742
55.81339843670054,-4.143673065280324,3.0,55.91066980601156,-4.213502644426629,45,31.676,1514
55.81339843670054,-4.143673065280324,3.0,55.8404807486866,-4.356656090229781,46,17.799,1246
55.81339843670054,-4.143673065280324,3.0,55.88708229912325,-4.079055837843032,47,15.013,737
55.81339843670054,-4.143673065280324,3.0,55.84510555179576,-4.178720975321847,48,5.555,510
55.81339843670054,-4.143673065280324,3.0,55.84413340760586,-4.085244529493477,49,8.867,1124
55.81339843670054,-4.143673065280324,3.0,55.83324217210475,-4.157183908594519,50,3.667,321
55.81339843670054,-4.143673065280324,3.0,55.895753278756494,-4.323131413571223,51,19.881,1411
55.81339843670054,-4.143673065280324,3.0,55.88609925330935,-4.38354364327563,52,19.312,1119
55.81339843670054,-4.143673065280324,3.0,55.86596770908397,-4.338853955125049,53,16.095,999
55.81339843670054,-4.143673065280324,3.0,55.819381988004544,-4.256567679373081,54,11.008,892
55.81339843670054,-4.143673065280324,3.0,55.919398785577634,-4.298102785445152,55,20.467,2116
55.81339843670054,-4.143673065280324,3.0,55.81052481551728,-4.0780884232687225,56,9.649,1777
55.81339843670054,-4.143673065280324,3.0,55.8411814367945,-4.125490362928665,57,6.091,525
55.81339843670054,-4.143673065280324,3.0,55.844855881791794,-4.151320272286683,58,5.387,483
55.81339843670054,-4.143673065280324,3.0,55.79334532620707,-4.3052187624925375,59,17.172,1172
55.81339843670054,-4.143673065280324,3.0,55.78499644933002,-4.082518262203789,60,6.759,505
55.81339843670054,-4.143673065280324,3.0,55.86482365717543,-4.074666870071637,61,12.706,911
55.81339843670054,-4.143673065280324,3.0,55.910543969585106,-4.384534109666136,62,23.955,1600
55.81339843670054,-4.143673065280324,3.0,55.799715679086134,-4.188568421733812,63,8.459,661
55.81339843670054,-4.143673065280324,3.0,55.90005630083831,-4.294022887833187,64,26.681,1532
55.81339843670054,-4.143673065280324,3.0,55.82573931186619,-4.210157383495828,65,5.135,477
55.81339843670054,-4.143673065280324,3.0,55.88010014610652,-4.288014027401103,66,25.402,1500
55.81339843670054,-4.143673065280324,3.0,55.8836463272421,-4.377148406451105,67,19.082,1196
55.81339843670054,-4.143673065280324,3.0,55.80511293548626,-4.195982430231648,68,5.266,499
55.81339843670054,-4.143673065280324,3.0,55.9265186267864,-4.256321117900257,69,20.005,1530
55.81339843670054,-4.143673065280324,3.0,55.90353118048908,-4.119171950823842,70,17.985,1205
55.81339843670054,-4.143673065280324,3.0,55.81502357146685,-4.260984914919316,71,10.456,871
55.81339843670054,-4.143673065280324,3.0,55.894355058439295,-4.293143876300353,72,25.971,1479
55.81339843670054,-4.143673065280324,3.0,55.80246488546192,-4.242274834364847,73,13.363,855
55.81339843670054,-4.143673065280324,3.0,55.887581813102464,-4.2985753032369685,74,25.583,1475
55.81339843670054,-4.143673065280324,3.0,55.928290955083554,-4.295962301582311,75,20.889,1530
55.81339843670054,-4.143673065280324,3.0,55.81096058143004,-4.368797105646974,76,20.024,1254
55.81339843670054,-4.143673065280324,3.0,55.84818750128869,-4.3631808239548375,77,18.785,1098
55.81339843670054,-4.143673065280324,3.0,55.81610352786554,-4.330910795148831,78,16.363,1003
55.81339843670054,-4.143673065280324,3.0,55.807034270653475,-4.136077366584948,79,1.399,171
55.81339843670054,-4.143673065280324,3.0,55.86778114631985,-4.233612892312959,80,20.432,1074
55.81339843670054,-4.143673065280324,3.0,55.79578956690847,-4.368290459919509,81,29.633,2528
55.81339843670054,-4.143673065280324,3.0,55.897877306124535,-4.077031107370425,82,17.372,1483
55.81339843670054,-4.143673065280324,3.0,55.80721289582252,-4.242612882195534,83,7.872,806
55.81339843670054,-4.143673065280324,3.0,55.92209393969709,-4.157940141970138,84,26.629,1231
55.81339843670054,-4.143673065280324,3.0,55.79188265083702,-4.28147512844989,85,15.319,1010
55.81339843670054,-4.143673065280324,3.0,55.88043814367632,-4.104360473798184,86,16.705,869
55.81339843670054,-4.143673065280324,3.0,55.90345994988174,-4.293652184560058,87,19.664,1572
55.81339843670054,-4.143673065280324,3.0,55.91230525016259,-4.108196424937476,88,20.665,1107
55.81339843670054,-4.143673065280324,3.0,55.90569137930351,-4.3852429216612405,89,23.99,1623
55.81339843670054,-4.143673065280324,3.0,55.824402119970216,-4.298242138123909,90,14.83,1011
55.81339843670054,-4.143673065280324,3.0,55.887104625653905,-4.201059285828647,91,19.72,1157
55.81339843670054,-4.143673065280324,3.0,55.92006797200308,-4.195257422106852,92,28.699,1277
55.81339843670054,-4.143673065280324,3.0,55.7944551107823,-4.1683749063061635,93,7.062,858
55.81339843670054,-4.143673065280324,3.0,55.88003873447475,-4.304350182381346,94,24.916,1383
55.81339843670054,-4.143673065280324,3.0,55.88308048053683,-4.2942103285768285,95,24.516,1357
55.81339843670054,-4.143673065280324,3.0,55.80779271908626,-4.3234306371549245,96,17.634,1135
55.81339843670054,-4.143673065280324,3.0,55.90123467399992,-4.380968632189907,97,24.296,1752
55.81339843670054,-4.143673065280324,3.0,55.88049231589054,-4.293733205570284,98,24.418,1348
55.81339843670054,-4.143673065280324,3.0,55.84697147961761,-4.334108806216461,99,14.261,1011
55.81339843670054,-4.143673065280324,3.0,55.83067141211495,-4.195633651932574,100,5.091,545
55.81339843670054,-4.143673065280324,3.0,55.89350845984679,-4.099445363541155,101,16.45,915
55.81339843670054,-4.143673065280324,3.0,55.92592408664018,-4.179171340754611,102,27.97,1315
55.81339843670054,-4.143673065280324,3.0,55.84941827409408,-4.169566750359822,103,5.664,532
55.81339843670054,-4.143673065280324,3.0,55.92413375575165,-4.226670311636797,104,31.909,2202
55.81339843670054,-4.143673065280324,3.0,55.88995713457192,-4.285031242761631,105,24.911,1382
55.81339843670054,-4.143673065280324,3.0,55.90528066541109,-4.131569818675147,106,24.308,1079
55.81339843670054,-4.143673065280324,3.0,55.87850608392288,-4.103517886631066,107,17.036,902
55.81339843670054,-4.143673065280324,3.0,55.80799405798939,-4.284953473560454,108,12.323,1108
55.81339843670054,-4.143673065280324,3.0,55.906815669822045,-4.385279074380807,109,23.301,1538
55.81339843670054,-4.143673065280324,3.0,55.916237634416454,-4.222407816066865,110,31.235,1452
55.81339843670054,-4.143673065280324,3.0,55.915798955837815,-4.088621086891774,111,19.531,990
55.81339843670054,-4.143673065280324,3.0,55.827538479175395,-4.350653065976025,112,16.707,1094
55.81339843670054,-4.143673065280324,3.0,55.799515288981674,-4.0866627646338864,113,5.141,404
55.81339843670054,-4.143673065280324,3.0,55.831024245961984,-4.244756518165482,114,8.06,643
55.81339843670054,-4.143673065280324,3.0,55.86754360554833,-4.2143078261423845,115,19.105,1060
55.81339843670054,-4.143673065280324,3.0,55.8574985965699,-4.1521224561179935,116,6.543,609
55.81339843670054,-4.143673065280324,3.0,55.88095643501817,-4.32811659177277,117,17.937,1127
55.81339843670054,-4.143673065280324,3.0,55.85240433608213,-4.177570445500026,118,6.596,590
55.81339843670054,-4.143673065280324,3.0,55.91169549549074,-4.359708873069638,119,24.113,1726
55.81339843670054,-4.143673065280324,3.0,55.92640787519779,-4.300990956079843,120,21.337,1579
55.81339843670054,-4.143673065280324,3.0,55.84019197366069,-4.205566157974415,121,6.411,697
55.81339843670054,-4.143673065280324,3.0,55.866619942939494,-4.268153778778456,122,22.379,1191
55.81339843670054,-4.143673065280324,3.0,55.81327411986783,-4.2587495402872255,123,10.435,881
55.81339843670054,-4.143673065280324,3.0,55.86022660117776,-4.154711133590585,124,6.896,640
55.81339843670054,-4.143673065280324,3.0,55.831522729053496,-4.370420634377527,125,18.761,1264
55.81339843670054,-4.143673065280324,3.0,55.84074346341779,-4.172411658039648,126,5.044,459
55.81339843670054,-4.143673065280324,3.0,55.8801412435821,-4.258666277618953,127,22.655,1205
55.81339843670054,-4.143673065280324,3.0,55.8434159429892,-4.1056733307349536,128,8.019,581
55.81339843670054,-4.143673065280324,3.0,55.83522057783537,-4.25736952395694,129,8.594,740
55.81339843670054,-4.143673065280324,3.0,55.86467774065618,-4.2250953414252415,130,10.228,875
55.81339843670054,-4.143673065280324,3.0,55.8953662249987,-4.231143624453162,131,14.815,1237
55.81339843670054,-4.143673065280324,3.0,55.81920459649808,-4.236238450921302,132,7.333,700
55.81339843670054,-4.143673065280324,3.0,55.900795402502105,-4.206009410292495,133,21.347,1249
55.81339843670054,-4.143673065280324,3.0,55.86078490474355,-4.339631469507248,134,16.63,1094
55.81339843670054,-4.143673065280324,3.0,55.924999437053955,-4.191173279124663,135,28.448,1267
55.81339843670054,-4.143673065280324,3.0,55.81549096669224,-4.126910343137958,136,1.525,186
55.81339843670054,-4.143673065280324,3.0,55.90135585493081,-4.207622057499793,137,21.346,1227
55.81339843670054,-4.143673065280324,3.0,55.845816555475636,-4.129576488296543,138,6.76,571
55.81339843670054,-4.143673065280324,3.0,55.80470047644827,-4.291960781118721,139,13.329,1167
55.81339843670054,-4.143673065280324,3.0,55.89185394491289,-4.179857587296262,140,20.55,1026
55.81339843670054,-4.143673065280324,3.0,55.91859399996558,-4.3401659608951215,141,22.979,1576
55.81339843670054,-4.143673065280324,3.0,55.90671476836246,-4.3642865107142725,142,22.88,1590
55.81339843670054,-4.143673065280324,3.0,55.81273399651921,-4.167613047894911,143,2.573,255
55.81339843670054,-4.143673065280324,3.0,55.80939871413575,-4.276056954355674,144,11.611,996
55.81339843670054,-4.143673065280324,3.0,55.88312869327199,-4.214542892826467,145,19.347,1128
55.81339843670054,-4.143673065280324,3.0,55.815340374954424,-4.283514492524949,146,11.781,1013
55.81339843670054,-4.143673065280324,3.0,55.87864379034378,-4.080636908866371,147,15.993,772
55.81339843670054,-4.143673065280324,3.0,55.89423440492952,-4.2418874418647645,148,15.378,1321
55.81339843670054,-4.143673065280324,3.0,55.92796852989922,-4.305970400193036,149,21.465,1602
55.81339843670054,-4.143673065280324,3.0,55.92895153496988,-4.082888064137351,150,20.489,998
55.81339843670054,-4.143673065280324,3.0,55.790766759429424,-4.135285962371055,151,3.527,228
55.81339843670054,-4.143673065280324,3.0,55.80808041573422,-4.184105792933229,152,4.052,371
55.81339843670054,-4.143673065280324,3.0,55.7982747224006,-4.3931924101572655,153,20.832,1348
55.81339843670054,-4.143673065280324,3.0,55.81178474630603,-4.337962602706185,154,17.43,1109
55.81339843670054,-4.143673065280324,3.0,55.852972007756,-4.353957895039277,155,15.829,1097
55.81339843670054,-4.143673065280324,3.0,55.797152036890715,-4.311451416173846,156,17.462,1205
55.81339843670054,-4.143673065280324,3.0,55.84839482833289,-4.1889265673730645,157,6.316,545
55.81339843670054,-4.143673065280324,3.0,55.86383954752864,-4.387927326091926,158,21.421,1124
55.81339843670054,-4.143673065280324,3.0,55.807182357875575,-4.140487806234959,159,1.076,147
55.81339843670054,-4.143673065280324,3.0,55.8296607577131,-4.218765551358871,160,5.476,569
55.81339843670054,-4.143673065280324,3.0,55.82699494590622,-4.295404959002084,161,14.866,987
55.81339843670054,-4.143673065280324,3.0,55.861248665443505,-4.307186036515638,162,13.715,1000
55.81339843670054,-4.143673065280324,3.0,55.897857165570365,-4.156645648865112,163,22.026,1063
55.81339843670054,-4.143673065280324,3.0,55.877747555317356,-4.342792329217214,164,18.527,1224
55.81339843670054,-4.143673065280324,3.0,55.92259641850896,-4.389236283866068,165,34.783,1688
55.81339843670054,-4.143673065280324,3.0,55.92621339590465,-4.2820478996479165,166,19.789,1479
55.81339843670054,-4.143673065280324,3.0,55.80660612206145,-4.094012410496262,167,9.164,817
55.81339843670054,-4.143673065280324,3.0,55.84605439624201,-4.09192094471571,168,17.222,841
55.81339843670054,-4.143673065280324,3.0,55.83961965364386,-4.1201104741133365,169,7.37,479
55.81339843670054,-4.143673065280324,3.0,55.85030951683019,-4.217608837338132,170,7.978,685
55.81339843670054,-4.143673065280324,3.0,55.85971342373431,-4.246748195156407,171,10.405,920
55.81339843670054,-4.143673065280324,3.0,55.815747728441636,-4.150792968910081,172,0.868,145
55.81339843670054,-4.143673065280324,3.0,55.80041195127493,-4.3806303679601495,173,20.248,1301
55.81339843670054,-4.143673065280324,3.0,55.85487415463933,-4.092829020720908,174,11.677,672
55.81339843670054,-4.143673065280324,3.0,55.80456076444065,-4.203157873727267,175,5.757,519
55.81339843670054,-4.143673065280324,3.0,55.84723005082115,-4.330151260440624,176,13.782,955
55.81339843670054,-4.143673065280324,3.0,55.88775631668876,-4.123428423568879,177,19.648,1125
55.81339843670054,-4.143673065280324,3.0,55.82857385936083,-4.129579652409029,178,2.815,296
55.81339843670054,-4.143673065280324,3.0,55.879865395443076,-4.36272007519476,179,19.419,1266
55.81339843670054,-4.143673065280324,3.0,55.87973669437185,-4.215636550296907,180,20.063,1224
55.81339843670054,-4.143673065280324,3.0,55.8162521393249,-4.1868605517933455,181,3.308,390
55.81339843670054,-4.143673065280324,3.0,55.80755514535402,-4.201625161718038,182,5.51,486
55.81339843670054,-4.143673065280324,3.0,55.85565398843102,-4.250533808562208,183,10.273,926
55.81339843670054,-4.143673065280324,3.0,55.929636326069506,-4.381100658166308,184,35.769,1709
55.81339843670054,-4.143673065280324,3.0,55.879581066995904,-4.21986165885879,185,13.314,1256
55.81339843670054,-4.143673065280324,3.0,55.92647877645629,-4.127886630011083,186,20.891,1260
55.81339843670054,-4.143673065280324,3.0,55.82282427264178,-4.371094162561755,187,17.897,1187
55.81339843670054,-4.143673065280324,3.0,55.90291353127043,-4.3414180899754955,188,20.926,1468
55.81339843670054,-4.143673065280324,3.0,55.78437024600116,-4.156926419796477,189,6.684,448
55.81339843670054,-4.143673065280324,3.0,55.8321542449311,-4.1561720476648265,190,3.707,335
55.81339843670054,-4.143673065280324,3.0,55.88310705812362,-4.084862107847263,191,13.154,654
55.81339843670054,-4.143673065280324,3.0,55.85616333886266,-4.110333739241922,192,8.713,775
55.81339843670054,-4.143673065280324,3.0,55.90185178498145,-4.152652007721208,193,26.258,1611
55.81339843670054,-4.143673065280324,3.0,55.8837118458465,-4.182392741162416,194,19.917,1910
55.81339843670054,-4.143673065280324,3.0,55.83086049774818,-4.312434105301623,195,15.8,1092
55.81339843670054,-4.143673065280324,3.0,55.821849459706755,-4.176208567338996,196,2.484,276
55.81339843670054,-4.143673065280324,3.0,55.88009750494633,-4.255964552703097,197,22.341,1184
55.81339843670054,-4.143673065280324,3.0,55.87413911675089,-4.369807111055967,198,17.423,1015
55.81339843670054,-4.143673065280324,3.0,55.86354071984154,-4.093406384811447,199,13.257,776
55.9071177512084,-4.12482918169948,4.0,55.8391698042901,-4.214478482526657,0,11.303,868
55.9071177512084,-4.12482918169948,4.0,55.86553667472969,-4.350500876963486,1,21.867,977
55.9071177512084,-4.12482918169948,4.0,55.912892829643965,-4.286410947894997,2,15.199,1690
55.9071177512084,-4.12482918169948,4.0,55.84854019346565,-4.391697428307927,3,21.298,1199
55.9071177512084,-4.12482918169948,4.0,55.79232875093524,-4.310455024670266,4,23.789,1177
55.9071177512084,-4.12482918169948,4.0,55.837143362020576,-4.120043492886959,5,24.754,939
55.9071177512084,-4.12482918169948,4.0,55.84185129809378,-4.283879851305767,6,18.469,928
55.9071177512084,-4.12482918169948,4.0,55.90609664927746,-4.311383718964596,7,17.409,963
55.9071177512084,-4.12482918169948,4.0,55.7832172019226,-4.31249791159531,8,25.377,1235
55.9071177512084,-4.12482918169948,4.0,55.8177258987159,-4.260489243356555,9,15.782,1101
55.9071177512084,-4.12482918169948,4.0,55.903262790870684,-4.212111703691823,10,8.764,542
55.9071177512084,-4.12482918169948,4.0,55.893978813107424,-4.1413270988368325,11,3.334,226
55.9071177512084,-4.12482918169948,4.0,55.894884622950286,-4.154349650804189,12,2.264,73
55.9071177512084,-4.12482918169948,4.0,55.80680963785043,-4.263605759417426,13,21.111,1332
55.9071177512084,-4.12482918169948,4.0,55.81824312166051,-4.346878846315483,14,20.952,1091
55.9071177512084,-4.12482918169948,4.0,55.84742656229786,-4.269221405976544,15,14.945,815
55.9071177512084,-4.12482918169948,4.0,55.80730424868546,-4.315177272898423,16,20.658,1076
55.9071177512084,-4.12482918169948,4.0,55.83798278877758,-4.260604018644594,17,13.152,876
55.9071177512084,-4.12482918169948,4.0,55.89424631095569,-4.343398240721316,18,16.798,1026
55.9071177512084,-4.12482918169948,4.0,55.83908093533876,-4.223069302141199,19,11.479,917
55.9071177512084,-4.12482918169948,4.0,55.8357731433788,-4.270556349194068,20,15.749,826
55.9071177512084,-4.12482918169948,4.0,55.90309627527835,-4.360750370095284,21,20.072,1235
55.9071177512084,-4.12482918169948,4.0,55.85652103589449,-4.101365743428073,22,13.599,618
55.9071177512084,-4.12482918169948,4.0,55.783736419963375,-4.235306054793451,23,19.842,1392
55.9071177512084,-4.12482918169948,4.0,55.92064824587275,-4.2358362157531895,24,10.322,549
55.9071177512084,-4.12482918169948,4.0,55.907674892744176,-4.2497703459088045,25,11.268,1764
55.9071177512084,-4.12482918169948,4.0,55.919604340921964,-4.226208116301384,26,9.056,483
55.9071177512084,-4.12482918169948,4.0,55.83219148710444,-4.304581930326681,27,19.83,1118
55.9071177512084,-4.12482918169948,4.0,55.79569701419853,-4.1769099124482585,28,27.767,1268
55.9071177512084,-4.12482918169948,4.0,55.81260197667657,-4.197841211154324,29,14.805,1154
55.9071177512084,-4.12482918169948,4.0,55.826092940761974,-4.176919409292903,30,24.672,1081
55.9071177512084,-4.12482918169948,4.0,55.828413149208096,-4.109650878166438,31,22.224,976
55.9071177512084,-4.12482918169948,4.0,55.8999241737755,-4.257993823533507,32,16.473,885
55.9071177512084,-4.12482918169948,4.0,55.892514250678616,-4.340118142906542,33,16.827,1037
55.9071177512084,-4.12482918169948,4.0,55.855241629670886,-4.269936069312288,34,12.789,556
55.9071177512084,-4.12482918169948,4.0,55.877364911629314,-4.109701193625618,35,8.706,571
55.9071177512084,-4.12482918169948,4.0,55.887053111734645,-4.1280531391159245,36,3.184,192
55.9071177512084,-4.12482918169948,4.0,55.89108676863447,-4.105446803942431,37,4.917,498
55.9071177512084,-4.12482918169948,4.0,55.842635153466425,-4.334387903339716,38,17.735,905
55.9071177512084,-4.12482918169948,4.0,55.89197542936556,-4.19614108945253,39,5.372,275
55.9071177512084,-4.12482918169948,4.0,55.825849135803445,-4.321179033230789,40,18.008,1018
55.9071177512084,-4.12482918169948,4.0,55.81864602215581,-4.375055705699034,41,21.981,1100
55.9071177512084,-4.12482918169948,4.0,55.92613065482397,-4.212698358862173,42,8.43,479
55.9071177512084,-4.12482918169948,4.0,55.874439929608144,-4.279689658904073,43,12.63,677
55.9071177512084,-4.12482918169948,4.0,55.81998166828728,-4.245455535821837,44,15.262,1006
55.9071177512084,-4.12482918169948,4.0,55.91066980601156,-4.213502644426629,45,9.412,533
55.9071177512084,-4.12482918169948,4.0,55.8404807486866,-4.356656090229781,46,21.387,1173
55.9071177512084,-4.12482918169948,4.0,55.88708229912325,-4.079055837843032,47,6.921,435
55.9071177512084,-4.12482918169948,4.0,55.84510555179576,-4.178720975321847,48,14.326,943
55.9071177512084,-4.12482918169948,4.0,55.84413340760586,-4.085244529493477,49,18.098,1152
55.9071177512084,-4.12482918169948,4.0,55.83324217210475,-4.157183908594519,50,22.769,929
55.9071177512084,-4.12482918169948,4.0,55.895753278756494,-4.323131413571223,51,19.698,1172
55.9071177512084,-4.12482918169948,4.0,55.88609925330935,-4.38354364327563,52,22.9,1046
55.9071177512084,-4.12482918169948,4.0,55.86596770908397,-4.338853955125049,53,19.683,926
55.9071177512084,-4.12482918169948,4.0,55.819381988004544,-4.256567679373081,54,15.512,1122
55.9071177512084,-4.12482918169948,4.0,55.919398785577634,-4.298102785445152,55,15.475,1370
55.9071177512084,-4.12482918169948,4.0,55.81052481551728,-4.0780884232687225,56,25.023,2123
55.9071177512084,-4.12482918169948,4.0,55.8411814367945,-4.125490362928665,57,20.305,871
55.9071177512084,-4.12482918169948,4.0,55.844855881791794,-4.151320272286683,58,13.728,877
55.9071177512084,-4.12482918169948,4.0,55.79334532620707,-4.3052187624925375,59,24.12,1184
55.9071177512084,-4.12482918169948,4.0,55.78499644933002,-4.082518262203789,60,26.913,1050
55.9071177512084,-4.12482918169948,4.0,55.86482365717543,-4.074666870071637,61,9.643,737
55.9071177512084,-4.12482918169948,4.0,55.910543969585106,-4.384534109666136,62,22.504,1370
55.9071177512084,-4.12482918169948,4.0,55.799715679086134,-4.188568421733812,63,28.095,1459
55.9071177512084,-4.12482918169948,4.0,55.90005630083831,-4.294022887833187,64,16.628,946
55.9071177512084,-4.12482918169948,4.0,55.82573931186619,-4.210157383495828,65,12.862,969
55.9071177512084,-4.12482918169948,4.0,55.88010014610652,-4.288014027401103,66,14.73,968
55.9071177512084,-4.12482918169948,4.0,55.8836463272421,-4.377148406451105,67,22.67,1123
55.9071177512084,-4.12482918169948,4.0,55.80511293548626,-4.195982430231648,68,15.785,1229
55.9071177512084,-4.12482918169948,4.0,55.9265186267864,-4.256321117900257,69,12.548,678
55.9071177512084,-4.12482918169948,4.0,55.90353118048908,-4.119171950823842,70,4.08,434
55.9071177512084,-4.12482918169948,4.0,55.81502357146685,-4.260984914919316,71,16.139,1135
55.9071177512084,-4.12482918169948,4.0,55.894355058439295,-4.293143876300353,72,15.299,947
55.9071177512084,-4.12482918169948,4.0,55.80246488546192,-4.242274834364847,73,17.403,1232
55.9071177512084,-4.12482918169948,4.0,55.887581813102464,-4.2985753032369685,74,14.911,943
55.9071177512084,-4.12482918169948,4.0,55.928290955083554,-4.295962301582311,75,14.175,712
55.9071177512084,-4.12482918169948,4.0,55.81096058143004,-4.368797105646974,76,23.638,1182
55.9071177512084,-4.12482918169948,4.0,55.84818750128869,-4.3631808239548375,77,22.373,1025
55.9071177512084,-4.12482918169948,4.0,55.81610352786554,-4.330910795148831,78,19.977,932
55.9071177512084,-4.12482918169948,4.0,55.807034270653475,-4.136077366584948,79,26.793,1216
55.9071177512084,-4.12482918169948,4.0,55.86778114631985,-4.233612892312959,80,9.76,542
55.9071177512084,-4.12482918169948,4.0,55.79578956690847,-4.368290459919509,81,28.722,2377
55.9071177512084,-4.12482918169948,4.0,55.897877306124535,-4.077031107370425,82,6.708,965
55.9071177512084,-4.12482918169948,4.0,55.80721289582252,-4.242612882195534,83,16.626,1183
55.9071177512084,-4.12482918169948,4.0,55.92209393969709,-4.157940141970138,84,4.365,251
55.9071177512084,-4.12482918169948,4.0,55.79188265083702,-4.28147512844989,85,24.982,1239
55.9071177512084,-4.12482918169948,4.0,55.88043814367632,-4.104360473798184,86,8.016,511
55.9071177512084,-4.12482918169948,4.0,55.90345994988174,-4.293652184560058,87,15.843,867
55.9071177512084,-4.12482918169948,4.0,55.91230525016259,-4.108196424937476,88,5.348,379
55.9071177512084,-4.12482918169948,4.0,55.90569137930351,-4.3852429216612405,89,23.44,1446
55.9071177512084,-4.12482918169948,4.0,55.824402119970216,-4.298242138123909,90,18.444,939
55.9071177512084,-4.12482918169948,4.0,55.887104625653905,-4.201059285828647,91,6.432,444
55.9071177512084,-4.12482918169948,4.0,55.92006797200308,-4.195257422106852,92,6.435,296
55.9071177512084,-4.12482918169948,4.0,55.7944551107823,-4.1683749063061635,93,27.897,1702
55.9071177512084,-4.12482918169948,4.0,55.88003873447475,-4.304350182381346,94,14.244,850
55.9071177512084,-4.12482918169948,4.0,55.88308048053683,-4.2942103285768285,95,13.844,825
55.9071177512084,-4.12482918169948,4.0,55.80779271908626,-4.3234306371549245,96,21.248,1064
55.9071177512084,-4.12482918169948,4.0,55.90123467399992,-4.380968632189907,97,23.846,1525
55.9071177512084,-4.12482918169948,4.0,55.88049231589054,-4.293733205570284,98,13.746,815
55.9071177512084,-4.12482918169948,4.0,55.84697147961761,-4.334108806216461,99,17.849,938
55.9071177512084,-4.12482918169948,4.0,55.83067141211495,-4.195633651932574,100,25.69,1083
55.9071177512084,-4.12482918169948,4.0,55.89350845984679,-4.099445363541155,101,4.732,330
55.9071177512084,-4.12482918169948,4.0,55.92592408664018,-4.179171340754611,102,5.706,334
55.9071177512084,-4.12482918169948,4.0,55.84941827409408,-4.169566750359822,103,12.897,823
55.9071177512084,-4.12482918169948,4.0,55.92413375575165,-4.226670311636797,104,9.645,1221
55.9071177512084,-4.12482918169948,4.0,55.88995713457192,-4.285031242761631,105,14.239,849
55.9071177512084,-4.12482918169948,4.0,55.90528066541109,-4.131569818675147,106,2.044,98
55.9071177512084,-4.12482918169948,4.0,55.87850608392288,-4.103517886631066,107,8.347,544
55.9071177512084,-4.12482918169948,4.0,55.80799405798939,-4.284953473560454,108,19.747,1194
55.9071177512084,-4.12482918169948,4.0,55.906815669822045,-4.385279074380807,109,20.004,1294
55.9071177512084,-4.12482918169948,4.0,55.916237634416454,-4.222407816066865,110,8.971,472
55.9071177512084,-4.12482918169948,4.0,55.915798955837815,-4.088621086891774,111,6.066,414
55.9071177512084,-4.12482918169948,4.0,55.827538479175395,-4.350653065976025,112,20.321,1022
55.9071177512084,-4.12482918169948,4.0,55.799515288981674,-4.0866627646338864,113,27.283,1163
55.9071177512084,-4.12482918169948,4.0,55.831024245961984,-4.244756518165482,114,13.863,915
55.9071177512084,-4.12482918169948,4.0,55.86754360554833,-4.2143078261423845,115,8.458,572
55.9071177512084,-4.12482918169948,4.0,55.8574985965699,-4.1521224561179935,116,11.509,662
55.9071177512084,-4.12482918169948,4.0,55.88095643501817,-4.32811659177277,117,17.463,907
55.9071177512084,-4.12482918169948,4.0,55.85240433608213,-4.177570445500026,118,10.013,734
55.9071177512084,-4.12482918169948,4.0,55.91169549549074,-4.359708873069638,119,20.016,1226
55.9071177512084,-4.12482918169948,4.0,55.92640787519779,-4.300990956079843,120,14.623,761
55.9071177512084,-4.12482918169948,4.0,55.84019197366069,-4.205566157974415,121,11.789,966
55.9071177512084,-4.12482918169948,4.0,55.866619942939494,-4.268153778778456,122,11.707,659
55.9071177512084,-4.12482918169948,4.0,55.81327411986783,-4.2587495402872255,123,16.118,1145
55.9071177512084,-4.12482918169948,4.0,55.86022660117776,-4.154711133590585,124,10.726,589
55.9071177512084,-4.12482918169948,4.0,55.831522729053496,-4.370420634377527,125,22.375,1193
55.9071177512084,-4.12482918169948,4.0,55.84074346341779,-4.172411658039648,126,14.048,904
55.9071177512084,-4.12482918169948,4.0,55.8801412435821,-4.258666277618953,127,11.983,673
55.9071177512084,-4.12482918169948,4.0,55.8434159429892,-4.1056733307349536,128,20.561,900
55.9071177512084,-4.12482918169948,4.0,55.83522057783537,-4.25736952395694,129,13.126,878
55.9071177512084,-4.12482918169948,4.0,55.86467774065618,-4.2250953414252415,130,9.653,445
55.9071177512084,-4.12482918169948,4.0,55.8953662249987,-4.231143624453162,131,8.191,522
55.9071177512084,-4.12482918169948,4.0,55.81920459649808,-4.236238450921302,132,15.846,1057
55.9071177512084,-4.12482918169948,4.0,55.900795402502105,-4.206009410292495,133,6.773,442
55.9071177512084,-4.12482918169948,4.0,55.86078490474355,-4.339631469507248,134,20.218,1021
55.9071177512084,-4.12482918169948,4.0,55.924999437053955,-4.191173279124663,135,6.184,287
55.9071177512084,-4.12482918169948,4.0,55.81549096669224,-4.126910343137958,136,25.623,1188
55.9071177512084,-4.12482918169948,4.0,55.90135585493081,-4.207622057499793,137,6.772,419
55.9071177512084,-4.12482918169948,4.0,55.845816555475636,-4.129576488296543,138,14.699,831
55.9071177512084,-4.12482918169948,4.0,55.80470047644827,-4.291960781118721,139,19.774,1172
55.9071177512084,-4.12482918169948,4.0,55.89185394491289,-4.179857587296262,140,4.259,191
55.9071177512084,-4.12482918169948,4.0,55.91859399996558,-4.3401659608951215,141,17.384,971
55.9071177512084,-4.12482918169948,4.0,55.90671476836246,-4.3642865107142725,142,20.103,1198
55.9071177512084,-4.12482918169948,4.0,55.81273399651921,-4.167613047894911,143,25.226,1070
55.9071177512084,-4.12482918169948,4.0,55.80939871413575,-4.276056954355674,144,19.655,1158
55.9071177512084,-4.12482918169948,4.0,55.88312869327199,-4.214542892826467,145,7.005,498
55.9071177512084,-4.12482918169948,4.0,55.815340374954424,-4.283514492524949,146,18.649,1043
55.9071177512084,-4.12482918169948,4.0,55.87864379034378,-4.080636908866371,147,12.94,474
55.9071177512084,-4.12482918169948,4.0,55.89423440492952,-4.2418874418647645,148,8.932,646
55.9071177512084,-4.12482918169948,4.0,55.92796852989922,-4.305970400193036,149,14.751,784
55.9071177512084,-4.12482918169948,4.0,55.92895153496988,-4.082888064137351,150,9.353,384
55.9071177512084,-4.12482918169948,4.0,55.790766759429424,-4.135285962371055,151,28.921,1272
55.9071177512084,-4.12482918169948,4.0,55.80808041573422,-4.184105792933229,152,26.705,1186
55.9071177512084,-4.12482918169948,4.0,55.7982747224006,-4.3931924101572655,153,24.446,1277
55.9071177512084,-4.12482918169948,4.0,55.81178474630603,-4.337962602706185,154,21.044,1037
55.9071177512084,-4.12482918169948,4.0,55.852972007756,-4.353957895039277,155,19.417,1024
55.9071177512084,-4.12482918169948,4.0,55.797152036890715,-4.311451416173846,156,23.016,1112
55.9071177512084,-4.12482918169948,4.0,55.84839482833289,-4.1889265673730645,157,11.026,814
55.9071177512084,-4.12482918169948,4.0,55.86383954752864,-4.387927326091926,158,25.009,1052
55.9071177512084,-4.12482918169948,4.0,55.807182357875575,-4.140487806234959,159,26.47,1191
55.9071177512084,-4.12482918169948,4.0,55.8296607577131,-4.218765551358871,160,13.203,1060
55.9071177512084,-4.12482918169948,4.0,55.82699494590622,-4.295404959002084,161,18.48,916
55.9071177512084,-4.12482918169948,4.0,55.861248665443505,-4.307186036515638,162,18.12,951
55.9071177512084,-4.12482918169948,4.0,55.897857165570365,-4.156645648865112,163,5.796,243
55.9071177512084,-4.12482918169948,4.0,55.877747555317356,-4.342792329217214,164,18.061,1013
55.9071177512084,-4.12482918169948,4.0,55.92259641850896,-4.389236283866068,165,21.383,1175
55.9071177512084,-4.12482918169948,4.0,55.92621339590465,-4.2820478996479165,166,13.495,680
55.9071177512084,-4.12482918169948,4.0,55.80660612206145,-4.094012410496262,167,24.608,1188
55.9071177512084,-4.12482918169948,4.0,55.84605439624201,-4.09192094471571,168,15.026,595
55.9071177512084,-4.12482918169948,4.0,55.83961965364386,-4.1201104741133365,169,19.912,798
55.9071177512084,-4.12482918169948,4.0,55.85030951683019,-4.217608837338132,170,10.227,786
55.9071177512084,-4.12482918169948,4.0,55.85971342373431,-4.246748195156407,171,10.366,592
55.9071177512084,-4.12482918169948,4.0,55.815747728441636,-4.150792968910081,172,25.34,1088
55.9071177512084,-4.12482918169948,4.0,55.80041195127493,-4.3806303679601495,173,23.862,1229
55.9071177512084,-4.12482918169948,4.0,55.85487415463933,-4.092829020720908,174,14.836,596
55.9071177512084,-4.12482918169948,4.0,55.80456076444065,-4.203157873727267,175,15.804,1231
55.9071177512084,-4.12482918169948,4.0,55.84723005082115,-4.330151260440624,176,17.37,882
55.9071177512084,-4.12482918169948,4.0,55.88775631668876,-4.123428423568879,177,3.319,198
55.9071177512084,-4.12482918169948,4.0,55.82857385936083,-4.129579652409029,178,25.23,1166
55.9071177512084,-4.12482918169948,4.0,55.879865395443076,-4.36272007519476,179,18.969,1039
55.9071177512084,-4.12482918169948,4.0,55.87973669437185,-4.215636550296907,180,7.83,618
55.9071177512084,-4.12482918169948,4.0,55.8162521393249,-4.1868605517933455,181,14.946,1142
55.9071177512084,-4.12482918169948,4.0,55.80755514535402,-4.201625161718038,182,15.557,1198
55.9071177512084,-4.12482918169948,4.0,55.85565398843102,-4.250533808562208,183,11.18,747
55.9071177512084,-4.12482918169948,4.0,55.929636326069506,-4.381100658166308,184,20.445,1135
55.9071177512084,-4.12482918169948,4.0,55.879581066995904,-4.21986165885879,185,8.103,668
55.9071177512084,-4.12482918169948,4.0,55.92647877645629,-4.127886630011083,186,5.447,337
55.9071177512084,-4.12482918169948,4.0,55.82282427264178,-4.371094162561755,187,21.511,1116
55.9071177512084,-4.12482918169948,4.0,55.90291353127043,-4.3414180899754955,188,17.629,1194
55.9071177512084,-4.12482918169948,4.0,55.78437024600116,-4.156926419796477,189,32.512,1326
55.9071177512084,-4.12482918169948,4.0,55.8321542449311,-4.1561720476648265,190,22.809,942
55.9071177512084,-4.12482918169948,4.0,55.88310705812362,-4.084862107847263,191,19.898,715
55.9071177512084,-4.12482918169948,4.0,55.85616333886266,-4.110333739241922,192,13.637,640
55.9071177512084,-4.12482918169948,4.0,55.90185178498145,-4.152652007721208,193,3.994,630
55.9071177512084,-4.12482918169948,4.0,55.8837118458465,-4.182392741162416,194,6.402,1246
55.9071177512084,-4.12482918169948,4.0,55.83086049774818,-4.312434105301623,195,19.414,1020
55.9071177512084,-4.12482918169948,4.0,55.821849459706755,-4.176208567338996,196,24.693,1027
55.9071177512084,-4.12482918169948,4.0,55.88009750494633,-4.255964552703097,197,11.669,651
55.9071177512084,-4.12482918169948,4.0,55.87413911675089,-4.369807111055967,198,21.011,942
55.9071177512084,-4.12482918169948,4.0,55.86354071984154,-4.093406384811447,199,10.323,603
55.827433825276955,-4.109118989526223,5.0,55.8391698042901,-4.214478482526657,0,10.414,661
55.827433825276955,-4.109118989526223,5.0,55.86553667472969,-4.350500876963486,1,22.751,1090
55.827433825276955,-4.109118989526223,5.0,55.912892829643965,-4.286410947894997,2,25.164,2298
55.827433825276955,-4.109118989526223,5.0,55.84854019346565,-4.391697428307927,3,22.182,1311
55.827433825276955,-4.109118989526223,5.0,55.79232875093524,-4.310455024670266,4,24.647,1288
55.827433825276955,-4.109118989526223,5.0,55.837143362020576,-4.120043492886959,5,8.644,480
55.827433825276955,-4.109118989526223,5.0,55.84185129809378,-4.283879851305767,6,14.621,964
55.827433825276955,-4.109118989526223,5.0,55.90609664927746,-4.311383718964596,7,23.848,1407
55.827433825276955,-4.109118989526223,5.0,55.7832172019226,-4.31249791159531,8,21.306,1420
55.827433825276955,-4.109118989526223,5.0,55.8177258987159,-4.260489243356555,9,14.571,876
55.827433825276955,-4.109118989526223,5.0,55.903262790870684,-4.212111703691823,10,18.401,1187
55.827433825276955,-4.109118989526223,5.0,55.893978813107424,-4.1413270988368325,11,15.902,981
55.827433825276955,-4.109118989526223,5.0,55.894884622950286,-4.154349650804189,12,20.767,882
55.827433825276955,-4.109118989526223,5.0,55.80680963785043,-4.263605759417426,13,17.009,1144
55.827433825276955,-4.109118989526223,5.0,55.81824312166051,-4.346878846315483,14,21.81,1202
55.827433825276955,-4.109118989526223,5.0,55.84742656229786,-4.269221405976544,15,14.986,982
55.827433825276955,-4.109118989526223,5.0,55.80730424868546,-4.315177272898423,16,21.516,1187
55.827433825276955,-4.109118989526223,5.0,55.83798278877758,-4.260604018644594,17,13.092,778
55.827433825276955,-4.109118989526223,5.0,55.89424631095569,-4.343398240721316,18,24.567,1339
55.827433825276955,-4.109118989526223,5.0,55.83908093533876,-4.223069302141199,19,11.444,791
55.827433825276955,-4.109118989526223,5.0,55.8357731433788,-4.270556349194068,20,13.776,828
55.827433825276955,-4.109118989526223,5.0,55.90309627527835,-4.360750370095284,21,26.6,1574
55.827433825276955,-4.109118989526223,5.0,55.85652103589449,-4.101365743428073,22,7.393,546
55.827433825276955,-4.109118989526223,5.0,55.783736419963375,-4.235306054793451,23,15.355,946
55.827433825276955,-4.109118989526223,5.0,55.92064824587275,-4.2358362157531895,24,22.762,1287
55.827433825276955,-4.109118989526223,5.0,55.907674892744176,-4.2497703459088045,25,21.514,2332
55.827433825276955,-4.109118989526223,5.0,55.919604340921964,-4.226208116301384,26,27.559,1293
55.827433825276955,-4.109118989526223,5.0,55.83219148710444,-4.304581930326681,27,20.688,1229
55.827433825276955,-4.109118989526223,5.0,55.79569701419853,-4.1769099124482585,28,10.198,660
55.827433825276955,-4.109118989526223,5.0,55.81260197667657,-4.197841211154324,29,12.758,831
55.827433825276955,-4.109118989526223,5.0,55.826092940761974,-4.176919409292903,30,8.562,623
55.827433825276955,-4.109118989526223,5.0,55.828413149208096,-4.109650878166438,31,0.33,95
55.827433825276955,-4.109118989526223,5.0,55.8999241737755,-4.257993823533507,32,21.613,1277
55.827433825276955,-4.109118989526223,5.0,55.892514250678616,-4.340118142906542,33,24.596,1351
55.827433825276955,-4.109118989526223,5.0,55.855241629670886,-4.269936069312288,34,19.7,917
55.827433825276955,-4.109118989526223,5.0,55.877364911629314,-4.109701193625618,35,13.634,758
55.827433825276955,-4.109118989526223,5.0,55.887053111734645,-4.1280531391159245,36,19.281,962
55.827433825276955,-4.109118989526223,5.0,55.89108676863447,-4.105446803942431,37,13.622,973
55.827433825276955,-4.109118989526223,5.0,55.842635153466425,-4.334387903339716,38,18.619,1018
55.827433825276955,-4.109118989526223,5.0,55.89197542936556,-4.19614108945253,39,16.185,911
55.827433825276955,-4.109118989526223,5.0,55.825849135803445,-4.321179033230789,40,18.866,1129
55.827433825276955,-4.109118989526223,5.0,55.81864602215581,-4.375055705699034,41,22.839,1211
55.827433825276955,-4.109118989526223,5.0,55.92613065482397,-4.212698358862173,42,26.933,1288
55.827433825276955,-4.109118989526223,5.0,55.874439929608144,-4.279689658904073,43,19.541,1038
55.827433825276955,-4.109118989526223,5.0,55.81998166828728,-4.245455535821837,44,14.051,782
55.827433825276955,-4.109118989526223,5.0,55.91066980601156,-4.213502644426629,45,27.915,1342
55.827433825276955,-4.109118989526223,5.0,55.8404807486866,-4.356656090229781,46,22.271,1285
55.827433825276955,-4.109118989526223,5.0,55.88708229912325,-4.079055837843032,47,11.252,566
55.827433825276955,-4.109118989526223,5.0,55.84510555179576,-4.178720975321847,48,7.295,595
55.827433825276955,-4.109118989526223,5.0,55.84413340760586,-4.085244529493477,49,4.479,778
55.827433825276955,-4.109118989526223,5.0,55.83324217210475,-4.157183908594519,50,6.659,470
55.827433825276955,-4.109118989526223,5.0,55.895753278756494,-4.323131413571223,51,24.353,1450
55.827433825276955,-4.109118989526223,5.0,55.88609925330935,-4.38354364327563,52,23.784,1158
55.827433825276955,-4.109118989526223,5.0,55.86596770908397,-4.338853955125049,53,20.567,1039
55.827433825276955,-4.109118989526223,5.0,55.819381988004544,-4.256567679373081,54,15.48,932
55.827433825276955,-4.109118989526223,5.0,55.919398785577634,-4.298102785445152,55,25.44,1977
55.827433825276955,-4.109118989526223,5.0,55.81052481551728,-4.0780884232687225,56,5.261,1431
55.827433825276955,-4.109118989526223,5.0,55.8411814367945,-4.125490362928665,57,3.848,352
55.827433825276955,-4.109118989526223,5.0,55.844855881791794,-4.151320272286683,58,7.127,568
55.827433825276955,-4.109118989526223,5.0,55.79334532620707,-4.3052187624925375,59,20.571,1404
55.827433825276955,-4.109118989526223,5.0,55.78499644933002,-4.082518262203789,60,7.024,556
55.827433825276955,-4.109118989526223,5.0,55.86482365717543,-4.074666870071637,61,7.074,698
55.827433825276955,-4.109118989526223,5.0,55.910543969585106,-4.384534109666136,62,28.427,1639
55.827433825276955,-4.109118989526223,5.0,55.799715679086134,-4.188568421733812,63,11.858,892
55.827433825276955,-4.109118989526223,5.0,55.90005630083831,-4.294022887833187,64,22.92,1360
55.827433825276955,-4.109118989526223,5.0,55.82573931186619,-4.210157383495828,65,10.336,610
55.827433825276955,-4.109118989526223,5.0,55.88010014610652,-4.288014027401103,66,21.641,1329
55.827433825276955,-4.109118989526223,5.0,55.8836463272421,-4.377148406451105,67,23.554,1236
55.827433825276955,-4.109118989526223,5.0,55.80511293548626,-4.195982430231648,68,12.015,780
55.827433825276955,-4.109118989526223,5.0,55.9265186267864,-4.256321117900257,69,24.978,1392
55.827433825276955,-4.109118989526223,5.0,55.90353118048908,-4.119171950823842,70,14.224,1033
55.827433825276955,-4.109118989526223,5.0,55.81502357146685,-4.260984914919316,71,14.928,911
55.827433825276955,-4.109118989526223,5.0,55.894355058439295,-4.293143876300353,72,22.21,1308
55.827433825276955,-4.109118989526223,5.0,55.80246488546192,-4.242274834364847,73,16.762,1087
55.827433825276955,-4.109118989526223,5.0,55.887581813102464,-4.2985753032369685,74,21.822,1304
55.827433825276955,-4.109118989526223,5.0,55.928290955083554,-4.295962301582311,75,25.862,1392
55.827433825276955,-4.109118989526223,5.0,55.81096058143004,-4.368797105646974,76,24.496,1293
55.827433825276955,-4.109118989526223,5.0,55.84818750128869,-4.3631808239548375,77,23.257,1137
55.827433825276955,-4.109118989526223,5.0,55.81610352786554,-4.330910795148831,78,20.835,1043
55.827433825276955,-4.109118989526223,5.0,55.807034270653475,-4.136077366584948,79,6.083,450
55.827433825276955,-4.109118989526223,5.0,55.86778114631985,-4.233612892312959,80,16.671,903
55.827433825276955,-4.109118989526223,5.0,55.79578956690847,-4.368290459919509,81,29.58,2488
55.827433825276955,-4.109118989526223,5.0,55.897877306124535,-4.077031107370425,82,13.611,1311
55.827433825276955,-4.109118989526223,5.0,55.80721289582252,-4.242612882195534,83,15.415,959
55.827433825276955,-4.109118989526223,5.0,55.92209393969709,-4.157940141970138,84,22.868,1060
55.827433825276955,-4.109118989526223,5.0,55.79188265083702,-4.28147512844989,85,18.718,1242
55.827433825276955,-4.109118989526223,5.0,55.88043814367632,-4.104360473798184,86,12.944,698
55.827433825276955,-4.109118989526223,5.0,55.90345994988174,-4.293652184560058,87,24.637,1434
55.827433825276955,-4.109118989526223,5.0,55.91230525016259,-4.108196424937476,88,16.904,935
55.827433825276955,-4.109118989526223,5.0,55.90569137930351,-4.3852429216612405,89,28.462,1662
55.827433825276955,-4.109118989526223,5.0,55.824402119970216,-4.298242138123909,90,19.302,1050
55.827433825276955,-4.109118989526223,5.0,55.887104625653905,-4.201059285828647,91,15.959,986
55.827433825276955,-4.109118989526223,5.0,55.92006797200308,-4.195257422106852,92,24.938,1105
55.827433825276955,-4.109118989526223,5.0,55.7944551107823,-4.1683749063061635,93,10.461,1090
55.827433825276955,-4.109118989526223,5.0,55.88003873447475,-4.304350182381346,94,21.155,1211
55.827433825276955,-4.109118989526223,5.0,55.88308048053683,-4.2942103285768285,95,20.755,1186
55.827433825276955,-4.109118989526223,5.0,55.80779271908626,-4.3234306371549245,96,22.106,1175
55.827433825276955,-4.109118989526223,5.0,55.90123467399992,-4.380968632189907,97,28.768,1792
55.827433825276955,-4.109118989526223,5.0,55.88049231589054,-4.293733205570284,98,20.657,1176
55.827433825276955,-4.109118989526223,5.0,55.84697147961761,-4.334108806216461,99,18.733,1051
55.827433825276955,-4.109118989526223,5.0,55.83067141211495,-4.195633651932574,100,9.58,625
55.827433825276955,-4.109118989526223,5.0,55.89350845984679,-4.099445363541155,101,12.689,743
55.827433825276955,-4.109118989526223,5.0,55.92592408664018,-4.179171340754611,102,24.209,1144
55.827433825276955,-4.109118989526223,5.0,55.84941827409408,-4.169566750359822,103,7.404,618
55.827433825276955,-4.109118989526223,5.0,55.92413375575165,-4.226670311636797,104,28.148,2030
55.827433825276955,-4.109118989526223,5.0,55.88995713457192,-4.285031242761631,105,21.15,1210
55.827433825276955,-4.109118989526223,5.0,55.90528066541109,-4.131569818675147,106,20.547,907
55.827433825276955,-4.109118989526223,5.0,55.87850608392288,-4.103517886631066,107,13.275,731
55.827433825276955,-4.109118989526223,5.0,55.80799405798939,-4.284953473560454,108,16.795,1147
55.827433825276955,-4.109118989526223,5.0,55.906815669822045,-4.385279074380807,109,27.773,1577
55.827433825276955,-4.109118989526223,5.0,55.916237634416454,-4.222407816066865,110,27.474,1281
55.827433825276955,-4.109118989526223,5.0,55.915798955837815,-4.088621086891774,111,15.77,819
55.827433825276955,-4.109118989526223,5.0,55.827538479175395,-4.350653065976025,112,21.179,1134
55.827433825276955,-4.109118989526223,5.0,55.799515288981674,-4.0866627646338864,113,4.943,419
55.827433825276955,-4.109118989526223,5.0,55.831024245961984,-4.244756518165482,114,12.532,683
55.827433825276955,-4.109118989526223,5.0,55.86754360554833,-4.2143078261423845,115,15.344,888
55.827433825276955,-4.109118989526223,5.0,55.8574985965699,-4.1521224561179935,116,7.802,647
55.827433825276955,-4.109118989526223,5.0,55.88095643501817,-4.32811659177277,117,22.409,1166
55.827433825276955,-4.109118989526223,5.0,55.85240433608213,-4.177570445500026,118,8.336,675
55.827433825276955,-4.109118989526223,5.0,55.91169549549074,-4.359708873069638,119,27.306,1690
55.827433825276955,-4.109118989526223,5.0,55.92640787519779,-4.300990956079843,120,26.31,1441
55.827433825276955,-4.109118989526223,5.0,55.84019197366069,-4.205566157974415,121,10.9,776
55.827433825276955,-4.109118989526223,5.0,55.866619942939494,-4.268153778778456,122,18.618,1019
55.827433825276955,-4.109118989526223,5.0,55.81327411986783,-4.2587495402872255,123,14.907,920
55.827433825276955,-4.109118989526223,5.0,55.86022660117776,-4.154711133590585,124,11.673,668
55.827433825276955,-4.109118989526223,5.0,55.831522729053496,-4.370420634377527,125,23.233,1304
55.827433825276955,-4.109118989526223,5.0,55.84074346341779,-4.172411658039648,126,7.64,515
55.827433825276955,-4.109118989526223,5.0,55.8801412435821,-4.258666277618953,127,18.894,1034
55.827433825276955,-4.109118989526223,5.0,55.8434159429892,-4.1056733307349536,128,4.104,381
55.827433825276955,-4.109118989526223,5.0,55.83522057783537,-4.25736952395694,129,13.066,780
55.827433825276955,-4.109118989526223,5.0,55.86467774065618,-4.2250953414252415,130,16.564,806
55.827433825276955,-4.109118989526223,5.0,55.8953662249987,-4.231143624453162,131,19.788,1099
55.827433825276955,-4.109118989526223,5.0,55.81920459649808,-4.236238450921302,132,14.635,832
55.827433825276955,-4.109118989526223,5.0,55.900795402502105,-4.206009410292495,133,17.586,1078
55.827433825276955,-4.109118989526223,5.0,55.86078490474355,-4.339631469507248,134,21.102,1133
55.827433825276955,-4.109118989526223,5.0,55.924999437053955,-4.191173279124663,135,24.687,1096
55.827433825276955,-4.109118989526223,5.0,55.81549096669224,-4.126910343137958,136,4.027,363
55.827433825276955,-4.109118989526223,5.0,55.90135585493081,-4.207622057499793,137,17.585,1055
55.827433825276955,-4.109118989526223,5.0,55.845816555475636,-4.129576488296543,138,5.748,477
55.827433825276955,-4.109118989526223,5.0,55.80470047644827,-4.291960781118721,139,17.801,1207
55.827433825276955,-4.109118989526223,5.0,55.89185394491289,-4.179857587296262,140,16.789,855
55.827433825276955,-4.109118989526223,5.0,55.91859399996558,-4.3401659608951215,141,26.172,1540
55.827433825276955,-4.109118989526223,5.0,55.90671476836246,-4.3642865107142725,142,27.352,1630
55.827433825276955,-4.109118989526223,5.0,55.81273399651921,-4.167613047894911,143,6.694,584
55.827433825276955,-4.109118989526223,5.0,55.80939871413575,-4.276056954355674,144,16.083,1035
55.827433825276955,-4.109118989526223,5.0,55.88312869327199,-4.214542892826467,145,15.586,956
55.827433825276955,-4.109118989526223,5.0,55.815340374954424,-4.283514492524949,146,16.253,1053
55.827433825276955,-4.109118989526223,5.0,55.87864379034378,-4.080636908866371,147,12.232,601
55.827433825276955,-4.109118989526223,5.0,55.89423440492952,-4.2418874418647645,148,20.351,1182
55.827433825276955,-4.109118989526223,5.0,55.92796852989922,-4.305970400193036,149,26.438,1464
55.827433825276955,-4.109118989526223,5.0,55.92895153496988,-4.082888064137351,150,16.728,827
55.827433825276955,-4.109118989526223,5.0,55.790766759429424,-4.135285962371055,151,6.926,459
55.827433825276955,-4.109118989526223,5.0,55.80808041573422,-4.184105792933229,152,11.631,716
55.827433825276955,-4.109118989526223,5.0,55.7982747224006,-4.3931924101572655,153,25.304,1388
55.827433825276955,-4.109118989526223,5.0,55.81178474630603,-4.337962602706185,154,21.902,1149
55.827433825276955,-4.109118989526223,5.0,55.852972007756,-4.353957895039277,155,20.301,1137
55.827433825276955,-4.109118989526223,5.0,55.797152036890715,-4.311451416173846,156,23.874,1223
55.827433825276955,-4.109118989526223,5.0,55.84839482833289,-4.1889265673730645,157,8.056,631
55.827433825276955,-4.109118989526223,5.0,55.86383954752864,-4.387927326091926,158,25.893,1164
55.827433825276955,-4.109118989526223,5.0,55.807182357875575,-4.140487806234959,159,6.294,448
55.827433825276955,-4.109118989526223,5.0,55.8296607577131,-4.218765551358871,160,10.677,702
55.827433825276955,-4.109118989526223,5.0,55.82699494590622,-4.295404959002084,161,19.338,1027
55.827433825276955,-4.109118989526223,5.0,55.861248665443505,-4.307186036515638,162,18.187,1040
55.827433825276955,-4.109118989526223,5.0,55.897857165570365,-4.156645648865112,163,18.265,891
55.827433825276955,-4.109118989526223,5.0,55.877747555317356,-4.342792329217214,164,22.999,1263
55.827433825276955,-4.109118989526223,5.0,55.92259641850896,-4.389236283866068,165,39.255,1727
55.827433825276955,-4.109118989526223,5.0,55.92621339590465,-4.2820478996479165,166,24.762,1340
55.827433825276955,-4.109118989526223,5.0,55.80660612206145,-4.094012410496262,167,4.776,471
55.827433825276955,-4.109118989526223,5.0,55.84605439624201,-4.09192094471571,168,13.461,669
55.827433825276955,-4.109118989526223,5.0,55.83961965364386,-4.1201104741133365,169,3.455,279
55.827433825276955,-4.109118989526223,5.0,55.85030951683019,-4.217608837338132,170,10.574,740
55.827433825276955,-4.109118989526223,5.0,55.85971342373431,-4.246748195156407,171,17.277,953
55.827433825276955,-4.109118989526223,5.0,55.815747728441636,-4.150792968910081,172,6.054,554
55.827433825276955,-4.109118989526223,5.0,55.80041195127493,-4.3806303679601495,173,24.72,1341
55.827433825276955,-4.109118989526223,5.0,55.85487415463933,-4.092829020720908,174,6.823,467
55.827433825276955,-4.109118989526223,5.0,55.80456076444065,-4.203157873727267,175,12.506,800
55.827433825276955,-4.109118989526223,5.0,55.84723005082115,-4.330151260440624,176,18.254,994
55.827433825276955,-4.109118989526223,5.0,55.88775631668876,-4.123428423568879,177,15.887,954
55.827433825276955,-4.109118989526223,5.0,55.82857385936083,-4.129579652409029,178,3.634,338
55.827433825276955,-4.109118989526223,5.0,55.879865395443076,-4.36272007519476,179,23.891,1306
55.827433825276955,-4.109118989526223,5.0,55.87973669437185,-4.215636550296907,180,16.302,1053
55.827433825276955,-4.109118989526223,5.0,55.8162521393249,-4.1868605517933455,181,7.429,719
55.827433825276955,-4.109118989526223,5.0,55.80755514535402,-4.201625161718038,182,12.259,767
55.827433825276955,-4.109118989526223,5.0,55.85565398843102,-4.250533808562208,183,14.745,966
55.827433825276955,-4.109118989526223,5.0,55.929636326069506,-4.381100658166308,184,40.241,1748
55.827433825276955,-4.109118989526223,5.0,55.879581066995904,-4.21986165885879,185,16.487,1087
55.827433825276955,-4.109118989526223,5.0,55.92647877645629,-4.127886630011083,186,17.13,1088
55.827433825276955,-4.109118989526223,5.0,55.82282427264178,-4.371094162561755,187,22.369,1227
55.827433825276955,-4.109118989526223,5.0,55.90291353127043,-4.3414180899754955,188,25.398,1508
55.827433825276955,-4.109118989526223,5.0,55.78437024600116,-4.156926419796477,189,10.083,679
55.827433825276955,-4.109118989526223,5.0,55.8321542449311,-4.1561720476648265,190,6.699,484
55.827433825276955,-4.109118989526223,5.0,55.88310705812362,-4.084862107847263,191,9.393,482
55.827433825276955,-4.109118989526223,5.0,55.85616333886266,-4.110333739241922,192,8.036,597
55.827433825276955,-4.109118989526223,5.0,55.90185178498145,-4.152652007721208,193,22.497,1439
55.827433825276955,-4.109118989526223,5.0,55.8837118458465,-4.182392741162416,194,16.156,1738
55.827433825276955,-4.109118989526223,5.0,55.83086049774818,-4.312434105301623,195,20.272,1131
55.827433825276955,-4.109118989526223,5.0,55.821849459706755,-4.176208567338996,196,8.583,568
55.827433825276955,-4.109118989526223,5.0,55.88009750494633,-4.255964552703097,197,18.58,1012
55.827433825276955,-4.109118989526223,5.0,55.87413911675089,-4.369807111055967,198,21.895,1055
55.827433825276955,-4.109118989526223,5.0,55.86354071984154,-4.093406384811447,199,7.625,563
55.87745870220726,-4.224182766352972,6.0,55.8391698042901,-4.214478482526657,0,6.698,713
55.87745870220726,-4.224182766352972,6.0,55.86553667472969,-4.350500876963486,1,14.667,810
55.87745870220726,-4.224182766352972,6.0,55.912892829643965,-4.286410947894997,2,8.432,1558
55.87745870220726,-4.224182766352972,6.0,55.84854019346565,-4.391697428307927,3,14.098,1031
55.87745870220726,-4.224182766352972,6.0,55.79232875093524,-4.310455024670266,4,16.589,1009
55.87745870220726,-4.224182766352972,6.0,55.837143362020576,-4.120043492886959,5,17.174,890
55.87745870220726,-4.224182766352972,6.0,55.84185129809378,-4.283879851305767,6,11.269,760
55.87745870220726,-4.224182766352972,6.0,55.90609664927746,-4.311383718964596,7,8.369,824
55.87745870220726,-4.224182766352972,6.0,55.7832172019226,-4.31249791159531,8,18.177,1067
55.87745870220726,-4.224182766352972,6.0,55.8177258987159,-4.260489243356555,9,8.524,896
55.87745870220726,-4.224182766352972,6.0,55.903262790870684,-4.212111703691823,10,4.905,573
55.87745870220726,-4.224182766352972,6.0,55.893978813107424,-4.1413270988368325,11,8.714,730
55.87745870220726,-4.224182766352972,6.0,55.894884622950286,-4.154349650804189,12,11.099,628
55.87745870220726,-4.224182766352972,6.0,55.80680963785043,-4.263605759417426,13,10.365,1156
55.87745870220726,-4.224182766352972,6.0,55.81824312166051,-4.346878846315483,14,13.752,923
55.87745870220726,-4.224182766352972,6.0,55.84742656229786,-4.269221405976544,15,7.745,647
55.87745870220726,-4.224182766352972,6.0,55.80730424868546,-4.315177272898423,16,13.458,908
55.87745870220726,-4.224182766352972,6.0,55.83798278877758,-4.260604018644594,17,5.894,671
55.87745870220726,-4.224182766352972,6.0,55.89424631095569,-4.343398240721316,18,9.598,858
55.87745870220726,-4.224182766352972,6.0,55.83908093533876,-4.223069302141199,19,6.145,739
55.87745870220726,-4.224182766352972,6.0,55.8357731433788,-4.270556349194068,20,8.549,658
55.87745870220726,-4.224182766352972,6.0,55.90309627527835,-4.360750370095284,21,11.883,1116
55.87745870220726,-4.224182766352972,6.0,55.85652103589449,-4.101365743428073,22,11.262,672
55.87745870220726,-4.224182766352972,6.0,55.783736419963375,-4.235306054793451,23,12.584,1187
55.87745870220726,-4.224182766352972,6.0,55.92064824587275,-4.2358362157531895,24,6.03,554
55.87745870220726,-4.224182766352972,6.0,55.907674892744176,-4.2497703459088045,25,4.782,1599
55.87745870220726,-4.224182766352972,6.0,55.919604340921964,-4.226208116301384,26,5.954,565
55.87745870220726,-4.224182766352972,6.0,55.83219148710444,-4.304581930326681,27,12.63,950
55.87745870220726,-4.224182766352972,6.0,55.79569701419853,-4.1769099124482585,28,12.789,1132
55.87745870220726,-4.224182766352972,6.0,55.81260197667657,-4.197841211154324,29,10.2,999
55.87745870220726,-4.224182766352972,6.0,55.826092940761974,-4.176919409292903,30,13.831,963
55.87745870220726,-4.224182766352972,6.0,55.828413149208096,-4.109650878166438,31,18.208,1018
55.87745870220726,-4.224182766352972,6.0,55.8999241737755,-4.257993823533507,32,4.881,562
55.87745870220726,-4.224182766352972,6.0,55.892514250678616,-4.340118142906542,33,9.627,900
55.87745870220726,-4.224182766352972,6.0,55.855241629670886,-4.269936069312288,34,5.589,388
55.87745870220726,-4.224182766352972,6.0,55.877364911629314,-4.109701193625618,35,11.663,773
55.87745870220726,-4.224182766352972,6.0,55.887053111734645,-4.1280531391159245,36,11.965,740
55.87745870220726,-4.224182766352972,6.0,55.89108676863447,-4.105446803942431,37,13.698,1046
55.87745870220726,-4.224182766352972,6.0,55.842635153466425,-4.334387903339716,38,10.535,738
55.87745870220726,-4.224182766352972,6.0,55.89197542936556,-4.19614108945253,39,3.967,414
55.87745870220726,-4.224182766352972,6.0,55.825849135803445,-4.321179033230789,40,10.808,850
55.87745870220726,-4.224182766352972,6.0,55.81864602215581,-4.375055705699034,41,14.781,932
55.87745870220726,-4.224182766352972,6.0,55.92613065482397,-4.212698358862173,42,6.416,618
55.87745870220726,-4.224182766352972,6.0,55.874439929608144,-4.279689658904073,43,5.43,510
55.87745870220726,-4.224182766352972,6.0,55.81998166828728,-4.245455535821837,44,8.004,801
55.87745870220726,-4.224182766352972,6.0,55.91066980601156,-4.213502644426629,45,5.368,569
55.87745870220726,-4.224182766352972,6.0,55.8404807486866,-4.356656090229781,46,14.187,1005
55.87745870220726,-4.224182766352972,6.0,55.88708229912325,-4.079055837843032,47,14.507,905
55.87745870220726,-4.224182766352972,6.0,55.84510555179576,-4.178720975321847,48,7.606,782
55.87745870220726,-4.224182766352972,6.0,55.84413340760586,-4.085244529493477,49,15.761,1206
55.87745870220726,-4.224182766352972,6.0,55.83324217210475,-4.157183908594519,50,9.728,929
55.87745870220726,-4.224182766352972,6.0,55.895753278756494,-4.323131413571223,51,8.871,946
55.87745870220726,-4.224182766352972,6.0,55.88609925330935,-4.38354364327563,52,15.7,878
55.87745870220726,-4.224182766352972,6.0,55.86596770908397,-4.338853955125049,53,12.483,758
55.87745870220726,-4.224182766352972,6.0,55.819381988004544,-4.256567679373081,54,8.254,917
55.87745870220726,-4.224182766352972,6.0,55.919398785577634,-4.298102785445152,55,8.708,1238
55.87745870220726,-4.224182766352972,6.0,55.81052481551728,-4.0780884232687225,56,21.007,2165
55.87745870220726,-4.224182766352972,6.0,55.8411814367945,-4.125490362928665,57,16.289,913
55.87745870220726,-4.224182766352972,6.0,55.844855881791794,-4.151320272286683,58,9.433,899
55.87745870220726,-4.224182766352972,6.0,55.79334532620707,-4.3052187624925375,59,16.92,1016
55.87745870220726,-4.224182766352972,6.0,55.78499644933002,-4.082518262203789,60,22.897,1091
55.87745870220726,-4.224182766352972,6.0,55.86482365717543,-4.074666870071637,61,13.528,890
55.87745870220726,-4.224182766352972,6.0,55.910543969585106,-4.384534109666136,62,13.458,1158
55.87745870220726,-4.224182766352972,6.0,55.799715679086134,-4.188568421733812,63,12.771,1290
55.87745870220726,-4.224182766352972,6.0,55.90005630083831,-4.294022887833187,64,8.69,773
55.87745870220726,-4.224182766352972,6.0,55.82573931186619,-4.210157383495828,65,8.257,813
55.87745870220726,-4.224182766352972,6.0,55.88010014610652,-4.288014027401103,66,6.162,727
55.87745870220726,-4.224182766352972,6.0,55.8836463272421,-4.377148406451105,67,15.47,955
55.87745870220726,-4.224182766352972,6.0,55.80511293548626,-4.195982430231648,68,11.18,1073
55.87745870220726,-4.224182766352972,6.0,55.9265186267864,-4.256321117900257,69,8.246,652
55.87745870220726,-4.224182766352972,6.0,55.90353118048908,-4.119171950823842,70,12.861,981
55.87745870220726,-4.224182766352972,6.0,55.81502357146685,-4.260984914919316,71,8.881,930
55.87745870220726,-4.224182766352972,6.0,55.894355058439295,-4.293143876300353,72,6.731,706
55.87745870220726,-4.224182766352972,6.0,55.80246488546192,-4.242274834364847,73,10.145,1027
55.87745870220726,-4.224182766352972,6.0,55.887581813102464,-4.2985753032369685,74,6.343,703
55.87745870220726,-4.224182766352972,6.0,55.928290955083554,-4.295962301582311,75,9.13,652
55.87745870220726,-4.224182766352972,6.0,55.81096058143004,-4.368797105646974,76,16.438,1014
55.87745870220726,-4.224182766352972,6.0,55.84818750128869,-4.3631808239548375,77,15.173,857
55.87745870220726,-4.224182766352972,6.0,55.81610352786554,-4.330910795148831,78,12.777,764
55.87745870220726,-4.224182766352972,6.0,55.807034270653475,-4.136077366584948,79,13.752,1217
55.87745870220726,-4.224182766352972,6.0,55.86778114631985,-4.233612892312959,80,1.958,283
55.87745870220726,-4.224182766352972,6.0,55.79578956690847,-4.368290459919509,81,21.522,2209
55.87745870220726,-4.224182766352972,6.0,55.897877306124535,-4.077031107370425,82,15.489,1512
55.87745870220726,-4.224182766352972,6.0,55.80721289582252,-4.242612882195534,83,9.368,978
55.87745870220726,-4.224182766352972,6.0,55.92209393969709,-4.157940141970138,84,9.956,761
55.87745870220726,-4.224182766352972,6.0,55.79188265083702,-4.28147512844989,85,17.782,1071
55.87745870220726,-4.224182766352972,6.0,55.88043814367632,-4.104360473798184,86,11.475,733
55.87745870220726,-4.224182766352972,6.0,55.90345994988174,-4.293652184560058,87,7.905,694
55.87745870220726,-4.224182766352972,6.0,55.91230525016259,-4.108196424937476,88,14.129,926
55.87745870220726,-4.224182766352972,6.0,55.90569137930351,-4.3852429216612405,89,13.493,1181
55.87745870220726,-4.224182766352972,6.0,55.824402119970216,-4.298242138123909,90,11.244,771
55.87745870220726,-4.224182766352972,6.0,55.887104625653905,-4.201059285828647,91,2.478,360
55.87745870220726,-4.224182766352972,6.0,55.92006797200308,-4.195257422106852,92,7.262,596
55.87745870220726,-4.224182766352972,6.0,55.7944551107823,-4.1683749063061635,93,12.919,1566
55.87745870220726,-4.224182766352972,6.0,55.88003873447475,-4.304350182381346,94,7.044,683
55.87745870220726,-4.224182766352972,6.0,55.88308048053683,-4.2942103285768285,95,6.644,657
55.87745870220726,-4.224182766352972,6.0,55.80779271908626,-4.3234306371549245,96,14.048,896
55.87745870220726,-4.224182766352972,6.0,55.90123467399992,-4.380968632189907,97,16.646,1357
55.87745870220726,-4.224182766352972,6.0,55.88049231589054,-4.293733205570284,98,6.546,647
55.87745870220726,-4.224182766352972,6.0,55.84697147961761,-4.334108806216461,99,10.649,771
55.87745870220726,-4.224182766352972,6.0,55.83067141211495,-4.195633651932574,100,12.641,842
55.87745870220726,-4.224182766352972,6.0,55.89350845984679,-4.099445363541155,101,13.513,877
55.87745870220726,-4.224182766352972,6.0,55.92592408664018,-4.179171340754611,102,8.323,693
55.87745870220726,-4.224182766352972,6.0,55.84941827409408,-4.169566750359822,103,7.392,767
55.87745870220726,-4.224182766352972,6.0,55.92413375575165,-4.226670311636797,104,7.631,1360
55.87745870220726,-4.224182766352972,6.0,55.88995713457192,-4.285031242761631,105,5.671,609
55.87745870220726,-4.224182766352972,6.0,55.90528066541109,-4.131569818675147,106,10.311,626
55.87745870220726,-4.224182766352972,6.0,55.87850608392288,-4.103517886631066,107,11.806,766
55.87745870220726,-4.224182766352972,6.0,55.80799405798939,-4.284953473560454,108,12.547,1026
55.87745870220726,-4.224182766352972,6.0,55.906815669822045,-4.385279074380807,109,12.804,1096
55.87745870220726,-4.224182766352972,6.0,55.916237634416454,-4.222407816066865,110,5.869,553
55.87745870220726,-4.224182766352972,6.0,55.915798955837815,-4.088621086891774,111,17.213,957
55.87745870220726,-4.224182766352972,6.0,55.827538479175395,-4.350653065976025,112,13.121,855
55.87745870220726,-4.224182766352972,6.0,55.799515288981674,-4.0866627646338864,113,23.267,1204
55.87745870220726,-4.224182766352972,6.0,55.831024245961984,-4.244756518165482,114,6.605,710
55.87745870220726,-4.224182766352972,6.0,55.86754360554833,-4.2143078261423845,115,2.427,436
55.87745870220726,-4.224182766352972,6.0,55.8574985965699,-4.1521224561179935,116,9.172,716
55.87745870220726,-4.224182766352972,6.0,55.88095643501817,-4.32811659177277,117,10.263,739
55.87745870220726,-4.224182766352972,6.0,55.85240433608213,-4.177570445500026,118,6.677,639
55.87745870220726,-4.224182766352972,6.0,55.91169549549074,-4.359708873069638,119,11.827,1107
55.87745870220726,-4.224182766352972,6.0,55.92640787519779,-4.300990956079843,120,9.578,701
55.87745870220726,-4.224182766352972,6.0,55.84019197366069,-4.205566157974415,121,7.184,811
55.87745870220726,-4.224182766352972,6.0,55.866619942939494,-4.268153778778456,122,4.507,491
55.87745870220726,-4.224182766352972,6.0,55.81327411986783,-4.2587495402872255,123,8.86,940
55.87745870220726,-4.224182766352972,6.0,55.86022660117776,-4.154711133590585,124,8.389,643
55.87745870220726,-4.224182766352972,6.0,55.831522729053496,-4.370420634377527,125,15.175,1025
55.87745870220726,-4.224182766352972,6.0,55.84074346341779,-4.172411658039648,126,8.676,828
55.87745870220726,-4.224182766352972,6.0,55.8801412435821,-4.258666277618953,127,2.945,416
55.87745870220726,-4.224182766352972,6.0,55.8434159429892,-4.1056733307349536,128,16.545,942
55.87745870220726,-4.224182766352972,6.0,55.83522057783537,-4.25736952395694,129,5.868,673
55.87745870220726,-4.224182766352972,6.0,55.86467774065618,-4.2250953414252415,130,2.739,289
55.87745870220726,-4.224182766352972,6.0,55.8953662249987,-4.231143624453162,131,3.056,365
55.87745870220726,-4.224182766352972,6.0,55.81920459649808,-4.236238450921302,132,8.588,852
55.87745870220726,-4.224182766352972,6.0,55.900795402502105,-4.206009410292495,133,4.595,520
55.87745870220726,-4.224182766352972,6.0,55.86078490474355,-4.339631469507248,134,13.018,853
55.87745870220726,-4.224182766352972,6.0,55.924999437053955,-4.191173279124663,135,7.513,605
55.87745870220726,-4.224182766352972,6.0,55.81549096669224,-4.126910343137958,136,21.607,1229
55.87745870220726,-4.224182766352972,6.0,55.90135585493081,-4.207622057499793,137,4.594,498
55.87745870220726,-4.224182766352972,6.0,55.845816555475636,-4.129576488296543,138,12.362,885
55.87745870220726,-4.224182766352972,6.0,55.80470047644827,-4.291960781118721,139,12.574,1004
55.87745870220726,-4.224182766352972,6.0,55.89185394491289,-4.179857587296262,140,4.123,477
55.87745870220726,-4.224182766352972,6.0,55.91859399996558,-4.3401659608951215,141,12.339,912
55.87745870220726,-4.224182766352972,6.0,55.90671476836246,-4.3642865107142725,142,11.914,1079
55.87745870220726,-4.224182766352972,6.0,55.81273399651921,-4.167613047894911,143,15.114,1024
55.87745870220726,-4.224182766352972,6.0,55.80939871413575,-4.276056954355674,144,12.455,990
55.87745870220726,-4.224182766352972,6.0,55.88312869327199,-4.214542892826467,145,1.531,177
55.87745870220726,-4.224182766352972,6.0,55.815340374954424,-4.283514492524949,146,11.449,875
55.87745870220726,-4.224182766352972,6.0,55.87864379034378,-4.080636908866371,147,15.487,940
55.87745870220726,-4.224182766352972,6.0,55.89423440492952,-4.2418874418647645,148,3.619,449
55.87745870220726,-4.224182766352972,6.0,55.92796852989922,-4.305970400193036,149,9.706,724
55.87745870220726,-4.224182766352972,6.0,55.92895153496988,-4.082888064137351,150,17.583,907
55.87745870220726,-4.224182766352972,6.0,55.790766759429424,-4.135285962371055,151,15.344,1207
55.87745870220726,-4.224182766352972,6.0,55.80808041573422,-4.184105792933229,152,10.974,1005
55.87745870220726,-4.224182766352972,6.0,55.7982747224006,-4.3931924101572655,153,17.246,1109
55.87745870220726,-4.224182766352972,6.0,55.81178474630603,-4.337962602706185,154,13.844,870
55.87745870220726,-4.224182766352972,6.0,55.852972007756,-4.353957895039277,155,12.217,857
55.87745870220726,-4.224182766352972,6.0,55.797152036890715,-4.311451416173846,156,15.816,944
55.87745870220726,-4.224182766352972,6.0,55.84839482833289,-4.1889265673730645,157,6.421,656
55.87745870220726,-4.224182766352972,6.0,55.86383954752864,-4.387927326091926,158,17.809,884
55.87745870220726,-4.224182766352972,6.0,55.807182357875575,-4.140487806234959,159,13.429,1192
55.87745870220726,-4.224182766352972,6.0,55.8296607577131,-4.218765551358871,160,7.587,847
55.87745870220726,-4.224182766352972,6.0,55.82699494590622,-4.295404959002084,161,11.28,748
55.87745870220726,-4.224182766352972,6.0,55.861248665443505,-4.307186036515638,162,10.92,783
55.87745870220726,-4.224182766352972,6.0,55.897857165570365,-4.156645648865112,163,8.352,534
55.87745870220726,-4.224182766352972,6.0,55.877747555317356,-4.342792329217214,164,10.861,845
55.87745870220726,-4.224182766352972,6.0,55.92259641850896,-4.389236283866068,165,16.338,1115
55.87745870220726,-4.224182766352972,6.0,55.92621339590465,-4.2820478996479165,166,8.03,601
55.87745870220726,-4.224182766352972,6.0,55.80660612206145,-4.094012410496262,167,20.592,1230
55.87745870220726,-4.224182766352972,6.0,55.84605439624201,-4.09192094471571,168,12.689,649
55.87745870220726,-4.224182766352972,6.0,55.83961965364386,-4.1201104741133365,169,15.896,840
55.87745870220726,-4.224182766352972,6.0,55.85030951683019,-4.217608837338132,170,5.171,573
55.87745870220726,-4.224182766352972,6.0,55.85971342373431,-4.246748195156407,171,3.108,387
55.87745870220726,-4.224182766352972,6.0,55.815747728441636,-4.150792968910081,172,12.299,1089
55.87745870220726,-4.224182766352972,6.0,55.80041195127493,-4.3806303679601495,173,16.662,1062
55.87745870220726,-4.224182766352972,6.0,55.85487415463933,-4.092829020720908,174,12.499,650
55.87745870220726,-4.224182766352972,6.0,55.80456076444065,-4.203157873727267,175,11.199,1075
55.87745870220726,-4.224182766352972,6.0,55.84723005082115,-4.330151260440624,176,10.17,714
55.87745870220726,-4.224182766352972,6.0,55.88775631668876,-4.123428423568879,177,12.1,746
55.87745870220726,-4.224182766352972,6.0,55.82857385936083,-4.129579652409029,178,21.214,1208
55.87745870220726,-4.224182766352972,6.0,55.879865395443076,-4.36272007519476,179,11.769,871
55.87745870220726,-4.224182766352972,6.0,55.87973669437185,-4.215636550296907,180,0.818,117
55.87745870220726,-4.224182766352972,6.0,55.8162521393249,-4.1868605517933455,181,10.341,987
55.87745870220726,-4.224182766352972,6.0,55.80755514535402,-4.201625161718038,182,10.952,1042
55.87745870220726,-4.224182766352972,6.0,55.85565398843102,-4.250533808562208,183,3.922,542
55.87745870220726,-4.224182766352972,6.0,55.929636326069506,-4.381100658166308,184,15.4,1075
55.87745870220726,-4.224182766352972,6.0,55.879581066995904,-4.21986165885879,185,0.459,98
55.87745870220726,-4.224182766352972,6.0,55.92647877645629,-4.127886630011083,186,13.714,865
55.87745870220726,-4.224182766352972,6.0,55.82282427264178,-4.371094162561755,187,14.311,948
55.87745870220726,-4.224182766352972,6.0,55.90291353127043,-4.3414180899754955,188,10.429,1027
55.87745870220726,-4.224182766352972,6.0,55.78437024600116,-4.156926419796477,189,14.688,1222
55.87745870220726,-4.224182766352972,6.0,55.8321542449311,-4.1561720476648265,190,9.768,943
55.87745870220726,-4.224182766352972,6.0,55.88310705812362,-4.084862107847263,191,16.753,812
55.87745870220726,-4.224182766352972,6.0,55.85616333886266,-4.110333739241922,192,11.3,694
55.87745870220726,-4.224182766352972,6.0,55.90185178498145,-4.152652007721208,193,7.596,1049
55.87745870220726,-4.224182766352972,6.0,55.8837118458465,-4.182392741162416,194,8.54,1506
55.87745870220726,-4.224182766352972,6.0,55.83086049774818,-4.312434105301623,195,12.214,852
55.87745870220726,-4.224182766352972,6.0,55.821849459706755,-4.176208567338996,196,14.242,960
55.87745870220726,-4.224182766352972,6.0,55.88009750494633,-4.255964552703097,197,2.631,395
55.87745870220726,-4.224182766352972,6.0,55.87413911675089,-4.369807111055967,198,13.811,774
55.87745870220726,-4.224182766352972,6.0,55.86354071984154,-4.093406384811447,199,11.916,748
55.9107403921046,-4.248104439540488,7.0,55.8391698042901,-4.214478482526657,0,11.754,2070
55.9107403921046,-4.248104439540488,7.0,55.86553667472969,-4.350500876963486,1,16.99,2083
55.9107403921046,-4.248104439540488,7.0,55.912892829643965,-4.286410947894997,2,3.822,2200
55.9107403921046,-4.248104439540488,7.0,55.84854019346565,-4.391697428307927,3,16.421,2304
55.9107403921046,-4.248104439540488,7.0,55.79232875093524,-4.310455024670266,4,18.912,2282
55.9107403921046,-4.248104439540488,7.0,55.837143362020576,-4.120043492886959,5,19.497,2163
55.9107403921046,-4.248104439540488,7.0,55.84185129809378,-4.283879851305767,6,13.592,2033
55.9107403921046,-4.248104439540488,7.0,55.90609664927746,-4.311383718964596,7,7.754,1545
55.9107403921046,-4.248104439540488,7.0,55.7832172019226,-4.31249791159531,8,20.5,2340
55.9107403921046,-4.248104439540488,7.0,55.8177258987159,-4.260489243356555,9,14.469,2213
55.9107403921046,-4.248104439540488,7.0,55.903262790870684,-4.212111703691823,10,8.027,1667
55.9107403921046,-4.248104439540488,7.0,55.893978813107424,-4.1413270988368325,11,15.607,1995
55.9107403921046,-4.248104439540488,7.0,55.894884622950286,-4.154349650804189,12,15.199,1863
55.9107403921046,-4.248104439540488,7.0,55.80680963785043,-4.263605759417426,13,16.234,2437
55.9107403921046,-4.248104439540488,7.0,55.81824312166051,-4.346878846315483,14,16.075,2196
55.9107403921046,-4.248104439540488,7.0,55.84742656229786,-4.269221405976544,15,10.068,1920
55.9107403921046,-4.248104439540488,7.0,55.80730424868546,-4.315177272898423,16,15.781,2181
55.9107403921046,-4.248104439540488,7.0,55.83798278877758,-4.260604018644594,17,11.039,2023
55.9107403921046,-4.248104439540488,7.0,55.89424631095569,-4.343398240721316,18,10.879,1809
55.9107403921046,-4.248104439540488,7.0,55.83908093533876,-4.223069302141199,19,11.29,2091
55.9107403921046,-4.248104439540488,7.0,55.8357731433788,-4.270556349194068,20,10.872,1931
55.9107403921046,-4.248104439540488,7.0,55.90309627527835,-4.360750370095284,21,10.417,1817
55.9107403921046,-4.248104439540488,7.0,55.85652103589449,-4.101365743428073,22,16.474,1977
55.9107403921046,-4.248104439540488,7.0,55.783736419963375,-4.235306054793451,23,18.529,2504
55.9107403921046,-4.248104439540488,7.0,55.92064824587275,-4.2358362157531895,24,4.738,1310
55.9107403921046,-4.248104439540488,7.0,55.907674892744176,-4.2497703459088045,25,8.354,2749
55.9107403921046,-4.248104439540488,7.0,55.919604340921964,-4.226208116301384,26,7.166,1508
55.9107403921046,-4.248104439540488,7.0,55.83219148710444,-4.304581930326681,27,14.953,2223
55.9107403921046,-4.248104439540488,7.0,55.79569701419853,-4.1769099124482585,28,20.213,2436
55.9107403921046,-4.248104439540488,7.0,55.81260197667657,-4.197841211154324,29,17.624,2303
55.9107403921046,-4.248104439540488,7.0,55.826092940761974,-4.176919409292903,30,16.154,2236
55.9107403921046,-4.248104439540488,7.0,55.828413149208096,-4.109650878166438,31,23.42,2322
55.9107403921046,-4.248104439540488,7.0,55.8999241737755,-4.257993823533507,32,3.529,1333
55.9107403921046,-4.248104439540488,7.0,55.892514250678616,-4.340118142906542,33,10.908,1814
55.9107403921046,-4.248104439540488,7.0,55.855241629670886,-4.269936069312288,34,7.912,1661
55.9107403921046,-4.248104439540488,7.0,55.877364911629314,-4.109701193625618,35,16.875,2077
55.9107403921046,-4.248104439540488,7.0,55.887053111734645,-4.1280531391159245,36,16.065,1975
55.9107403921046,-4.248104439540488,7.0,55.89108676863447,-4.105446803942431,37,17.798,2281
55.9107403921046,-4.248104439540488,7.0,55.842635153466425,-4.334387903339716,38,12.858,2011
55.9107403921046,-4.248104439540488,7.0,55.89197542936556,-4.19614108945253,39,10.285,1770
55.9107403921046,-4.248104439540488,7.0,55.825849135803445,-4.321179033230789,40,13.131,2123
55.9107403921046,-4.248104439540488,7.0,55.81864602215581,-4.375055705699034,41,17.104,2205
55.9107403921046,-4.248104439540488,7.0,55.92613065482397,-4.212698358862173,42,7.794,1579
55.9107403921046,-4.248104439540488,7.0,55.874439929608144,-4.279689658904073,43,7.467,1735
55.9107403921046,-4.248104439540488,7.0,55.81998166828728,-4.245455535821837,44,13.949,2118
55.9107403921046,-4.248104439540488,7.0,55.91066980601156,-4.213502644426629,45,6.866,1537
55.9107403921046,-4.248104439540488,7.0,55.8404807486866,-4.356656090229781,46,16.51,2278
55.9107403921046,-4.248104439540488,7.0,55.88708229912325,-4.079055837843032,47,24.394,2215
55.9107403921046,-4.248104439540488,7.0,55.84510555179576,-4.178720975321847,48,12.751,2134
55.9107403921046,-4.248104439540488,7.0,55.84413340760586,-4.085244529493477,49,20.973,2510
55.9107403921046,-4.248104439540488,7.0,55.83324217210475,-4.157183908594519,50,23.965,2274
55.9107403921046,-4.248104439540488,7.0,55.895753278756494,-4.323131413571223,51,10.043,1755
55.9107403921046,-4.248104439540488,7.0,55.88609925330935,-4.38354364327563,52,18.023,2151
55.9107403921046,-4.248104439540488,7.0,55.86596770908397,-4.338853955125049,53,13.84,2070
55.9107403921046,-4.248104439540488,7.0,55.819381988004544,-4.256567679373081,54,13.399,2269
55.9107403921046,-4.248104439540488,7.0,55.919398785577634,-4.298102785445152,55,4.098,1880
55.9107403921046,-4.248104439540488,7.0,55.81052481551728,-4.0780884232687225,56,26.219,3469
55.9107403921046,-4.248104439540488,7.0,55.8411814367945,-4.125490362928665,57,21.501,2217
55.9107403921046,-4.248104439540488,7.0,55.844855881791794,-4.151320272286683,58,16.603,2235
55.9107403921046,-4.248104439540488,7.0,55.79334532620707,-4.3052187624925375,59,19.243,2289
55.9107403921046,-4.248104439540488,7.0,55.78499644933002,-4.082518262203789,60,28.109,2396
55.9107403921046,-4.248104439540488,7.0,55.86482365717543,-4.074666870071637,61,18.74,2194
55.9107403921046,-4.248104439540488,7.0,55.910543969585106,-4.384534109666136,62,12.849,1952
55.9107403921046,-4.248104439540488,7.0,55.799715679086134,-4.188568421733812,63,20.195,2594
55.9107403921046,-4.248104439540488,7.0,55.90005630083831,-4.294022887833187,64,4.08,1414
55.9107403921046,-4.248104439540488,7.0,55.82573931186619,-4.210157383495828,65,15.681,2118
55.9107403921046,-4.248104439540488,7.0,55.88010014610652,-4.288014027401103,66,6.005,1638
55.9107403921046,-4.248104439540488,7.0,55.8836463272421,-4.377148406451105,67,17.793,2228
55.9107403921046,-4.248104439540488,7.0,55.80511293548626,-4.195982430231648,68,18.604,2378
55.9107403921046,-4.248104439540488,7.0,55.9265186267864,-4.256321117900257,69,3.636,1293
55.9107403921046,-4.248104439540488,7.0,55.90353118048908,-4.119171950823842,70,16.466,2197
55.9107403921046,-4.248104439540488,7.0,55.81502357146685,-4.260984914919316,71,14.826,2247
55.9107403921046,-4.248104439540488,7.0,55.894355058439295,-4.293143876300353,72,4.488,1473
55.9107403921046,-4.248104439540488,7.0,55.80246488546192,-4.242274834364847,73,16.09,2344
55.9107403921046,-4.248104439540488,7.0,55.887581813102464,-4.2985753032369685,74,5.342,1548
55.9107403921046,-4.248104439540488,7.0,55.928290955083554,-4.295962301582311,75,4.52,1294
55.9107403921046,-4.248104439540488,7.0,55.81096058143004,-4.368797105646974,76,18.761,2287
55.9107403921046,-4.248104439540488,7.0,55.84818750128869,-4.3631808239548375,77,17.496,2130
55.9107403921046,-4.248104439540488,7.0,55.81610352786554,-4.330910795148831,78,15.1,2037
55.9107403921046,-4.248104439540488,7.0,55.807034270653475,-4.136077366584948,79,19.388,2487
55.9107403921046,-4.248104439540488,7.0,55.86778114631985,-4.233612892312959,80,7.76,1690
55.9107403921046,-4.248104439540488,7.0,55.79578956690847,-4.368290459919509,81,23.845,3482
55.9107403921046,-4.248104439540488,7.0,55.897877306124535,-4.077031107370425,82,19.589,2747
55.9107403921046,-4.248104439540488,7.0,55.80721289582252,-4.242612882195534,83,15.313,2295
55.9107403921046,-4.248104439540488,7.0,55.92209393969709,-4.157940141970138,84,13.252,1813
55.9107403921046,-4.248104439540488,7.0,55.79188265083702,-4.28147512844989,85,20.105,2344
55.9107403921046,-4.248104439540488,7.0,55.88043814367632,-4.104360473798184,86,16.687,2037
55.9107403921046,-4.248104439540488,7.0,55.90345994988174,-4.293652184560058,87,3.295,1335
55.9107403921046,-4.248104439540488,7.0,55.91230525016259,-4.108196424937476,88,17.49,2105
55.9107403921046,-4.248104439540488,7.0,55.90569137930351,-4.3852429216612405,89,13.785,2028
55.9107403921046,-4.248104439540488,7.0,55.824402119970216,-4.298242138123909,90,13.567,2044
55.9107403921046,-4.248104439540488,7.0,55.887104625653905,-4.201059285828647,91,10.486,1870
55.9107403921046,-4.248104439540488,7.0,55.92006797200308,-4.195257422106852,92,8.64,1557
55.9107403921046,-4.248104439540488,7.0,55.7944551107823,-4.1683749063061635,93,20.343,2870
55.9107403921046,-4.248104439540488,7.0,55.88003873447475,-4.304350182381346,94,7.638,1749
55.9107403921046,-4.248104439540488,7.0,55.88308048053683,-4.2942103285768285,95,6.023,1653
55.9107403921046,-4.248104439540488,7.0,55.80779271908626,-4.3234306371549245,96,16.371,2169
55.9107403921046,-4.248104439540488,7.0,55.90123467399992,-4.380968632189907,97,16.563,2296
55.9107403921046,-4.248104439540488,7.0,55.88049231589054,-4.293733205570284,98,7.14,1714
55.9107403921046,-4.248104439540488,7.0,55.84697147961761,-4.334108806216461,99,12.972,2044
55.9107403921046,-4.248104439540488,7.0,55.83067141211495,-4.195633651932574,100,14.964,2115
55.9107403921046,-4.248104439540488,7.0,55.89350845984679,-4.099445363541155,101,17.613,2113
55.9107403921046,-4.248104439540488,7.0,55.92592408664018,-4.179171340754611,102,10.811,1701
55.9107403921046,-4.248104439540488,7.0,55.84941827409408,-4.169566750359822,103,12.537,2119
55.9107403921046,-4.248104439540488,7.0,55.92413375575165,-4.226670311636797,104,9.009,2321
55.9107403921046,-4.248104439540488,7.0,55.88995713457192,-4.285031242761631,105,4.998,1461
55.9107403921046,-4.248104439540488,7.0,55.90528066541109,-4.131569818675147,106,13.828,1834
55.9107403921046,-4.248104439540488,7.0,55.87850608392288,-4.103517886631066,107,17.018,2070
55.9107403921046,-4.248104439540488,7.0,55.80799405798939,-4.284953473560454,108,14.87,2299
55.9107403921046,-4.248104439540488,7.0,55.906815669822045,-4.385279074380807,109,13.566,1982
55.9107403921046,-4.248104439540488,7.0,55.916237634416454,-4.222407816066865,110,6.918,1491
55.9107403921046,-4.248104439540488,7.0,55.915798955837815,-4.088621086891774,111,18.208,2140
55.9107403921046,-4.248104439540488,7.0,55.827538479175395,-4.350653065976025,112,15.444,2128
55.9107403921046,-4.248104439540488,7.0,55.799515288981674,-4.0866627646338864,113,28.479,2509
55.9107403921046,-4.248104439540488,7.0,55.831024245961984,-4.244756518165482,114,12.43,2019
55.9107403921046,-4.248104439540488,7.0,55.86754360554833,-4.2143078261423845,115,9.1,1804
55.9107403921046,-4.248104439540488,7.0,55.8574985965699,-4.1521224561179935,116,14.384,2021
55.9107403921046,-4.248104439540488,7.0,55.88095643501817,-4.32811659177277,117,11.123,1853
55.9107403921046,-4.248104439540488,7.0,55.85240433608213,-4.177570445500026,118,11.822,1991
55.9107403921046,-4.248104439540488,7.0,55.91169549549074,-4.359708873069638,119,10.361,1808
55.9107403921046,-4.248104439540488,7.0,55.92640787519779,-4.300990956079843,120,4.968,1343
55.9107403921046,-4.248104439540488,7.0,55.84019197366069,-4.205566157974415,121,12.24,2168
55.9107403921046,-4.248104439540488,7.0,55.866619942939494,-4.268153778778456,122,7.101,1799
55.9107403921046,-4.248104439540488,7.0,55.81327411986783,-4.2587495402872255,123,14.805,2257
55.9107403921046,-4.248104439540488,7.0,55.86022660117776,-4.154711133590585,124,13.601,1948
55.9107403921046,-4.248104439540488,7.0,55.831522729053496,-4.370420634377527,125,17.498,2298
55.9107403921046,-4.248104439540488,7.0,55.84074346341779,-4.172411658039648,126,13.821,2181
55.9107403921046,-4.248104439540488,7.0,55.8801412435821,-4.258666277618953,127,4.634,1426
55.9107403921046,-4.248104439540488,7.0,55.8434159429892,-4.1056733307349536,128,21.757,2246
55.9107403921046,-4.248104439540488,7.0,55.83522057783537,-4.25736952395694,129,11.013,2025
55.9107403921046,-4.248104439540488,7.0,55.86467774065618,-4.2250953414252415,130,7.884,1641
55.9107403921046,-4.248104439540488,7.0,55.8953662249987,-4.231143624453162,131,6.626,1591
55.9107403921046,-4.248104439540488,7.0,55.81920459649808,-4.236238450921302,132,14.533,2169
55.9107403921046,-4.248104439540488,7.0,55.900795402502105,-4.206009410292495,133,8.84,1747
55.9107403921046,-4.248104439540488,7.0,55.86078490474355,-4.339631469507248,134,14.375,2165
55.9107403921046,-4.248104439540488,7.0,55.924999437053955,-4.191173279124663,135,8.891,1566
55.9107403921046,-4.248104439540488,7.0,55.81549096669224,-4.126910343137958,136,26.819,2533
55.9107403921046,-4.248104439540488,7.0,55.90135585493081,-4.207622057499793,137,8.729,1709
55.9107403921046,-4.248104439540488,7.0,55.845816555475636,-4.129576488296543,138,17.574,2189
55.9107403921046,-4.248104439540488,7.0,55.80470047644827,-4.291960781118721,139,14.897,2277
55.9107403921046,-4.248104439540488,7.0,55.89185394491289,-4.179857587296262,140,12.088,1802
55.9107403921046,-4.248104439540488,7.0,55.91859399996558,-4.3401659608951215,141,7.729,1554
55.9107403921046,-4.248104439540488,7.0,55.90671476836246,-4.3642865107142725,142,10.448,1780
55.9107403921046,-4.248104439540488,7.0,55.81273399651921,-4.167613047894911,143,17.437,2297
55.9107403921046,-4.248104439540488,7.0,55.80939871413575,-4.276056954355674,144,14.778,2263
55.9107403921046,-4.248104439540488,7.0,55.88312869327199,-4.214542892826467,145,6.677,1730
55.9107403921046,-4.248104439540488,7.0,55.815340374954424,-4.283514492524949,146,13.772,2148
55.9107403921046,-4.248104439540488,7.0,55.87864379034378,-4.080636908866371,147,25.307,2238
55.9107403921046,-4.248104439540488,7.0,55.89423440492952,-4.2418874418647645,148,4.17,1446
55.9107403921046,-4.248104439540488,7.0,55.92796852989922,-4.305970400193036,149,5.096,1366
55.9107403921046,-4.248104439540488,7.0,55.92895153496988,-4.082888064137351,150,17.372,2082
55.9107403921046,-4.248104439540488,7.0,55.790766759429424,-4.135285962371055,151,22.768,2511
55.9107403921046,-4.248104439540488,7.0,55.80808041573422,-4.184105792933229,152,18.398,2309
55.9107403921046,-4.248104439540488,7.0,55.7982747224006,-4.3931924101572655,153,19.569,2382
55.9107403921046,-4.248104439540488,7.0,55.81178474630603,-4.337962602706185,154,16.167,2143
55.9107403921046,-4.248104439540488,7.0,55.852972007756,-4.353957895039277,155,14.54,2130
55.9107403921046,-4.248104439540488,7.0,55.797152036890715,-4.311451416173846,156,18.139,2217
55.9107403921046,-4.248104439540488,7.0,55.84839482833289,-4.1889265673730645,157,11.566,2009
55.9107403921046,-4.248104439540488,7.0,55.86383954752864,-4.387927326091926,158,20.132,2157
55.9107403921046,-4.248104439540488,7.0,55.807182357875575,-4.140487806234959,159,19.065,2462
55.9107403921046,-4.248104439540488,7.0,55.8296607577131,-4.218765551358871,160,13.85,2175
55.9107403921046,-4.248104439540488,7.0,55.82699494590622,-4.295404959002084,161,13.603,2021
55.9107403921046,-4.248104439540488,7.0,55.861248665443505,-4.307186036515638,162,13.243,2056
55.9107403921046,-4.248104439540488,7.0,55.897857165570365,-4.156645648865112,163,13.564,1838
55.9107403921046,-4.248104439540488,7.0,55.877747555317356,-4.342792329217214,164,11.032,2037
55.9107403921046,-4.248104439540488,7.0,55.92259641850896,-4.389236283866068,165,11.728,1758
55.9107403921046,-4.248104439540488,7.0,55.92621339590465,-4.2820478996479165,166,3.42,1243
55.9107403921046,-4.248104439540488,7.0,55.80660612206145,-4.094012410496262,167,25.804,2534
55.9107403921046,-4.248104439540488,7.0,55.84605439624201,-4.09192094471571,168,17.901,1953
55.9107403921046,-4.248104439540488,7.0,55.83961965364386,-4.1201104741133365,169,21.108,2144
55.9107403921046,-4.248104439540488,7.0,55.85030951683019,-4.217608837338132,170,10.316,1925
55.9107403921046,-4.248104439540488,7.0,55.85971342373431,-4.246748195156407,171,8.253,1739
55.9107403921046,-4.248104439540488,7.0,55.815747728441636,-4.150792968910081,172,17.935,2359
55.9107403921046,-4.248104439540488,7.0,55.80041195127493,-4.3806303679601495,173,18.985,2335
55.9107403921046,-4.248104439540488,7.0,55.85487415463933,-4.092829020720908,174,17.711,1955
55.9107403921046,-4.248104439540488,7.0,55.80456076444065,-4.203157873727267,175,18.623,2379
55.9107403921046,-4.248104439540488,7.0,55.84723005082115,-4.330151260440624,176,12.493,1987
55.9107403921046,-4.248104439540488,7.0,55.88775631668876,-4.123428423568879,177,16.2,1981
55.9107403921046,-4.248104439540488,7.0,55.82857385936083,-4.129579652409029,178,26.426,2512
55.9107403921046,-4.248104439540488,7.0,55.879865395443076,-4.36272007519476,179,13.227,2099
55.9107403921046,-4.248104439540488,7.0,55.87973669437185,-4.215636550296907,180,7.592,1754
55.9107403921046,-4.248104439540488,7.0,55.8162521393249,-4.1868605517933455,181,16.817,2269
55.9107403921046,-4.248104439540488,7.0,55.80755514535402,-4.201625161718038,182,18.376,2346
55.9107403921046,-4.248104439540488,7.0,55.85565398843102,-4.250533808562208,183,9.067,1894
55.9107403921046,-4.248104439540488,7.0,55.929636326069506,-4.381100658166308,184,10.79,1717
55.9107403921046,-4.248104439540488,7.0,55.879581066995904,-4.21986165885879,185,6.615,1694
55.9107403921046,-4.248104439540488,7.0,55.92647877645629,-4.127886630011083,186,15.056,2022
55.9107403921046,-4.248104439540488,7.0,55.82282427264178,-4.371094162561755,187,16.634,2221
55.9107403921046,-4.248104439540488,7.0,55.90291353127043,-4.3414180899754955,188,11.576,1877
55.9107403921046,-4.248104439540488,7.0,55.78437024600116,-4.156926419796477,189,22.112,2526
55.9107403921046,-4.248104439540488,7.0,55.8321542449311,-4.1561720476648265,190,24.005,2288
55.9107403921046,-4.248104439540488,7.0,55.88310705812362,-4.084862107847263,191,21.965,2116
55.9107403921046,-4.248104439540488,7.0,55.85616333886266,-4.110333739241922,192,16.512,1998
55.9107403921046,-4.248104439540488,7.0,55.90185178498145,-4.152652007721208,193,12.609,2222
55.9107403921046,-4.248104439540488,7.0,55.8837118458465,-4.182392741162416,194,13.752,2811
55.9107403921046,-4.248104439540488,7.0,55.83086049774818,-4.312434105301623,195,14.537,2125
55.9107403921046,-4.248104439540488,7.0,55.821849459706755,-4.176208567338996,196,16.565,2233
55.9107403921046,-4.248104439540488,7.0,55.88009750494633,-4.255964552703097,197,4.53,1421
55.9107403921046,-4.248104439540488,7.0,55.87413911675089,-4.369807111055967,198,16.134,2047
55.9107403921046,-4.248104439540488,7.0,55.86354071984154,-4.093406384811447,199,17.128,2052
55.86861837691102,-4.354433944257126,8.0,55.8391698042901,-4.214478482526657,0,16.966,1057
55.86861837691102,-4.354433944257126,8.0,55.86553667472969,-4.350500876963486,1,1.6,261
55.86861837691102,-4.354433944257126,8.0,55.912892829643965,-4.286410947894997,2,13.724,2088
55.86861837691102,-4.354433944257126,8.0,55.84854019346565,-4.391697428307927,3,7.897,818
55.86861837691102,-4.354433944257126,8.0,55.79232875093524,-4.310455024670266,4,14.155,1218
55.86861837691102,-4.354433944257126,8.0,55.837143362020576,-4.120043492886959,5,20.665,1069
55.86861837691102,-4.354433944257126,8.0,55.84185129809378,-4.283879851305767,6,7.476,818
55.86861837691102,-4.354433944257126,8.0,55.90609664927746,-4.311383718964596,7,9.036,954
55.86861837691102,-4.354433944257126,8.0,55.7832172019226,-4.31249791159531,8,15.743,1276
55.86861837691102,-4.354433944257126,8.0,55.8177258987159,-4.260489243356555,9,15.637,1119
55.86861837691102,-4.354433944257126,8.0,55.903262790870684,-4.212111703691823,10,19.486,1340
55.86861837691102,-4.354433944257126,8.0,55.893978813107424,-4.1413270988368325,11,21.226,1347
55.86861837691102,-4.354433944257126,8.0,55.894884622950286,-4.154349650804189,12,23.611,1246
55.86861837691102,-4.354433944257126,8.0,55.80680963785043,-4.263605759417426,13,18.075,1386
55.86861837691102,-4.354433944257126,8.0,55.81824312166051,-4.346878846315483,14,11.111,1032
55.86861837691102,-4.354433944257126,8.0,55.84742656229786,-4.269221405976544,15,10.721,986
55.86861837691102,-4.354433944257126,8.0,55.80730424868546,-4.315177272898423,16,10.834,1121
55.86861837691102,-4.354433944257126,8.0,55.83798278877758,-4.260604018644594,17,14.158,1021
55.86861837691102,-4.354433944257126,8.0,55.89424631095569,-4.343398240721316,18,6.707,714
55.86861837691102,-4.354433944257126,8.0,55.83908093533876,-4.223069302141199,19,14.557,1088
55.86861837691102,-4.354433944257126,8.0,55.8357731433788,-4.270556349194068,20,8.718,974
55.86861837691102,-4.354433944257126,8.0,55.90309627527835,-4.360750370095284,21,8.74,949
55.86861837691102,-4.354433944257126,8.0,55.85652103589449,-4.101365743428073,22,23.774,1290
55.86861837691102,-4.354433944257126,8.0,55.783736419963375,-4.235306054793451,23,19.697,1410
55.86861837691102,-4.354433944257126,8.0,55.92064824587275,-4.2358362157531895,24,16.076,1238
55.86861837691102,-4.354433944257126,8.0,55.907674892744176,-4.2497703459088045,25,19.363,2366
55.86861837691102,-4.354433944257126,8.0,55.919604340921964,-4.226208116301384,26,20.535,1332
55.86861837691102,-4.354433944257126,8.0,55.83219148710444,-4.304581930326681,27,10.006,1162
55.86861837691102,-4.354433944257126,8.0,55.79569701419853,-4.1769099124482585,28,21.381,1342
55.86861837691102,-4.354433944257126,8.0,55.81260197667657,-4.197841211154324,29,18.792,1209
55.86861837691102,-4.354433944257126,8.0,55.826092940761974,-4.176919409292903,30,17.322,1142
55.86861837691102,-4.354433944257126,8.0,55.828413149208096,-4.109650878166438,31,24.126,1332
55.86861837691102,-4.354433944257126,8.0,55.8999241737755,-4.257993823533507,32,11.46,1210
55.86861837691102,-4.354433944257126,8.0,55.892514250678616,-4.340118142906542,33,6.736,725
55.86861837691102,-4.354433944257126,8.0,55.855241629670886,-4.269936069312288,34,8.565,727
55.86861837691102,-4.354433944257126,8.0,55.877364911629314,-4.109701193625618,35,24.175,1391
55.86861837691102,-4.354433944257126,8.0,55.887053111734645,-4.1280531391159245,36,24.477,1357
55.86861837691102,-4.354433944257126,8.0,55.89108676863447,-4.105446803942431,37,26.21,1664
55.86861837691102,-4.354433944257126,8.0,55.842635153466425,-4.334387903339716,38,5.458,670
55.86861837691102,-4.354433944257126,8.0,55.89197542936556,-4.19614108945253,39,20.484,1191
55.86861837691102,-4.354433944257126,8.0,55.825849135803445,-4.321179033230789,40,8.184,1062
55.86861837691102,-4.354433944257126,8.0,55.81864602215581,-4.375055705699034,41,9.677,906
55.86861837691102,-4.354433944257126,8.0,55.92613065482397,-4.212698358862173,42,20.997,1385
55.86861837691102,-4.354433944257126,8.0,55.874439929608144,-4.279689658904073,43,13.209,919
55.86861837691102,-4.354433944257126,8.0,55.81998166828728,-4.245455535821837,44,15.117,1024
55.86861837691102,-4.354433944257126,8.0,55.91066980601156,-4.213502644426629,45,19.949,1336
55.86861837691102,-4.354433944257126,8.0,55.8404807486866,-4.356656090229781,46,7.986,794
55.86861837691102,-4.354433944257126,8.0,55.88708229912325,-4.079055837843032,47,29.457,1413
55.86861837691102,-4.354433944257126,8.0,55.84510555179576,-4.178720975321847,48,18.987,1157
55.86861837691102,-4.354433944257126,8.0,55.84413340760586,-4.085244529493477,49,26.154,1787
55.86861837691102,-4.354433944257126,8.0,55.83324217210475,-4.157183908594519,50,18.849,1155
55.86861837691102,-4.354433944257126,8.0,55.895753278756494,-4.323131413571223,51,6.493,825
55.86861837691102,-4.354433944257126,8.0,55.88609925330935,-4.38354364327563,52,5.591,555
55.86861837691102,-4.354433944257126,8.0,55.86596770908397,-4.338853955125049,53,1.757,267
55.86861837691102,-4.354433944257126,8.0,55.819381988004544,-4.256567679373081,54,16.546,1174
55.86861837691102,-4.354433944257126,8.0,55.919398785577634,-4.298102785445152,55,14.0,1768
55.86861837691102,-4.354433944257126,8.0,55.81052481551728,-4.0780884232687225,56,26.925,2479
55.86861837691102,-4.354433944257126,8.0,55.8411814367945,-4.125490362928665,57,22.207,1228
55.86861837691102,-4.354433944257126,8.0,55.844855881791794,-4.151320272286683,58,19.839,1208
55.86861837691102,-4.354433944257126,8.0,55.79334532620707,-4.3052187624925375,59,14.486,1224
55.86861837691102,-4.354433944257126,8.0,55.78499644933002,-4.082518262203789,60,30.648,1479
55.86861837691102,-4.354433944257126,8.0,55.86482365717543,-4.074666870071637,61,26.04,1507
55.86861837691102,-4.354433944257126,8.0,55.910543969585106,-4.384534109666136,62,10.567,1024
55.86861837691102,-4.354433944257126,8.0,55.799715679086134,-4.188568421733812,63,21.363,1500
55.86861837691102,-4.354433944257126,8.0,55.90005630083831,-4.294022887833187,64,8.927,1030
55.86861837691102,-4.354433944257126,8.0,55.82573931186619,-4.210157383495828,65,16.849,1024
55.86861837691102,-4.354433944257126,8.0,55.88010014610652,-4.288014027401103,66,8.524,1070
55.86861837691102,-4.354433944257126,8.0,55.8836463272421,-4.377148406451105,67,5.361,632
55.86861837691102,-4.354433944257126,8.0,55.80511293548626,-4.195982430231648,68,19.772,1284
55.86861837691102,-4.354433944257126,8.0,55.9265186267864,-4.256321117900257,69,14.974,1226
55.86861837691102,-4.354433944257126,8.0,55.90353118048908,-4.119171950823842,70,25.373,1599
55.86861837691102,-4.354433944257126,8.0,55.81502357146685,-4.260984914919316,71,15.994,1153
55.86861837691102,-4.354433944257126,8.0,55.894355058439295,-4.293143876300353,72,8.776,1035
55.86861837691102,-4.354433944257126,8.0,55.80246488546192,-4.242274834364847,73,17.258,1250
55.86861837691102,-4.354433944257126,8.0,55.887581813102464,-4.2985753032369685,74,8.013,981
55.86861837691102,-4.354433944257126,8.0,55.928290955083554,-4.295962301582311,75,10.853,1033
55.86861837691102,-4.354433944257126,8.0,55.81096058143004,-4.368797105646974,76,11.285,1093
55.86861837691102,-4.354433944257126,8.0,55.84818750128869,-4.3631808239548375,77,5.686,571
55.86861837691102,-4.354433944257126,8.0,55.81610352786554,-4.330910795148831,78,10.343,972
55.86861837691102,-4.354433944257126,8.0,55.807034270653475,-4.136077366584948,79,20.556,1393
55.86861837691102,-4.354433944257126,8.0,55.86778114631985,-4.233612892312959,80,15.06,1002
55.86861837691102,-4.354433944257126,8.0,55.79578956690847,-4.368290459919509,81,13.22,2217
55.86861837691102,-4.354433944257126,8.0,55.897877306124535,-4.077031107370425,82,28.001,2130
55.86861837691102,-4.354433944257126,8.0,55.80721289582252,-4.242612882195534,83,16.481,1201
55.86861837691102,-4.354433944257126,8.0,55.92209393969709,-4.157940141970138,84,25.144,1397
55.86861837691102,-4.354433944257126,8.0,55.79188265083702,-4.28147512844989,85,15.348,1279
55.86861837691102,-4.354433944257126,8.0,55.88043814367632,-4.104360473798184,86,23.987,1351
55.86861837691102,-4.354433944257126,8.0,55.90345994988174,-4.293652184560058,87,9.337,1074
55.86861837691102,-4.354433944257126,8.0,55.91230525016259,-4.108196424937476,88,26.641,1544
55.86861837691102,-4.354433944257126,8.0,55.90569137930351,-4.3852429216612405,89,10.602,1047
55.86861837691102,-4.354433944257126,8.0,55.824402119970216,-4.298242138123909,90,8.62,983
55.86861837691102,-4.354433944257126,8.0,55.887104625653905,-4.201059285828647,91,18.196,1340
55.86861837691102,-4.354433944257126,8.0,55.92006797200308,-4.195257422106852,92,21.843,1363
55.86861837691102,-4.354433944257126,8.0,55.7944551107823,-4.1683749063061635,93,21.511,1776
55.86861837691102,-4.354433944257126,8.0,55.88003873447475,-4.304350182381346,94,6.166,822
55.86861837691102,-4.354433944257126,8.0,55.88308048053683,-4.2942103285768285,95,7.864,910
55.86861837691102,-4.354433944257126,8.0,55.80779271908626,-4.3234306371549245,96,11.614,1104
55.86861837691102,-4.354433944257126,8.0,55.90123467399992,-4.380968632189907,97,10.908,1166
55.86861837691102,-4.354433944257126,8.0,55.88049231589054,-4.293733205570284,98,7.766,901
55.86861837691102,-4.354433944257126,8.0,55.84697147961761,-4.334108806216461,99,5.048,604
55.86861837691102,-4.354433944257126,8.0,55.83067141211495,-4.195633651932574,100,16.132,1021
55.86861837691102,-4.354433944257126,8.0,55.89350845984679,-4.099445363541155,101,26.025,1495
55.86861837691102,-4.354433944257126,8.0,55.92592408664018,-4.179171340754611,102,26.485,1480
55.86861837691102,-4.354433944257126,8.0,55.84941827409408,-4.169566750359822,103,19.692,1223
55.86861837691102,-4.354433944257126,8.0,55.92413375575165,-4.226670311636797,104,22.212,2127
55.86861837691102,-4.354433944257126,8.0,55.88995713457192,-4.285031242761631,105,8.732,976
55.86861837691102,-4.354433944257126,8.0,55.90528066541109,-4.131569818675147,106,22.823,1244
55.86861837691102,-4.354433944257126,8.0,55.87850608392288,-4.103517886631066,107,24.318,1384
55.86861837691102,-4.354433944257126,8.0,55.80799405798939,-4.284953473560454,108,11.63,1273
55.86861837691102,-4.354433944257126,8.0,55.906815669822045,-4.385279074380807,109,9.913,952
55.86861837691102,-4.354433944257126,8.0,55.916237634416454,-4.222407816066865,110,20.45,1320
55.86861837691102,-4.354433944257126,8.0,55.915798955837815,-4.088621086891774,111,29.725,1575
55.86861837691102,-4.354433944257126,8.0,55.827538479175395,-4.350653065976025,112,8.529,872
55.86861837691102,-4.354433944257126,8.0,55.799515288981674,-4.0866627646338864,113,31.018,1592
55.86861837691102,-4.354433944257126,8.0,55.831024245961984,-4.244756518165482,114,13.598,925
55.86861837691102,-4.354433944257126,8.0,55.86754360554833,-4.2143078261423845,115,16.4,1118
55.86861837691102,-4.354433944257126,8.0,55.8574985965699,-4.1521224561179935,116,20.995,1334
55.86861837691102,-4.354433944257126,8.0,55.88095643501817,-4.32811659177277,117,4.549,541
55.86861837691102,-4.354433944257126,8.0,55.85240433608213,-4.177570445500026,118,19.856,1274
55.86861837691102,-4.354433944257126,8.0,55.91169549549074,-4.359708873069638,119,10.725,1140
55.86861837691102,-4.354433944257126,8.0,55.92640787519779,-4.300990956079843,120,10.661,1054
55.86861837691102,-4.354433944257126,8.0,55.84019197366069,-4.205566157974415,121,17.452,1172
55.86861837691102,-4.354433944257126,8.0,55.866619942939494,-4.268153778778456,122,9.657,1002
55.86861837691102,-4.354433944257126,8.0,55.81327411986783,-4.2587495402872255,123,15.973,1163
55.86861837691102,-4.354433944257126,8.0,55.86022660117776,-4.154711133590585,124,20.901,1261
55.86861837691102,-4.354433944257126,8.0,55.831522729053496,-4.370420634377527,125,7.991,801
55.86861837691102,-4.354433944257126,8.0,55.84074346341779,-4.172411658039648,126,18.06,1077
55.86861837691102,-4.354433944257126,8.0,55.8801412435821,-4.258666277618953,127,14.406,1068
55.86861837691102,-4.354433944257126,8.0,55.8434159429892,-4.1056733307349536,128,22.463,1256
55.86861837691102,-4.354433944257126,8.0,55.83522057783537,-4.25736952395694,129,14.132,1022
55.86861837691102,-4.354433944257126,8.0,55.86467774065618,-4.2250953414252415,130,15.184,954
55.86861837691102,-4.354433944257126,8.0,55.8953662249987,-4.231143624453162,131,17.637,1132
55.86861837691102,-4.354433944257126,8.0,55.81920459649808,-4.236238450921302,132,15.701,1075
55.86861837691102,-4.354433944257126,8.0,55.900795402502105,-4.206009410292495,133,19.804,1327
55.86861837691102,-4.354433944257126,8.0,55.86078490474355,-4.339631469507248,134,2.514,394
55.86861837691102,-4.354433944257126,8.0,55.924999437053955,-4.191173279124663,135,22.094,1372
55.86861837691102,-4.354433944257126,8.0,55.81549096669224,-4.126910343137958,136,21.547,1440
55.86861837691102,-4.354433944257126,8.0,55.90135585493081,-4.207622057499793,137,19.803,1305
55.86861837691102,-4.354433944257126,8.0,55.845816555475636,-4.129576488296543,138,21.212,1298
55.86861837691102,-4.354433944257126,8.0,55.80470047644827,-4.291960781118721,139,11.463,1250
55.86861837691102,-4.354433944257126,8.0,55.89185394491289,-4.179857587296262,140,19.388,1115
55.86861837691102,-4.354433944257126,8.0,55.91859399996558,-4.3401659608951215,141,9.591,990
55.86861837691102,-4.354433944257126,8.0,55.90671476836246,-4.3642865107142725,142,9.492,1004
55.86861837691102,-4.354433944257126,8.0,55.81273399651921,-4.167613047894911,143,18.605,1203
55.86861837691102,-4.354433944257126,8.0,55.80939871413575,-4.276056954355674,144,11.344,1221
55.86861837691102,-4.354433944257126,8.0,55.88312869327199,-4.214542892826467,145,17.208,1159
55.86861837691102,-4.354433944257126,8.0,55.815340374954424,-4.283514492524949,146,10.338,1106
55.86861837691102,-4.354433944257126,8.0,55.87864379034378,-4.080636908866371,147,30.437,1447
55.86861837691102,-4.354433944257126,8.0,55.89423440492952,-4.2418874418647645,148,18.2,1216
55.86861837691102,-4.354433944257126,8.0,55.92796852989922,-4.305970400193036,149,10.789,1077
55.86861837691102,-4.354433944257126,8.0,55.92895153496988,-4.082888064137351,150,30.095,1525
55.86861837691102,-4.354433944257126,8.0,55.790766759429424,-4.135285962371055,151,23.936,1418
55.86861837691102,-4.354433944257126,8.0,55.80808041573422,-4.184105792933229,152,19.566,1215
55.86861837691102,-4.354433944257126,8.0,55.7982747224006,-4.3931924101572655,153,12.142,1083
55.86861837691102,-4.354433944257126,8.0,55.81178474630603,-4.337962602706185,154,11.976,1040
55.86861837691102,-4.354433944257126,8.0,55.852972007756,-4.353957895039277,155,4.582,632
55.86861837691102,-4.354433944257126,8.0,55.797152036890715,-4.311451416173846,156,13.382,1152
55.86861837691102,-4.354433944257126,8.0,55.84839482833289,-4.1889265673730645,157,19.638,1192
55.86861837691102,-4.354433944257126,8.0,55.86383954752864,-4.387927326091926,158,8.306,611
55.86861837691102,-4.354433944257126,8.0,55.807182357875575,-4.140487806234959,159,20.233,1368
55.86861837691102,-4.354433944257126,8.0,55.8296607577131,-4.218765551358871,160,15.018,1082
55.86861837691102,-4.354433944257126,8.0,55.82699494590622,-4.295404959002084,161,8.656,960
55.86861837691102,-4.354433944257126,8.0,55.861248665443505,-4.307186036515638,162,3.984,546
55.86861837691102,-4.354433944257126,8.0,55.897857165570365,-4.156645648865112,163,20.864,1152
55.86861837691102,-4.354433944257126,8.0,55.877747555317356,-4.342792329217214,164,5.139,638
55.86861837691102,-4.354433944257126,8.0,55.92259641850896,-4.389236283866068,165,21.668,1174
55.86861837691102,-4.354433944257126,8.0,55.92621339590465,-4.2820478996479165,166,12.02,1078
55.86861837691102,-4.354433944257126,8.0,55.80660612206145,-4.094012410496262,167,26.51,1544
55.86861837691102,-4.354433944257126,8.0,55.84605439624201,-4.09192094471571,168,25.201,1267
55.86861837691102,-4.354433944257126,8.0,55.83961965364386,-4.1201104741133365,169,21.814,1155
55.86861837691102,-4.354433944257126,8.0,55.85030951683019,-4.217608837338132,170,15.106,1123
55.86861837691102,-4.354433944257126,8.0,55.85971342373431,-4.246748195156407,171,15.553,1053
55.86861837691102,-4.354433944257126,8.0,55.815747728441636,-4.150792968910081,172,19.103,1265
55.86861837691102,-4.354433944257126,8.0,55.80041195127493,-4.3806303679601495,173,11.558,1035
55.86861837691102,-4.354433944257126,8.0,55.85487415463933,-4.092829020720908,174,25.011,1268
55.86861837691102,-4.354433944257126,8.0,55.80456076444065,-4.203157873727267,175,19.791,1286
55.86861837691102,-4.354433944257126,8.0,55.84723005082115,-4.330151260440624,176,5.238,585
55.86861837691102,-4.354433944257126,8.0,55.88775631668876,-4.123428423568879,177,24.612,1363
55.86861837691102,-4.354433944257126,8.0,55.82857385936083,-4.129579652409029,178,21.625,1452
55.86861837691102,-4.354433944257126,8.0,55.879865395443076,-4.36272007519476,179,6.031,680
55.86861837691102,-4.354433944257126,8.0,55.87973669437185,-4.215636550296907,180,16.495,1170
55.86861837691102,-4.354433944257126,8.0,55.8162521393249,-4.1868605517933455,181,17.985,1175
55.86861837691102,-4.354433944257126,8.0,55.80755514535402,-4.201625161718038,182,19.544,1252
55.86861837691102,-4.354433944257126,8.0,55.85565398843102,-4.250533808562208,183,12.065,973
55.86861837691102,-4.354433944257126,8.0,55.929636326069506,-4.381100658166308,184,22.654,1195
55.86861837691102,-4.354433944257126,8.0,55.879581066995904,-4.21986165885879,185,16.136,1151
55.86861837691102,-4.354433944257126,8.0,55.92647877645629,-4.127886630011083,186,26.226,1483
55.86861837691102,-4.354433944257126,8.0,55.82282427264178,-4.371094162561755,187,8.979,888
55.86861837691102,-4.354433944257126,8.0,55.90291353127043,-4.3414180899754955,188,7.538,882
55.86861837691102,-4.354433944257126,8.0,55.78437024600116,-4.156926419796477,189,23.28,1432
55.86861837691102,-4.354433944257126,8.0,55.8321542449311,-4.1561720476648265,190,18.889,1168
55.86861837691102,-4.354433944257126,8.0,55.88310705812362,-4.084862107847263,191,27.598,1329
55.86861837691102,-4.354433944257126,8.0,55.85616333886266,-4.110333739241922,192,23.812,1312
55.86861837691102,-4.354433944257126,8.0,55.90185178498145,-4.152652007721208,193,24.773,1776
55.86861837691102,-4.354433944257126,8.0,55.8837118458465,-4.182392741162416,194,21.052,2124
55.86861837691102,-4.354433944257126,8.0,55.83086049774818,-4.312434105301623,195,9.59,1065
55.86861837691102,-4.354433944257126,8.0,55.821849459706755,-4.176208567338996,196,17.733,1139
55.86861837691102,-4.354433944257126,8.0,55.88009750494633,-4.255964552703097,197,14.092,1047
55.86861837691102,-4.354433944257126,8.0,55.87413911675089,-4.369807111055967,198,3.702,451
55.86861837691102,-4.354433944257126,8.0,55.86354071984154,-4.093406384811447,199,24.428,1366
55.92008587800929,-4.295548551820483,9.0,55.8391698042901,-4.214478482526657,0,13.58,1380
55.92008587800929,-4.295548551820483,9.0,55.86553667472969,-4.350500876963486,1,13.113,1310
55.92008587800929,-4.295548551820483,9.0,55.912892829643965,-4.286410947894997,2,1.15,1257
55.92008587800929,-4.295548551820483,9.0,55.84854019346565,-4.391697428307927,3,18.247,1614
55.92008587800929,-4.295548551820483,9.0,55.79232875093524,-4.310455024670266,4,20.738,1592
55.92008587800929,-4.295548551820483,9.0,55.837143362020576,-4.120043492886959,5,21.323,1473
55.92008587800929,-4.295548551820483,9.0,55.84185129809378,-4.283879851305767,6,15.418,1343
55.92008587800929,-4.295548551820483,9.0,55.90609664927746,-4.311383718964596,7,6.752,749
55.92008587800929,-4.295548551820483,9.0,55.7832172019226,-4.31249791159531,8,22.326,1650
55.92008587800929,-4.295548551820483,9.0,55.8177258987159,-4.260489243356555,9,16.295,1523
55.92008587800929,-4.295548551820483,9.0,55.903262790870684,-4.212111703691823,10,7.867,890
55.92008587800929,-4.295548551820483,9.0,55.893978813107424,-4.1413270988368325,11,15.871,1236
55.92008587800929,-4.295548551820483,9.0,55.894884622950286,-4.154349650804189,12,15.463,1104
55.92008587800929,-4.295548551820483,9.0,55.80680963785043,-4.263605759417426,13,18.06,1747
55.92008587800929,-4.295548551820483,9.0,55.81824312166051,-4.346878846315483,14,17.901,1507
55.92008587800929,-4.295548551820483,9.0,55.84742656229786,-4.269221405976544,15,11.894,1230
55.92008587800929,-4.295548551820483,9.0,55.80730424868546,-4.315177272898423,16,17.607,1491
55.92008587800929,-4.295548551820483,9.0,55.83798278877758,-4.260604018644594,17,12.865,1333
55.92008587800929,-4.295548551820483,9.0,55.89424631095569,-4.343398240721316,18,9.283,973
55.92008587800929,-4.295548551820483,9.0,55.83908093533876,-4.223069302141199,19,13.116,1401
55.92008587800929,-4.295548551820483,9.0,55.8357731433788,-4.270556349194068,20,12.698,1241
55.92008587800929,-4.295548551820483,9.0,55.90309627527835,-4.360750370095284,21,8.821,981
55.92008587800929,-4.295548551820483,9.0,55.85652103589449,-4.101365743428073,22,18.3,1287
55.92008587800929,-4.295548551820483,9.0,55.783736419963375,-4.235306054793451,23,20.355,1814
55.92008587800929,-4.295548551820483,9.0,55.92064824587275,-4.2358362157531895,24,4.578,528
55.92008587800929,-4.295548551820483,9.0,55.907674892744176,-4.2497703459088045,25,8.194,1971
55.92008587800929,-4.295548551820483,9.0,55.919604340921964,-4.226208116301384,26,7.006,730
55.92008587800929,-4.295548551820483,9.0,55.83219148710444,-4.304581930326681,27,16.779,1533
55.92008587800929,-4.295548551820483,9.0,55.79569701419853,-4.1769099124482585,28,22.039,1746
55.92008587800929,-4.295548551820483,9.0,55.81260197667657,-4.197841211154324,29,19.45,1613
55.92008587800929,-4.295548551820483,9.0,55.826092940761974,-4.176919409292903,30,17.98,1546
55.92008587800929,-4.295548551820483,9.0,55.828413149208096,-4.109650878166438,31,25.246,1632
55.92008587800929,-4.295548551820483,9.0,55.8999241737755,-4.257993823533507,32,5.355,643
55.92008587800929,-4.295548551820483,9.0,55.892514250678616,-4.340118142906542,33,9.312,978
55.92008587800929,-4.295548551820483,9.0,55.855241629670886,-4.269936069312288,34,9.738,971
55.92008587800929,-4.295548551820483,9.0,55.877364911629314,-4.109701193625618,35,18.701,1387
55.92008587800929,-4.295548551820483,9.0,55.887053111734645,-4.1280531391159245,36,16.329,1216
55.92008587800929,-4.295548551820483,9.0,55.89108676863447,-4.105446803942431,37,18.062,1522
55.92008587800929,-4.295548551820483,9.0,55.842635153466425,-4.334387903339716,38,14.684,1321
55.92008587800929,-4.295548551820483,9.0,55.89197542936556,-4.19614108945253,39,10.125,993
55.92008587800929,-4.295548551820483,9.0,55.825849135803445,-4.321179033230789,40,14.957,1433
55.92008587800929,-4.295548551820483,9.0,55.81864602215581,-4.375055705699034,41,18.93,1515
55.92008587800929,-4.295548551820483,9.0,55.92613065482397,-4.212698358862173,42,7.634,801
55.92008587800929,-4.295548551820483,9.0,55.874439929608144,-4.279689658904073,43,9.293,1045
55.92008587800929,-4.295548551820483,9.0,55.81998166828728,-4.245455535821837,44,15.775,1428
55.92008587800929,-4.295548551820483,9.0,55.91066980601156,-4.213502644426629,45,6.706,759
55.92008587800929,-4.295548551820483,9.0,55.8404807486866,-4.356656090229781,46,18.336,1588
55.92008587800929,-4.295548551820483,9.0,55.88708229912325,-4.079055837843032,47,24.658,1456
55.92008587800929,-4.295548551820483,9.0,55.84510555179576,-4.178720975321847,48,14.577,1444
55.92008587800929,-4.295548551820483,9.0,55.84413340760586,-4.085244529493477,49,22.799,1820
55.92008587800929,-4.295548551820483,9.0,55.83324217210475,-4.157183908594519,50,25.791,1584
55.92008587800929,-4.295548551820483,9.0,55.895753278756494,-4.323131413571223,51,8.447,919
55.92008587800929,-4.295548551820483,9.0,55.88609925330935,-4.38354364327563,52,19.849,1461
55.92008587800929,-4.295548551820483,9.0,55.86596770908397,-4.338853955125049,53,12.244,1234
55.92008587800929,-4.295548551820483,9.0,55.819381988004544,-4.256567679373081,54,15.225,1579
55.92008587800929,-4.295548551820483,9.0,55.919398785577634,-4.298102785445152,55,0.481,882
55.92008587800929,-4.295548551820483,9.0,55.81052481551728,-4.0780884232687225,56,28.045,2779
55.92008587800929,-4.295548551820483,9.0,55.8411814367945,-4.125490362928665,57,23.327,1527
55.92008587800929,-4.295548551820483,9.0,55.844855881791794,-4.151320272286683,58,18.429,1545
55.92008587800929,-4.295548551820483,9.0,55.79334532620707,-4.3052187624925375,59,21.069,1599
55.92008587800929,-4.295548551820483,9.0,55.78499644933002,-4.082518262203789,60,29.935,1706
55.92008587800929,-4.295548551820483,9.0,55.86482365717543,-4.074666870071637,61,20.566,1504
55.92008587800929,-4.295548551820483,9.0,55.910543969585106,-4.384534109666136,62,11.253,1116
55.92008587800929,-4.295548551820483,9.0,55.799715679086134,-4.188568421733812,63,22.021,1904
55.92008587800929,-4.295548551820483,9.0,55.90005630083831,-4.294022887833187,64,5.51,705
55.92008587800929,-4.295548551820483,9.0,55.82573931186619,-4.210157383495828,65,17.507,1428
55.92008587800929,-4.295548551820483,9.0,55.88010014610652,-4.288014027401103,66,7.831,948
55.92008587800929,-4.295548551820483,9.0,55.8836463272421,-4.377148406451105,67,19.619,1538
55.92008587800929,-4.295548551820483,9.0,55.80511293548626,-4.195982430231648,68,20.43,1688
55.92008587800929,-4.295548551820483,9.0,55.9265186267864,-4.256321117900257,69,3.476,515
55.92008587800929,-4.295548551820483,9.0,55.90353118048908,-4.119171950823842,70,16.73,1438
55.92008587800929,-4.295548551820483,9.0,55.81502357146685,-4.260984914919316,71,16.652,1557
55.92008587800929,-4.295548551820483,9.0,55.894355058439295,-4.293143876300353,72,6.558,790
55.92008587800929,-4.295548551820483,9.0,55.80246488546192,-4.242274834364847,73,17.916,1654
55.92008587800929,-4.295548551820483,9.0,55.887581813102464,-4.2985753032369685,74,7.168,858
55.92008587800929,-4.295548551820483,9.0,55.928290955083554,-4.295962301582311,75,2.924,458
55.92008587800929,-4.295548551820483,9.0,55.81096058143004,-4.368797105646974,76,20.587,1597
55.92008587800929,-4.295548551820483,9.0,55.84818750128869,-4.3631808239548375,77,19.322,1440
55.92008587800929,-4.295548551820483,9.0,55.81610352786554,-4.330910795148831,78,16.926,1347
55.92008587800929,-4.295548551820483,9.0,55.807034270653475,-4.136077366584948,79,21.214,1797
55.92008587800929,-4.295548551820483,9.0,55.86778114631985,-4.233612892312959,80,9.586,999
55.92008587800929,-4.295548551820483,9.0,55.79578956690847,-4.368290459919509,81,25.671,2792
55.92008587800929,-4.295548551820483,9.0,55.897877306124535,-4.077031107370425,82,19.853,1988
55.92008587800929,-4.295548551820483,9.0,55.80721289582252,-4.242612882195534,83,17.139,1605
55.92008587800929,-4.295548551820483,9.0,55.92209393969709,-4.157940141970138,84,13.516,1054
55.92008587800929,-4.295548551820483,9.0,55.79188265083702,-4.28147512844989,85,21.931,1654
55.92008587800929,-4.295548551820483,9.0,55.88043814367632,-4.104360473798184,86,18.513,1347
55.92008587800929,-4.295548551820483,9.0,55.90345994988174,-4.293652184560058,87,4.725,626
55.92008587800929,-4.295548551820483,9.0,55.91230525016259,-4.108196424937476,88,17.754,1346
55.92008587800929,-4.295548551820483,9.0,55.90569137930351,-4.3852429216612405,89,12.189,1192
55.92008587800929,-4.295548551820483,9.0,55.824402119970216,-4.298242138123909,90,15.393,1354
55.92008587800929,-4.295548551820483,9.0,55.887104625653905,-4.201059285828647,91,10.326,1092
55.92008587800929,-4.295548551820483,9.0,55.92006797200308,-4.195257422106852,92,8.904,798
55.92008587800929,-4.295548551820483,9.0,55.7944551107823,-4.1683749063061635,93,22.169,2180
55.92008587800929,-4.295548551820483,9.0,55.88003873447475,-4.304350182381346,94,9.464,1059
55.92008587800929,-4.295548551820483,9.0,55.88308048053683,-4.2942103285768285,95,7.849,963
55.92008587800929,-4.295548551820483,9.0,55.80779271908626,-4.3234306371549245,96,18.197,1479
55.92008587800929,-4.295548551820483,9.0,55.90123467399992,-4.380968632189907,97,14.967,1460
55.92008587800929,-4.295548551820483,9.0,55.88049231589054,-4.293733205570284,98,8.966,1024
55.92008587800929,-4.295548551820483,9.0,55.84697147961761,-4.334108806216461,99,14.798,1354
55.92008587800929,-4.295548551820483,9.0,55.83067141211495,-4.195633651932574,100,16.79,1425
55.92008587800929,-4.295548551820483,9.0,55.89350845984679,-4.099445363541155,101,17.877,1354
55.92008587800929,-4.295548551820483,9.0,55.92592408664018,-4.179171340754611,102,11.075,942
55.92008587800929,-4.295548551820483,9.0,55.84941827409408,-4.169566750359822,103,14.363,1429
55.92008587800929,-4.295548551820483,9.0,55.92413375575165,-4.226670311636797,104,8.849,1544
55.92008587800929,-4.295548551820483,9.0,55.88995713457192,-4.285031242761631,105,6.824,771
55.92008587800929,-4.295548551820483,9.0,55.90528066541109,-4.131569818675147,106,14.092,1075
55.92008587800929,-4.295548551820483,9.0,55.87850608392288,-4.103517886631066,107,18.844,1380
55.92008587800929,-4.295548551820483,9.0,55.80799405798939,-4.284953473560454,108,16.696,1609
55.92008587800929,-4.295548551820483,9.0,55.906815669822045,-4.385279074380807,109,11.97,1146
55.92008587800929,-4.295548551820483,9.0,55.916237634416454,-4.222407816066865,110,6.758,713
55.92008587800929,-4.295548551820483,9.0,55.915798955837815,-4.088621086891774,111,18.472,1381
55.92008587800929,-4.295548551820483,9.0,55.827538479175395,-4.350653065976025,112,17.27,1438
55.92008587800929,-4.295548551820483,9.0,55.799515288981674,-4.0866627646338864,113,30.305,1819
55.92008587800929,-4.295548551820483,9.0,55.831024245961984,-4.244756518165482,114,14.256,1329
55.92008587800929,-4.295548551820483,9.0,55.86754360554833,-4.2143078261423845,115,10.926,1114
55.92008587800929,-4.295548551820483,9.0,55.8574985965699,-4.1521224561179935,116,16.21,1331
55.92008587800929,-4.295548551820483,9.0,55.88095643501817,-4.32811659177277,117,9.527,1017
55.92008587800929,-4.295548551820483,9.0,55.85240433608213,-4.177570445500026,118,13.648,1301
55.92008587800929,-4.295548551820483,9.0,55.91169549549074,-4.359708873069638,119,8.765,972
55.92008587800929,-4.295548551820483,9.0,55.92640787519779,-4.300990956079843,120,3.372,507
55.92008587800929,-4.295548551820483,9.0,55.84019197366069,-4.205566157974415,121,14.066,1478
55.92008587800929,-4.295548551820483,9.0,55.866619942939494,-4.268153778778456,122,8.927,1109
55.92008587800929,-4.295548551820483,9.0,55.81327411986783,-4.2587495402872255,123,16.631,1567
55.92008587800929,-4.295548551820483,9.0,55.86022660117776,-4.154711133590585,124,15.427,1258
55.92008587800929,-4.295548551820483,9.0,55.831522729053496,-4.370420634377527,125,19.324,1608
55.92008587800929,-4.295548551820483,9.0,55.84074346341779,-4.172411658039648,126,15.647,1491
55.92008587800929,-4.295548551820483,9.0,55.8801412435821,-4.258666277618953,127,6.46,736
55.92008587800929,-4.295548551820483,9.0,55.8434159429892,-4.1056733307349536,128,23.583,1556
55.92008587800929,-4.295548551820483,9.0,55.83522057783537,-4.25736952395694,129,12.839,1335
55.92008587800929,-4.295548551820483,9.0,55.86467774065618,-4.2250953414252415,130,9.71,951
55.92008587800929,-4.295548551820483,9.0,55.8953662249987,-4.231143624453162,131,8.12,845
55.92008587800929,-4.295548551820483,9.0,55.81920459649808,-4.236238450921302,132,16.359,1479
55.92008587800929,-4.295548551820483,9.0,55.900795402502105,-4.206009410292495,133,8.68,969
55.92008587800929,-4.295548551820483,9.0,55.86078490474355,-4.339631469507248,134,12.779,1329
55.92008587800929,-4.295548551820483,9.0,55.924999437053955,-4.191173279124663,135,9.155,807
55.92008587800929,-4.295548551820483,9.0,55.81549096669224,-4.126910343137958,136,28.645,1844
55.92008587800929,-4.295548551820483,9.0,55.90135585493081,-4.207622057499793,137,8.569,932
55.92008587800929,-4.295548551820483,9.0,55.845816555475636,-4.129576488296543,138,19.4,1499
55.92008587800929,-4.295548551820483,9.0,55.80470047644827,-4.291960781118721,139,16.723,1587
55.92008587800929,-4.295548551820483,9.0,55.89185394491289,-4.179857587296262,140,11.64,1056
55.92008587800929,-4.295548551820483,9.0,55.91859399996558,-4.3401659608951215,141,6.133,718
55.92008587800929,-4.295548551820483,9.0,55.90671476836246,-4.3642865107142725,142,8.852,944
55.92008587800929,-4.295548551820483,9.0,55.81273399651921,-4.167613047894911,143,19.263,1607
55.92008587800929,-4.295548551820483,9.0,55.80939871413575,-4.276056954355674,144,16.604,1573
55.92008587800929,-4.295548551820483,9.0,55.88312869327199,-4.214542892826467,145,8.503,1040
55.92008587800929,-4.295548551820483,9.0,55.815340374954424,-4.283514492524949,146,15.598,1458
55.92008587800929,-4.295548551820483,9.0,55.87864379034378,-4.080636908866371,147,25.571,1479
55.92008587800929,-4.295548551820483,9.0,55.89423440492952,-4.2418874418647645,148,5.996,756
55.92008587800929,-4.295548551820483,9.0,55.92796852989922,-4.305970400193036,149,3.5,530
55.92008587800929,-4.295548551820483,9.0,55.92895153496988,-4.082888064137351,150,17.04,1313
55.92008587800929,-4.295548551820483,9.0,55.790766759429424,-4.135285962371055,151,24.594,1821
55.92008587800929,-4.295548551820483,9.0,55.80808041573422,-4.184105792933229,152,20.224,1619
55.92008587800929,-4.295548551820483,9.0,55.7982747224006,-4.3931924101572655,153,21.395,1692
55.92008587800929,-4.295548551820483,9.0,55.81178474630603,-4.337962602706185,154,17.993,1453
55.92008587800929,-4.295548551820483,9.0,55.852972007756,-4.353957895039277,155,14.1,1428
55.92008587800929,-4.295548551820483,9.0,55.797152036890715,-4.311451416173846,156,19.965,1527
55.92008587800929,-4.295548551820483,9.0,55.84839482833289,-4.1889265673730645,157,13.392,1319
55.92008587800929,-4.295548551820483,9.0,55.86383954752864,-4.387927326091926,158,21.958,1467
55.92008587800929,-4.295548551820483,9.0,55.807182357875575,-4.140487806234959,159,20.891,1772
55.92008587800929,-4.295548551820483,9.0,55.8296607577131,-4.218765551358871,160,15.676,1485
55.92008587800929,-4.295548551820483,9.0,55.82699494590622,-4.295404959002084,161,15.429,1331
55.92008587800929,-4.295548551820483,9.0,55.861248665443505,-4.307186036515638,162,12.92,1300
55.92008587800929,-4.295548551820483,9.0,55.897857165570365,-4.156645648865112,163,13.177,1108
55.92008587800929,-4.295548551820483,9.0,55.877747555317356,-4.342792329217214,164,11.084,1225
55.92008587800929,-4.295548551820483,9.0,55.92259641850896,-4.389236283866068,165,10.132,922
55.92008587800929,-4.295548551820483,9.0,55.92621339590465,-4.2820478996479165,166,1.824,407
55.92008587800929,-4.295548551820483,9.0,55.80660612206145,-4.094012410496262,167,27.63,1844
55.92008587800929,-4.295548551820483,9.0,55.84605439624201,-4.09192094471571,168,19.727,1263
55.92008587800929,-4.295548551820483,9.0,55.83961965364386,-4.1201104741133365,169,22.934,1454
55.92008587800929,-4.295548551820483,9.0,55.85030951683019,-4.217608837338132,170,12.142,1235
55.92008587800929,-4.295548551820483,9.0,55.85971342373431,-4.246748195156407,171,10.079,1049
55.92008587800929,-4.295548551820483,9.0,55.815747728441636,-4.150792968910081,172,19.761,1669
55.92008587800929,-4.295548551820483,9.0,55.80041195127493,-4.3806303679601495,173,20.811,1645
55.92008587800929,-4.295548551820483,9.0,55.85487415463933,-4.092829020720908,174,19.537,1265
55.92008587800929,-4.295548551820483,9.0,55.80456076444065,-4.203157873727267,175,20.449,1690
55.92008587800929,-4.295548551820483,9.0,55.84723005082115,-4.330151260440624,176,14.319,1297
55.92008587800929,-4.295548551820483,9.0,55.88775631668876,-4.123428423568879,177,16.464,1222
55.92008587800929,-4.295548551820483,9.0,55.82857385936083,-4.129579652409029,178,28.252,1822
55.92008587800929,-4.295548551820483,9.0,55.879865395443076,-4.36272007519476,179,11.631,1263
55.92008587800929,-4.295548551820483,9.0,55.87973669437185,-4.215636550296907,180,9.418,1064
55.92008587800929,-4.295548551820483,9.0,55.8162521393249,-4.1868605517933455,181,18.643,1579
55.92008587800929,-4.295548551820483,9.0,55.80755514535402,-4.201625161718038,182,20.202,1656
55.92008587800929,-4.295548551820483,9.0,55.85565398843102,-4.250533808562208,183,10.893,1204
55.92008587800929,-4.295548551820483,9.0,55.929636326069506,-4.381100658166308,184,9.194,881
55.92008587800929,-4.295548551820483,9.0,55.879581066995904,-4.21986165885879,185,8.441,1004
55.92008587800929,-4.295548551820483,9.0,55.92647877645629,-4.127886630011083,186,15.32,1263
55.92008587800929,-4.295548551820483,9.0,55.82282427264178,-4.371094162561755,187,18.46,1531
55.92008587800929,-4.295548551820483,9.0,55.90291353127043,-4.3414180899754955,188,9.98,1041
55.92008587800929,-4.295548551820483,9.0,55.78437024600116,-4.156926419796477,189,23.938,1836
55.92008587800929,-4.295548551820483,9.0,55.8321542449311,-4.1561720476648265,190,25.831,1598
55.92008587800929,-4.295548551820483,9.0,55.88310705812362,-4.084862107847263,191,23.791,1427
55.92008587800929,-4.295548551820483,9.0,55.85616333886266,-4.110333739241922,192,18.338,1308
55.92008587800929,-4.295548551820483,9.0,55.90185178498145,-4.152652007721208,193,12.449,1444
55.92008587800929,-4.295548551820483,9.0,55.8837118458465,-4.182392741162416,194,15.578,2121
55.92008587800929,-4.295548551820483,9.0,55.83086049774818,-4.312434105301623,195,16.363,1435
55.92008587800929,-4.295548551820483,9.0,55.821849459706755,-4.176208567338996,196,18.391,1543
55.92008587800929,-4.295548551820483,9.0,55.88009750494633,-4.255964552703097,197,6.356,731
55.92008587800929,-4.295548551820483,9.0,55.87413911675089,-4.369807111055967,198,17.96,1357
55.92008587800929,-4.295548551820483,9.0,55.86354071984154,-4.093406384811447,199,18.954,1362
55.820127502511326,-4.318948011818518,10.0,55.8391698042901,-4.214478482526657,0,13.867,759
55.820127502511326,-4.318948011818518,10.0,55.86553667472969,-4.350500876963486,1,11.236,676
55.820127502511326,-4.318948011818518,10.0,55.912892829643965,-4.286410947894997,2,17.035,1967
55.820127502511326,-4.318948011818518,10.0,55.84854019346565,-4.391697428307927,3,7.583,650
55.820127502511326,-4.318948011818518,10.0,55.79232875093524,-4.310455024670266,4,6.013,448
55.820127502511326,-4.318948011818518,10.0,55.837143362020576,-4.120043492886959,5,17.566,771
55.820127502511326,-4.318948011818518,10.0,55.84185129809378,-4.283879851305767,6,5.216,413
55.820127502511326,-4.318948011818518,10.0,55.90609664927746,-4.311383718964596,7,14.42,975
55.820127502511326,-4.318948011818518,10.0,55.7832172019226,-4.31249791159531,8,7.601,506
55.820127502511326,-4.318948011818518,10.0,55.8177258987159,-4.260489243356555,9,5.649,500
55.820127502511326,-4.318948011818518,10.0,55.903262790870684,-4.212111703691823,10,16.401,1042
55.820127502511326,-4.318948011818518,10.0,55.893978813107424,-4.1413270988368325,11,18.141,1049
55.820127502511326,-4.318948011818518,10.0,55.894884622950286,-4.154349650804189,12,20.526,948
55.820127502511326,-4.318948011818518,10.0,55.80680963785043,-4.263605759417426,13,6.131,577
55.820127502511326,-4.318948011818518,10.0,55.81824312166051,-4.346878846315483,14,2.932,297
55.820127502511326,-4.318948011818518,10.0,55.84742656229786,-4.269221405976544,15,6.801,620
55.820127502511326,-4.318948011818518,10.0,55.80730424868546,-4.315177272898423,16,3.286,270
55.820127502511326,-4.318948011818518,10.0,55.83798278877758,-4.260604018644594,17,5.832,593
55.820127502511326,-4.318948011818518,10.0,55.89424631095569,-4.343398240721316,18,13.052,926
55.820127502511326,-4.318948011818518,10.0,55.83908093533876,-4.223069302141199,19,11.458,790
55.820127502511326,-4.318948011818518,10.0,55.8357731433788,-4.270556349194068,20,4.955,441
55.820127502511326,-4.318948011818518,10.0,55.90309627527835,-4.360750370095284,21,15.085,1161
55.820127502511326,-4.318948011818518,10.0,55.85652103589449,-4.101365743428073,22,20.689,992
55.820127502511326,-4.318948011818518,10.0,55.783736419963375,-4.235306054793451,23,20.555,877
55.820127502511326,-4.318948011818518,10.0,55.92064824587275,-4.2358362157531895,24,17.526,1023
55.820127502511326,-4.318948011818518,10.0,55.907674892744176,-4.2497703459088045,25,16.278,2068
55.820127502511326,-4.318948011818518,10.0,55.919604340921964,-4.226208116301384,26,17.45,1034
55.820127502511326,-4.318948011818518,10.0,55.83219148710444,-4.304581930326681,27,4.211,390
55.820127502511326,-4.318948011818518,10.0,55.79569701419853,-4.1769099124482585,28,18.282,1043
55.820127502511326,-4.318948011818518,10.0,55.81260197667657,-4.197841211154324,29,15.693,911
55.820127502511326,-4.318948011818518,10.0,55.826092940761974,-4.176919409292903,30,14.223,843
55.820127502511326,-4.318948011818518,10.0,55.828413149208096,-4.109650878166438,31,21.027,1034
55.820127502511326,-4.318948011818518,10.0,55.8999241737755,-4.257993823533507,32,13.484,954
55.820127502511326,-4.318948011818518,10.0,55.892514250678616,-4.340118142906542,33,13.081,937
55.820127502511326,-4.318948011818518,10.0,55.855241629670886,-4.269936069312288,34,9.517,580
55.820127502511326,-4.318948011818518,10.0,55.877364911629314,-4.109701193625618,35,21.09,1093
55.820127502511326,-4.318948011818518,10.0,55.887053111734645,-4.1280531391159245,36,21.392,1059
55.820127502511326,-4.318948011818518,10.0,55.89108676863447,-4.105446803942431,37,23.125,1365
55.820127502511326,-4.318948011818518,10.0,55.842635153466425,-4.334387903339716,38,4.237,419
55.820127502511326,-4.318948011818518,10.0,55.89197542936556,-4.19614108945253,39,17.399,893
55.820127502511326,-4.318948011818518,10.0,55.825849135803445,-4.321179033230789,40,4.19,311
55.820127502511326,-4.318948011818518,10.0,55.81864602215581,-4.375055705699034,41,3.961,306
55.820127502511326,-4.318948011818518,10.0,55.92613065482397,-4.212698358862173,42,17.912,1087
55.820127502511326,-4.318948011818518,10.0,55.874439929608144,-4.279689658904073,43,10.124,621
55.820127502511326,-4.318948011818518,10.0,55.81998166828728,-4.245455535821837,44,6.585,602
55.820127502511326,-4.318948011818518,10.0,55.91066980601156,-4.213502644426629,45,16.864,1038
55.820127502511326,-4.318948011818518,10.0,55.8404807486866,-4.356656090229781,46,4.076,417
55.820127502511326,-4.318948011818518,10.0,55.88708229912325,-4.079055837843032,47,26.358,1114
55.820127502511326,-4.318948011818518,10.0,55.84510555179576,-4.178720975321847,48,15.888,859
55.820127502511326,-4.318948011818518,10.0,55.84413340760586,-4.085244529493477,49,23.055,1488
55.820127502511326,-4.318948011818518,10.0,55.83324217210475,-4.157183908594519,50,15.75,856
55.820127502511326,-4.318948011818518,10.0,55.895753278756494,-4.323131413571223,51,12.838,1037
55.820127502511326,-4.318948011818518,10.0,55.88609925330935,-4.38354364327563,52,12.269,744
55.820127502511326,-4.318948011818518,10.0,55.86596770908397,-4.338853955125049,53,9.052,625
55.820127502511326,-4.318948011818518,10.0,55.819381988004544,-4.256567679373081,54,5.715,501
55.820127502511326,-4.318948011818518,10.0,55.919398785577634,-4.298102785445152,55,17.311,1647
55.820127502511326,-4.318948011818518,10.0,55.81052481551728,-4.0780884232687225,56,23.826,2181
55.820127502511326,-4.318948011818518,10.0,55.8411814367945,-4.125490362928665,57,19.108,929
55.820127502511326,-4.318948011818518,10.0,55.844855881791794,-4.151320272286683,58,16.74,909
55.820127502511326,-4.318948011818518,10.0,55.79334532620707,-4.3052187624925375,59,6.344,454
55.820127502511326,-4.318948011818518,10.0,55.78499644933002,-4.082518262203789,60,27.549,1180
55.820127502511326,-4.318948011818518,10.0,55.86482365717543,-4.074666870071637,61,22.955,1209
55.820127502511326,-4.318948011818518,10.0,55.910543969585106,-4.384534109666136,62,16.912,1225
55.820127502511326,-4.318948011818518,10.0,55.799715679086134,-4.188568421733812,63,14.714,1246
55.820127502511326,-4.318948011818518,10.0,55.90005630083831,-4.294022887833187,64,13.492,929
55.820127502511326,-4.318948011818518,10.0,55.82573931186619,-4.210157383495828,65,13.75,725
55.820127502511326,-4.318948011818518,10.0,55.88010014610652,-4.288014027401103,66,12.213,897
55.820127502511326,-4.318948011818518,10.0,55.8836463272421,-4.377148406451105,67,12.039,822
55.820127502511326,-4.318948011818518,10.0,55.80511293548626,-4.195982430231648,68,16.673,985
55.820127502511326,-4.318948011818518,10.0,55.9265186267864,-4.256321117900257,69,16.849,1061
55.820127502511326,-4.318948011818518,10.0,55.90353118048908,-4.119171950823842,70,22.288,1301
55.820127502511326,-4.318948011818518,10.0,55.81502357146685,-4.260984914919316,71,5.36,477
55.820127502511326,-4.318948011818518,10.0,55.894355058439295,-4.293143876300353,72,12.782,876
55.820127502511326,-4.318948011818518,10.0,55.80246488546192,-4.242274834364847,73,8.383,778
55.820127502511326,-4.318948011818518,10.0,55.887581813102464,-4.2985753032369685,74,12.394,873
55.820127502511326,-4.318948011818518,10.0,55.928290955083554,-4.295962301582311,75,17.733,1062
55.820127502511326,-4.318948011818518,10.0,55.81096058143004,-4.368797105646974,76,5.862,452
55.820127502511326,-4.318948011818518,10.0,55.84818750128869,-4.3631808239548375,77,6.822,552
55.820127502511326,-4.318948011818518,10.0,55.81610352786554,-4.330910795148831,78,1.37,98
55.820127502511326,-4.318948011818518,10.0,55.807034270653475,-4.136077366584948,79,17.457,1094
55.820127502511326,-4.318948011818518,10.0,55.86778114631985,-4.233612892312959,80,11.975,704
55.820127502511326,-4.318948011818518,10.0,55.79578956690847,-4.368290459919509,81,7.504,1617
55.820127502511326,-4.318948011818518,10.0,55.897877306124535,-4.077031107370425,82,24.916,1832
55.820127502511326,-4.318948011818518,10.0,55.80721289582252,-4.242612882195534,83,7.606,729
55.820127502511326,-4.318948011818518,10.0,55.92209393969709,-4.157940141970138,84,22.059,1099
55.820127502511326,-4.318948011818518,10.0,55.79188265083702,-4.28147512844989,85,7.206,509
55.820127502511326,-4.318948011818518,10.0,55.88043814367632,-4.104360473798184,86,20.902,1053
55.820127502511326,-4.318948011818518,10.0,55.90345994988174,-4.293652184560058,87,13.961,974
55.820127502511326,-4.318948011818518,10.0,55.91230525016259,-4.108196424937476,88,23.556,1246
55.820127502511326,-4.318948011818518,10.0,55.90569137930351,-4.3852429216612405,89,16.947,1249
55.820127502511326,-4.318948011818518,10.0,55.824402119970216,-4.298242138123909,90,3.02,278
55.820127502511326,-4.318948011818518,10.0,55.887104625653905,-4.201059285828647,91,15.111,1042
55.820127502511326,-4.318948011818518,10.0,55.92006797200308,-4.195257422106852,92,18.758,1065
55.820127502511326,-4.318948011818518,10.0,55.7944551107823,-4.1683749063061635,93,18.412,1478
55.820127502511326,-4.318948011818518,10.0,55.88003873447475,-4.304350182381346,94,11.953,777
55.820127502511326,-4.318948011818518,10.0,55.88308048053683,-4.2942103285768285,95,11.553,752
55.820127502511326,-4.318948011818518,10.0,55.80779271908626,-4.3234306371549245,96,2.641,231
55.820127502511326,-4.318948011818518,10.0,55.90123467399992,-4.380968632189907,97,17.253,1378
55.820127502511326,-4.318948011818518,10.0,55.88049231589054,-4.293733205570284,98,11.455,742
55.820127502511326,-4.318948011818518,10.0,55.84697147961761,-4.334108806216461,99,6.168,518
55.820127502511326,-4.318948011818518,10.0,55.83067141211495,-4.195633651932574,100,13.033,722
55.820127502511326,-4.318948011818518,10.0,55.89350845984679,-4.099445363541155,101,22.94,1197
55.820127502511326,-4.318948011818518,10.0,55.92592408664018,-4.179171340754611,102,23.4,1182
55.820127502511326,-4.318948011818518,10.0,55.84941827409408,-4.169566750359822,103,16.593,925
55.820127502511326,-4.318948011818518,10.0,55.92413375575165,-4.226670311636797,104,19.127,1829
55.820127502511326,-4.318948011818518,10.0,55.88995713457192,-4.285031242761631,105,11.722,779
55.820127502511326,-4.318948011818518,10.0,55.90528066541109,-4.131569818675147,106,19.738,946
55.820127502511326,-4.318948011818518,10.0,55.87850608392288,-4.103517886631066,107,21.233,1086
55.820127502511326,-4.318948011818518,10.0,55.80799405798939,-4.284953473560454,108,4.961,455
55.820127502511326,-4.318948011818518,10.0,55.906815669822045,-4.385279074380807,109,16.258,1163
55.820127502511326,-4.318948011818518,10.0,55.916237634416454,-4.222407816066865,110,17.365,1022
55.820127502511326,-4.318948011818518,10.0,55.915798955837815,-4.088621086891774,111,26.64,1277
55.820127502511326,-4.318948011818518,10.0,55.827538479175395,-4.350653065976025,112,2.301,228
55.820127502511326,-4.318948011818518,10.0,55.799515288981674,-4.0866627646338864,113,27.919,1293
55.820127502511326,-4.318948011818518,10.0,55.831024245961984,-4.244756518165482,114,10.499,627
55.820127502511326,-4.318948011818518,10.0,55.86754360554833,-4.2143078261423845,115,13.315,820
55.820127502511326,-4.318948011818518,10.0,55.8574985965699,-4.1521224561179935,116,17.896,1035
55.820127502511326,-4.318948011818518,10.0,55.88095643501817,-4.32811659177277,117,10.894,753
55.820127502511326,-4.318948011818518,10.0,55.85240433608213,-4.177570445500026,118,16.757,976
55.820127502511326,-4.318948011818518,10.0,55.91169549549074,-4.359708873069638,119,17.878,1259
55.820127502511326,-4.318948011818518,10.0,55.92640787519779,-4.300990956079843,120,18.181,1111
55.820127502511326,-4.318948011818518,10.0,55.84019197366069,-4.205566157974415,121,14.353,874
55.820127502511326,-4.318948011818518,10.0,55.866619942939494,-4.268153778778456,122,10.277,744
55.820127502511326,-4.318948011818518,10.0,55.81327411986783,-4.2587495402872255,123,6.039,548
55.820127502511326,-4.318948011818518,10.0,55.86022660117776,-4.154711133590585,124,17.816,963
55.820127502511326,-4.318948011818518,10.0,55.831522729053496,-4.370420634377527,125,4.355,398
55.820127502511326,-4.318948011818518,10.0,55.84074346341779,-4.172411658039648,126,14.961,779
55.820127502511326,-4.318948011818518,10.0,55.8801412435821,-4.258666277618953,127,11.321,770
55.820127502511326,-4.318948011818518,10.0,55.8434159429892,-4.1056733307349536,128,19.364,958
55.820127502511326,-4.318948011818518,10.0,55.83522057783537,-4.25736952395694,129,5.884,579
55.820127502511326,-4.318948011818518,10.0,55.86467774065618,-4.2250953414252415,130,12.099,656
55.820127502511326,-4.318948011818518,10.0,55.8953662249987,-4.231143624453162,131,14.552,834
55.820127502511326,-4.318948011818518,10.0,55.81920459649808,-4.236238450921302,132,7.169,652
55.820127502511326,-4.318948011818518,10.0,55.900795402502105,-4.206009410292495,133,16.719,1029
55.820127502511326,-4.318948011818518,10.0,55.86078490474355,-4.339631469507248,134,9.587,720
55.820127502511326,-4.318948011818518,10.0,55.924999437053955,-4.191173279124663,135,19.009,1074
55.820127502511326,-4.318948011818518,10.0,55.81549096669224,-4.126910343137958,136,18.448,1141
55.820127502511326,-4.318948011818518,10.0,55.90135585493081,-4.207622057499793,137,16.718,1006
55.820127502511326,-4.318948011818518,10.0,55.845816555475636,-4.129576488296543,138,18.113,999
55.820127502511326,-4.318948011818518,10.0,55.80470047644827,-4.291960781118721,139,4.794,432
55.820127502511326,-4.318948011818518,10.0,55.89185394491289,-4.179857587296262,140,16.303,817
55.820127502511326,-4.318948011818518,10.0,55.91859399996558,-4.3401659608951215,141,16.744,1109
55.820127502511326,-4.318948011818518,10.0,55.90671476836246,-4.3642865107142725,142,15.837,1216
55.820127502511326,-4.318948011818518,10.0,55.81273399651921,-4.167613047894911,143,15.506,905
55.820127502511326,-4.318948011818518,10.0,55.80939871413575,-4.276056954355674,144,4.675,403
55.820127502511326,-4.318948011818518,10.0,55.88312869327199,-4.214542892826467,145,14.123,861
55.820127502511326,-4.318948011818518,10.0,55.815340374954424,-4.283514492524949,146,3.669,288
55.820127502511326,-4.318948011818518,10.0,55.87864379034378,-4.080636908866371,147,27.338,1149
55.820127502511326,-4.318948011818518,10.0,55.89423440492952,-4.2418874418647645,148,15.115,918
55.820127502511326,-4.318948011818518,10.0,55.92796852989922,-4.305970400193036,149,18.309,1134
55.820127502511326,-4.318948011818518,10.0,55.92895153496988,-4.082888064137351,150,27.01,1227
55.820127502511326,-4.318948011818518,10.0,55.790766759429424,-4.135285962371055,151,20.837,1119
55.820127502511326,-4.318948011818518,10.0,55.80808041573422,-4.184105792933229,152,16.467,917
55.820127502511326,-4.318948011818518,10.0,55.7982747224006,-4.3931924101572655,153,6.426,482
55.820127502511326,-4.318948011818518,10.0,55.81178474630603,-4.337962602706185,154,2.437,204
55.820127502511326,-4.318948011818518,10.0,55.852972007756,-4.353957895039277,155,7.035,663
55.820127502511326,-4.318948011818518,10.0,55.797152036890715,-4.311451416173846,156,5.24,382
55.820127502511326,-4.318948011818518,10.0,55.84839482833289,-4.1889265673730645,157,16.539,893
55.820127502511326,-4.318948011818518,10.0,55.86383954752864,-4.387927326091926,158,10.971,742
55.820127502511326,-4.318948011818518,10.0,55.807182357875575,-4.140487806234959,159,17.134,1069
55.820127502511326,-4.318948011818518,10.0,55.8296607577131,-4.218765551358871,160,11.919,783
55.820127502511326,-4.318948011818518,10.0,55.82699494590622,-4.295404959002084,161,3.592,276
55.820127502511326,-4.318948011818518,10.0,55.861248665443505,-4.307186036515638,162,6.431,543
55.820127502511326,-4.318948011818518,10.0,55.897857165570365,-4.156645648865112,163,17.779,854
55.820127502511326,-4.318948011818518,10.0,55.877747555317356,-4.342792329217214,164,11.484,849
55.820127502511326,-4.318948011818518,10.0,55.92259641850896,-4.389236283866068,165,27.74,1314
55.820127502511326,-4.318948011818518,10.0,55.92621339590465,-4.2820478996479165,166,16.633,1010
55.820127502511326,-4.318948011818518,10.0,55.80660612206145,-4.094012410496262,167,23.411,1246
55.820127502511326,-4.318948011818518,10.0,55.84605439624201,-4.09192094471571,168,22.116,969
55.820127502511326,-4.318948011818518,10.0,55.83961965364386,-4.1201104741133365,169,18.715,856
55.820127502511326,-4.318948011818518,10.0,55.85030951683019,-4.217608837338132,170,12.007,824
55.820127502511326,-4.318948011818518,10.0,55.85971342373431,-4.246748195156407,171,12.468,755
55.820127502511326,-4.318948011818518,10.0,55.815747728441636,-4.150792968910081,172,16.004,966
55.820127502511326,-4.318948011818518,10.0,55.80041195127493,-4.3806303679601495,173,5.842,435
55.820127502511326,-4.318948011818518,10.0,55.85487415463933,-4.092829020720908,174,21.926,970
55.820127502511326,-4.318948011818518,10.0,55.80456076444065,-4.203157873727267,175,16.692,987
55.820127502511326,-4.318948011818518,10.0,55.84723005082115,-4.330151260440624,176,6.056,487
55.820127502511326,-4.318948011818518,10.0,55.88775631668876,-4.123428423568879,177,21.527,1065
55.820127502511326,-4.318948011818518,10.0,55.82857385936083,-4.129579652409029,178,18.526,1153
55.820127502511326,-4.318948011818518,10.0,55.879865395443076,-4.36272007519476,179,12.376,892
55.820127502511326,-4.318948011818518,10.0,55.87973669437185,-4.215636550296907,180,13.41,872
55.820127502511326,-4.318948011818518,10.0,55.8162521393249,-4.1868605517933455,181,14.886,876
55.820127502511326,-4.318948011818518,10.0,55.80755514535402,-4.201625161718038,182,10.375,952
55.820127502511326,-4.318948011818518,10.0,55.85565398843102,-4.250533808562208,183,8.966,674
55.820127502511326,-4.318948011818518,10.0,55.929636326069506,-4.381100658166308,184,28.726,1335
55.820127502511326,-4.318948011818518,10.0,55.879581066995904,-4.21986165885879,185,13.051,853
55.820127502511326,-4.318948011818518,10.0,55.92647877645629,-4.127886630011083,186,23.141,1185
55.820127502511326,-4.318948011818518,10.0,55.82282427264178,-4.371094162561755,187,3.491,327
55.820127502511326,-4.318948011818518,10.0,55.90291353127043,-4.3414180899754955,188,13.883,1094
55.820127502511326,-4.318948011818518,10.0,55.78437024600116,-4.156926419796477,189,26.192,1209
55.820127502511326,-4.318948011818518,10.0,55.8321542449311,-4.1561720476648265,190,15.79,870
55.820127502511326,-4.318948011818518,10.0,55.88310705812362,-4.084862107847263,191,24.499,1030
55.820127502511326,-4.318948011818518,10.0,55.85616333886266,-4.110333739241922,192,20.727,1014
55.820127502511326,-4.318948011818518,10.0,55.90185178498145,-4.152652007721208,193,21.688,1478
55.820127502511326,-4.318948011818518,10.0,55.8837118458465,-4.182392741162416,194,17.967,1826
55.820127502511326,-4.318948011818518,10.0,55.83086049774818,-4.312434105301623,195,3.795,292
55.820127502511326,-4.318948011818518,10.0,55.821849459706755,-4.176208567338996,196,14.634,840
55.820127502511326,-4.318948011818518,10.0,55.88009750494633,-4.255964552703097,197,11.007,749
55.820127502511326,-4.318948011818518,10.0,55.87413911675089,-4.369807111055967,198,10.38,641
55.820127502511326,-4.318948011818518,10.0,55.86354071984154,-4.093406384811447,199,21.343,1068
55.85578757197629,-4.164350770842106,11.0,55.8391698042901,-4.214478482526657,0,5.092,557
55.85578757197629,-4.164350770842106,11.0,55.86553667472969,-4.350500876963486,1,20.14,1151
55.85578757197629,-4.164350770842106,11.0,55.912892829643965,-4.286410947894997,2,16.62,2139
55.85578757197629,-4.164350770842106,11.0,55.84854019346565,-4.391697428307927,3,19.571,1372
55.85578757197629,-4.164350770842106,11.0,55.79232875093524,-4.310455024670266,4,22.036,1350
55.85578757197629,-4.164350770842106,11.0,55.837143362020576,-4.120043492886959,5,5.999,517
55.85578757197629,-4.164350770842106,11.0,55.84185129809378,-4.283879851305767,6,12.01,1025
55.85578757197629,-4.164350770842106,11.0,55.90609664927746,-4.311383718964596,7,15.304,1249
55.85578757197629,-4.164350770842106,11.0,55.7832172019226,-4.31249791159531,8,17.993,1392
55.85578757197629,-4.164350770842106,11.0,55.8177258987159,-4.260489243356555,9,11.96,938
55.85578757197629,-4.164350770842106,11.0,55.903262790870684,-4.212111703691823,10,9.857,1029
55.85578757197629,-4.164350770842106,11.0,55.893978813107424,-4.1413270988368325,11,7.786,803
55.85578757197629,-4.164350770842106,11.0,55.894884622950286,-4.154349650804189,12,12.468,827
55.85578757197629,-4.164350770842106,11.0,55.80680963785043,-4.263605759417426,13,14.398,1205
55.85578757197629,-4.164350770842106,11.0,55.81824312166051,-4.346878846315483,14,19.199,1264
55.85578757197629,-4.164350770842106,11.0,55.84742656229786,-4.269221405976544,15,8.428,957
55.85578757197629,-4.164350770842106,11.0,55.80730424868546,-4.315177272898423,16,18.905,1249
55.85578757197629,-4.164350770842106,11.0,55.83798278877758,-4.260604018644594,17,10.481,839
55.85578757197629,-4.164350770842106,11.0,55.89424631095569,-4.343398240721316,18,15.165,1228
55.85578757197629,-4.164350770842106,11.0,55.83908093533876,-4.223069302141199,19,5.268,608
55.85578757197629,-4.164350770842106,11.0,55.8357731433788,-4.270556349194068,20,11.165,889
55.85578757197629,-4.164350770842106,11.0,55.90309627527835,-4.360750370095284,21,17.198,1464
55.85578757197629,-4.164350770842106,11.0,55.85652103589449,-4.101365743428073,22,4.683,539
55.85578757197629,-4.164350770842106,11.0,55.783736419963375,-4.235306054793451,23,12.656,1052
55.85578757197629,-4.164350770842106,11.0,55.92064824587275,-4.2358362157531895,24,14.218,1129
55.85578757197629,-4.164350770842106,11.0,55.907674892744176,-4.2497703459088045,25,12.97,2174
55.85578757197629,-4.164350770842106,11.0,55.919604340921964,-4.226208116301384,26,12.064,1090
55.85578757197629,-4.164350770842106,11.0,55.83219148710444,-4.304581930326681,27,18.077,1290
55.85578757197629,-4.164350770842106,11.0,55.79569701419853,-4.1769099124482585,28,8.831,808
55.85578757197629,-4.164350770842106,11.0,55.81260197667657,-4.197841211154324,29,8.594,843
55.85578757197629,-4.164350770842106,11.0,55.826092940761974,-4.176919409292903,30,5.927,659
55.85578757197629,-4.164350770842106,11.0,55.828413149208096,-4.109650878166438,31,8.732,745
55.85578757197629,-4.164350770842106,11.0,55.8999241737755,-4.257993823533507,32,13.069,1119
55.85578757197629,-4.164350770842106,11.0,55.892514250678616,-4.340118142906542,33,15.194,1240
55.85578757197629,-4.164350770842106,11.0,55.855241629670886,-4.269936069312288,34,11.156,758
55.85578757197629,-4.164350770842106,11.0,55.877364911629314,-4.109701193625618,35,6.826,703
55.85578757197629,-4.164350770842106,11.0,55.887053111734645,-4.1280531391159245,36,9.835,896
55.85578757197629,-4.164350770842106,11.0,55.89108676863447,-4.105446803942431,37,13.747,1162
55.85578757197629,-4.164350770842106,11.0,55.842635153466425,-4.334387903339716,38,16.008,1079
55.85578757197629,-4.164350770842106,11.0,55.89197542936556,-4.19614108945253,39,7.641,753
55.85578757197629,-4.164350770842106,11.0,55.825849135803445,-4.321179033230789,40,16.255,1191
55.85578757197629,-4.164350770842106,11.0,55.81864602215581,-4.375055705699034,41,20.228,1273
55.85578757197629,-4.164350770842106,11.0,55.92613065482397,-4.212698358862173,42,11.928,1111
55.85578757197629,-4.164350770842106,11.0,55.874439929608144,-4.279689658904073,43,10.997,880
55.85578757197629,-4.164350770842106,11.0,55.81998166828728,-4.245455535821837,44,11.44,843
55.85578757197629,-4.164350770842106,11.0,55.91066980601156,-4.213502644426629,45,11.559,1105
55.85578757197629,-4.164350770842106,11.0,55.8404807486866,-4.356656090229781,46,19.66,1346
55.85578757197629,-4.164350770842106,11.0,55.88708229912325,-4.079055837843032,47,11.377,755
55.85578757197629,-4.164350770842106,11.0,55.84510555179576,-4.178720975321847,48,1.946,380
55.85578757197629,-4.164350770842106,11.0,55.84413340760586,-4.085244529493477,49,11.246,1148
55.85578757197629,-4.164350770842106,11.0,55.83324217210475,-4.157183908594519,50,3.833,469
55.85578757197629,-4.164350770842106,11.0,55.895753278756494,-4.323131413571223,51,14.936,1302
55.85578757197629,-4.164350770842106,11.0,55.88609925330935,-4.38354364327563,52,21.173,1219
55.85578757197629,-4.164350770842106,11.0,55.86596770908397,-4.338853955125049,53,17.956,1100
55.85578757197629,-4.164350770842106,11.0,55.819381988004544,-4.256567679373081,54,12.869,993
55.85578757197629,-4.164350770842106,11.0,55.919398785577634,-4.298102785445152,55,16.896,1819
55.85578757197629,-4.164350770842106,11.0,55.81052481551728,-4.0780884232687225,56,11.531,1892
55.85578757197629,-4.164350770842106,11.0,55.8411814367945,-4.125490362928665,57,4.986,495
55.85578757197629,-4.164350770842106,11.0,55.844855881791794,-4.151320272286683,58,3.069,369
55.85578757197629,-4.164350770842106,11.0,55.79334532620707,-4.3052187624925375,59,16.736,1340
55.85578757197629,-4.164350770842106,11.0,55.78499644933002,-4.082518262203789,60,15.982,926
55.85578757197629,-4.164350770842106,11.0,55.86482365717543,-4.074666870071637,61,9.013,831
55.85578757197629,-4.164350770842106,11.0,55.910543969585106,-4.384534109666136,62,19.025,1559
55.85578757197629,-4.164350770842106,11.0,55.799715679086134,-4.188568421733812,63,9.159,999
55.85578757197629,-4.164350770842106,11.0,55.90005630083831,-4.294022887833187,64,14.376,1202
55.85578757197629,-4.164350770842106,11.0,55.82573931186619,-4.210157383495828,65,6.651,657
55.85578757197629,-4.164350770842106,11.0,55.88010014610652,-4.288014027401103,66,13.097,1170
55.85578757197629,-4.164350770842106,11.0,55.8836463272421,-4.377148406451105,67,20.943,1297
55.85578757197629,-4.164350770842106,11.0,55.80511293548626,-4.195982430231648,68,8.983,854
55.85578757197629,-4.164350770842106,11.0,55.9265186267864,-4.256321117900257,69,16.434,1233
55.85578757197629,-4.164350770842106,11.0,55.90353118048908,-4.119171950823842,70,10.731,1138
55.85578757197629,-4.164350770842106,11.0,55.81502357146685,-4.260984914919316,71,12.317,972
55.85578757197629,-4.164350770842106,11.0,55.894355058439295,-4.293143876300353,72,13.666,1149
55.85578757197629,-4.164350770842106,11.0,55.80246488546192,-4.242274834364847,73,13.581,1069
55.85578757197629,-4.164350770842106,11.0,55.887581813102464,-4.2985753032369685,74,13.278,1146
55.85578757197629,-4.164350770842106,11.0,55.928290955083554,-4.295962301582311,75,17.318,1234
55.85578757197629,-4.164350770842106,11.0,55.81096058143004,-4.368797105646974,76,21.885,1355
55.85578757197629,-4.164350770842106,11.0,55.84818750128869,-4.3631808239548375,77,20.646,1198
55.85578757197629,-4.164350770842106,11.0,55.81610352786554,-4.330910795148831,78,18.224,1104
55.85578757197629,-4.164350770842106,11.0,55.807034270653475,-4.136077366584948,79,7.857,756
55.85578757197629,-4.164350770842106,11.0,55.86778114631985,-4.233612892312959,80,8.127,744
55.85578757197629,-4.164350770842106,11.0,55.79578956690847,-4.368290459919509,81,26.969,2549
55.85578757197629,-4.164350770842106,11.0,55.897877306124535,-4.077031107370425,82,13.736,1500
55.85578757197629,-4.164350770842106,11.0,55.80721289582252,-4.242612882195534,83,12.804,1020
55.85578757197629,-4.164350770842106,11.0,55.92209393969709,-4.157940141970138,84,11.885,997
55.85578757197629,-4.164350770842106,11.0,55.79188265083702,-4.28147512844989,85,15.771,1263
55.85578757197629,-4.164350770842106,11.0,55.88043814367632,-4.104360473798184,86,6.638,663
55.85578757197629,-4.164350770842106,11.0,55.90345994988174,-4.293652184560058,87,16.093,1275
55.85578757197629,-4.164350770842106,11.0,55.91230525016259,-4.108196424937476,88,11.999,1083
55.85578757197629,-4.164350770842106,11.0,55.90569137930351,-4.3852429216612405,89,19.06,1582
55.85578757197629,-4.164350770842106,11.0,55.824402119970216,-4.298242138123909,90,16.691,1112
55.85578757197629,-4.164350770842106,11.0,55.887104625653905,-4.201059285828647,91,7.415,828
55.85578757197629,-4.164350770842106,11.0,55.92006797200308,-4.195257422106852,92,12.716,975
55.85578757197629,-4.164350770842106,11.0,55.7944551107823,-4.1683749063061635,93,8.961,1243
55.85578757197629,-4.164350770842106,11.0,55.88003873447475,-4.304350182381346,94,12.611,1053
55.85578757197629,-4.164350770842106,11.0,55.88308048053683,-4.2942103285768285,95,12.211,1028
55.85578757197629,-4.164350770842106,11.0,55.80779271908626,-4.3234306371549245,96,19.495,1236
55.85578757197629,-4.164350770842106,11.0,55.90123467399992,-4.380968632189907,97,22.213,1728
55.85578757197629,-4.164350770842106,11.0,55.88049231589054,-4.293733205570284,98,12.113,1018
55.85578757197629,-4.164350770842106,11.0,55.84697147961761,-4.334108806216461,99,16.122,1112
55.85578757197629,-4.164350770842106,11.0,55.83067141211495,-4.195633651932574,100,6.969,686
55.85578757197629,-4.164350770842106,11.0,55.89350845984679,-4.099445363541155,101,12.814,932
55.85578757197629,-4.164350770842106,11.0,55.92592408664018,-4.179171340754611,102,11.987,1013
55.85578757197629,-4.164350770842106,11.0,55.84941827409408,-4.169566750359822,103,1.287,257
55.85578757197629,-4.164350770842106,11.0,55.92413375575165,-4.226670311636797,104,13.143,1854
55.85578757197629,-4.164350770842106,11.0,55.88995713457192,-4.285031242761631,105,12.606,1052
55.85578757197629,-4.164350770842106,11.0,55.90528066541109,-4.131569818675147,106,11.68,825
55.85578757197629,-4.164350770842106,11.0,55.87850608392288,-4.103517886631066,107,6.969,696
55.85578757197629,-4.164350770842106,11.0,55.80799405798939,-4.284953473560454,108,14.184,1209
55.85578757197629,-4.164350770842106,11.0,55.906815669822045,-4.385279074380807,109,18.371,1466
55.85578757197629,-4.164350770842106,11.0,55.916237634416454,-4.222407816066865,110,11.979,1078
55.85578757197629,-4.164350770842106,11.0,55.915798955837815,-4.088621086891774,111,15.895,1008
55.85578757197629,-4.164350770842106,11.0,55.827538479175395,-4.350653065976025,112,18.568,1195
55.85578757197629,-4.164350770842106,11.0,55.799515288981674,-4.0866627646338864,113,11.599,989
55.85578757197629,-4.164350770842106,11.0,55.831024245961984,-4.244756518165482,114,9.921,744
55.85578757197629,-4.164350770842106,11.0,55.86754360554833,-4.2143078261423845,115,6.8,730
55.85578757197629,-4.164350770842106,11.0,55.8574985965699,-4.1521224561179935,116,1.218,244
55.85578757197629,-4.164350770842106,11.0,55.88095643501817,-4.32811659177277,117,15.83,1110
55.85578757197629,-4.164350770842106,11.0,55.85240433608213,-4.177570445500026,118,1.196,217
55.85578757197629,-4.164350770842106,11.0,55.91169549549074,-4.359708873069638,119,18.762,1532
55.85578757197629,-4.164350770842106,11.0,55.92640787519779,-4.300990956079843,120,17.766,1283
55.85578757197629,-4.164350770842106,11.0,55.84019197366069,-4.205566157974415,121,5.578,655
55.85578757197629,-4.164350770842106,11.0,55.866619942939494,-4.268153778778456,122,10.074,861
55.85578757197629,-4.164350770842106,11.0,55.81327411986783,-4.2587495402872255,123,12.296,982
55.85578757197629,-4.164350770842106,11.0,55.86022660117776,-4.154711133590585,124,1.121,249
55.85578757197629,-4.164350770842106,11.0,55.831522729053496,-4.370420634377527,125,20.622,1365
55.85578757197629,-4.164350770842106,11.0,55.84074346341779,-4.172411658039648,126,3.389,417
55.85578757197629,-4.164350770842106,11.0,55.8801412435821,-4.258666277618953,127,10.35,875
55.85578757197629,-4.164350770842106,11.0,55.8434159429892,-4.1056733307349536,128,6.597,612
55.85578757197629,-4.164350770842106,11.0,55.83522057783537,-4.25736952395694,129,10.455,841
55.85578757197629,-4.164350770842106,11.0,55.86467774065618,-4.2250953414252415,130,5.048,559
55.85578757197629,-4.164350770842106,11.0,55.8953662249987,-4.231143624453162,131,11.244,940
55.85578757197629,-4.164350770842106,11.0,55.81920459649808,-4.236238450921302,132,12.024,893
55.85578757197629,-4.164350770842106,11.0,55.900795402502105,-4.206009410292495,133,9.042,920
55.85578757197629,-4.164350770842106,11.0,55.86078490474355,-4.339631469507248,134,18.491,1195
55.85578757197629,-4.164350770842106,11.0,55.924999437053955,-4.191173279124663,135,12.465,965
55.85578757197629,-4.164350770842106,11.0,55.81549096669224,-4.126910343137958,136,7.926,753
55.85578757197629,-4.164350770842106,11.0,55.90135585493081,-4.207622057499793,137,9.041,897
55.85578757197629,-4.164350770842106,11.0,55.845816555475636,-4.129576488296543,138,3.834,415
55.85578757197629,-4.164350770842106,11.0,55.80470047644827,-4.291960781118721,139,15.19,1268
55.85578757197629,-4.164350770842106,11.0,55.89185394491289,-4.179857587296262,140,8.245,696
55.85578757197629,-4.164350770842106,11.0,55.91859399996558,-4.3401659608951215,141,17.628,1382
55.85578757197629,-4.164350770842106,11.0,55.90671476836246,-4.3642865107142725,142,18.849,1504
55.85578757197629,-4.164350770842106,11.0,55.81273399651921,-4.167613047894911,143,6.29,610
55.85578757197629,-4.164350770842106,11.0,55.80939871413575,-4.276056954355674,144,13.472,1097
55.85578757197629,-4.164350770842106,11.0,55.88312869327199,-4.214542892826467,145,7.042,798
55.85578757197629,-4.164350770842106,11.0,55.815340374954424,-4.283514492524949,146,13.642,1114
55.85578757197629,-4.164350770842106,11.0,55.87864379034378,-4.080636908866371,147,12.357,790
55.85578757197629,-4.164350770842106,11.0,55.89423440492952,-4.2418874418647645,148,11.807,1024
55.85578757197629,-4.164350770842106,11.0,55.92796852989922,-4.305970400193036,149,17.894,1306
55.85578757197629,-4.164350770842106,11.0,55.92895153496988,-4.082888064137351,150,16.853,1016
55.85578757197629,-4.164350770842106,11.0,55.790766759429424,-4.135285962371055,151,9.985,813
55.85578757197629,-4.164350770842106,11.0,55.80808041573422,-4.184105792933229,152,7.769,726
55.85578757197629,-4.164350770842106,11.0,55.7982747224006,-4.3931924101572655,153,22.693,1449
55.85578757197629,-4.164350770842106,11.0,55.81178474630603,-4.337962602706185,154,19.291,1210
55.85578757197629,-4.164350770842106,11.0,55.852972007756,-4.353957895039277,155,17.69,1198
55.85578757197629,-4.164350770842106,11.0,55.797152036890715,-4.311451416173846,156,21.263,1284
55.85578757197629,-4.164350770842106,11.0,55.84839482833289,-4.1889265673730645,157,2.359,349
55.85578757197629,-4.164350770842106,11.0,55.86383954752864,-4.387927326091926,158,23.282,1225
55.85578757197629,-4.164350770842106,11.0,55.807182357875575,-4.140487806234959,159,7.534,732
55.85578757197629,-4.164350770842106,11.0,55.8296607577131,-4.218765551358871,160,6.992,748
55.85578757197629,-4.164350770842106,11.0,55.82699494590622,-4.295404959002084,161,16.727,1088
55.85578757197629,-4.164350770842106,11.0,55.861248665443505,-4.307186036515638,162,15.576,1101
55.85578757197629,-4.164350770842106,11.0,55.897857165570365,-4.156645648865112,163,9.721,733
55.85578757197629,-4.164350770842106,11.0,55.877747555317356,-4.342792329217214,164,16.428,1216
55.85578757197629,-4.164350770842106,11.0,55.92259641850896,-4.389236283866068,165,21.627,1588
55.85578757197629,-4.164350770842106,11.0,55.92621339590465,-4.2820478996479165,166,16.218,1182
55.85578757197629,-4.164350770842106,11.0,55.80660612206145,-4.094012410496262,167,11.116,957
55.85578757197629,-4.164350770842106,11.0,55.84605439624201,-4.09192094471571,168,8.174,591
55.85578757197629,-4.164350770842106,11.0,55.83961965364386,-4.1201104741133365,169,5.44,486
55.85578757197629,-4.164350770842106,11.0,55.85030951683019,-4.217608837338132,170,4.404,546
55.85578757197629,-4.164350770842106,11.0,55.85971342373431,-4.246748195156407,171,5.635,660
55.85578757197629,-4.164350770842106,11.0,55.815747728441636,-4.150792968910081,172,6.404,628
55.85578757197629,-4.164350770842106,11.0,55.80041195127493,-4.3806303679601495,173,22.109,1402
55.85578757197629,-4.164350770842106,11.0,55.85487415463933,-4.092829020720908,174,7.984,592
55.85578757197629,-4.164350770842106,11.0,55.80456076444065,-4.203157873727267,175,9.474,874
55.85578757197629,-4.164350770842106,11.0,55.84723005082115,-4.330151260440624,176,15.643,1056
55.85578757197629,-4.164350770842106,11.0,55.88775631668876,-4.123428423568879,177,9.97,902
55.85578757197629,-4.164350770842106,11.0,55.82857385936083,-4.129579652409029,178,8.276,787
55.85578757197629,-4.164350770842106,11.0,55.879865395443076,-4.36272007519476,179,17.336,1242
55.85578757197629,-4.164350770842106,11.0,55.87973669437185,-4.215636550296907,180,7.758,895
55.85578757197629,-4.164350770842106,11.0,55.8162521393249,-4.1868605517933455,181,6.877,723
55.85578757197629,-4.164350770842106,11.0,55.80755514535402,-4.201625161718038,182,9.227,841
55.85578757197629,-4.164350770842106,11.0,55.85565398843102,-4.250533808562208,183,6.291,803
55.85578757197629,-4.164350770842106,11.0,55.929636326069506,-4.381100658166308,184,20.689,1548
55.85578757197629,-4.164350770842106,11.0,55.879581066995904,-4.21986165885879,185,7.943,929
55.85578757197629,-4.164350770842106,11.0,55.92647877645629,-4.127886630011083,186,15.083,1064
55.85578757197629,-4.164350770842106,11.0,55.82282427264178,-4.371094162561755,187,19.758,1288
55.85578757197629,-4.164350770842106,11.0,55.90291353127043,-4.3414180899754955,188,15.996,1397
55.85578757197629,-4.164350770842106,11.0,55.78437024600116,-4.156926419796477,189,10.73,898
55.85578757197629,-4.164350770842106,11.0,55.8321542449311,-4.1561720476648265,190,3.873,482
55.85578757197629,-4.164350770842106,11.0,55.88310705812362,-4.084862107847263,191,9.518,671
55.85578757197629,-4.164350770842106,11.0,55.85616333886266,-4.110333739241922,192,4.184,539
55.85578757197629,-4.164350770842106,11.0,55.90185178498145,-4.152652007721208,193,11.514,1376
55.85578757197629,-4.164350770842106,11.0,55.8837118458465,-4.182392741162416,194,5.536,1583
55.85578757197629,-4.164350770842106,11.0,55.83086049774818,-4.312434105301623,195,17.661,1193
55.85578757197629,-4.164350770842106,11.0,55.821849459706755,-4.176208567338996,196,5.757,567
55.85578757197629,-4.164350770842106,11.0,55.88009750494633,-4.255964552703097,197,10.036,854
55.85578757197629,-4.164350770842106,11.0,55.87413911675089,-4.369807111055967,198,19.284,1116
55.85578757197629,-4.164350770842106,11.0,55.86354071984154,-4.093406384811447,199,7.401,690
55.867068674267465,-4.3780783817114814,12.0,55.8391698042901,-4.214478482526657,0,16.106,874
55.867068674267465,-4.3780783817114814,12.0,55.86553667472969,-4.350500876963486,1,3.459,290
55.867068674267465,-4.3780783817114814,12.0,55.912892829643965,-4.286410947894997,2,16.961,2073
55.867068674267465,-4.3780783817114814,12.0,55.84854019346565,-4.391697428307927,3,5.949,535
55.867068674267465,-4.3780783817114814,12.0,55.79232875093524,-4.310455024670266,4,18.858,1042
55.867068674267465,-4.3780783817114814,12.0,55.837143362020576,-4.120043492886959,5,19.805,886
55.867068674267465,-4.3780783817114814,12.0,55.84185129809378,-4.283879851305767,6,9.536,697
55.867068674267465,-4.3780783817114814,12.0,55.90609664927746,-4.311383718964596,7,12.273,938
55.867068674267465,-4.3780783817114814,12.0,55.7832172019226,-4.31249791159531,8,20.446,1099
55.867068674267465,-4.3780783817114814,12.0,55.8177258987159,-4.260489243356555,9,14.777,936
55.867068674267465,-4.3780783817114814,12.0,55.903262790870684,-4.212111703691823,10,18.626,1157
55.867068674267465,-4.3780783817114814,12.0,55.893978813107424,-4.1413270988368325,11,20.366,1164
55.867068674267465,-4.3780783817114814,12.0,55.894884622950286,-4.154349650804189,12,22.751,1063
55.867068674267465,-4.3780783817114814,12.0,55.80680963785043,-4.263605759417426,13,17.215,1203
55.867068674267465,-4.3780783817114814,12.0,55.81824312166051,-4.346878846315483,14,10.251,849
55.867068674267465,-4.3780783817114814,12.0,55.84742656229786,-4.269221405976544,15,11.605,862
55.867068674267465,-4.3780783817114814,12.0,55.80730424868546,-4.315177272898423,16,15.727,940
55.867068674267465,-4.3780783817114814,12.0,55.83798278877758,-4.260604018644594,17,13.298,837
55.867068674267465,-4.3780783817114814,12.0,55.89424631095569,-4.343398240721316,18,9.944,699
55.867068674267465,-4.3780783817114814,12.0,55.83908093533876,-4.223069302141199,19,13.697,905
55.867068674267465,-4.3780783817114814,12.0,55.8357731433788,-4.270556349194068,20,13.96,854
55.867068674267465,-4.3780783817114814,12.0,55.90309627527835,-4.360750370095284,21,11.977,934
55.867068674267465,-4.3780783817114814,12.0,55.85652103589449,-4.101365743428073,22,22.914,1107
55.867068674267465,-4.3780783817114814,12.0,55.783736419963375,-4.235306054793451,23,18.837,1227
55.867068674267465,-4.3780783817114814,12.0,55.92064824587275,-4.2358362157531895,24,19.751,1138
55.867068674267465,-4.3780783817114814,12.0,55.907674892744176,-4.2497703459088045,25,18.503,2183
55.867068674267465,-4.3780783817114814,12.0,55.919604340921964,-4.226208116301384,26,19.675,1149
55.867068674267465,-4.3780783817114814,12.0,55.83219148710444,-4.304581930326681,27,14.899,982
55.867068674267465,-4.3780783817114814,12.0,55.79569701419853,-4.1769099124482585,28,20.521,1159
55.867068674267465,-4.3780783817114814,12.0,55.81260197667657,-4.197841211154324,29,17.932,1026
55.867068674267465,-4.3780783817114814,12.0,55.826092940761974,-4.176919409292903,30,16.462,959
55.867068674267465,-4.3780783817114814,12.0,55.828413149208096,-4.109650878166438,31,23.266,1149
55.867068674267465,-4.3780783817114814,12.0,55.8999241737755,-4.257993823533507,32,15.709,1069
55.867068674267465,-4.3780783817114814,12.0,55.892514250678616,-4.340118142906542,33,9.973,710
55.867068674267465,-4.3780783817114814,12.0,55.855241629670886,-4.269936069312288,34,11.742,695
55.867068674267465,-4.3780783817114814,12.0,55.877364911629314,-4.109701193625618,35,23.315,1208
55.867068674267465,-4.3780783817114814,12.0,55.887053111734645,-4.1280531391159245,36,23.617,1174
55.867068674267465,-4.3780783817114814,12.0,55.89108676863447,-4.105446803942431,37,25.35,1480
55.867068674267465,-4.3780783817114814,12.0,55.842635153466425,-4.334387903339716,38,7.572,555
55.867068674267465,-4.3780783817114814,12.0,55.89197542936556,-4.19614108945253,39,19.624,1008
55.867068674267465,-4.3780783817114814,12.0,55.825849135803445,-4.321179033230789,40,13.077,882
55.867068674267465,-4.3780783817114814,12.0,55.81864602215581,-4.375055705699034,41,8.817,723
55.867068674267465,-4.3780783817114814,12.0,55.92613065482397,-4.212698358862173,42,20.137,1202
55.867068674267465,-4.3780783817114814,12.0,55.874439929608144,-4.279689658904073,43,12.349,736
55.867068674267465,-4.3780783817114814,12.0,55.81998166828728,-4.245455535821837,44,14.257,841
55.867068674267465,-4.3780783817114814,12.0,55.91066980601156,-4.213502644426629,45,19.089,1153
55.867068674267465,-4.3780783817114814,12.0,55.8404807486866,-4.356656090229781,46,7.126,611
55.867068674267465,-4.3780783817114814,12.0,55.88708229912325,-4.079055837843032,47,28.597,1230
55.867068674267465,-4.3780783817114814,12.0,55.84510555179576,-4.178720975321847,48,18.127,974
55.867068674267465,-4.3780783817114814,12.0,55.84413340760586,-4.085244529493477,49,25.294,1604
55.867068674267465,-4.3780783817114814,12.0,55.83324217210475,-4.157183908594519,50,17.989,972
55.867068674267465,-4.3780783817114814,12.0,55.895753278756494,-4.323131413571223,51,9.73,810
55.867068674267465,-4.3780783817114814,12.0,55.88609925330935,-4.38354364327563,52,2.606,232
55.867068674267465,-4.3780783817114814,12.0,55.86596770908397,-4.338853955125049,53,4.328,343
55.867068674267465,-4.3780783817114814,12.0,55.819381988004544,-4.256567679373081,54,15.686,991
55.867068674267465,-4.3780783817114814,12.0,55.919398785577634,-4.298102785445152,55,17.237,1753
55.867068674267465,-4.3780783817114814,12.0,55.81052481551728,-4.0780884232687225,56,26.065,2296
55.867068674267465,-4.3780783817114814,12.0,55.8411814367945,-4.125490362928665,57,21.347,1044
55.867068674267465,-4.3780783817114814,12.0,55.844855881791794,-4.151320272286683,58,18.979,1025
55.867068674267465,-4.3780783817114814,12.0,55.79334532620707,-4.3052187624925375,59,19.189,1048
55.867068674267465,-4.3780783817114814,12.0,55.78499644933002,-4.082518262203789,60,29.788,1296
55.867068674267465,-4.3780783817114814,12.0,55.86482365717543,-4.074666870071637,61,25.18,1324
55.867068674267465,-4.3780783817114814,12.0,55.910543969585106,-4.384534109666136,62,19.363,914
55.867068674267465,-4.3780783817114814,12.0,55.799715679086134,-4.188568421733812,63,20.503,1317
55.867068674267465,-4.3780783817114814,12.0,55.90005630083831,-4.294022887833187,64,12.164,1015
55.867068674267465,-4.3780783817114814,12.0,55.82573931186619,-4.210157383495828,65,15.989,841
55.867068674267465,-4.3780783817114814,12.0,55.88010014610652,-4.288014027401103,66,14.438,1012
55.867068674267465,-4.3780783817114814,12.0,55.8836463272421,-4.377148406451105,67,2.376,310
55.867068674267465,-4.3780783817114814,12.0,55.80511293548626,-4.195982430231648,68,18.912,1101
55.867068674267465,-4.3780783817114814,12.0,55.9265186267864,-4.256321117900257,69,19.074,1176
55.867068674267465,-4.3780783817114814,12.0,55.90353118048908,-4.119171950823842,70,24.513,1416
55.867068674267465,-4.3780783817114814,12.0,55.81502357146685,-4.260984914919316,71,15.134,970
55.867068674267465,-4.3780783817114814,12.0,55.894355058439295,-4.293143876300353,72,15.007,991
55.867068674267465,-4.3780783817114814,12.0,55.80246488546192,-4.242274834364847,73,16.398,1067
55.867068674267465,-4.3780783817114814,12.0,55.887581813102464,-4.2985753032369685,74,11.25,966
55.867068674267465,-4.3780783817114814,12.0,55.928290955083554,-4.295962301582311,75,14.09,1018
55.867068674267465,-4.3780783817114814,12.0,55.81096058143004,-4.368797105646974,76,10.425,910
55.867068674267465,-4.3780783817114814,12.0,55.84818750128869,-4.3631808239548375,77,4.826,388
55.867068674267465,-4.3780783817114814,12.0,55.81610352786554,-4.330910795148831,78,15.046,796
55.867068674267465,-4.3780783817114814,12.0,55.807034270653475,-4.136077366584948,79,19.696,1210
55.867068674267465,-4.3780783817114814,12.0,55.86778114631985,-4.233612892312959,80,14.2,819
55.867068674267465,-4.3780783817114814,12.0,55.79578956690847,-4.368290459919509,81,12.36,2034
55.867068674267465,-4.3780783817114814,12.0,55.897877306124535,-4.077031107370425,82,27.141,1947
55.867068674267465,-4.3780783817114814,12.0,55.80721289582252,-4.242612882195534,83,15.621,1018
55.867068674267465,-4.3780783817114814,12.0,55.92209393969709,-4.157940141970138,84,24.284,1214
55.867068674267465,-4.3780783817114814,12.0,55.79188265083702,-4.28147512844989,85,20.051,1103
55.867068674267465,-4.3780783817114814,12.0,55.88043814367632,-4.104360473798184,86,23.127,1168
55.867068674267465,-4.3780783817114814,12.0,55.90345994988174,-4.293652184560058,87,12.574,1059
55.867068674267465,-4.3780783817114814,12.0,55.91230525016259,-4.108196424937476,88,25.781,1361
55.867068674267465,-4.3780783817114814,12.0,55.90569137930351,-4.3852429216612405,89,19.606,953
55.867068674267465,-4.3780783817114814,12.0,55.824402119970216,-4.298242138123909,90,13.513,803
55.867068674267465,-4.3780783817114814,12.0,55.887104625653905,-4.201059285828647,91,17.336,1157
55.867068674267465,-4.3780783817114814,12.0,55.92006797200308,-4.195257422106852,92,20.983,1180
55.867068674267465,-4.3780783817114814,12.0,55.7944551107823,-4.1683749063061635,93,20.651,1593
55.867068674267465,-4.3780783817114814,12.0,55.88003873447475,-4.304350182381346,94,9.403,806
55.867068674267465,-4.3780783817114814,12.0,55.88308048053683,-4.2942103285768285,95,13.778,867
55.867068674267465,-4.3780783817114814,12.0,55.80779271908626,-4.3234306371549245,96,16.317,928
55.867068674267465,-4.3780783817114814,12.0,55.90123467399992,-4.380968632189907,97,20.804,1166
55.867068674267465,-4.3780783817114814,12.0,55.88049231589054,-4.293733205570284,98,13.68,857
55.867068674267465,-4.3780783817114814,12.0,55.84697147961761,-4.334108806216461,99,6.413,552
55.867068674267465,-4.3780783817114814,12.0,55.83067141211495,-4.195633651932574,100,15.272,838
55.867068674267465,-4.3780783817114814,12.0,55.89350845984679,-4.099445363541155,101,25.165,1312
55.867068674267465,-4.3780783817114814,12.0,55.92592408664018,-4.179171340754611,102,25.625,1297
55.867068674267465,-4.3780783817114814,12.0,55.84941827409408,-4.169566750359822,103,18.832,1040
55.867068674267465,-4.3780783817114814,12.0,55.92413375575165,-4.226670311636797,104,21.352,1944
55.867068674267465,-4.3780783817114814,12.0,55.88995713457192,-4.285031242761631,105,13.947,894
55.867068674267465,-4.3780783817114814,12.0,55.90528066541109,-4.131569818675147,106,21.963,1061
55.867068674267465,-4.3780783817114814,12.0,55.87850608392288,-4.103517886631066,107,23.458,1201
55.867068674267465,-4.3780783817114814,12.0,55.80799405798939,-4.284953473560454,108,16.523,1093
55.867068674267465,-4.3780783817114814,12.0,55.906815669822045,-4.385279074380807,109,19.387,907
55.867068674267465,-4.3780783817114814,12.0,55.916237634416454,-4.222407816066865,110,19.59,1137
55.867068674267465,-4.3780783817114814,12.0,55.915798955837815,-4.088621086891774,111,28.865,1392
55.867068674267465,-4.3780783817114814,12.0,55.827538479175395,-4.350653065976025,112,7.669,689
55.867068674267465,-4.3780783817114814,12.0,55.799515288981674,-4.0866627646338864,113,30.158,1408
55.867068674267465,-4.3780783817114814,12.0,55.831024245961984,-4.244756518165482,114,12.738,742
55.867068674267465,-4.3780783817114814,12.0,55.86754360554833,-4.2143078261423845,115,15.54,935
55.867068674267465,-4.3780783817114814,12.0,55.8574985965699,-4.1521224561179935,116,20.135,1151
55.867068674267465,-4.3780783817114814,12.0,55.88095643501817,-4.32811659177277,117,7.786,526
55.867068674267465,-4.3780783817114814,12.0,55.85240433608213,-4.177570445500026,118,18.996,1091
55.867068674267465,-4.3780783817114814,12.0,55.91169549549074,-4.359708873069638,119,21.915,1132
55.867068674267465,-4.3780783817114814,12.0,55.92640787519779,-4.300990956079843,120,13.898,1039
55.867068674267465,-4.3780783817114814,12.0,55.84019197366069,-4.205566157974415,121,16.592,989
55.867068674267465,-4.3780783817114814,12.0,55.866619942939494,-4.268153778778456,122,12.502,859
55.867068674267465,-4.3780783817114814,12.0,55.81327411986783,-4.2587495402872255,123,15.113,980
55.867068674267465,-4.3780783817114814,12.0,55.86022660117776,-4.154711133590585,124,20.041,1078
55.867068674267465,-4.3780783817114814,12.0,55.831522729053496,-4.370420634377527,125,7.131,618
55.867068674267465,-4.3780783817114814,12.0,55.84074346341779,-4.172411658039648,126,17.2,894
55.867068674267465,-4.3780783817114814,12.0,55.8801412435821,-4.258666277618953,127,13.546,885
55.867068674267465,-4.3780783817114814,12.0,55.8434159429892,-4.1056733307349536,128,21.603,1073
55.867068674267465,-4.3780783817114814,12.0,55.83522057783537,-4.25736952395694,129,13.272,839
55.867068674267465,-4.3780783817114814,12.0,55.86467774065618,-4.2250953414252415,130,14.324,771
55.867068674267465,-4.3780783817114814,12.0,55.8953662249987,-4.231143624453162,131,16.777,949
55.867068674267465,-4.3780783817114814,12.0,55.81920459649808,-4.236238450921302,132,14.841,892
55.867068674267465,-4.3780783817114814,12.0,55.900795402502105,-4.206009410292495,133,18.944,1144
55.867068674267465,-4.3780783817114814,12.0,55.86078490474355,-4.339631469507248,134,4.371,399
55.867068674267465,-4.3780783817114814,12.0,55.924999437053955,-4.191173279124663,135,21.234,1189
55.867068674267465,-4.3780783817114814,12.0,55.81549096669224,-4.126910343137958,136,20.687,1256
55.867068674267465,-4.3780783817114814,12.0,55.90135585493081,-4.207622057499793,137,18.943,1121
55.867068674267465,-4.3780783817114814,12.0,55.845816555475636,-4.129576488296543,138,20.352,1115
55.867068674267465,-4.3780783817114814,12.0,55.80470047644827,-4.291960781118721,139,16.356,1070
55.867068674267465,-4.3780783817114814,12.0,55.89185394491289,-4.179857587296262,140,18.528,932
55.867068674267465,-4.3780783817114814,12.0,55.91859399996558,-4.3401659608951215,141,12.828,975
55.867068674267465,-4.3780783817114814,12.0,55.90671476836246,-4.3642865107142725,142,12.729,989
55.867068674267465,-4.3780783817114814,12.0,55.81273399651921,-4.167613047894911,143,17.745,1020
55.867068674267465,-4.3780783817114814,12.0,55.80939871413575,-4.276056954355674,144,16.237,1041
55.867068674267465,-4.3780783817114814,12.0,55.88312869327199,-4.214542892826467,145,16.348,976
55.867068674267465,-4.3780783817114814,12.0,55.815340374954424,-4.283514492524949,146,15.231,926
55.867068674267465,-4.3780783817114814,12.0,55.87864379034378,-4.080636908866371,147,29.577,1264
55.867068674267465,-4.3780783817114814,12.0,55.89423440492952,-4.2418874418647645,148,17.34,1033
55.867068674267465,-4.3780783817114814,12.0,55.92796852989922,-4.305970400193036,149,14.026,1062
55.867068674267465,-4.3780783817114814,12.0,55.92895153496988,-4.082888064137351,150,29.235,1341
55.867068674267465,-4.3780783817114814,12.0,55.790766759429424,-4.135285962371055,151,23.076,1234
55.867068674267465,-4.3780783817114814,12.0,55.80808041573422,-4.184105792933229,152,18.706,1032
55.867068674267465,-4.3780783817114814,12.0,55.7982747224006,-4.3931924101572655,153,11.411,881
55.867068674267465,-4.3780783817114814,12.0,55.81178474630603,-4.337962602706185,154,11.116,857
55.867068674267465,-4.3780783817114814,12.0,55.852972007756,-4.353957895039277,155,4.907,475
55.867068674267465,-4.3780783817114814,12.0,55.797152036890715,-4.311451416173846,156,18.085,976
55.867068674267465,-4.3780783817114814,12.0,55.84839482833289,-4.1889265673730645,157,18.778,1009
55.867068674267465,-4.3780783817114814,12.0,55.86383954752864,-4.387927326091926,158,3.711,238
55.867068674267465,-4.3780783817114814,12.0,55.807182357875575,-4.140487806234959,159,19.373,1185
55.867068674267465,-4.3780783817114814,12.0,55.8296607577131,-4.218765551358871,160,14.158,898
55.867068674267465,-4.3780783817114814,12.0,55.82699494590622,-4.295404959002084,161,13.549,780
55.867068674267465,-4.3780783817114814,12.0,55.861248665443505,-4.307186036515638,162,7.797,531
55.867068674267465,-4.3780783817114814,12.0,55.897857165570365,-4.156645648865112,163,20.004,969
55.867068674267465,-4.3780783817114814,12.0,55.877747555317356,-4.342792329217214,164,8.376,622
55.867068674267465,-4.3780783817114814,12.0,55.92259641850896,-4.389236283866068,165,18.264,913
55.867068674267465,-4.3780783817114814,12.0,55.92621339590465,-4.2820478996479165,166,15.257,1063
55.867068674267465,-4.3780783817114814,12.0,55.80660612206145,-4.094012410496262,167,25.65,1361
55.867068674267465,-4.3780783817114814,12.0,55.84605439624201,-4.09192094471571,168,24.341,1084
55.867068674267465,-4.3780783817114814,12.0,55.83961965364386,-4.1201104741133365,169,20.954,972
55.867068674267465,-4.3780783817114814,12.0,55.85030951683019,-4.217608837338132,170,14.246,940
55.867068674267465,-4.3780783817114814,12.0,55.85971342373431,-4.246748195156407,171,14.693,870
55.867068674267465,-4.3780783817114814,12.0,55.815747728441636,-4.150792968910081,172,18.243,1082
55.867068674267465,-4.3780783817114814,12.0,55.80041195127493,-4.3806303679601495,173,10.698,852
55.867068674267465,-4.3780783817114814,12.0,55.85487415463933,-4.092829020720908,174,24.151,1085
55.867068674267465,-4.3780783817114814,12.0,55.80456076444065,-4.203157873727267,175,18.931,1102
55.867068674267465,-4.3780783817114814,12.0,55.84723005082115,-4.330151260440624,176,7.207,531
55.867068674267465,-4.3780783817114814,12.0,55.88775631668876,-4.123428423568879,177,23.752,1180
55.867068674267465,-4.3780783817114814,12.0,55.82857385936083,-4.129579652409029,178,20.765,1269
55.867068674267465,-4.3780783817114814,12.0,55.879865395443076,-4.36272007519476,179,9.268,665
55.867068674267465,-4.3780783817114814,12.0,55.87973669437185,-4.215636550296907,180,15.635,987
55.867068674267465,-4.3780783817114814,12.0,55.8162521393249,-4.1868605517933455,181,17.125,992
55.867068674267465,-4.3780783817114814,12.0,55.80755514535402,-4.201625161718038,182,18.684,1069
55.867068674267465,-4.3780783817114814,12.0,55.85565398843102,-4.250533808562208,183,11.205,790
55.867068674267465,-4.3780783817114814,12.0,55.929636326069506,-4.381100658166308,184,19.25,934
55.867068674267465,-4.3780783817114814,12.0,55.879581066995904,-4.21986165885879,185,15.276,968
55.867068674267465,-4.3780783817114814,12.0,55.92647877645629,-4.127886630011083,186,25.366,1300
55.867068674267465,-4.3780783817114814,12.0,55.82282427264178,-4.371094162561755,187,8.119,705
55.867068674267465,-4.3780783817114814,12.0,55.90291353127043,-4.3414180899754955,188,10.775,867
55.867068674267465,-4.3780783817114814,12.0,55.78437024600116,-4.156926419796477,189,22.42,1249
55.867068674267465,-4.3780783817114814,12.0,55.8321542449311,-4.1561720476648265,190,18.029,985
55.867068674267465,-4.3780783817114814,12.0,55.88310705812362,-4.084862107847263,191,26.738,1146
55.867068674267465,-4.3780783817114814,12.0,55.85616333886266,-4.110333739241922,192,22.952,1129
55.867068674267465,-4.3780783817114814,12.0,55.90185178498145,-4.152652007721208,193,23.913,1593
55.867068674267465,-4.3780783817114814,12.0,55.8837118458465,-4.182392741162416,194,20.192,1941
55.867068674267465,-4.3780783817114814,12.0,55.83086049774818,-4.312434105301623,195,14.483,885
55.867068674267465,-4.3780783817114814,12.0,55.821849459706755,-4.176208567338996,196,16.873,956
55.867068674267465,-4.3780783817114814,12.0,55.88009750494633,-4.255964552703097,197,13.232,864
55.867068674267465,-4.3780783817114814,12.0,55.87413911675089,-4.369807111055967,198,1.923,197
55.867068674267465,-4.3780783817114814,12.0,55.86354071984154,-4.093406384811447,199,23.568,1183
55.81057845567214,-4.116557245872581,13.0,55.8391698042901,-4.214478482526657,0,8.287,1181
55.81057845567214,-4.116557245872581,13.0,55.86553667472969,-4.350500876963486,1,20.641,1649
55.81057845567214,-4.116557245872581,13.0,55.912892829643965,-4.286410947894997,2,27.87,2899
55.81057845567214,-4.116557245872581,13.0,55.84854019346565,-4.391697428307927,3,20.072,1871
55.81057845567214,-4.116557245872581,13.0,55.79232875093524,-4.310455024670266,4,17.697,1658
55.81057845567214,-4.116557245872581,13.0,55.837143362020576,-4.120043492886959,5,8.583,993
55.81057845567214,-4.116557245872581,13.0,55.84185129809378,-4.283879851305767,6,12.511,1523
55.81057845567214,-4.116557245872581,13.0,55.90609664927746,-4.311383718964596,7,26.554,2008
55.81057845567214,-4.116557245872581,13.0,55.7832172019226,-4.31249791159531,8,18.027,1635
55.81057845567214,-4.116557245872581,13.0,55.8177258987159,-4.260489243356555,9,13.596,1393
55.81057845567214,-4.116557245872581,13.0,55.903262790870684,-4.212111703691823,10,21.107,1789
55.81057845567214,-4.116557245872581,13.0,55.893978813107424,-4.1413270988368325,11,18.608,1583
55.81057845567214,-4.116557245872581,13.0,55.894884622950286,-4.154349650804189,12,23.473,1483
55.81057845567214,-4.116557245872581,13.0,55.80680963785043,-4.263605759417426,13,17.578,1716
55.81057845567214,-4.116557245872581,13.0,55.81824312166051,-4.346878846315483,14,19.7,1762
55.81057845567214,-4.116557245872581,13.0,55.84742656229786,-4.269221405976544,15,12.876,1542
55.81057845567214,-4.116557245872581,13.0,55.80730424868546,-4.315177272898423,16,19.334,1791
55.81057845567214,-4.116557245872581,13.0,55.83798278877758,-4.260604018644594,17,10.982,1337
55.81057845567214,-4.116557245872581,13.0,55.89424631095569,-4.343398240721316,18,22.457,1899
55.81057845567214,-4.116557245872581,13.0,55.83908093533876,-4.223069302141199,19,9.317,1311
55.81057845567214,-4.116557245872581,13.0,55.8357731433788,-4.270556349194068,20,11.666,1387
55.81057845567214,-4.116557245872581,13.0,55.90309627527835,-4.360750370095284,21,24.49,2134
55.81057845567214,-4.116557245872581,13.0,55.85652103589449,-4.101365743428073,22,10.099,1148
55.81057845567214,-4.116557245872581,13.0,55.783736419963375,-4.235306054793451,23,12.076,1161
55.81057845567214,-4.116557245872581,13.0,55.92064824587275,-4.2358362157531895,24,25.468,1889
55.81057845567214,-4.116557245872581,13.0,55.907674892744176,-4.2497703459088045,25,24.22,2934
55.81057845567214,-4.116557245872581,13.0,55.919604340921964,-4.226208116301384,26,30.265,1894
55.81057845567214,-4.116557245872581,13.0,55.83219148710444,-4.304581930326681,27,18.578,1789
55.81057845567214,-4.116557245872581,13.0,55.79569701419853,-4.1769099124482585,28,6.919,875
55.81057845567214,-4.116557245872581,13.0,55.81260197667657,-4.197841211154324,29,9.479,1046
55.81057845567214,-4.116557245872581,13.0,55.826092940761974,-4.176919409292903,30,6.756,1103
55.81057845567214,-4.116557245872581,13.0,55.828413149208096,-4.109650878166438,31,3.334,735
55.81057845567214,-4.116557245872581,13.0,55.8999241737755,-4.257993823533507,32,24.319,1878
55.81057845567214,-4.116557245872581,13.0,55.892514250678616,-4.340118142906542,33,22.486,1910
55.81057845567214,-4.116557245872581,13.0,55.855241629670886,-4.269936069312288,34,22.406,1518
55.81057845567214,-4.116557245872581,13.0,55.877364911629314,-4.109701193625618,35,16.34,1359
55.81057845567214,-4.116557245872581,13.0,55.887053111734645,-4.1280531391159245,36,21.987,1564
55.81057845567214,-4.116557245872581,13.0,55.89108676863447,-4.105446803942431,37,16.328,1574
55.81057845567214,-4.116557245872581,13.0,55.842635153466425,-4.334387903339716,38,16.509,1577
55.81057845567214,-4.116557245872581,13.0,55.89197542936556,-4.19614108945253,39,18.891,1513
55.81057845567214,-4.116557245872581,13.0,55.825849135803445,-4.321179033230789,40,16.756,1689
55.81057845567214,-4.116557245872581,13.0,55.81864602215581,-4.375055705699034,41,20.729,1771
55.81057845567214,-4.116557245872581,13.0,55.92613065482397,-4.212698358862173,42,29.639,1889
55.81057845567214,-4.116557245872581,13.0,55.874439929608144,-4.279689658904073,43,22.247,1640
55.81057845567214,-4.116557245872581,13.0,55.81998166828728,-4.245455535821837,44,12.456,1259
55.81057845567214,-4.116557245872581,13.0,55.91066980601156,-4.213502644426629,45,30.621,1944
55.81057845567214,-4.116557245872581,13.0,55.8404807486866,-4.356656090229781,46,20.161,1845
55.81057845567214,-4.116557245872581,13.0,55.88708229912325,-4.079055837843032,47,13.958,1167
55.81057845567214,-4.116557245872581,13.0,55.84510555179576,-4.178720975321847,48,7.917,1109
55.81057845567214,-4.116557245872581,13.0,55.84413340760586,-4.085244529493477,49,7.185,1379
55.81057845567214,-4.116557245872581,13.0,55.83324217210475,-4.157183908594519,50,6.029,920
55.81057845567214,-4.116557245872581,13.0,55.895753278756494,-4.323131413571223,51,22.243,2010
55.81057845567214,-4.116557245872581,13.0,55.88609925330935,-4.38354364327563,52,21.674,1718
55.81057845567214,-4.116557245872581,13.0,55.86596770908397,-4.338853955125049,53,18.457,1598
55.81057845567214,-4.116557245872581,13.0,55.819381988004544,-4.256567679373081,54,14.505,1454
55.81057845567214,-4.116557245872581,13.0,55.919398785577634,-4.298102785445152,55,28.146,2579
55.81057845567214,-4.116557245872581,13.0,55.81052481551728,-4.0780884232687225,56,7.967,2032
55.81057845567214,-4.116557245872581,13.0,55.8411814367945,-4.125490362928665,57,6.554,953
55.81057845567214,-4.116557245872581,13.0,55.844855881791794,-4.151320272286683,58,7.749,1082
55.81057845567214,-4.116557245872581,13.0,55.79334532620707,-4.3052187624925375,59,17.292,1619
55.81057845567214,-4.116557245872581,13.0,55.78499644933002,-4.082518262203789,60,6.879,951
55.81057845567214,-4.116557245872581,13.0,55.86482365717543,-4.074666870071637,61,9.78,1300
55.81057845567214,-4.116557245872581,13.0,55.910543969585106,-4.384534109666136,62,26.317,2199
55.81057845567214,-4.116557245872581,13.0,55.799715679086134,-4.188568421733812,63,8.579,1107
55.81057845567214,-4.116557245872581,13.0,55.90005630083831,-4.294022887833187,64,25.626,1962
55.81057845567214,-4.116557245872581,13.0,55.82573931186619,-4.210157383495828,65,7.497,1077
55.81057845567214,-4.116557245872581,13.0,55.88010014610652,-4.288014027401103,66,24.347,1930
55.81057845567214,-4.116557245872581,13.0,55.8836463272421,-4.377148406451105,67,21.444,1795
55.81057845567214,-4.116557245872581,13.0,55.80511293548626,-4.195982430231648,68,8.736,995
55.81057845567214,-4.116557245872581,13.0,55.9265186267864,-4.256321117900257,69,27.684,1993
55.81057845567214,-4.116557245872581,13.0,55.90353118048908,-4.119171950823842,70,16.93,1635
55.81057845567214,-4.116557245872581,13.0,55.81502357146685,-4.260984914919316,71,13.953,1427
55.81057845567214,-4.116557245872581,13.0,55.894355058439295,-4.293143876300353,72,24.916,1909
55.81057845567214,-4.116557245872581,13.0,55.80246488546192,-4.242274834364847,73,13.483,1302
55.81057845567214,-4.116557245872581,13.0,55.887581813102464,-4.2985753032369685,74,24.528,1905
55.81057845567214,-4.116557245872581,13.0,55.928290955083554,-4.295962301582311,75,28.568,1993
55.81057845567214,-4.116557245872581,13.0,55.81096058143004,-4.368797105646974,76,22.386,1853
55.81057845567214,-4.116557245872581,13.0,55.84818750128869,-4.3631808239548375,77,21.147,1697
55.81057845567214,-4.116557245872581,13.0,55.81610352786554,-4.330910795148831,78,18.725,1602
55.81057845567214,-4.116557245872581,13.0,55.807034270653475,-4.136077366584948,79,2.804,665
55.81057845567214,-4.116557245872581,13.0,55.86778114631985,-4.233612892312959,80,19.377,1504
55.81057845567214,-4.116557245872581,13.0,55.79578956690847,-4.368290459919509,81,29.753,2975
55.81057845567214,-4.116557245872581,13.0,55.897877306124535,-4.077031107370425,82,16.317,1913
55.81057845567214,-4.116557245872581,13.0,55.80721289582252,-4.242612882195534,83,13.873,1335
55.81057845567214,-4.116557245872581,13.0,55.92209393969709,-4.157940141970138,84,25.574,1661
55.81057845567214,-4.116557245872581,13.0,55.79188265083702,-4.28147512844989,85,15.439,1457
55.81057845567214,-4.116557245872581,13.0,55.88043814367632,-4.104360473798184,86,15.65,1299
55.81057845567214,-4.116557245872581,13.0,55.90345994988174,-4.293652184560058,87,27.343,2035
55.81057845567214,-4.116557245872581,13.0,55.91230525016259,-4.108196424937476,88,19.61,1537
55.81057845567214,-4.116557245872581,13.0,55.90569137930351,-4.3852429216612405,89,26.352,2222
55.81057845567214,-4.116557245872581,13.0,55.824402119970216,-4.298242138123909,90,17.192,1610
55.81057845567214,-4.116557245872581,13.0,55.887104625653905,-4.201059285828647,91,18.665,1587
55.81057845567214,-4.116557245872581,13.0,55.92006797200308,-4.195257422106852,92,27.644,1707
55.81057845567214,-4.116557245872581,13.0,55.7944551107823,-4.1683749063061635,93,7.182,1305
55.81057845567214,-4.116557245872581,13.0,55.88003873447475,-4.304350182381346,94,23.861,1813
55.81057845567214,-4.116557245872581,13.0,55.88308048053683,-4.2942103285768285,95,23.461,1787
55.81057845567214,-4.116557245872581,13.0,55.80779271908626,-4.3234306371549245,96,19.996,1735
55.81057845567214,-4.116557245872581,13.0,55.90123467399992,-4.380968632189907,97,26.658,2351
55.81057845567214,-4.116557245872581,13.0,55.88049231589054,-4.293733205570284,98,23.363,1778
55.81057845567214,-4.116557245872581,13.0,55.84697147961761,-4.334108806216461,99,16.623,1610
55.81057845567214,-4.116557245872581,13.0,55.83067141211495,-4.195633651932574,100,7.453,1144
55.81057845567214,-4.116557245872581,13.0,55.89350845984679,-4.099445363541155,101,15.395,1345
55.81057845567214,-4.116557245872581,13.0,55.92592408664018,-4.179171340754611,102,26.915,1745
55.81057845567214,-4.116557245872581,13.0,55.84941827409408,-4.169566750359822,103,8.026,1131
55.81057845567214,-4.116557245872581,13.0,55.92413375575165,-4.226670311636797,104,30.854,2632
55.81057845567214,-4.116557245872581,13.0,55.88995713457192,-4.285031242761631,105,23.856,1812
55.81057845567214,-4.116557245872581,13.0,55.90528066541109,-4.131569818675147,106,23.253,1509
55.81057845567214,-4.116557245872581,13.0,55.87850608392288,-4.103517886631066,107,15.981,1332
55.81057845567214,-4.116557245872581,13.0,55.80799405798939,-4.284953473560454,108,15.82,1664
55.81057845567214,-4.116557245872581,13.0,55.906815669822045,-4.385279074380807,109,25.663,2137
55.81057845567214,-4.116557245872581,13.0,55.916237634416454,-4.222407816066865,110,30.18,1882
55.81057845567214,-4.116557245872581,13.0,55.915798955837815,-4.088621086891774,111,18.476,1420
55.81057845567214,-4.116557245872581,13.0,55.827538479175395,-4.350653065976025,112,19.069,1693
55.81057845567214,-4.116557245872581,13.0,55.799515288981674,-4.0866627646338864,113,5.261,851
55.81057845567214,-4.116557245872581,13.0,55.831024245961984,-4.244756518165482,114,10.422,1242
55.81057845567214,-4.116557245872581,13.0,55.86754360554833,-4.2143078261423845,115,18.05,1490
55.81057845567214,-4.116557245872581,13.0,55.8574985965699,-4.1521224561179935,116,8.905,1208
55.81057845567214,-4.116557245872581,13.0,55.88095643501817,-4.32811659177277,117,20.299,1726
55.81057845567214,-4.116557245872581,13.0,55.85240433608213,-4.177570445500026,118,8.958,1189
55.81057845567214,-4.116557245872581,13.0,55.91169549549074,-4.359708873069638,119,30.012,2291
55.81057845567214,-4.116557245872581,13.0,55.92640787519779,-4.300990956079843,120,29.016,2042
55.81057845567214,-4.116557245872581,13.0,55.84019197366069,-4.205566157974415,121,8.773,1296
55.81057845567214,-4.116557245872581,13.0,55.866619942939494,-4.268153778778456,122,21.324,1621
55.81057845567214,-4.116557245872581,13.0,55.81327411986783,-4.2587495402872255,123,13.932,1437
55.81057845567214,-4.116557245872581,13.0,55.86022660117776,-4.154711133590585,124,9.258,1239
55.81057845567214,-4.116557245872581,13.0,55.831522729053496,-4.370420634377527,125,21.123,1864
55.81057845567214,-4.116557245872581,13.0,55.84074346341779,-4.172411658039648,126,7.406,1058
55.81057845567214,-4.116557245872581,13.0,55.8801412435821,-4.258666277618953,127,21.6,1635
55.81057845567214,-4.116557245872581,13.0,55.8434159429892,-4.1056733307349536,128,6.81,982
55.81057845567214,-4.116557245872581,13.0,55.83522057783537,-4.25736952395694,129,10.956,1339
55.81057845567214,-4.116557245872581,13.0,55.86467774065618,-4.2250953414252415,130,19.27,1408
55.81057845567214,-4.116557245872581,13.0,55.8953662249987,-4.231143624453162,131,22.494,1700
55.81057845567214,-4.116557245872581,13.0,55.81920459649808,-4.236238450921302,132,11.872,1209
55.81057845567214,-4.116557245872581,13.0,55.900795402502105,-4.206009410292495,133,20.292,1679
55.81057845567214,-4.116557245872581,13.0,55.86078490474355,-4.339631469507248,134,18.992,1693
55.81057845567214,-4.116557245872581,13.0,55.924999437053955,-4.191173279124663,135,27.393,1697
55.81057845567214,-4.116557245872581,13.0,55.81549096669224,-4.126910343137958,136,1.203,549
55.81057845567214,-4.116557245872581,13.0,55.90135585493081,-4.207622057499793,137,20.291,1657
55.81057845567214,-4.116557245872581,13.0,55.845816555475636,-4.129576488296543,138,8.454,1078
55.81057845567214,-4.116557245872581,13.0,55.80470047644827,-4.291960781118721,139,18.527,1773
55.81057845567214,-4.116557245872581,13.0,55.89185394491289,-4.179857587296262,140,19.495,1456
55.81057845567214,-4.116557245872581,13.0,55.91859399996558,-4.3401659608951215,141,28.878,2142
55.81057845567214,-4.116557245872581,13.0,55.90671476836246,-4.3642865107142725,142,25.242,2189
55.81057845567214,-4.116557245872581,13.0,55.81273399651921,-4.167613047894911,143,4.935,854
55.81057845567214,-4.116557245872581,13.0,55.80939871413575,-4.276056954355674,144,15.108,1552
55.81057845567214,-4.116557245872581,13.0,55.88312869327199,-4.214542892826467,145,18.292,1558
55.81057845567214,-4.116557245872581,13.0,55.815340374954424,-4.283514492524949,146,15.278,1569
55.81057845567214,-4.116557245872581,13.0,55.87864379034378,-4.080636908866371,147,14.938,1202
55.81057845567214,-4.116557245872581,13.0,55.89423440492952,-4.2418874418647645,148,23.057,1784
55.81057845567214,-4.116557245872581,13.0,55.92796852989922,-4.305970400193036,149,29.144,2065
55.81057845567214,-4.116557245872581,13.0,55.92895153496988,-4.082888064137351,150,19.434,1428
55.81057845567214,-4.116557245872581,13.0,55.790766759429424,-4.135285962371055,151,3.647,674
55.81057845567214,-4.116557245872581,13.0,55.80808041573422,-4.184105792933229,152,8.352,931
55.81057845567214,-4.116557245872581,13.0,55.7982747224006,-4.3931924101572655,153,23.194,1947
55.81057845567214,-4.116557245872581,13.0,55.81178474630603,-4.337962602706185,154,19.792,1708
55.81057845567214,-4.116557245872581,13.0,55.852972007756,-4.353957895039277,155,18.191,1696
55.81057845567214,-4.116557245872581,13.0,55.797152036890715,-4.311451416173846,156,17.582,1652
55.81057845567214,-4.116557245872581,13.0,55.84839482833289,-4.1889265673730645,157,8.678,1145
55.81057845567214,-4.116557245872581,13.0,55.86383954752864,-4.387927326091926,158,23.783,1724
55.81057845567214,-4.116557245872581,13.0,55.807182357875575,-4.140487806234959,159,3.015,663
55.81057845567214,-4.116557245872581,13.0,55.8296607577131,-4.218765551358871,160,7.838,1169
55.81057845567214,-4.116557245872581,13.0,55.82699494590622,-4.295404959002084,161,17.228,1586
55.81057845567214,-4.116557245872581,13.0,55.861248665443505,-4.307186036515638,162,16.077,1600
55.81057845567214,-4.116557245872581,13.0,55.897857165570365,-4.156645648865112,163,20.971,1493
55.81057845567214,-4.116557245872581,13.0,55.877747555317356,-4.342792329217214,164,20.889,1823
55.81057845567214,-4.116557245872581,13.0,55.92259641850896,-4.389236283866068,165,37.145,2287
55.81057845567214,-4.116557245872581,13.0,55.92621339590465,-4.2820478996479165,166,27.468,1942
55.81057845567214,-4.116557245872581,13.0,55.80660612206145,-4.094012410496262,167,7.482,1072
55.81057845567214,-4.116557245872581,13.0,55.84605439624201,-4.09192094471571,168,16.167,1271
55.81057845567214,-4.116557245872581,13.0,55.83961965364386,-4.1201104741133365,169,6.161,880
55.81057845567214,-4.116557245872581,13.0,55.85030951683019,-4.217608837338132,170,10.34,1284
55.81057845567214,-4.116557245872581,13.0,55.85971342373431,-4.246748195156407,171,12.767,1520
55.81057845567214,-4.116557245872581,13.0,55.815747728441636,-4.150792968910081,172,3.23,744
55.81057845567214,-4.116557245872581,13.0,55.80041195127493,-4.3806303679601495,173,30.127,1952
55.81057845567214,-4.116557245872581,13.0,55.85487415463933,-4.092829020720908,174,9.529,1068
55.81057845567214,-4.116557245872581,13.0,55.80456076444065,-4.203157873727267,175,9.227,1015
55.81057845567214,-4.116557245872581,13.0,55.84723005082115,-4.330151260440624,176,16.144,1554
55.81057845567214,-4.116557245872581,13.0,55.88775631668876,-4.123428423568879,177,18.593,1555
55.81057845567214,-4.116557245872581,13.0,55.82857385936083,-4.129579652409029,178,2.46,661
55.81057845567214,-4.116557245872581,13.0,55.879865395443076,-4.36272007519476,179,21.781,1865
55.81057845567214,-4.116557245872581,13.0,55.87973669437185,-4.215636550296907,180,19.008,1654
55.81057845567214,-4.116557245872581,13.0,55.8162521393249,-4.1868605517933455,181,5.67,989
55.81057845567214,-4.116557245872581,13.0,55.80755514535402,-4.201625161718038,182,8.98,982
55.81057845567214,-4.116557245872581,13.0,55.85565398843102,-4.250533808562208,183,12.635,1526
55.81057845567214,-4.116557245872581,13.0,55.929636326069506,-4.381100658166308,184,38.131,2308
55.81057845567214,-4.116557245872581,13.0,55.879581066995904,-4.21986165885879,185,19.193,1689
55.81057845567214,-4.116557245872581,13.0,55.92647877645629,-4.127886630011083,186,19.836,1690
55.81057845567214,-4.116557245872581,13.0,55.82282427264178,-4.371094162561755,187,20.259,1787
55.81057845567214,-4.116557245872581,13.0,55.90291353127043,-4.3414180899754955,188,23.288,2068
55.81057845567214,-4.116557245872581,13.0,55.78437024600116,-4.156926419796477,189,6.804,894
55.81057845567214,-4.116557245872581,13.0,55.8321542449311,-4.1561720476648265,190,6.069,934
55.81057845567214,-4.116557245872581,13.0,55.88310705812362,-4.084862107847263,191,12.099,1084
55.81057845567214,-4.116557245872581,13.0,55.85616333886266,-4.110333739241922,192,10.742,1199
55.81057845567214,-4.116557245872581,13.0,55.90185178498145,-4.152652007721208,193,25.203,2041
55.81057845567214,-4.116557245872581,13.0,55.8837118458465,-4.182392741162416,194,18.862,2340
55.81057845567214,-4.116557245872581,13.0,55.83086049774818,-4.312434105301623,195,18.162,1691
55.81057845567214,-4.116557245872581,13.0,55.821849459706755,-4.176208567338996,196,4.846,875
55.81057845567214,-4.116557245872581,13.0,55.88009750494633,-4.255964552703097,197,21.286,1614
55.81057845567214,-4.116557245872581,13.0,55.87413911675089,-4.369807111055967,198,19.785,1614
55.81057845567214,-4.116557245872581,13.0,55.86354071984154,-4.093406384811447,199,10.331,1165
55.839972452542725,-4.207438772561645,14.0,55.8391698042901,-4.214478482526657,0,0.586,145
55.839972452542725,-4.207438772561645,14.0,55.86553667472969,-4.350500876963486,1,15.902,890
55.839972452542725,-4.207438772561645,14.0,55.912892829643965,-4.286410947894997,2,14.075,2082
55.839972452542725,-4.207438772561645,14.0,55.84854019346565,-4.391697428307927,3,15.333,1112
55.839972452542725,-4.207438772561645,14.0,55.79232875093524,-4.310455024670266,4,17.798,1089
55.839972452542725,-4.207438772561645,14.0,55.837143362020576,-4.120043492886959,5,6.865,407
55.839972452542725,-4.207438772561645,14.0,55.84185129809378,-4.283879851305767,6,5.685,748
55.839972452542725,-4.207438772561645,14.0,55.90609664927746,-4.311383718964596,7,13.005,1252
55.839972452542725,-4.207438772561645,14.0,55.7832172019226,-4.31249791159531,8,11.668,1114
55.839972452542725,-4.207438772561645,14.0,55.8177258987159,-4.260489243356555,9,5.691,627
55.839972452542725,-4.207438772561645,14.0,55.903262790870684,-4.212111703691823,10,10.548,1091
55.839972452542725,-4.207438772561645,14.0,55.893978813107424,-4.1413270988368325,11,9.165,976
55.839972452542725,-4.207438772561645,14.0,55.894884622950286,-4.154349650804189,12,12.06,906
55.839972452542725,-4.207438772561645,14.0,55.80680963785043,-4.263605759417426,13,8.129,894
55.839972452542725,-4.207438772561645,14.0,55.81824312166051,-4.346878846315483,14,14.961,1003
55.839972452542725,-4.207438772561645,14.0,55.84742656229786,-4.269221405976544,15,5.152,660
55.839972452542725,-4.207438772561645,14.0,55.80730424868546,-4.315177272898423,16,14.667,988
55.839972452542725,-4.207438772561645,14.0,55.83798278877758,-4.260604018644594,17,4.156,562
55.839972452542725,-4.207438772561645,14.0,55.89424631095569,-4.343398240721316,18,13.031,1110
55.839972452542725,-4.207438772561645,14.0,55.83908093533876,-4.223069302141199,19,1.616,275
55.839972452542725,-4.207438772561645,14.0,55.8357731433788,-4.270556349194068,20,4.84,612
55.839972452542725,-4.207438772561645,14.0,55.90309627527835,-4.360750370095284,21,15.064,1345
55.839972452542725,-4.207438772561645,14.0,55.85652103589449,-4.101365743428073,22,11.798,730
55.839972452542725,-4.207438772561645,14.0,55.783736419963375,-4.235306054793451,23,9.833,749
55.839972452542725,-4.207438772561645,14.0,55.92064824587275,-4.2358362157531895,24,11.673,1072
55.839972452542725,-4.207438772561645,14.0,55.907674892744176,-4.2497703459088045,25,10.425,2116
55.839972452542725,-4.207438772561645,14.0,55.919604340921964,-4.226208116301384,26,11.597,1083
55.839972452542725,-4.207438772561645,14.0,55.83219148710444,-4.304581930326681,27,13.839,1030
55.839972452542725,-4.207438772561645,14.0,55.79569701419853,-4.1769099124482585,28,6.354,537
55.839972452542725,-4.207438772561645,14.0,55.81260197667657,-4.197841211154324,29,3.765,404
55.839972452542725,-4.207438772561645,14.0,55.826092940761974,-4.176919409292903,30,3.539,462
55.839972452542725,-4.207438772561645,14.0,55.828413149208096,-4.109650878166438,31,10.326,670
55.839972452542725,-4.207438772561645,14.0,55.8999241737755,-4.257993823533507,32,10.524,1061
55.839972452542725,-4.207438772561645,14.0,55.892514250678616,-4.340118142906542,33,13.06,1122
55.839972452542725,-4.207438772561645,14.0,55.855241629670886,-4.269936069312288,34,8.857,762
55.839972452542725,-4.207438772561645,14.0,55.877364911629314,-4.109701193625618,35,18.039,942
55.839972452542725,-4.207438772561645,14.0,55.887053111734645,-4.1280531391159245,36,12.926,1017
55.839972452542725,-4.207438772561645,14.0,55.89108676863447,-4.105446803942431,37,18.027,1157
55.839972452542725,-4.207438772561645,14.0,55.842635153466425,-4.334387903339716,38,11.77,818
55.839972452542725,-4.207438772561645,14.0,55.89197542936556,-4.19614108945253,39,8.933,850
55.839972452542725,-4.207438772561645,14.0,55.825849135803445,-4.321179033230789,40,12.017,930
55.839972452542725,-4.207438772561645,14.0,55.81864602215581,-4.375055705699034,41,15.99,1012
55.839972452542725,-4.207438772561645,14.0,55.92613065482397,-4.212698358862173,42,12.059,1136
55.839972452542725,-4.207438772561645,14.0,55.874439929608144,-4.279689658904073,43,8.698,884
55.839972452542725,-4.207438772561645,14.0,55.81998166828728,-4.245455535821837,44,4.983,511
55.839972452542725,-4.207438772561645,14.0,55.91066980601156,-4.213502644426629,45,11.011,1086
55.839972452542725,-4.207438772561645,14.0,55.8404807486866,-4.356656090229781,46,15.422,1086
55.839972452542725,-4.207438772561645,14.0,55.88708229912325,-4.079055837843032,47,15.657,750
55.839972452542725,-4.207438772561645,14.0,55.84510555179576,-4.178720975321847,48,5.187,495
55.839972452542725,-4.207438772561645,14.0,55.84413340760586,-4.085244529493477,49,12.354,1124
55.839972452542725,-4.207438772561645,14.0,55.83324217210475,-4.157183908594519,50,5.049,492
55.839972452542725,-4.207438772561645,14.0,55.895753278756494,-4.323131413571223,51,12.817,1221
55.839972452542725,-4.207438772561645,14.0,55.88609925330935,-4.38354364327563,52,16.935,959
55.839972452542725,-4.207438772561645,14.0,55.86596770908397,-4.338853955125049,53,13.718,839
55.839972452542725,-4.207438772561645,14.0,55.819381988004544,-4.256567679373081,54,6.6,683
55.839972452542725,-4.207438772561645,14.0,55.919398785577634,-4.298102785445152,55,14.351,1762
55.839972452542725,-4.207438772561645,14.0,55.81052481551728,-4.0780884232687225,56,13.125,1817
55.839972452542725,-4.207438772561645,14.0,55.8411814367945,-4.125490362928665,57,8.407,565
55.839972452542725,-4.207438772561645,14.0,55.844855881791794,-4.151320272286683,58,6.039,545
55.839972452542725,-4.207438772561645,14.0,55.79334532620707,-4.3052187624925375,59,10.411,1062
55.839972452542725,-4.207438772561645,14.0,55.78499644933002,-4.082518262203789,60,13.548,826
55.839972452542725,-4.207438772561645,14.0,55.86482365717543,-4.074666870071637,61,13.35,924
55.839972452542725,-4.207438772561645,14.0,55.910543969585106,-4.384534109666136,62,16.891,1410
55.839972452542725,-4.207438772561645,14.0,55.799715679086134,-4.188568421733812,63,6.336,696
55.839972452542725,-4.207438772561645,14.0,55.90005630083831,-4.294022887833187,64,12.077,1205
55.839972452542725,-4.207438772561645,14.0,55.82573931186619,-4.210157383495828,65,1.822,219
55.839972452542725,-4.207438772561645,14.0,55.88010014610652,-4.288014027401103,66,10.798,1174
55.839972452542725,-4.207438772561645,14.0,55.8836463272421,-4.377148406451105,67,16.705,1036
55.839972452542725,-4.207438772561645,14.0,55.80511293548626,-4.195982430231648,68,4.745,479
55.839972452542725,-4.207438772561645,14.0,55.9265186267864,-4.256321117900257,69,13.889,1176
55.839972452542725,-4.207438772561645,14.0,55.90353118048908,-4.119171950823842,70,18.629,1218
55.839972452542725,-4.207438772561645,14.0,55.81502357146685,-4.260984914919316,71,6.048,662
55.839972452542725,-4.207438772561645,14.0,55.894355058439295,-4.293143876300353,72,11.367,1153
55.839972452542725,-4.207438772561645,14.0,55.80246488546192,-4.242274834364847,73,6.485,682
55.839972452542725,-4.207438772561645,14.0,55.887581813102464,-4.2985753032369685,74,10.979,1149
55.839972452542725,-4.207438772561645,14.0,55.928290955083554,-4.295962301582311,75,14.773,1176
55.839972452542725,-4.207438772561645,14.0,55.81096058143004,-4.368797105646974,76,17.647,1094
55.839972452542725,-4.207438772561645,14.0,55.84818750128869,-4.3631808239548375,77,16.408,938
55.839972452542725,-4.207438772561645,14.0,55.81610352786554,-4.330910795148831,78,13.986,843
55.839972452542725,-4.207438772561645,14.0,55.807034270653475,-4.136077366584948,79,11.102,718
55.839972452542725,-4.207438772561645,14.0,55.86778114631985,-4.233612892312959,80,5.655,726
55.839972452542725,-4.207438772561645,14.0,55.79578956690847,-4.368290459919509,81,22.731,2288
55.839972452542725,-4.207438772561645,14.0,55.897877306124535,-4.077031107370425,82,18.016,1496
55.839972452542725,-4.207438772561645,14.0,55.80721289582252,-4.242612882195534,83,5.824,643
55.839972452542725,-4.207438772561645,14.0,55.92209393969709,-4.157940141970138,84,13.593,1057
55.839972452542725,-4.207438772561645,14.0,55.79188265083702,-4.28147512844989,85,9.502,953
55.839972452542725,-4.207438772561645,14.0,55.88043814367632,-4.104360473798184,86,17.349,882
55.839972452542725,-4.207438772561645,14.0,55.90345994988174,-4.293652184560058,87,13.548,1218
55.839972452542725,-4.207438772561645,14.0,55.91230525016259,-4.108196424937476,88,21.309,1120
55.839972452542725,-4.207438772561645,14.0,55.90569137930351,-4.3852429216612405,89,16.926,1433
55.839972452542725,-4.207438772561645,14.0,55.824402119970216,-4.298242138123909,90,12.453,851
55.839972452542725,-4.207438772561645,14.0,55.887104625653905,-4.201059285828647,91,7.176,987
55.839972452542725,-4.207438772561645,14.0,55.92006797200308,-4.195257422106852,92,15.663,1102
55.839972452542725,-4.207438772561645,14.0,55.7944551107823,-4.1683749063061635,93,6.484,971
55.839972452542725,-4.207438772561645,14.0,55.88003873447475,-4.304350182381346,94,10.312,1057
55.839972452542725,-4.207438772561645,14.0,55.88308048053683,-4.2942103285768285,95,9.912,1031
55.839972452542725,-4.207438772561645,14.0,55.80779271908626,-4.3234306371549245,96,15.257,975
55.839972452542725,-4.207438772561645,14.0,55.90123467399992,-4.380968632189907,97,17.256,1555
55.839972452542725,-4.207438772561645,14.0,55.88049231589054,-4.293733205570284,98,9.814,1022
55.839972452542725,-4.207438772561645,14.0,55.84697147961761,-4.334108806216461,99,11.884,851
55.839972452542725,-4.207438772561645,14.0,55.83067141211495,-4.195633651932574,100,2.157,293
55.839972452542725,-4.207438772561645,14.0,55.89350845984679,-4.099445363541155,101,17.094,928
55.839972452542725,-4.207438772561645,14.0,55.92592408664018,-4.179171340754611,102,14.934,1140
55.839972452542725,-4.207438772561645,14.0,55.84941827409408,-4.169566750359822,103,5.892,561
55.839972452542725,-4.207438772561645,14.0,55.92413375575165,-4.226670311636797,104,13.274,1878
55.839972452542725,-4.207438772561645,14.0,55.88995713457192,-4.285031242761631,105,10.307,1056
55.839972452542725,-4.207438772561645,14.0,55.90528066541109,-4.131569818675147,106,11.272,904
55.839972452542725,-4.207438772561645,14.0,55.87850608392288,-4.103517886631066,107,17.68,915
55.839972452542725,-4.207438772561645,14.0,55.80799405798939,-4.284953473560454,108,7.915,898
55.839972452542725,-4.207438772561645,14.0,55.906815669822045,-4.385279074380807,109,16.237,1348
55.839972452542725,-4.207438772561645,14.0,55.916237634416454,-4.222407816066865,110,11.512,1071
55.839972452542725,-4.207438772561645,14.0,55.915798955837815,-4.088621086891774,111,20.175,1003
55.839972452542725,-4.207438772561645,14.0,55.827538479175395,-4.350653065976025,112,14.33,934
55.839972452542725,-4.207438772561645,14.0,55.799515288981674,-4.0866627646338864,113,14.107,943
55.839972452542725,-4.207438772561645,14.0,55.831024245961984,-4.244756518165482,114,3.596,466
55.839972452542725,-4.207438772561645,14.0,55.86754360554833,-4.2143078261423845,115,4.991,762
55.839972452542725,-4.207438772561645,14.0,55.8574985965699,-4.1521224561179935,116,7.195,671
55.839972452542725,-4.207438772561645,14.0,55.88095643501817,-4.32811659177277,117,10.873,937
55.839972452542725,-4.207438772561645,14.0,55.85240433608213,-4.177570445500026,118,4.455,502
55.839972452542725,-4.207438772561645,14.0,55.91169549549074,-4.359708873069638,119,16.463,1535
55.839972452542725,-4.207438772561645,14.0,55.92640787519779,-4.300990956079843,120,15.221,1225
55.839972452542725,-4.207438772561645,14.0,55.84019197366069,-4.205566157974415,121,0.71,158
55.839972452542725,-4.207438772561645,14.0,55.866619942939494,-4.268153778778456,122,7.775,865
55.839972452542725,-4.207438772561645,14.0,55.81327411986783,-4.2587495402872255,123,6.027,671
55.839972452542725,-4.207438772561645,14.0,55.86022660117776,-4.154711133590585,124,7.548,702
55.839972452542725,-4.207438772561645,14.0,55.831522729053496,-4.370420634377527,125,16.384,1104
55.839972452542725,-4.207438772561645,14.0,55.84074346341779,-4.172411658039648,126,4.26,415
55.839972452542725,-4.207438772561645,14.0,55.8801412435821,-4.258666277618953,127,8.051,879
55.839972452542725,-4.207438772561645,14.0,55.8434159429892,-4.1056733307349536,128,8.663,594
55.839972452542725,-4.207438772561645,14.0,55.83522057783537,-4.25736952395694,129,4.13,563
55.839972452542725,-4.207438772561645,14.0,55.86467774065618,-4.2250953414252415,130,4.216,518
55.839972452542725,-4.207438772561645,14.0,55.8953662249987,-4.231143624453162,131,8.699,883
55.839972452542725,-4.207438772561645,14.0,55.81920459649808,-4.236238450921302,132,4.399,461
55.839972452542725,-4.207438772561645,14.0,55.900795402502105,-4.206009410292495,133,10.334,1017
55.839972452542725,-4.207438772561645,14.0,55.86078490474355,-4.339631469507248,134,14.253,934
55.839972452542725,-4.207438772561645,14.0,55.924999437053955,-4.191173279124663,135,15.412,1093
55.839972452542725,-4.207438772561645,14.0,55.81549096669224,-4.126910343137958,136,7.764,760
55.839972452542725,-4.207438772561645,14.0,55.90135585493081,-4.207622057499793,137,10.333,994
55.839972452542725,-4.207438772561645,14.0,55.845816555475636,-4.129576488296543,138,7.412,636
55.839972452542725,-4.207438772561645,14.0,55.80470047644827,-4.291960781118721,139,8.865,991
55.839972452542725,-4.207438772561645,14.0,55.89185394491289,-4.179857587296262,140,7.837,775
55.839972452542725,-4.207438772561645,14.0,55.91859399996558,-4.3401659608951215,141,17.982,1435
55.839972452542725,-4.207438772561645,14.0,55.90671476836246,-4.3642865107142725,142,15.816,1401
55.839972452542725,-4.207438772561645,14.0,55.81273399651921,-4.167613047894911,143,5.742,508
55.839972452542725,-4.207438772561645,14.0,55.80939871413575,-4.276056954355674,144,7.203,786
55.839972452542725,-4.207438772561645,14.0,55.88312869327199,-4.214542892826467,145,8.27,909
55.839972452542725,-4.207438772561645,14.0,55.815340374954424,-4.283514492524949,146,7.373,804
55.839972452542725,-4.207438772561645,14.0,55.87864379034378,-4.080636908866371,147,16.637,785
55.839972452542725,-4.207438772561645,14.0,55.89423440492952,-4.2418874418647645,148,9.262,967
55.839972452542725,-4.207438772561645,14.0,55.92796852989922,-4.305970400193036,149,15.349,1248
55.839972452542725,-4.207438772561645,14.0,55.92895153496988,-4.082888064137351,150,21.133,1011
55.839972452542725,-4.207438772561645,14.0,55.790766759429424,-4.135285962371055,151,8.909,613
55.839972452542725,-4.207438772561645,14.0,55.80808041573422,-4.184105792933229,152,4.539,410
55.839972452542725,-4.207438772561645,14.0,55.7982747224006,-4.3931924101572655,153,18.455,1188
55.839972452542725,-4.207438772561645,14.0,55.81178474630603,-4.337962602706185,154,15.053,949
55.839972452542725,-4.207438772561645,14.0,55.852972007756,-4.353957895039277,155,13.452,937
55.839972452542725,-4.207438772561645,14.0,55.797152036890715,-4.311451416173846,156,17.025,1023
55.839972452542725,-4.207438772561645,14.0,55.84839482833289,-4.1889265673730645,157,3.366,464
55.839972452542725,-4.207438772561645,14.0,55.86383954752864,-4.387927326091926,158,19.044,964
55.839972452542725,-4.207438772561645,14.0,55.807182357875575,-4.140487806234959,159,7.778,676
55.839972452542725,-4.207438772561645,14.0,55.8296607577131,-4.218765551358871,160,2.163,310
55.839972452542725,-4.207438772561645,14.0,55.82699494590622,-4.295404959002084,161,7.058,834
55.839972452542725,-4.207438772561645,14.0,55.861248665443505,-4.307186036515638,162,11.338,840
55.839972452542725,-4.207438772561645,14.0,55.897857165570365,-4.156645648865112,163,9.313,812
55.839972452542725,-4.207438772561645,14.0,55.877747555317356,-4.342792329217214,164,11.471,1043
55.839972452542725,-4.207438772561645,14.0,55.92259641850896,-4.389236283866068,165,32.406,1528
55.839972452542725,-4.207438772561645,14.0,55.92621339590465,-4.2820478996479165,166,13.673,1125
55.839972452542725,-4.207438772561645,14.0,55.80660612206145,-4.094012410496262,167,12.71,882
55.839972452542725,-4.207438772561645,14.0,55.84605439624201,-4.09192094471571,168,17.866,853
55.839972452542725,-4.207438772561645,14.0,55.83961965364386,-4.1201104741133365,169,8.014,492
55.839972452542725,-4.207438772561645,14.0,55.85030951683019,-4.217608837338132,170,1.966,327
55.839972452542725,-4.207438772561645,14.0,55.85971342373431,-4.246748195156407,171,4.289,566
55.839972452542725,-4.207438772561645,14.0,55.815747728441636,-4.150792968910081,172,5.32,585
55.839972452542725,-4.207438772561645,14.0,55.80041195127493,-4.3806303679601495,173,17.871,1141
55.839972452542725,-4.207438772561645,14.0,55.85487415463933,-4.092829020720908,174,12.321,685
55.839972452542725,-4.207438772561645,14.0,55.80456076444065,-4.203157873727267,175,4.764,481
55.839972452542725,-4.207438772561645,14.0,55.84723005082115,-4.330151260440624,176,11.405,795
55.839972452542725,-4.207438772561645,14.0,55.88775631668876,-4.123428423568879,177,13.061,1023
55.839972452542725,-4.207438772561645,14.0,55.82857385936083,-4.129579652409029,178,7.842,773
55.839972452542725,-4.207438772561645,14.0,55.879865395443076,-4.36272007519476,179,12.379,1069
55.839972452542725,-4.207438772561645,14.0,55.87973669437185,-4.215636550296907,180,6.064,888
55.839972452542725,-4.207438772561645,14.0,55.8162521393249,-4.1868605517933455,181,3.906,392
55.839972452542725,-4.207438772561645,14.0,55.80755514535402,-4.201625161718038,182,4.517,447
55.839972452542725,-4.207438772561645,14.0,55.85565398843102,-4.250533808562208,183,4.169,562
55.839972452542725,-4.207438772561645,14.0,55.929636326069506,-4.381100658166308,184,33.392,1549
55.839972452542725,-4.207438772561645,14.0,55.879581066995904,-4.21986165885879,185,7.198,901
55.839972452542725,-4.207438772561645,14.0,55.92647877645629,-4.127886630011083,186,14.675,1142
55.839972452542725,-4.207438772561645,14.0,55.82282427264178,-4.371094162561755,187,15.52,1027
55.839972452542725,-4.207438772561645,14.0,55.90291353127043,-4.3414180899754955,188,13.862,1279
55.839972452542725,-4.207438772561645,14.0,55.78437024600116,-4.156926419796477,189,8.253,627
55.839972452542725,-4.207438772561645,14.0,55.8321542449311,-4.1561720476648265,190,5.089,506
55.839972452542725,-4.207438772561645,14.0,55.88310705812362,-4.084862107847263,191,13.798,667
55.839972452542725,-4.207438772561645,14.0,55.85616333886266,-4.110333739241922,192,12.441,782
55.839972452542725,-4.207438772561645,14.0,55.90185178498145,-4.152652007721208,193,13.222,1436
55.839972452542725,-4.207438772561645,14.0,55.8837118458465,-4.182392741162416,194,8.991,1753
55.839972452542725,-4.207438772561645,14.0,55.83086049774818,-4.312434105301623,195,13.423,932
55.839972452542725,-4.207438772561645,14.0,55.821849459706755,-4.176208567338996,196,3.95,459
55.839972452542725,-4.207438772561645,14.0,55.88009750494633,-4.255964552703097,197,7.737,858
55.839972452542725,-4.207438772561645,14.0,55.87413911675089,-4.369807111055967,198,15.046,855
55.839972452542725,-4.207438772561645,14.0,55.86354071984154,-4.093406384811447,199,13.901,789
55.91630757001788,-4.108607432427394,15.0,55.8391698042901,-4.214478482526657,0,22.703,989
55.91630757001788,-4.108607432427394,15.0,55.86553667472969,-4.350500876963486,1,29.432,1242
55.91630757001788,-4.108607432427394,15.0,55.912892829643965,-4.286410947894997,2,22.764,1955
55.91630757001788,-4.108607432427394,15.0,55.84854019346565,-4.391697428307927,3,28.863,1463
55.91630757001788,-4.108607432427394,15.0,55.79232875093524,-4.310455024670266,4,31.354,1442
55.91630757001788,-4.108607432427394,15.0,55.837143362020576,-4.120043492886959,5,20.933,809
55.91630757001788,-4.108607432427394,15.0,55.84185129809378,-4.283879851305767,6,26.034,1192
55.91630757001788,-4.108607432427394,15.0,55.90609664927746,-4.311383718964596,7,24.974,1227
55.91630757001788,-4.108607432427394,15.0,55.7832172019226,-4.31249791159531,8,32.942,1500
55.91630757001788,-4.108607432427394,15.0,55.8177258987159,-4.260489243356555,9,26.86,1205
55.91630757001788,-4.108607432427394,15.0,55.903262790870684,-4.212111703691823,10,16.329,807
55.91630757001788,-4.108607432427394,15.0,55.893978813107424,-4.1413270988368325,11,10.899,490
55.91630757001788,-4.108607432427394,15.0,55.894884622950286,-4.154349650804189,12,9.829,337
55.91630757001788,-4.108607432427394,15.0,55.80680963785043,-4.263605759417426,13,29.298,1472
55.91630757001788,-4.108607432427394,15.0,55.81824312166051,-4.346878846315483,14,28.517,1356
55.91630757001788,-4.108607432427394,15.0,55.84742656229786,-4.269221405976544,15,22.51,1079
55.91630757001788,-4.108607432427394,15.0,55.80730424868546,-4.315177272898423,16,28.223,1341
55.91630757001788,-4.108607432427394,15.0,55.83798278877758,-4.260604018644594,17,25.381,1106
55.91630757001788,-4.108607432427394,15.0,55.89424631095569,-4.343398240721316,18,24.363,1290
55.91630757001788,-4.108607432427394,15.0,55.83908093533876,-4.223069302141199,19,23.733,1119
55.91630757001788,-4.108607432427394,15.0,55.8357731433788,-4.270556349194068,20,23.314,1091
55.91630757001788,-4.108607432427394,15.0,55.90309627527835,-4.360750370095284,21,27.637,1499
55.91630757001788,-4.108607432427394,15.0,55.85652103589449,-4.101365743428073,22,13.996,636
55.91630757001788,-4.108607432427394,15.0,55.783736419963375,-4.235306054793451,23,27.771,1382
55.91630757001788,-4.108607432427394,15.0,55.92064824587275,-4.2358362157531895,24,17.887,813
55.91630757001788,-4.108607432427394,15.0,55.907674892744176,-4.2497703459088045,25,18.833,2029
55.91630757001788,-4.108607432427394,15.0,55.919604340921964,-4.226208116301384,26,16.621,748
55.91630757001788,-4.108607432427394,15.0,55.83219148710444,-4.304581930326681,27,27.395,1383
55.91630757001788,-4.108607432427394,15.0,55.79569701419853,-4.1769099124482585,28,23.946,1138
55.91630757001788,-4.108607432427394,15.0,55.81260197667657,-4.197841211154324,29,24.568,1124
55.91630757001788,-4.108607432427394,15.0,55.826092940761974,-4.176919409292903,30,20.851,951
55.91630757001788,-4.108607432427394,15.0,55.828413149208096,-4.109650878166438,31,18.403,846
55.91630757001788,-4.108607432427394,15.0,55.8999241737755,-4.257993823533507,32,24.038,1149
55.91630757001788,-4.108607432427394,15.0,55.892514250678616,-4.340118142906542,33,24.392,1302
55.91630757001788,-4.108607432427394,15.0,55.855241629670886,-4.269936069312288,34,20.354,820
55.91630757001788,-4.108607432427394,15.0,55.877364911629314,-4.109701193625618,35,11.226,569
55.91630757001788,-4.108607432427394,15.0,55.887053111734645,-4.1280531391159245,36,10.749,457
55.91630757001788,-4.108607432427394,15.0,55.89108676863447,-4.105446803942431,37,8.823,669
55.91630757001788,-4.108607432427394,15.0,55.842635153466425,-4.334387903339716,38,25.3,1170
55.91630757001788,-4.108607432427394,15.0,55.89197542936556,-4.19614108945253,39,12.937,540
55.91630757001788,-4.108607432427394,15.0,55.825849135803445,-4.321179033230789,40,25.573,1283
55.91630757001788,-4.108607432427394,15.0,55.81864602215581,-4.375055705699034,41,29.546,1365
55.91630757001788,-4.108607432427394,15.0,55.92613065482397,-4.212698358862173,42,15.995,743
55.91630757001788,-4.108607432427394,15.0,55.874439929608144,-4.279689658904073,43,20.195,942
55.91630757001788,-4.108607432427394,15.0,55.81998166828728,-4.245455535821837,44,26.34,1110
55.91630757001788,-4.108607432427394,15.0,55.91066980601156,-4.213502644426629,45,16.977,797
55.91630757001788,-4.108607432427394,15.0,55.8404807486866,-4.356656090229781,46,28.952,1437
55.91630757001788,-4.108607432427394,15.0,55.88708229912325,-4.079055837843032,47,8.206,321
55.91630757001788,-4.108607432427394,15.0,55.84510555179576,-4.178720975321847,48,20.267,924
55.91630757001788,-4.108607432427394,15.0,55.84413340760586,-4.085244529493477,49,15.745,1172
55.91630757001788,-4.108607432427394,15.0,55.83324217210475,-4.157183908594519,50,18.948,798
55.91630757001788,-4.108607432427394,15.0,55.895753278756494,-4.323131413571223,51,27.263,1437
55.91630757001788,-4.108607432427394,15.0,55.88609925330935,-4.38354364327563,52,30.465,1310
55.91630757001788,-4.108607432427394,15.0,55.86596770908397,-4.338853955125049,53,27.248,1191
55.91630757001788,-4.108607432427394,15.0,55.819381988004544,-4.256567679373081,54,27.769,1260
55.91630757001788,-4.108607432427394,15.0,55.919398785577634,-4.298102785445152,55,23.04,1635
55.91630757001788,-4.108607432427394,15.0,55.81052481551728,-4.0780884232687225,56,21.202,1993
55.91630757001788,-4.108607432427394,15.0,55.8411814367945,-4.125490362928665,57,16.484,741
55.91630757001788,-4.108607432427394,15.0,55.844855881791794,-4.151320272286683,58,20.099,898
55.91630757001788,-4.108607432427394,15.0,55.79334532620707,-4.3052187624925375,59,31.685,1448
55.91630757001788,-4.108607432427394,15.0,55.78499644933002,-4.082518262203789,60,23.092,920
55.91630757001788,-4.108607432427394,15.0,55.86482365717543,-4.074666870071637,61,12.163,735
55.91630757001788,-4.108607432427394,15.0,55.910543969585106,-4.384534109666136,62,30.069,1634
55.91630757001788,-4.108607432427394,15.0,55.799715679086134,-4.188568421733812,63,24.274,1329
55.91630757001788,-4.108607432427394,15.0,55.90005630083831,-4.294022887833187,64,24.193,1210
55.91630757001788,-4.108607432427394,15.0,55.82573931186619,-4.210157383495828,65,22.625,939
55.91630757001788,-4.108607432427394,15.0,55.88010014610652,-4.288014027401103,66,22.295,1232
55.91630757001788,-4.108607432427394,15.0,55.8836463272421,-4.377148406451105,67,30.235,1388
55.91630757001788,-4.108607432427394,15.0,55.80511293548626,-4.195982430231648,68,25.548,1199
55.91630757001788,-4.108607432427394,15.0,55.9265186267864,-4.256321117900257,69,20.113,942
55.91630757001788,-4.108607432427394,15.0,55.90353118048908,-4.119171950823842,70,8.287,641
55.91630757001788,-4.108607432427394,15.0,55.81502357146685,-4.260984914919316,71,27.217,1239
55.91630757001788,-4.108607432427394,15.0,55.894355058439295,-4.293143876300353,72,22.864,1211
55.91630757001788,-4.108607432427394,15.0,55.80246488546192,-4.242274834364847,73,28.481,1336
55.91630757001788,-4.108607432427394,15.0,55.887581813102464,-4.2985753032369685,74,22.476,1207
55.91630757001788,-4.108607432427394,15.0,55.928290955083554,-4.295962301582311,75,21.74,977
55.91630757001788,-4.108607432427394,15.0,55.81096058143004,-4.368797105646974,76,31.203,1447
55.91630757001788,-4.108607432427394,15.0,55.84818750128869,-4.3631808239548375,77,29.938,1289
55.91630757001788,-4.108607432427394,15.0,55.81610352786554,-4.330910795148831,78,27.542,1196
55.91630757001788,-4.108607432427394,15.0,55.807034270653475,-4.136077366584948,79,22.972,1086
55.91630757001788,-4.108607432427394,15.0,55.86778114631985,-4.233612892312959,80,17.325,806
55.91630757001788,-4.108607432427394,15.0,55.79578956690847,-4.368290459919509,81,36.287,2641
55.91630757001788,-4.108607432427394,15.0,55.897877306124535,-4.077031107370425,82,6.814,912
55.91630757001788,-4.108607432427394,15.0,55.80721289582252,-4.242612882195534,83,27.704,1287
55.91630757001788,-4.108607432427394,15.0,55.92209393969709,-4.157940141970138,84,11.93,515
55.91630757001788,-4.108607432427394,15.0,55.79188265083702,-4.28147512844989,85,32.547,1503
55.91630757001788,-4.108607432427394,15.0,55.88043814367632,-4.104360473798184,86,10.536,509
55.91630757001788,-4.108607432427394,15.0,55.90345994988174,-4.293652184560058,87,23.408,1131
55.91630757001788,-4.108607432427394,15.0,55.91230525016259,-4.108196424937476,88,6.296,439
55.91630757001788,-4.108607432427394,15.0,55.90569137930351,-4.3852429216612405,89,31.005,1710
55.91630757001788,-4.108607432427394,15.0,55.824402119970216,-4.298242138123909,90,26.009,1204
55.91630757001788,-4.108607432427394,15.0,55.887104625653905,-4.201059285828647,91,13.997,708
55.91630757001788,-4.108607432427394,15.0,55.92006797200308,-4.195257422106852,92,14.0,561
55.91630757001788,-4.108607432427394,15.0,55.7944551107823,-4.1683749063061635,93,24.076,1572
55.91630757001788,-4.108607432427394,15.0,55.88003873447475,-4.304350182381346,94,21.809,1115
55.91630757001788,-4.108607432427394,15.0,55.88308048053683,-4.2942103285768285,95,21.409,1090
55.91630757001788,-4.108607432427394,15.0,55.80779271908626,-4.3234306371549245,96,28.813,1328
55.91630757001788,-4.108607432427394,15.0,55.90123467399992,-4.380968632189907,97,31.411,1790
55.91630757001788,-4.108607432427394,15.0,55.88049231589054,-4.293733205570284,98,21.311,1080
55.91630757001788,-4.108607432427394,15.0,55.84697147961761,-4.334108806216461,99,25.414,1203
55.91630757001788,-4.108607432427394,15.0,55.83067141211495,-4.195633651932574,100,21.869,953
55.91630757001788,-4.108607432427394,15.0,55.89350845984679,-4.099445363541155,101,7.89,439
55.91630757001788,-4.108607432427394,15.0,55.92592408664018,-4.179171340754611,102,13.271,599
55.91630757001788,-4.108607432427394,15.0,55.84941827409408,-4.169566750359822,103,20.376,947
55.91630757001788,-4.108607432427394,15.0,55.92413375575165,-4.226670311636797,104,17.21,1485
55.91630757001788,-4.108607432427394,15.0,55.88995713457192,-4.285031242761631,105,21.804,1114
55.91630757001788,-4.108607432427394,15.0,55.90528066541109,-4.131569818675147,106,9.609,363
55.91630757001788,-4.108607432427394,15.0,55.87850608392288,-4.103517886631066,107,10.867,542
55.91630757001788,-4.108607432427394,15.0,55.80799405798939,-4.284953473560454,108,29.084,1476
55.91630757001788,-4.108607432427394,15.0,55.906815669822045,-4.385279074380807,109,27.569,1528
55.91630757001788,-4.108607432427394,15.0,55.916237634416454,-4.222407816066865,110,16.536,736
55.91630757001788,-4.108607432427394,15.0,55.915798955837815,-4.088621086891774,111,5.162,305
55.91630757001788,-4.108607432427394,15.0,55.827538479175395,-4.350653065976025,112,27.886,1287
55.91630757001788,-4.108607432427394,15.0,55.799515288981674,-4.0866627646338864,113,23.462,1033
55.91630757001788,-4.108607432427394,15.0,55.831024245961984,-4.244756518165482,114,24.821,1011
55.91630757001788,-4.108607432427394,15.0,55.86754360554833,-4.2143078261423845,115,16.023,837
55.91630757001788,-4.108607432427394,15.0,55.8574985965699,-4.1521224561179935,116,16.631,835
55.91630757001788,-4.108607432427394,15.0,55.88095643501817,-4.32811659177277,117,25.028,1172
55.91630757001788,-4.108607432427394,15.0,55.85240433608213,-4.177570445500026,118,18.057,939
55.91630757001788,-4.108607432427394,15.0,55.91169549549074,-4.359708873069638,119,27.581,1490
55.91630757001788,-4.108607432427394,15.0,55.92640787519779,-4.300990956079843,120,22.188,1025
55.91630757001788,-4.108607432427394,15.0,55.84019197366069,-4.205566157974415,121,23.189,1104
55.91630757001788,-4.108607432427394,15.0,55.866619942939494,-4.268153778778456,122,19.272,923
55.91630757001788,-4.108607432427394,15.0,55.81327411986783,-4.2587495402872255,123,27.196,1249
55.91630757001788,-4.108607432427394,15.0,55.86022660117776,-4.154711133590585,124,18.291,854
55.91630757001788,-4.108607432427394,15.0,55.831522729053496,-4.370420634377527,125,29.94,1457
55.91630757001788,-4.108607432427394,15.0,55.84074346341779,-4.172411658039648,126,19.929,843
55.91630757001788,-4.108607432427394,15.0,55.8801412435821,-4.258666277618953,127,19.548,937
55.91630757001788,-4.108607432427394,15.0,55.8434159429892,-4.1056733307349536,128,16.74,770
55.91630757001788,-4.108607432427394,15.0,55.83522057783537,-4.25736952395694,129,25.355,1108
55.91630757001788,-4.108607432427394,15.0,55.86467774065618,-4.2250953414252415,130,17.218,710
55.91630757001788,-4.108607432427394,15.0,55.8953662249987,-4.231143624453162,131,15.756,787
55.91630757001788,-4.108607432427394,15.0,55.81920459649808,-4.236238450921302,132,26.924,1160
55.91630757001788,-4.108607432427394,15.0,55.900795402502105,-4.206009410292495,133,14.338,706
55.91630757001788,-4.108607432427394,15.0,55.86078490474355,-4.339631469507248,134,27.783,1286
55.91630757001788,-4.108607432427394,15.0,55.924999437053955,-4.191173279124663,135,13.749,551
55.91630757001788,-4.108607432427394,15.0,55.81549096669224,-4.126910343137958,136,21.802,1057
55.91630757001788,-4.108607432427394,15.0,55.90135585493081,-4.207622057499793,137,14.337,684
55.91630757001788,-4.108607432427394,15.0,55.845816555475636,-4.129576488296543,138,15.573,729
55.91630757001788,-4.108607432427394,15.0,55.80470047644827,-4.291960781118721,139,27.339,1436
55.91630757001788,-4.108607432427394,15.0,55.89185394491289,-4.179857587296262,140,11.824,455
55.91630757001788,-4.108607432427394,15.0,55.91859399996558,-4.3401659608951215,141,24.949,1236
55.91630757001788,-4.108607432427394,15.0,55.90671476836246,-4.3642865107142725,142,27.668,1463
55.91630757001788,-4.108607432427394,15.0,55.81273399651921,-4.167613047894911,143,21.405,939
55.91630757001788,-4.108607432427394,15.0,55.80939871413575,-4.276056954355674,144,28.372,1364
55.91630757001788,-4.108607432427394,15.0,55.88312869327199,-4.214542892826467,145,14.57,763
55.91630757001788,-4.108607432427394,15.0,55.815340374954424,-4.283514492524949,146,26.214,1308
55.91630757001788,-4.108607432427394,15.0,55.87864379034378,-4.080636908866371,147,9.119,344
55.91630757001788,-4.108607432427394,15.0,55.89423440492952,-4.2418874418647645,148,16.497,910
55.91630757001788,-4.108607432427394,15.0,55.92796852989922,-4.305970400193036,149,22.316,1048
55.91630757001788,-4.108607432427394,15.0,55.92895153496988,-4.082888064137351,150,5.532,254
55.91630757001788,-4.108607432427394,15.0,55.790766759429424,-4.135285962371055,151,25.1,1142
55.91630757001788,-4.108607432427394,15.0,55.80808041573422,-4.184105792933229,152,22.884,1056
55.91630757001788,-4.108607432427394,15.0,55.7982747224006,-4.3931924101572655,153,32.011,1541
55.91630757001788,-4.108607432427394,15.0,55.81178474630603,-4.337962602706185,154,28.609,1302
55.91630757001788,-4.108607432427394,15.0,55.852972007756,-4.353957895039277,155,26.982,1289
55.91630757001788,-4.108607432427394,15.0,55.797152036890715,-4.311451416173846,156,30.581,1376
55.91630757001788,-4.108607432427394,15.0,55.84839482833289,-4.1889265673730645,157,21.028,960
55.91630757001788,-4.108607432427394,15.0,55.86383954752864,-4.387927326091926,158,32.574,1316
55.91630757001788,-4.108607432427394,15.0,55.807182357875575,-4.140487806234959,159,22.649,1061
55.91630757001788,-4.108607432427394,15.0,55.8296607577131,-4.218765551358871,160,22.966,1030
55.91630757001788,-4.108607432427394,15.0,55.82699494590622,-4.295404959002084,161,26.045,1180
55.91630757001788,-4.108607432427394,15.0,55.861248665443505,-4.307186036515638,162,25.685,1215
55.91630757001788,-4.108607432427394,15.0,55.897857165570365,-4.156645648865112,163,13.361,508
55.91630757001788,-4.108607432427394,15.0,55.877747555317356,-4.342792329217214,164,25.626,1278
55.91630757001788,-4.108607432427394,15.0,55.92259641850896,-4.389236283866068,165,28.948,1440
55.91630757001788,-4.108607432427394,15.0,55.92621339590465,-4.2820478996479165,166,21.06,945
55.91630757001788,-4.108607432427394,15.0,55.80660612206145,-4.094012410496262,167,20.787,1058
55.91630757001788,-4.108607432427394,15.0,55.84605439624201,-4.09192094471571,168,22.591,860
55.91630757001788,-4.108607432427394,15.0,55.83961965364386,-4.1201104741133365,169,16.091,668
55.91630757001788,-4.108607432427394,15.0,55.85030951683019,-4.217608837338132,170,22.863,1068
55.91630757001788,-4.108607432427394,15.0,55.85971342373431,-4.246748195156407,171,17.931,856
55.91630757001788,-4.108607432427394,15.0,55.815747728441636,-4.150792968910081,172,21.519,958
55.91630757001788,-4.108607432427394,15.0,55.80041195127493,-4.3806303679601495,173,31.427,1494
55.91630757001788,-4.108607432427394,15.0,55.85487415463933,-4.092829020720908,174,14.519,591
55.91630757001788,-4.108607432427394,15.0,55.80456076444065,-4.203157873727267,175,25.567,1200
55.91630757001788,-4.108607432427394,15.0,55.84723005082115,-4.330151260440624,176,24.935,1147
55.91630757001788,-4.108607432427394,15.0,55.88775631668876,-4.123428423568879,177,10.884,463
55.91630757001788,-4.108607432427394,15.0,55.82857385936083,-4.129579652409029,178,21.409,1036
55.91630757001788,-4.108607432427394,15.0,55.879865395443076,-4.36272007519476,179,26.534,1304
55.91630757001788,-4.108607432427394,15.0,55.87973669437185,-4.215636550296907,180,15.395,883
55.91630757001788,-4.108607432427394,15.0,55.8162521393249,-4.1868605517933455,181,21.992,1053
55.91630757001788,-4.108607432427394,15.0,55.80755514535402,-4.201625161718038,182,25.32,1167
55.91630757001788,-4.108607432427394,15.0,55.85565398843102,-4.250533808562208,183,18.745,1011
55.91630757001788,-4.108607432427394,15.0,55.929636326069506,-4.381100658166308,184,28.01,1399
55.91630757001788,-4.108607432427394,15.0,55.879581066995904,-4.21986165885879,185,15.668,932
55.91630757001788,-4.108607432427394,15.0,55.92647877645629,-4.127886630011083,186,8.361,591
55.91630757001788,-4.108607432427394,15.0,55.82282427264178,-4.371094162561755,187,29.076,1380
55.91630757001788,-4.108607432427394,15.0,55.90291353127043,-4.3414180899754955,188,25.194,1459
55.91630757001788,-4.108607432427394,15.0,55.78437024600116,-4.156926419796477,189,28.691,1196
55.91630757001788,-4.108607432427394,15.0,55.8321542449311,-4.1561720476648265,190,18.988,812
55.91630757001788,-4.108607432427394,15.0,55.88310705812362,-4.084862107847263,191,16.077,584
55.91630757001788,-4.108607432427394,15.0,55.85616333886266,-4.110333739241922,192,14.639,688
55.91630757001788,-4.108607432427394,15.0,55.90185178498145,-4.152652007721208,193,11.559,895
55.91630757001788,-4.108607432427394,15.0,55.8837118458465,-4.182392741162416,194,13.967,1511
55.91630757001788,-4.108607432427394,15.0,55.83086049774818,-4.312434105301623,195,26.979,1285
55.91630757001788,-4.108607432427394,15.0,55.821849459706755,-4.176208567338996,196,20.872,896
55.91630757001788,-4.108607432427394,15.0,55.88009750494633,-4.255964552703097,197,19.234,916
55.91630757001788,-4.108607432427394,15.0,55.87413911675089,-4.369807111055967,198,28.576,1207
55.91630757001788,-4.108607432427394,15.0,55.86354071984154,-4.093406384811447,199,12.843,601
55.828185896123955,-4.325278802853189,16.0,55.8391698042901,-4.214478482526657,0,11.83,876
55.828185896123955,-4.325278802853189,16.0,55.86553667472969,-4.350500876963486,1,9.207,769
55.828185896123955,-4.325278802853189,16.0,55.912892829643965,-4.286410947894997,2,14.998,2085
55.828185896123955,-4.325278802853189,16.0,55.84854019346565,-4.391697428307927,3,7.588,889
55.828185896123955,-4.325278802853189,16.0,55.79232875093524,-4.310455024670266,4,9.5,789
55.828185896123955,-4.325278802853189,16.0,55.837143362020576,-4.120043492886959,5,15.529,888
55.828185896123955,-4.325278802853189,16.0,55.84185129809378,-4.283879851305767,6,3.533,527
55.828185896123955,-4.325278802853189,16.0,55.90609664927746,-4.311383718964596,7,12.383,1093
55.828185896123955,-4.325278802853189,16.0,55.7832172019226,-4.31249791159531,8,11.088,847
55.828185896123955,-4.325278802853189,16.0,55.8177258987159,-4.260489243356555,9,5.55,762
55.828185896123955,-4.325278802853189,16.0,55.903262790870684,-4.212111703691823,10,14.364,1160
55.828185896123955,-4.325278802853189,16.0,55.893978813107424,-4.1413270988368325,11,16.104,1167
55.828185896123955,-4.325278802853189,16.0,55.894884622950286,-4.154349650804189,12,18.489,1066
55.828185896123955,-4.325278802853189,16.0,55.80680963785043,-4.263605759417426,13,6.888,865
55.828185896123955,-4.325278802853189,16.0,55.81824312166051,-4.346878846315483,14,6.663,703
55.828185896123955,-4.325278802853189,16.0,55.84742656229786,-4.269221405976544,15,5.426,751
55.828185896123955,-4.325278802853189,16.0,55.80730424868546,-4.315177272898423,16,4.922,591
55.828185896123955,-4.325278802853189,16.0,55.83798278877758,-4.260604018644594,17,4.457,722
55.828185896123955,-4.325278802853189,16.0,55.89424631095569,-4.343398240721316,18,11.023,1018
55.828185896123955,-4.325278802853189,16.0,55.83908093533876,-4.223069302141199,19,9.421,907
55.828185896123955,-4.325278802853189,16.0,55.8357731433788,-4.270556349194068,20,4.107,567
55.828185896123955,-4.325278802853189,16.0,55.90309627527835,-4.360750370095284,21,13.056,1253
55.828185896123955,-4.325278802853189,16.0,55.85652103589449,-4.101365743428073,22,18.652,1110
55.828185896123955,-4.325278802853189,16.0,55.783736419963375,-4.235306054793451,23,24.042,1218
55.828185896123955,-4.325278802853189,16.0,55.92064824587275,-4.2358362157531895,24,15.489,1140
55.828185896123955,-4.325278802853189,16.0,55.907674892744176,-4.2497703459088045,25,14.241,2185
55.828185896123955,-4.325278802853189,16.0,55.919604340921964,-4.226208116301384,26,15.413,1152
55.828185896123955,-4.325278802853189,16.0,55.83219148710444,-4.304581930326681,27,1.266,223
55.828185896123955,-4.325278802853189,16.0,55.79569701419853,-4.1769099124482585,28,16.245,1161
55.828185896123955,-4.325278802853189,16.0,55.81260197667657,-4.197841211154324,29,13.656,1028
55.828185896123955,-4.325278802853189,16.0,55.826092940761974,-4.176919409292903,30,12.186,961
55.828185896123955,-4.325278802853189,16.0,55.828413149208096,-4.109650878166438,31,18.99,1151
55.828185896123955,-4.325278802853189,16.0,55.8999241737755,-4.257993823533507,32,11.447,1072
55.828185896123955,-4.325278802853189,16.0,55.892514250678616,-4.340118142906542,33,11.052,1030
55.828185896123955,-4.325278802853189,16.0,55.855241629670886,-4.269936069312288,34,7.48,697
55.828185896123955,-4.325278802853189,16.0,55.877364911629314,-4.109701193625618,35,19.053,1210
55.828185896123955,-4.325278802853189,16.0,55.887053111734645,-4.1280531391159245,36,19.355,1177
55.828185896123955,-4.325278802853189,16.0,55.89108676863447,-4.105446803942431,37,21.088,1483
55.828185896123955,-4.325278802853189,16.0,55.842635153466425,-4.334387903339716,38,3.828,535
55.828185896123955,-4.325278802853189,16.0,55.89197542936556,-4.19614108945253,39,15.362,1010
55.828185896123955,-4.325278802853189,16.0,55.825849135803445,-4.321179033230789,40,0.211,71
55.828185896123955,-4.325278802853189,16.0,55.81864602215581,-4.375055705699034,41,7.692,711
55.828185896123955,-4.325278802853189,16.0,55.92613065482397,-4.212698358862173,42,15.875,1205
55.828185896123955,-4.325278802853189,16.0,55.874439929608144,-4.279689658904073,43,8.087,739
55.828185896123955,-4.325278802853189,16.0,55.81998166828728,-4.245455535821837,44,5.777,838
55.828185896123955,-4.325278802853189,16.0,55.91066980601156,-4.213502644426629,45,14.827,1155
55.828185896123955,-4.325278802853189,16.0,55.8404807486866,-4.356656090229781,46,7.807,823
55.828185896123955,-4.325278802853189,16.0,55.88708229912325,-4.079055837843032,47,24.321,1232
55.828185896123955,-4.325278802853189,16.0,55.84510555179576,-4.178720975321847,48,13.851,976
55.828185896123955,-4.325278802853189,16.0,55.84413340760586,-4.085244529493477,49,21.018,1606
55.828185896123955,-4.325278802853189,16.0,55.83324217210475,-4.157183908594519,50,13.713,974
55.828185896123955,-4.325278802853189,16.0,55.895753278756494,-4.323131413571223,51,10.809,1129
55.828185896123955,-4.325278802853189,16.0,55.88609925330935,-4.38354364327563,52,10.24,837
55.828185896123955,-4.325278802853189,16.0,55.86596770908397,-4.338853955125049,53,7.023,718
55.828185896123955,-4.325278802853189,16.0,55.819381988004544,-4.256567679373081,54,5.616,756
55.828185896123955,-4.325278802853189,16.0,55.919398785577634,-4.298102785445152,55,15.274,1765
55.828185896123955,-4.325278802853189,16.0,55.81052481551728,-4.0780884232687225,56,21.789,2298
55.828185896123955,-4.325278802853189,16.0,55.8411814367945,-4.125490362928665,57,17.071,1047
55.828185896123955,-4.325278802853189,16.0,55.844855881791794,-4.151320272286683,58,14.703,1027
55.828185896123955,-4.325278802853189,16.0,55.79334532620707,-4.3052187624925375,59,9.831,795
55.828185896123955,-4.325278802853189,16.0,55.78499644933002,-4.082518262203789,60,25.512,1298
55.828185896123955,-4.325278802853189,16.0,55.86482365717543,-4.074666870071637,61,20.918,1327
55.828185896123955,-4.325278802853189,16.0,55.910543969585106,-4.384534109666136,62,14.883,1318
55.828185896123955,-4.325278802853189,16.0,55.799715679086134,-4.188568421733812,63,16.227,1319
55.828185896123955,-4.325278802853189,16.0,55.90005630083831,-4.294022887833187,64,11.455,1046
55.828185896123955,-4.325278802853189,16.0,55.82573931186619,-4.210157383495828,65,11.713,843
55.828185896123955,-4.325278802853189,16.0,55.88010014610652,-4.288014027401103,66,10.176,1015
55.828185896123955,-4.325278802853189,16.0,55.8836463272421,-4.377148406451105,67,10.01,915
55.828185896123955,-4.325278802853189,16.0,55.80511293548626,-4.195982430231648,68,14.636,1103
55.828185896123955,-4.325278802853189,16.0,55.9265186267864,-4.256321117900257,69,14.812,1179
55.828185896123955,-4.325278802853189,16.0,55.90353118048908,-4.119171950823842,70,20.251,1419
55.828185896123955,-4.325278802853189,16.0,55.81502357146685,-4.260984914919316,71,6.117,765
55.828185896123955,-4.325278802853189,16.0,55.894355058439295,-4.293143876300353,72,10.745,994
55.828185896123955,-4.325278802853189,16.0,55.80246488546192,-4.242274834364847,73,8.284,1040
55.828185896123955,-4.325278802853189,16.0,55.887581813102464,-4.2985753032369685,74,10.357,990
55.828185896123955,-4.325278802853189,16.0,55.928290955083554,-4.295962301582311,75,15.696,1179
55.828185896123955,-4.325278802853189,16.0,55.81096058143004,-4.368797105646974,76,9.349,793
55.828185896123955,-4.325278802853189,16.0,55.84818750128869,-4.3631808239548375,77,6.827,788
55.828185896123955,-4.325278802853189,16.0,55.81610352786554,-4.330910795148831,78,5.688,543
55.828185896123955,-4.325278802853189,16.0,55.807034270653475,-4.136077366584948,79,15.42,1212
55.828185896123955,-4.325278802853189,16.0,55.86778114631985,-4.233612892312959,80,9.938,822
55.828185896123955,-4.325278802853189,16.0,55.79578956690847,-4.368290459919509,81,14.433,1988
55.828185896123955,-4.325278802853189,16.0,55.897877306124535,-4.077031107370425,82,22.879,1950
55.828185896123955,-4.325278802853189,16.0,55.80721289582252,-4.242612882195534,83,7.507,991
55.828185896123955,-4.325278802853189,16.0,55.92209393969709,-4.157940141970138,84,20.022,1216
55.828185896123955,-4.325278802853189,16.0,55.79188265083702,-4.28147512844989,85,10.693,850
55.828185896123955,-4.325278802853189,16.0,55.88043814367632,-4.104360473798184,86,18.865,1170
55.828185896123955,-4.325278802853189,16.0,55.90345994988174,-4.293652184560058,87,11.924,1092
55.828185896123955,-4.325278802853189,16.0,55.91230525016259,-4.108196424937476,88,21.519,1364
55.828185896123955,-4.325278802853189,16.0,55.90569137930351,-4.3852429216612405,89,14.918,1341
55.828185896123955,-4.325278802853189,16.0,55.824402119970216,-4.298242138123909,90,2.708,454
55.828185896123955,-4.325278802853189,16.0,55.887104625653905,-4.201059285828647,91,13.074,1160
55.828185896123955,-4.325278802853189,16.0,55.92006797200308,-4.195257422106852,92,16.721,1182
55.828185896123955,-4.325278802853189,16.0,55.7944551107823,-4.1683749063061635,93,16.375,1595
55.828185896123955,-4.325278802853189,16.0,55.88003873447475,-4.304350182381346,94,9.916,895
55.828185896123955,-4.325278802853189,16.0,55.88308048053683,-4.2942103285768285,95,9.516,870
55.828185896123955,-4.325278802853189,16.0,55.80779271908626,-4.3234306371549245,96,5.881,637
55.828185896123955,-4.325278802853189,16.0,55.90123467399992,-4.380968632189907,97,15.224,1471
55.828185896123955,-4.325278802853189,16.0,55.88049231589054,-4.293733205570284,98,9.418,860
55.828185896123955,-4.325278802853189,16.0,55.84697147961761,-4.334108806216461,99,4.139,611
55.828185896123955,-4.325278802853189,16.0,55.83067141211495,-4.195633651932574,100,10.996,840
55.828185896123955,-4.325278802853189,16.0,55.89350845984679,-4.099445363541155,101,20.903,1315
55.828185896123955,-4.325278802853189,16.0,55.92592408664018,-4.179171340754611,102,21.363,1300
55.828185896123955,-4.325278802853189,16.0,55.84941827409408,-4.169566750359822,103,14.556,1042
55.828185896123955,-4.325278802853189,16.0,55.92413375575165,-4.226670311636797,104,17.09,1947
55.828185896123955,-4.325278802853189,16.0,55.88995713457192,-4.285031242761631,105,9.685,897
55.828185896123955,-4.325278802853189,16.0,55.90528066541109,-4.131569818675147,106,17.701,1064
55.828185896123955,-4.325278802853189,16.0,55.87850608392288,-4.103517886631066,107,19.196,1203
55.828185896123955,-4.325278802853189,16.0,55.80799405798939,-4.284953473560454,108,5.718,746
55.828185896123955,-4.325278802853189,16.0,55.906815669822045,-4.385279074380807,109,14.229,1256
55.828185896123955,-4.325278802853189,16.0,55.916237634416454,-4.222407816066865,110,15.328,1140
55.828185896123955,-4.325278802853189,16.0,55.915798955837815,-4.088621086891774,111,24.603,1395
55.828185896123955,-4.325278802853189,16.0,55.827538479175395,-4.350653065976025,112,6.032,634
55.828185896123955,-4.325278802853189,16.0,55.799515288981674,-4.0866627646338864,113,25.882,1410
55.828185896123955,-4.325278802853189,16.0,55.831024245961984,-4.244756518165482,114,8.462,744
55.828185896123955,-4.325278802853189,16.0,55.86754360554833,-4.2143078261423845,115,11.278,937
55.828185896123955,-4.325278802853189,16.0,55.8574985965699,-4.1521224561179935,116,15.859,1153
55.828185896123955,-4.325278802853189,16.0,55.88095643501817,-4.32811659177277,117,8.865,845
55.828185896123955,-4.325278802853189,16.0,55.85240433608213,-4.177570445500026,118,14.72,1093
55.828185896123955,-4.325278802853189,16.0,55.91169549549074,-4.359708873069638,119,15.841,1376
55.828185896123955,-4.325278802853189,16.0,55.92640787519779,-4.300990956079843,120,16.144,1228
55.828185896123955,-4.325278802853189,16.0,55.84019197366069,-4.205566157974415,121,12.316,991
55.828185896123955,-4.325278802853189,16.0,55.866619942939494,-4.268153778778456,122,8.24,861
55.828185896123955,-4.325278802853189,16.0,55.81327411986783,-4.2587495402872255,123,5.94,810
55.828185896123955,-4.325278802853189,16.0,55.86022660117776,-4.154711133590585,124,15.779,1081
55.828185896123955,-4.325278802853189,16.0,55.831522729053496,-4.370420634377527,125,8.086,804
55.828185896123955,-4.325278802853189,16.0,55.84074346341779,-4.172411658039648,126,12.924,896
55.828185896123955,-4.325278802853189,16.0,55.8801412435821,-4.258666277618953,127,9.284,888
55.828185896123955,-4.325278802853189,16.0,55.8434159429892,-4.1056733307349536,128,17.327,1075
55.828185896123955,-4.325278802853189,16.0,55.83522057783537,-4.25736952395694,129,4.509,709
55.828185896123955,-4.325278802853189,16.0,55.86467774065618,-4.2250953414252415,130,10.062,774
55.828185896123955,-4.325278802853189,16.0,55.8953662249987,-4.231143624453162,131,12.515,952
55.828185896123955,-4.325278802853189,16.0,55.81920459649808,-4.236238450921302,132,6.361,888
55.828185896123955,-4.325278802853189,16.0,55.900795402502105,-4.206009410292495,133,14.682,1147
55.828185896123955,-4.325278802853189,16.0,55.86078490474355,-4.339631469507248,134,7.558,812
55.828185896123955,-4.325278802853189,16.0,55.924999437053955,-4.191173279124663,135,16.972,1192
55.828185896123955,-4.325278802853189,16.0,55.81549096669224,-4.126910343137958,136,16.411,1259
55.828185896123955,-4.325278802853189,16.0,55.90135585493081,-4.207622057499793,137,14.681,1124
55.828185896123955,-4.325278802853189,16.0,55.845816555475636,-4.129576488296543,138,16.076,1117
55.828185896123955,-4.325278802853189,16.0,55.80470047644827,-4.291960781118721,139,5.551,720
55.828185896123955,-4.325278802853189,16.0,55.89185394491289,-4.179857587296262,140,14.266,935
55.828185896123955,-4.325278802853189,16.0,55.91859399996558,-4.3401659608951215,141,14.707,1227
55.828185896123955,-4.325278802853189,16.0,55.90671476836246,-4.3642865107142725,142,13.808,1309
55.828185896123955,-4.325278802853189,16.0,55.81273399651921,-4.167613047894911,143,13.469,1022
55.828185896123955,-4.325278802853189,16.0,55.80939871413575,-4.276056954355674,144,5.432,691
55.828185896123955,-4.325278802853189,16.0,55.88312869327199,-4.214542892826467,145,12.086,978
55.828185896123955,-4.325278802853189,16.0,55.815340374954424,-4.283514492524949,146,4.426,576
55.828185896123955,-4.325278802853189,16.0,55.87864379034378,-4.080636908866371,147,25.301,1266
55.828185896123955,-4.325278802853189,16.0,55.89423440492952,-4.2418874418647645,148,13.078,1036
55.828185896123955,-4.325278802853189,16.0,55.92796852989922,-4.305970400193036,149,16.272,1251
55.828185896123955,-4.325278802853189,16.0,55.92895153496988,-4.082888064137351,150,24.973,1344
55.828185896123955,-4.325278802853189,16.0,55.790766759429424,-4.135285962371055,151,18.8,1236
55.828185896123955,-4.325278802853189,16.0,55.80808041573422,-4.184105792933229,152,14.43,1034
55.828185896123955,-4.325278802853189,16.0,55.7982747224006,-4.3931924101572655,153,10.157,888
55.828185896123955,-4.325278802853189,16.0,55.81178474630603,-4.337962602706185,154,5.677,613
55.828185896123955,-4.325278802853189,16.0,55.852972007756,-4.353957895039277,155,5.507,762
55.828185896123955,-4.325278802853189,16.0,55.797152036890715,-4.311451416173846,156,8.727,723
55.828185896123955,-4.325278802853189,16.0,55.84839482833289,-4.1889265673730645,157,14.502,1011
55.828185896123955,-4.325278802853189,16.0,55.86383954752864,-4.387927326091926,158,12.349,843
55.828185896123955,-4.325278802853189,16.0,55.807182357875575,-4.140487806234959,159,15.097,1187
55.828185896123955,-4.325278802853189,16.0,55.8296607577131,-4.218765551358871,160,9.882,900
55.828185896123955,-4.325278802853189,16.0,55.82699494590622,-4.295404959002084,161,2.744,430
55.828185896123955,-4.325278802853189,16.0,55.861248665443505,-4.307186036515638,162,4.402,636
55.828185896123955,-4.325278802853189,16.0,55.897857165570365,-4.156645648865112,163,15.742,972
55.828185896123955,-4.325278802853189,16.0,55.877747555317356,-4.342792329217214,164,9.455,942
55.828185896123955,-4.325278802853189,16.0,55.92259641850896,-4.389236283866068,165,25.711,1406
55.828185896123955,-4.325278802853189,16.0,55.92621339590465,-4.2820478996479165,166,14.596,1128
55.828185896123955,-4.325278802853189,16.0,55.80660612206145,-4.094012410496262,167,21.374,1363
55.828185896123955,-4.325278802853189,16.0,55.84605439624201,-4.09192094471571,168,20.079,1087
55.828185896123955,-4.325278802853189,16.0,55.83961965364386,-4.1201104741133365,169,16.678,974
55.828185896123955,-4.325278802853189,16.0,55.85030951683019,-4.217608837338132,170,9.97,942
55.828185896123955,-4.325278802853189,16.0,55.85971342373431,-4.246748195156407,171,10.431,872
55.828185896123955,-4.325278802853189,16.0,55.815747728441636,-4.150792968910081,172,13.967,1084
55.828185896123955,-4.325278802853189,16.0,55.80041195127493,-4.3806303679601495,173,9.573,841
55.828185896123955,-4.325278802853189,16.0,55.85487415463933,-4.092829020720908,174,19.889,1088
55.828185896123955,-4.325278802853189,16.0,55.80456076444065,-4.203157873727267,175,14.655,1105
55.828185896123955,-4.325278802853189,16.0,55.84723005082115,-4.330151260440624,176,4.027,580
55.828185896123955,-4.325278802853189,16.0,55.88775631668876,-4.123428423568879,177,19.49,1183
55.828185896123955,-4.325278802853189,16.0,55.82857385936083,-4.129579652409029,178,16.489,1271
55.828185896123955,-4.325278802853189,16.0,55.879865395443076,-4.36272007519476,179,10.347,985
55.828185896123955,-4.325278802853189,16.0,55.87973669437185,-4.215636550296907,180,11.373,990
55.828185896123955,-4.325278802853189,16.0,55.8162521393249,-4.1868605517933455,181,12.849,994
55.828185896123955,-4.325278802853189,16.0,55.80755514535402,-4.201625161718038,182,14.408,1071
55.828185896123955,-4.325278802853189,16.0,55.85565398843102,-4.250533808562208,183,6.929,792
55.828185896123955,-4.325278802853189,16.0,55.929636326069506,-4.381100658166308,184,26.697,1427
55.828185896123955,-4.325278802853189,16.0,55.879581066995904,-4.21986165885879,185,11.014,970
55.828185896123955,-4.325278802853189,16.0,55.92647877645629,-4.127886630011083,186,21.104,1302
55.828185896123955,-4.325278802853189,16.0,55.82282427264178,-4.371094162561755,187,7.222,727
55.828185896123955,-4.325278802853189,16.0,55.90291353127043,-4.3414180899754955,188,11.854,1187
55.828185896123955,-4.325278802853189,16.0,55.78437024600116,-4.156926419796477,189,18.144,1251
55.828185896123955,-4.325278802853189,16.0,55.8321542449311,-4.1561720476648265,190,13.753,987
55.828185896123955,-4.325278802853189,16.0,55.88310705812362,-4.084862107847263,191,22.462,1148
55.828185896123955,-4.325278802853189,16.0,55.85616333886266,-4.110333739241922,192,18.69,1131
55.828185896123955,-4.325278802853189,16.0,55.90185178498145,-4.152652007721208,193,19.651,1596
55.828185896123955,-4.325278802853189,16.0,55.8837118458465,-4.182392741162416,194,15.93,1944
55.828185896123955,-4.325278802853189,16.0,55.83086049774818,-4.312434105301623,195,0.85,125
55.828185896123955,-4.325278802853189,16.0,55.821849459706755,-4.176208567338996,196,12.597,958
55.828185896123955,-4.325278802853189,16.0,55.88009750494633,-4.255964552703097,197,8.97,866
55.828185896123955,-4.325278802853189,16.0,55.87413911675089,-4.369807111055967,198,8.351,734
55.828185896123955,-4.325278802853189,16.0,55.86354071984154,-4.093406384811447,199,19.306,1185
55.89958689378911,-4.354103506340975,17.0,55.8391698042901,-4.214478482526657,0,16.737,1155
55.89958689378911,-4.354103506340975,17.0,55.86553667472969,-4.350500876963486,1,7.117,716
55.89958689378911,-4.354103506340975,17.0,55.912892829643965,-4.286410947894997,2,10.452,1681
55.89958689378911,-4.354103506340975,17.0,55.84854019346565,-4.391697428307927,3,11.202,1069
55.89958689378911,-4.354103506340975,17.0,55.79232875093524,-4.310455024670266,4,19.851,1287
55.89958689378911,-4.354103506340975,17.0,55.837143362020576,-4.120043492886959,5,20.436,1167
55.89958689378911,-4.354103506340975,17.0,55.84185129809378,-4.283879851305767,6,11.595,1029
55.89958689378911,-4.354103506340975,17.0,55.90609664927746,-4.311383718964596,7,5.764,546
55.89958689378911,-4.354103506340975,17.0,55.7832172019226,-4.31249791159531,8,21.439,1345
55.89958689378911,-4.354103506340975,17.0,55.8177258987159,-4.260489243356555,9,15.408,1217
55.89958689378911,-4.354103506340975,17.0,55.903262790870684,-4.212111703691823,10,16.093,1193
55.89958689378911,-4.354103506340975,17.0,55.893978813107424,-4.1413270988368325,11,15.787,1228
55.89958689378911,-4.354103506340975,17.0,55.894884622950286,-4.154349650804189,12,18.172,1126
55.89958689378911,-4.354103506340975,17.0,55.80680963785043,-4.263605759417426,13,17.173,1441
55.89958689378911,-4.354103506340975,17.0,55.81824312166051,-4.346878846315483,14,17.014,1201
55.89958689378911,-4.354103506340975,17.0,55.84742656229786,-4.269221405976544,15,11.007,924
55.89958689378911,-4.354103506340975,17.0,55.80730424868546,-4.315177272898423,16,16.72,1185
55.89958689378911,-4.354103506340975,17.0,55.83798278877758,-4.260604018644594,17,11.789,1034
55.89958689378911,-4.354103506340975,17.0,55.89424631095569,-4.343398240721316,18,1.233,174
55.89958689378911,-4.354103506340975,17.0,55.83908093533876,-4.223069302141199,19,14.328,1186
55.89958689378911,-4.354103506340975,17.0,55.8357731433788,-4.270556349194068,20,11.811,935
55.89958689378911,-4.354103506340975,17.0,55.90309627527835,-4.360750370095284,21,1.283,203
55.89958689378911,-4.354103506340975,17.0,55.85652103589449,-4.101365743428073,22,18.335,1170
55.89958689378911,-4.354103506340975,17.0,55.783736419963375,-4.235306054793451,23,19.468,1508
55.89958689378911,-4.354103506340975,17.0,55.92064824587275,-4.2358362157531895,24,12.804,831
55.89958689378911,-4.354103506340975,17.0,55.907674892744176,-4.2497703459088045,25,16.42,2274
55.89958689378911,-4.354103506340975,17.0,55.919604340921964,-4.226208116301384,26,15.232,1034
55.89958689378911,-4.354103506340975,17.0,55.83219148710444,-4.304581930326681,27,15.892,1227
55.89958689378911,-4.354103506340975,17.0,55.79569701419853,-4.1769099124482585,28,21.152,1440
55.89958689378911,-4.354103506340975,17.0,55.81260197667657,-4.197841211154324,29,18.563,1307
55.89958689378911,-4.354103506340975,17.0,55.826092940761974,-4.176919409292903,30,17.093,1240
55.89958689378911,-4.354103506340975,17.0,55.828413149208096,-4.109650878166438,31,23.897,1430
55.89958689378911,-4.354103506340975,17.0,55.8999241737755,-4.257993823533507,32,13.581,946
55.89958689378911,-4.354103506340975,17.0,55.892514250678616,-4.340118142906542,33,1.491,233
55.89958689378911,-4.354103506340975,17.0,55.855241629670886,-4.269936069312288,34,8.851,665
55.89958689378911,-4.354103506340975,17.0,55.877364911629314,-4.109701193625618,35,18.736,1271
55.89958689378911,-4.354103506340975,17.0,55.887053111734645,-4.1280531391159245,36,19.038,1237
55.89958689378911,-4.354103506340975,17.0,55.89108676863447,-4.105446803942431,37,20.771,1544
55.89958689378911,-4.354103506340975,17.0,55.842635153466425,-4.334387903339716,38,8.98,872
55.89958689378911,-4.354103506340975,17.0,55.89197542936556,-4.19614108945253,39,15.045,1071
55.89958689378911,-4.354103506340975,17.0,55.825849135803445,-4.321179033230789,40,14.07,1127
55.89958689378911,-4.354103506340975,17.0,55.81864602215581,-4.375055705699034,41,12.982,1155
55.89958689378911,-4.354103506340975,17.0,55.92613065482397,-4.212698358862173,42,15.86,1104
55.89958689378911,-4.354103506340975,17.0,55.874439929608144,-4.279689658904073,43,6.138,684
55.89958689378911,-4.354103506340975,17.0,55.81998166828728,-4.245455535821837,44,14.888,1122
55.89958689378911,-4.354103506340975,17.0,55.91066980601156,-4.213502644426629,45,14.932,1063
55.89958689378911,-4.354103506340975,17.0,55.8404807486866,-4.356656090229781,46,11.291,1043
55.89958689378911,-4.354103506340975,17.0,55.88708229912325,-4.079055837843032,47,21.58,1403
55.89958689378911,-4.354103506340975,17.0,55.84510555179576,-4.178720975321847,48,18.758,1256
55.89958689378911,-4.354103506340975,17.0,55.84413340760586,-4.085244529493477,49,22.834,1704
55.89958689378911,-4.354103506340975,17.0,55.83324217210475,-4.157183908594519,50,18.62,1253
55.89958689378911,-4.354103506340975,17.0,55.895753278756494,-4.323131413571223,51,2.612,387
55.89958689378911,-4.354103506340975,17.0,55.88609925330935,-4.38354364327563,52,11.982,900
55.89958689378911,-4.354103506340975,17.0,55.86596770908397,-4.338853955125049,53,6.248,640
55.89958689378911,-4.354103506340975,17.0,55.819381988004544,-4.256567679373081,54,16.317,1272
55.89958689378911,-4.354103506340975,17.0,55.919398785577634,-4.298102785445152,55,10.728,1361
55.89958689378911,-4.354103506340975,17.0,55.81052481551728,-4.0780884232687225,56,26.696,2577
55.89958689378911,-4.354103506340975,17.0,55.8411814367945,-4.125490362928665,57,21.978,1326
55.89958689378911,-4.354103506340975,17.0,55.844855881791794,-4.151320272286683,58,19.61,1306
55.89958689378911,-4.354103506340975,17.0,55.79334532620707,-4.3052187624925375,59,20.182,1293
55.89958689378911,-4.354103506340975,17.0,55.78499644933002,-4.082518262203789,60,30.419,1577
55.89958689378911,-4.354103506340975,17.0,55.86482365717543,-4.074666870071637,61,20.601,1387
55.89958689378911,-4.354103506340975,17.0,55.910543969585106,-4.384534109666136,62,3.11,278
55.89958689378911,-4.354103506340975,17.0,55.799715679086134,-4.188568421733812,63,21.134,1599
55.89958689378911,-4.354103506340975,17.0,55.90005630083831,-4.294022887833187,64,5.655,623
55.89958689378911,-4.354103506340975,17.0,55.82573931186619,-4.210157383495828,65,16.62,1122
55.89958689378911,-4.354103506340975,17.0,55.88010014610652,-4.288014027401103,66,5.411,701
55.89958689378911,-4.354103506340975,17.0,55.8836463272421,-4.377148406451105,67,11.752,978
55.89958689378911,-4.354103506340975,17.0,55.80511293548626,-4.195982430231648,68,19.543,1382
55.89958689378911,-4.354103506340975,17.0,55.9265186267864,-4.256321117900257,69,11.702,819
55.89958689378911,-4.354103506340975,17.0,55.90353118048908,-4.119171950823842,70,19.934,1479
55.89958689378911,-4.354103506340975,17.0,55.81502357146685,-4.260984914919316,71,15.765,1251
55.89958689378911,-4.354103506340975,17.0,55.894355058439295,-4.293143876300353,72,5.504,627
55.89958689378911,-4.354103506340975,17.0,55.80246488546192,-4.242274834364847,73,17.029,1348
55.89958689378911,-4.354103506340975,17.0,55.887581813102464,-4.2985753032369685,74,4.776,597
55.89958689378911,-4.354103506340975,17.0,55.928290955083554,-4.295962301582311,75,7.581,626
55.89958689378911,-4.354103506340975,17.0,55.81096058143004,-4.368797105646974,76,19.7,1291
55.89958689378911,-4.354103506340975,17.0,55.84818750128869,-4.3631808239548375,77,11.455,879
55.89958689378911,-4.354103506340975,17.0,55.81610352786554,-4.330910795148831,78,16.039,1041
55.89958689378911,-4.354103506340975,17.0,55.807034270653475,-4.136077366584948,79,20.327,1491
55.89958689378911,-4.354103506340975,17.0,55.86778114631985,-4.233612892312959,80,9.621,882
55.89958689378911,-4.354103506340975,17.0,55.79578956690847,-4.368290459919509,81,16.525,2466
55.89958689378911,-4.354103506340975,17.0,55.897877306124535,-4.077031107370425,82,22.562,2010
55.89958689378911,-4.354103506340975,17.0,55.80721289582252,-4.242612882195534,83,16.252,1299
55.89958689378911,-4.354103506340975,17.0,55.92209393969709,-4.157940141970138,84,19.914,1293
55.89958689378911,-4.354103506340975,17.0,55.79188265083702,-4.28147512844989,85,21.044,1348
55.89958689378911,-4.354103506340975,17.0,55.88043814367632,-4.104360473798184,86,18.548,1231
55.89958689378911,-4.354103506340975,17.0,55.90345994988174,-4.293652184560058,87,6.065,667
55.89958689378911,-4.354103506340975,17.0,55.91230525016259,-4.108196424937476,88,21.202,1424
55.89958689378911,-4.354103506340975,17.0,55.90569137930351,-4.3852429216612405,89,3.145,301
55.89958689378911,-4.354103506340975,17.0,55.824402119970216,-4.298242138123909,90,14.506,1048
55.89958689378911,-4.354103506340975,17.0,55.887104625653905,-4.201059285828647,91,12.757,1220
55.89958689378911,-4.354103506340975,17.0,55.92006797200308,-4.195257422106852,92,15.302,1037
55.89958689378911,-4.354103506340975,17.0,55.7944551107823,-4.1683749063061635,93,21.282,1874
55.89958689378911,-4.354103506340975,17.0,55.88003873447475,-4.304350182381346,94,4.293,522
55.89958689378911,-4.354103506340975,17.0,55.88308048053683,-4.2942103285768285,95,4.751,542
55.89958689378911,-4.354103506340975,17.0,55.80779271908626,-4.3234306371549245,96,17.31,1173
55.89958689378911,-4.354103506340975,17.0,55.90123467399992,-4.380968632189907,97,6.049,620
55.89958689378911,-4.354103506340975,17.0,55.88049231589054,-4.293733205570284,98,4.653,532
55.89958689378911,-4.354103506340975,17.0,55.84697147961761,-4.334108806216461,99,8.57,806
55.89958689378911,-4.354103506340975,17.0,55.83067141211495,-4.195633651932574,100,15.903,1119
55.89958689378911,-4.354103506340975,17.0,55.89350845984679,-4.099445363541155,101,20.586,1375
55.89958689378911,-4.354103506340975,17.0,55.92592408664018,-4.179171340754611,102,17.473,1181
55.89958689378911,-4.354103506340975,17.0,55.84941827409408,-4.169566750359822,103,14.398,1313
55.89958689378911,-4.354103506340975,17.0,55.92413375575165,-4.226670311636797,104,17.075,1847
55.89958689378911,-4.354103506340975,17.0,55.88995713457192,-4.285031242761631,105,5.662,629
55.89958689378911,-4.354103506340975,17.0,55.90528066541109,-4.131569818675147,106,17.384,1124
55.89958689378911,-4.354103506340975,17.0,55.87850608392288,-4.103517886631066,107,18.879,1264
55.89958689378911,-4.354103506340975,17.0,55.80799405798939,-4.284953473560454,108,15.809,1303
55.89958689378911,-4.354103506340975,17.0,55.906815669822045,-4.385279074380807,109,2.456,216
55.89958689378911,-4.354103506340975,17.0,55.916237634416454,-4.222407816066865,110,14.984,1016
55.89958689378911,-4.354103506340975,17.0,55.915798955837815,-4.088621086891774,111,24.286,1455
55.89958689378911,-4.354103506340975,17.0,55.827538479175395,-4.350653065976025,112,11.834,1121
55.89958689378911,-4.354103506340975,17.0,55.799515288981674,-4.0866627646338864,113,30.789,1690
55.89958689378911,-4.354103506340975,17.0,55.831024245961984,-4.244756518165482,114,13.369,1023
55.89958689378911,-4.354103506340975,17.0,55.86754360554833,-4.2143078261423845,115,10.961,998
55.89958689378911,-4.354103506340975,17.0,55.8574985965699,-4.1521224561179935,116,16.245,1214
55.89958689378911,-4.354103506340975,17.0,55.88095643501817,-4.32811659177277,117,3.531,424
55.89958689378911,-4.354103506340975,17.0,55.85240433608213,-4.177570445500026,118,13.683,1185
55.89958689378911,-4.354103506340975,17.0,55.91169549549074,-4.359708873069638,119,2.719,438
55.89958689378911,-4.354103506340975,17.0,55.92640787519779,-4.300990956079843,120,7.389,647
55.89958689378911,-4.354103506340975,17.0,55.84019197366069,-4.205566157974415,121,17.223,1270
55.89958689378911,-4.354103506340975,17.0,55.866619942939494,-4.268153778778456,122,7.446,836
55.89958689378911,-4.354103506340975,17.0,55.81327411986783,-4.2587495402872255,123,15.744,1261
55.89958689378911,-4.354103506340975,17.0,55.86022660117776,-4.154711133590585,124,15.462,1141
55.89958689378911,-4.354103506340975,17.0,55.831522729053496,-4.370420634377527,125,11.296,1050
55.89958689378911,-4.354103506340975,17.0,55.84074346341779,-4.172411658039648,126,17.831,1175
55.89958689378911,-4.354103506340975,17.0,55.8801412435821,-4.258666277618953,127,8.691,885
55.89958689378911,-4.354103506340975,17.0,55.8434159429892,-4.1056733307349536,128,22.234,1354
55.89958689378911,-4.354103506340975,17.0,55.83522057783537,-4.25736952395694,129,12.428,1062
55.89958689378911,-4.354103506340975,17.0,55.86467774065618,-4.2250953414252415,130,9.745,835
55.89958689378911,-4.354103506340975,17.0,55.8953662249987,-4.231143624453162,131,12.198,1012
55.89958689378911,-4.354103506340975,17.0,55.81920459649808,-4.236238450921302,132,15.472,1173
55.89958689378911,-4.354103506340975,17.0,55.900795402502105,-4.206009410292495,133,16.906,1273
55.89958689378911,-4.354103506340975,17.0,55.86078490474355,-4.339631469507248,134,6.783,735
55.89958689378911,-4.354103506340975,17.0,55.924999437053955,-4.191173279124663,135,15.553,1046
55.89958689378911,-4.354103506340975,17.0,55.81549096669224,-4.126910343137958,136,21.318,1538
55.89958689378911,-4.354103506340975,17.0,55.90135585493081,-4.207622057499793,137,16.795,1235
55.89958689378911,-4.354103506340975,17.0,55.845816555475636,-4.129576488296543,138,19.435,1383
55.89958689378911,-4.354103506340975,17.0,55.80470047644827,-4.291960781118721,139,15.836,1281
55.89958689378911,-4.354103506340975,17.0,55.89185394491289,-4.179857587296262,140,13.949,995
55.89958689378911,-4.354103506340975,17.0,55.91859399996558,-4.3401659608951215,141,4.001,536
55.89958689378911,-4.354103506340975,17.0,55.90671476836246,-4.3642865107142725,142,2.035,258
55.89958689378911,-4.354103506340975,17.0,55.81273399651921,-4.167613047894911,143,18.376,1301
55.89958689378911,-4.354103506340975,17.0,55.80939871413575,-4.276056954355674,144,15.717,1267
55.89958689378911,-4.354103506340975,17.0,55.88312869327199,-4.214542892826467,145,11.769,1039
55.89958689378911,-4.354103506340975,17.0,55.815340374954424,-4.283514492524949,146,14.711,1152
55.89958689378911,-4.354103506340975,17.0,55.87864379034378,-4.080636908866371,147,22.56,1438
55.89958689378911,-4.354103506340975,17.0,55.89423440492952,-4.2418874418647645,148,14.222,1060
55.89958689378911,-4.354103506340975,17.0,55.92796852989922,-4.305970400193036,149,7.517,670
55.89958689378911,-4.354103506340975,17.0,55.92895153496988,-4.082888064137351,150,24.656,1405
55.89958689378911,-4.354103506340975,17.0,55.790766759429424,-4.135285962371055,151,23.707,1516
55.89958689378911,-4.354103506340975,17.0,55.80808041573422,-4.184105792933229,152,19.337,1313
55.89958689378911,-4.354103506340975,17.0,55.7982747224006,-4.3931924101572655,153,15.447,1332
55.89958689378911,-4.354103506340975,17.0,55.81178474630603,-4.337962602706185,154,17.106,1147
55.89958689378911,-4.354103506340975,17.0,55.852972007756,-4.353957895039277,155,8.104,834
55.89958689378911,-4.354103506340975,17.0,55.797152036890715,-4.311451416173846,156,19.078,1221
55.89958689378911,-4.354103506340975,17.0,55.84839482833289,-4.1889265673730645,157,13.427,1202
55.89958689378911,-4.354103506340975,17.0,55.86383954752864,-4.387927326091926,158,20.135,914
55.89958689378911,-4.354103506340975,17.0,55.807182357875575,-4.140487806234959,159,20.004,1466
55.89958689378911,-4.354103506340975,17.0,55.8296607577131,-4.218765551358871,160,14.789,1180
55.89958689378911,-4.354103506340975,17.0,55.82699494590622,-4.295404959002084,161,14.542,1025
55.89958689378911,-4.354103506340975,17.0,55.861248665443505,-4.307186036515638,162,6.924,706
55.89958689378911,-4.354103506340975,17.0,55.897857165570365,-4.156645648865112,163,15.425,1032
55.89958689378911,-4.354103506340975,17.0,55.877747555317356,-4.342792329217214,164,3.189,426
55.89958689378911,-4.354103506340975,17.0,55.92259641850896,-4.389236283866068,165,7.164,528
55.89958689378911,-4.354103506340975,17.0,55.92621339590465,-4.2820478996479165,166,8.748,671
55.89958689378911,-4.354103506340975,17.0,55.80660612206145,-4.094012410496262,167,26.281,1642
55.89958689378911,-4.354103506340975,17.0,55.84605439624201,-4.09192094471571,168,19.762,1147
55.89958689378911,-4.354103506340975,17.0,55.83961965364386,-4.1201104741133365,169,21.585,1253
55.89958689378911,-4.354103506340975,17.0,55.85030951683019,-4.217608837338132,170,12.177,1119
55.89958689378911,-4.354103506340975,17.0,55.85971342373431,-4.246748195156407,171,10.114,933
55.89958689378911,-4.354103506340975,17.0,55.815747728441636,-4.150792968910081,172,18.874,1363
55.89958689378911,-4.354103506340975,17.0,55.80041195127493,-4.3806303679601495,173,14.863,1284
55.89958689378911,-4.354103506340975,17.0,55.85487415463933,-4.092829020720908,174,19.572,1148
55.89958689378911,-4.354103506340975,17.0,55.80456076444065,-4.203157873727267,175,19.562,1384
55.89958689378911,-4.354103506340975,17.0,55.84723005082115,-4.330151260440624,176,8.76,787
55.89958689378911,-4.354103506340975,17.0,55.88775631668876,-4.123428423568879,177,19.173,1244
55.89958689378911,-4.354103506340975,17.0,55.82857385936083,-4.129579652409029,178,21.396,1550
55.89958689378911,-4.354103506340975,17.0,55.879865395443076,-4.36272007519476,179,3.1,387
55.89958689378911,-4.354103506340975,17.0,55.87973669437185,-4.215636550296907,180,11.056,1050
55.89958689378911,-4.354103506340975,17.0,55.8162521393249,-4.1868605517933455,181,17.756,1273
55.89958689378911,-4.354103506340975,17.0,55.80755514535402,-4.201625161718038,182,19.315,1350
55.89958689378911,-4.354103506340975,17.0,55.85565398843102,-4.250533808562208,183,9.988,925
55.89958689378911,-4.354103506340975,17.0,55.929636326069506,-4.381100658166308,184,6.226,488
55.89958689378911,-4.354103506340975,17.0,55.879581066995904,-4.21986165885879,185,10.697,1031
55.89958689378911,-4.354103506340975,17.0,55.92647877645629,-4.127886630011083,186,20.787,1363
55.89958689378911,-4.354103506340975,17.0,55.82282427264178,-4.371094162561755,187,12.284,1137
55.89958689378911,-4.354103506340975,17.0,55.90291353127043,-4.3414180899754955,188,1.572,287
55.89958689378911,-4.354103506340975,17.0,55.78437024600116,-4.156926419796477,189,23.051,1530
55.89958689378911,-4.354103506340975,17.0,55.8321542449311,-4.1561720476648265,190,18.66,1266
55.89958689378911,-4.354103506340975,17.0,55.88310705812362,-4.084862107847263,191,23.826,1310
55.89958689378911,-4.354103506340975,17.0,55.85616333886266,-4.110333739241922,192,18.373,1192
55.89958689378911,-4.354103506340975,17.0,55.90185178498145,-4.152652007721208,193,21.532,1737
55.89958689378911,-4.354103506340975,17.0,55.8837118458465,-4.182392741162416,194,15.613,2004
55.89958689378911,-4.354103506340975,17.0,55.83086049774818,-4.312434105301623,195,15.476,1130
55.89958689378911,-4.354103506340975,17.0,55.821849459706755,-4.176208567338996,196,17.504,1237
55.89958689378911,-4.354103506340975,17.0,55.88009750494633,-4.255964552703097,197,8.587,880
55.89958689378911,-4.354103506340975,17.0,55.87413911675089,-4.369807111055967,198,10.093,797
55.89958689378911,-4.354103506340975,17.0,55.86354071984154,-4.093406384811447,199,18.989,1246
55.785246276959114,-4.2670787906328576,18.0,55.8391698042901,-4.214478482526657,0,12.164,885
55.785246276959114,-4.2670787906328576,18.0,55.86553667472969,-4.350500876963486,1,17.783,1226
55.785246276959114,-4.2670787906328576,18.0,55.912892829643965,-4.286410947894997,2,23.582,2517
55.785246276959114,-4.2670787906328576,18.0,55.84854019346565,-4.391697428307927,3,12.994,1163
55.785246276959114,-4.2670787906328576,18.0,55.79232875093524,-4.310455024670266,4,3.537,397
55.785246276959114,-4.2670787906328576,18.0,55.837143362020576,-4.120043492886959,5,14.653,979
55.785246276959114,-4.2670787906328576,18.0,55.84185129809378,-4.283879851305767,6,9.385,865
55.785246276959114,-4.2670787906328576,18.0,55.90609664927746,-4.311383718964596,7,20.967,1525
55.785246276959114,-4.2670787906328576,18.0,55.7832172019226,-4.31249791159531,8,3.515,387
55.785246276959114,-4.2670787906328576,18.0,55.8177258987159,-4.260489243356555,9,4.841,530
55.785246276959114,-4.2670787906328576,18.0,55.903262790870684,-4.212111703691823,10,18.181,1588
55.785246276959114,-4.2670787906328576,18.0,55.893978813107424,-4.1413270988368325,11,19.657,1590
55.785246276959114,-4.2670787906328576,18.0,55.894884622950286,-4.154349650804189,12,22.042,1488
55.785246276959114,-4.2670787906328576,18.0,55.80680963785043,-4.263605759417426,13,3.418,453
55.785246276959114,-4.2670787906328576,18.0,55.81824312166051,-4.346878846315483,14,8.179,842
55.785246276959114,-4.2670787906328576,18.0,55.84742656229786,-4.269221405976544,15,9.668,885
55.785246276959114,-4.2670787906328576,18.0,55.80730424868546,-4.315177272898423,16,5.174,527
55.785246276959114,-4.2670787906328576,18.0,55.83798278877758,-4.260604018644594,17,9.308,789
55.785246276959114,-4.2670787906328576,18.0,55.89424631095569,-4.343398240721316,18,18.386,1392
55.785246276959114,-4.2670787906328576,18.0,55.83908093533876,-4.223069302141199,19,13.194,1015
55.785246276959114,-4.2670787906328576,18.0,55.8357731433788,-4.270556349194068,20,7.822,711
55.785246276959114,-4.2670787906328576,18.0,55.90309627527835,-4.360750370095284,21,20.419,1627
55.785246276959114,-4.2670787906328576,18.0,55.85652103589449,-4.101365743428073,22,26.837,1319
55.785246276959114,-4.2670787906328576,18.0,55.783736419963375,-4.235306054793451,23,3.595,271
55.785246276959114,-4.2670787906328576,18.0,55.92064824587275,-4.2358362157531895,24,19.306,1568
55.785246276959114,-4.2670787906328576,18.0,55.907674892744176,-4.2497703459088045,25,18.058,2613
55.785246276959114,-4.2670787906328576,18.0,55.919604340921964,-4.226208116301384,26,19.23,1580
55.785246276959114,-4.2670787906328576,18.0,55.83219148710444,-4.304581930326681,27,8.38,842
55.785246276959114,-4.2670787906328576,18.0,55.79569701419853,-4.1769099124482585,28,9.118,644
55.785246276959114,-4.2670787906328576,18.0,55.81260197667657,-4.197841211154324,29,9.043,681
55.785246276959114,-4.2670787906328576,18.0,55.826092940761974,-4.176919409292903,30,12.16,991
55.785246276959114,-4.2670787906328576,18.0,55.828413149208096,-4.109650878166438,31,19.178,1127
55.785246276959114,-4.2670787906328576,18.0,55.8999241737755,-4.257993823533507,32,20.031,1504
55.785246276959114,-4.2670787906328576,18.0,55.892514250678616,-4.340118142906542,33,18.415,1403
55.785246276959114,-4.2670787906328576,18.0,55.855241629670886,-4.269936069312288,34,12.495,1100
55.785246276959114,-4.2670787906328576,18.0,55.877364911629314,-4.109701193625618,35,33.078,1530
55.785246276959114,-4.2670787906328576,18.0,55.887053111734645,-4.1280531391159245,36,22.908,1600
55.785246276959114,-4.2670787906328576,18.0,55.89108676863447,-4.105446803942431,37,33.066,1745
55.785246276959114,-4.2670787906328576,18.0,55.842635153466425,-4.334387903339716,38,12.404,992
55.785246276959114,-4.2670787906328576,18.0,55.89197542936556,-4.19614108945253,39,18.915,1433
55.785246276959114,-4.2670787906328576,18.0,55.825849135803445,-4.321179033230789,40,8.359,763
55.785246276959114,-4.2670787906328576,18.0,55.81864602215581,-4.375055705699034,41,8.306,770
55.785246276959114,-4.2670787906328576,18.0,55.92613065482397,-4.212698358862173,42,19.692,1633
55.785246276959114,-4.2670787906328576,18.0,55.874439929608144,-4.279689658904073,43,16.671,1171
55.785246276959114,-4.2670787906328576,18.0,55.81998166828728,-4.245455535821837,44,6.96,573
55.785246276959114,-4.2670787906328576,18.0,55.91066980601156,-4.213502644426629,45,18.644,1583
55.785246276959114,-4.2670787906328576,18.0,55.8404807486866,-4.356656090229781,46,10.582,999
55.785246276959114,-4.2670787906328576,18.0,55.88708229912325,-4.079055837843032,47,30.696,1338
55.785246276959114,-4.2670787906328576,18.0,55.84510555179576,-4.178720975321847,48,13.987,1094
55.785246276959114,-4.2670787906328576,18.0,55.84413340760586,-4.085244529493477,49,27.849,1724
55.785246276959114,-4.2670787906328576,18.0,55.83324217210475,-4.157183908594519,50,12.099,906
55.785246276959114,-4.2670787906328576,18.0,55.895753278756494,-4.323131413571223,51,18.172,1503
55.785246276959114,-4.2670787906328576,18.0,55.88609925330935,-4.38354364327563,52,18.816,1294
55.785246276959114,-4.2670787906328576,18.0,55.86596770908397,-4.338853955125049,53,15.599,1174
55.785246276959114,-4.2670787906328576,18.0,55.819381988004544,-4.256567679373081,54,4.907,524
55.785246276959114,-4.2670787906328576,18.0,55.919398785577634,-4.298102785445152,55,23.858,2197
55.785246276959114,-4.2670787906328576,18.0,55.81052481551728,-4.0780884232687225,56,25.392,2309
55.785246276959114,-4.2670787906328576,18.0,55.8411814367945,-4.125490362928665,57,14.523,1110
55.785246276959114,-4.2670787906328576,18.0,55.844855881791794,-4.151320272286683,58,13.819,1068
55.785246276959114,-4.2670787906328576,18.0,55.79334532620707,-4.3052187624925375,59,3.132,358
55.785246276959114,-4.2670787906328576,18.0,55.78499644933002,-4.082518262203789,60,15.585,816
55.785246276959114,-4.2670787906328576,18.0,55.86482365717543,-4.074666870071637,61,28.389,1512
55.785246276959114,-4.2670787906328576,18.0,55.910543969585106,-4.384534109666136,62,22.246,1692
55.785246276959114,-4.2670787906328576,18.0,55.799715679086134,-4.188568421733812,63,6.817,681
55.785246276959114,-4.2670787906328576,18.0,55.90005630083831,-4.294022887833187,64,20.039,1478
55.785246276959114,-4.2670787906328576,18.0,55.82573931186619,-4.210157383495828,65,10.333,725
55.785246276959114,-4.2670787906328576,18.0,55.88010014610652,-4.288014027401103,66,18.76,1447
55.785246276959114,-4.2670787906328576,18.0,55.8836463272421,-4.377148406451105,67,18.586,1371
55.785246276959114,-4.2670787906328576,18.0,55.80511293548626,-4.195982430231648,68,8.3,630
55.785246276959114,-4.2670787906328576,18.0,55.9265186267864,-4.256321117900257,69,23.396,1611
55.785246276959114,-4.2670787906328576,18.0,55.90353118048908,-4.119171950823842,70,33.668,1806
55.785246276959114,-4.2670787906328576,18.0,55.81502357146685,-4.260984914919316,71,4.51,476
55.785246276959114,-4.2670787906328576,18.0,55.894355058439295,-4.293143876300353,72,19.329,1426
55.785246276959114,-4.2670787906328576,18.0,55.80246488546192,-4.242274834364847,73,4.725,408
55.785246276959114,-4.2670787906328576,18.0,55.887581813102464,-4.2985753032369685,74,18.941,1422
55.785246276959114,-4.2670787906328576,18.0,55.928290955083554,-4.295962301582311,75,24.28,1611
55.785246276959114,-4.2670787906328576,18.0,55.81096058143004,-4.368797105646974,76,7.471,744
55.785246276959114,-4.2670787906328576,18.0,55.84818750128869,-4.3631808239548375,77,12.336,1114
55.785246276959114,-4.2670787906328576,18.0,55.81610352786554,-4.330910795148831,78,7.002,670
55.785246276959114,-4.2670787906328576,18.0,55.807034270653475,-4.136077366584948,79,13.866,824
55.785246276959114,-4.2670787906328576,18.0,55.86778114631985,-4.233612892312959,80,13.384,1214
55.785246276959114,-4.2670787906328576,18.0,55.79578956690847,-4.368290459919509,81,10.858,1831
55.785246276959114,-4.2670787906328576,18.0,55.897877306124535,-4.077031107370425,82,33.055,2084
55.785246276959114,-4.2670787906328576,18.0,55.80721289582252,-4.242612882195534,83,5.102,435
55.785246276959114,-4.2670787906328576,18.0,55.92209393969709,-4.157940141970138,84,23.575,1639
55.785246276959114,-4.2670787906328576,18.0,55.79188265083702,-4.28147512844989,85,1.279,193
55.785246276959114,-4.2670787906328576,18.0,55.88043814367632,-4.104360473798184,86,32.388,1470
55.785246276959114,-4.2670787906328576,18.0,55.90345994988174,-4.293652184560058,87,20.508,1524
55.785246276959114,-4.2670787906328576,18.0,55.91230525016259,-4.108196424937476,88,36.348,1708
55.785246276959114,-4.2670787906328576,18.0,55.90569137930351,-4.3852429216612405,89,22.281,1715
55.785246276959114,-4.2670787906328576,18.0,55.824402119970216,-4.298242138123909,90,6.747,683
55.785246276959114,-4.2670787906328576,18.0,55.887104625653905,-4.201059285828647,91,16.52,1552
55.785246276959114,-4.2670787906328576,18.0,55.92006797200308,-4.195257422106852,92,20.538,1611
55.785246276959114,-4.2670787906328576,18.0,55.7944551107823,-4.1683749063061635,93,9.248,1078
55.785246276959114,-4.2670787906328576,18.0,55.88003873447475,-4.304350182381346,94,18.5,1327
55.785246276959114,-4.2670787906328576,18.0,55.88308048053683,-4.2942103285768285,95,18.1,1301
55.785246276959114,-4.2670787906328576,18.0,55.80779271908626,-4.3234306371549245,96,5.622,574
55.785246276959114,-4.2670787906328576,18.0,55.90123467399992,-4.380968632189907,97,22.611,1836
55.785246276959114,-4.2670787906328576,18.0,55.88049231589054,-4.293733205570284,98,18.002,1292
55.785246276959114,-4.2670787906328576,18.0,55.84697147961761,-4.334108806216461,99,12.715,1068
55.785246276959114,-4.2670787906328576,18.0,55.83067141211495,-4.195633651932574,100,12.382,935
55.785246276959114,-4.2670787906328576,18.0,55.89350845984679,-4.099445363541155,101,32.133,1516
55.785246276959114,-4.2670787906328576,18.0,55.92592408664018,-4.179171340754611,102,24.916,1723
55.785246276959114,-4.2670787906328576,18.0,55.84941827409408,-4.169566750359822,103,14.096,1117
55.785246276959114,-4.2670787906328576,18.0,55.92413375575165,-4.226670311636797,104,20.907,2375
55.785246276959114,-4.2670787906328576,18.0,55.88995713457192,-4.285031242761631,105,18.269,1328
55.785246276959114,-4.2670787906328576,18.0,55.90528066541109,-4.131569818675147,106,21.254,1487
55.785246276959114,-4.2670787906328576,18.0,55.87850608392288,-4.103517886631066,107,32.719,1503
55.785246276959114,-4.2670787906328576,18.0,55.80799405798939,-4.284953473560454,108,4.525,511
55.785246276959114,-4.2670787906328576,18.0,55.906815669822045,-4.385279074380807,109,21.592,1630
55.785246276959114,-4.2670787906328576,18.0,55.916237634416454,-4.222407816066865,110,19.145,1568
55.785246276959114,-4.2670787906328576,18.0,55.915798955837815,-4.088621086891774,111,35.214,1591
55.785246276959114,-4.2670787906328576,18.0,55.827538479175395,-4.350653065976025,112,8.776,807
55.785246276959114,-4.2670787906328576,18.0,55.799515288981674,-4.0866627646338864,113,16.352,960
55.785246276959114,-4.2670787906328576,18.0,55.831024245961984,-4.244756518165482,114,8.287,695
55.785246276959114,-4.2670787906328576,18.0,55.86754360554833,-4.2143078261423845,115,14.831,1360
55.785246276959114,-4.2670787906328576,18.0,55.8574985965699,-4.1521224561179935,116,14.975,1193
55.785246276959114,-4.2670787906328576,18.0,55.88095643501817,-4.32811659177277,117,16.228,1219
55.785246276959114,-4.2670787906328576,18.0,55.85240433608213,-4.177570445500026,118,15.028,1174
55.785246276959114,-4.2670787906328576,18.0,55.91169549549074,-4.359708873069638,119,24.425,1808
55.785246276959114,-4.2670787906328576,18.0,55.92640787519779,-4.300990956079843,120,24.728,1660
55.785246276959114,-4.2670787906328576,18.0,55.84019197366069,-4.205566157974415,121,12.65,1000
55.785246276959114,-4.2670787906328576,18.0,55.866619942939494,-4.268153778778456,122,12.848,1239
55.785246276959114,-4.2670787906328576,18.0,55.81327411986783,-4.2587495402872255,123,5.231,578
55.785246276959114,-4.2670787906328576,18.0,55.86022660117776,-4.154711133590585,124,15.328,1224
55.785246276959114,-4.2670787906328576,18.0,55.831522729053496,-4.370420634377527,125,9.869,961
55.785246276959114,-4.2670787906328576,18.0,55.84074346341779,-4.172411658039648,126,13.476,1044
55.785246276959114,-4.2670787906328576,18.0,55.8801412435821,-4.258666277618953,127,17.868,1319
55.785246276959114,-4.2670787906328576,18.0,55.8434159429892,-4.1056733307349536,128,16.451,1166
55.785246276959114,-4.2670787906328576,18.0,55.83522057783537,-4.25736952395694,129,9.282,791
55.785246276959114,-4.2670787906328576,18.0,55.86467774065618,-4.2250953414252415,130,13.189,1126
55.785246276959114,-4.2670787906328576,18.0,55.8953662249987,-4.231143624453162,131,16.332,1380
55.785246276959114,-4.2670787906328576,18.0,55.81920459649808,-4.236238450921302,132,7.544,623
55.785246276959114,-4.2670787906328576,18.0,55.900795402502105,-4.206009410292495,133,18.499,1575
55.785246276959114,-4.2670787906328576,18.0,55.86078490474355,-4.339631469507248,134,16.134,1269
55.785246276959114,-4.2670787906328576,18.0,55.924999437053955,-4.191173279124663,135,20.789,1620
55.785246276959114,-4.2670787906328576,18.0,55.81549096669224,-4.126910343137958,136,14.923,913
55.785246276959114,-4.2670787906328576,18.0,55.90135585493081,-4.207622057499793,137,18.498,1552
55.785246276959114,-4.2670787906328576,18.0,55.845816555475636,-4.129576488296543,138,15.192,1156
55.785246276959114,-4.2670787906328576,18.0,55.80470047644827,-4.291960781118721,139,4.367,509
55.785246276959114,-4.2670787906328576,18.0,55.89185394491289,-4.179857587296262,140,17.819,1358
55.785246276959114,-4.2670787906328576,18.0,55.91859399996558,-4.3401659608951215,141,23.291,1658
55.785246276959114,-4.2670787906328576,18.0,55.90671476836246,-4.3642865107142725,142,21.171,1682
55.785246276959114,-4.2670787906328576,18.0,55.81273399651921,-4.167613047894911,143,9.119,662
55.785246276959114,-4.2670787906328576,18.0,55.80939871413575,-4.276056954355674,144,3.546,382
55.785246276959114,-4.2670787906328576,18.0,55.88312869327199,-4.214542892826467,145,15.903,1406
55.785246276959114,-4.2670787906328576,18.0,55.815340374954424,-4.283514492524949,146,4.568,485
55.785246276959114,-4.2670787906328576,18.0,55.87864379034378,-4.080636908866371,147,31.676,1373
55.785246276959114,-4.2670787906328576,18.0,55.89423440492952,-4.2418874418647645,148,16.895,1464
55.785246276959114,-4.2670787906328576,18.0,55.92796852989922,-4.305970400193036,149,24.856,1683
55.785246276959114,-4.2670787906328576,18.0,55.92895153496988,-4.082888064137351,150,36.172,1599
55.785246276959114,-4.2670787906328576,18.0,55.790766759429424,-4.135285962371055,151,11.673,719
55.785246276959114,-4.2670787906328576,18.0,55.80808041573422,-4.184105792933229,152,7.916,566
55.785246276959114,-4.2670787906328576,18.0,55.7982747224006,-4.3931924101572655,153,9.109,851
55.785246276959114,-4.2670787906328576,18.0,55.81178474630603,-4.337962602706185,154,6.257,644
55.785246276959114,-4.2670787906328576,18.0,55.852972007756,-4.353957895039277,155,12.549,1227
55.785246276959114,-4.2670787906328576,18.0,55.797152036890715,-4.311451416173846,156,3.422,388
55.785246276959114,-4.2670787906328576,18.0,55.84839482833289,-4.1889265673730645,157,14.748,1130
55.785246276959114,-4.2670787906328576,18.0,55.86383954752864,-4.387927326091926,158,15.608,1251
55.785246276959114,-4.2670787906328576,18.0,55.807182357875575,-4.140487806234959,159,10.949,779
55.785246276959114,-4.2670787906328576,18.0,55.8296607577131,-4.218765551358871,160,11.245,849
55.785246276959114,-4.2670787906328576,18.0,55.82699494590622,-4.295404959002084,161,6.814,672
55.785246276959114,-4.2670787906328576,18.0,55.861248665443505,-4.307186036515638,162,12.978,1093
55.785246276959114,-4.2670787906328576,18.0,55.897857165570365,-4.156645648865112,163,19.295,1394
55.785246276959114,-4.2670787906328576,18.0,55.877747555317356,-4.342792329217214,164,16.826,1325
55.785246276959114,-4.2670787906328576,18.0,55.92259641850896,-4.389236283866068,165,34.287,1863
55.785246276959114,-4.2670787906328576,18.0,55.92621339590465,-4.2820478996479165,166,23.18,1560
55.785246276959114,-4.2670787906328576,18.0,55.80660612206145,-4.094012410496262,167,25.794,1438
55.785246276959114,-4.2670787906328576,18.0,55.84605439624201,-4.09192094471571,168,32.905,1442
55.785246276959114,-4.2670787906328576,18.0,55.83961965364386,-4.1201104741133365,169,15.802,1064
55.785246276959114,-4.2670787906328576,18.0,55.85030951683019,-4.217608837338132,170,13.544,1066
55.785246276959114,-4.2670787906328576,18.0,55.85971342373431,-4.246748195156407,171,11.922,1063
55.785246276959114,-4.2670787906328576,18.0,55.815747728441636,-4.150792968910081,172,11.137,877
55.785246276959114,-4.2670787906328576,18.0,55.80041195127493,-4.3806303679601495,173,10.858,779
55.785246276959114,-4.2670787906328576,18.0,55.85487415463933,-4.092829020720908,174,27.36,1273
55.785246276959114,-4.2670787906328576,18.0,55.80456076444065,-4.203157873727267,175,8.791,650
55.785246276959114,-4.2670787906328576,18.0,55.84723005082115,-4.330151260440624,176,12.603,1037
55.785246276959114,-4.2670787906328576,18.0,55.88775631668876,-4.123428423568879,177,23.043,1606
55.785246276959114,-4.2670787906328576,18.0,55.82857385936083,-4.129579652409029,178,16.996,1087
55.785246276959114,-4.2670787906328576,18.0,55.879865395443076,-4.36272007519476,179,17.734,1350
55.785246276959114,-4.2670787906328576,18.0,55.87973669437185,-4.215636550296907,180,15.19,1418
55.785246276959114,-4.2670787906328576,18.0,55.8162521393249,-4.1868605517933455,181,9.298,686
55.785246276959114,-4.2670787906328576,18.0,55.80755514535402,-4.201625161718038,182,8.544,617
55.785246276959114,-4.2670787906328576,18.0,55.85565398843102,-4.250533808562208,183,10.961,964
55.785246276959114,-4.2670787906328576,18.0,55.929636326069506,-4.381100658166308,184,35.273,1884
55.785246276959114,-4.2670787906328576,18.0,55.879581066995904,-4.21986165885879,185,14.831,1398
55.785246276959114,-4.2670787906328576,18.0,55.92647877645629,-4.127886630011083,186,24.657,1725
55.785246276959114,-4.2670787906328576,18.0,55.82282427264178,-4.371094162561755,187,9.005,884
55.785246276959114,-4.2670787906328576,18.0,55.90291353127043,-4.3414180899754955,188,19.217,1560
55.785246276959114,-4.2670787906328576,18.0,55.78437024600116,-4.156926419796477,189,11.563,697
55.785246276959114,-4.2670787906328576,18.0,55.8321542449311,-4.1561720476648265,190,12.139,920
55.785246276959114,-4.2670787906328576,18.0,55.88310705812362,-4.084862107847263,191,28.837,1255
55.785246276959114,-4.2670787906328576,18.0,55.85616333886266,-4.110333739241922,192,27.48,1370
55.785246276959114,-4.2670787906328576,18.0,55.90185178498145,-4.152652007721208,193,23.204,2019
55.785246276959114,-4.2670787906328576,18.0,55.8837118458465,-4.182392741162416,194,19.483,2367
55.785246276959114,-4.2670787906328576,18.0,55.83086049774818,-4.312434105301623,195,7.964,744
55.785246276959114,-4.2670787906328576,18.0,55.821849459706755,-4.176208567338996,196,10.536,808
55.785246276959114,-4.2670787906328576,18.0,55.88009750494633,-4.255964552703097,197,17.554,1298
55.785246276959114,-4.2670787906328576,18.0,55.87413911675089,-4.369807111055967,198,16.927,1190
55.785246276959114,-4.2670787906328576,18.0,55.86354071984154,-4.093406384811447,199,28.94,1377
55.84345328676128,-4.195898135398915,19.0,55.8391698042901,-4.214478482526657,0,2.618,312
55.84345328676128,-4.195898135398915,19.0,55.86553667472969,-4.350500876963486,1,18.467,1000
55.84345328676128,-4.195898135398915,19.0,55.912892829643965,-4.286410947894997,2,14.143,2056
55.84345328676128,-4.195898135398915,19.0,55.84854019346565,-4.391697428307927,3,17.898,1222
55.84345328676128,-4.195898135398915,19.0,55.79232875093524,-4.310455024670266,4,11.994,1190
55.84345328676128,-4.195898135398915,19.0,55.837143362020576,-4.120043492886959,5,5.589,393
55.84345328676128,-4.195898135398915,19.0,55.84185129809378,-4.283879851305767,6,6.863,836
55.84345328676128,-4.195898135398915,19.0,55.90609664927746,-4.311383718964596,7,12.969,1229
55.84345328676128,-4.195898135398915,19.0,55.7832172019226,-4.31249791159531,8,12.846,1202
55.84345328676128,-4.195898135398915,19.0,55.8177258987159,-4.260489243356555,9,6.813,748
55.84345328676128,-4.195898135398915,19.0,55.903262790870684,-4.212111703691823,10,10.616,1065
55.84345328676128,-4.195898135398915,19.0,55.893978813107424,-4.1413270988368325,11,9.129,953
55.84345328676128,-4.195898135398915,19.0,55.894884622950286,-4.154349650804189,12,12.024,882
55.84345328676128,-4.195898135398915,19.0,55.80680963785043,-4.263605759417426,13,9.251,1015
55.84345328676128,-4.195898135398915,19.0,55.81824312166051,-4.346878846315483,14,17.526,1113
55.84345328676128,-4.195898135398915,19.0,55.84742656229786,-4.269221405976544,15,5.954,715
55.84345328676128,-4.195898135398915,19.0,55.80730424868546,-4.315177272898423,16,10.623,1095
55.84345328676128,-4.195898135398915,19.0,55.83798278877758,-4.260604018644594,17,5.334,650
55.84345328676128,-4.195898135398915,19.0,55.89424631095569,-4.343398240721316,18,13.833,1165
55.84345328676128,-4.195898135398915,19.0,55.83908093533876,-4.223069302141199,19,2.794,363
55.84345328676128,-4.195898135398915,19.0,55.8357731433788,-4.270556349194068,20,6.018,700
55.84345328676128,-4.195898135398915,19.0,55.90309627527835,-4.360750370095284,21,15.866,1400
55.84345328676128,-4.195898135398915,19.0,55.85652103589449,-4.101365743428073,22,10.522,714
55.84345328676128,-4.195898135398915,19.0,55.783736419963375,-4.235306054793451,23,12.188,943
55.84345328676128,-4.195898135398915,19.0,55.92064824587275,-4.2358362157531895,24,11.741,1045
55.84345328676128,-4.195898135398915,19.0,55.907674892744176,-4.2497703459088045,25,10.493,2090
55.84345328676128,-4.195898135398915,19.0,55.919604340921964,-4.226208116301384,26,11.665,1057
55.84345328676128,-4.195898135398915,19.0,55.83219148710444,-4.304581930326681,27,9.795,1136
55.84345328676128,-4.195898135398915,19.0,55.79569701419853,-4.1769099124482585,28,8.709,731
55.84345328676128,-4.195898135398915,19.0,55.81260197667657,-4.197841211154324,29,6.12,598
55.84345328676128,-4.195898135398915,19.0,55.826092940761974,-4.176919409292903,30,4.254,508
55.84345328676128,-4.195898135398915,19.0,55.828413149208096,-4.109650878166438,31,9.05,653
55.84345328676128,-4.195898135398915,19.0,55.8999241737755,-4.257993823533507,32,10.592,1035
55.84345328676128,-4.195898135398915,19.0,55.892514250678616,-4.340118142906542,33,13.862,1177
55.84345328676128,-4.195898135398915,19.0,55.855241629670886,-4.269936069312288,34,8.821,739
55.84345328676128,-4.195898135398915,19.0,55.877364911629314,-4.109701193625618,35,16.763,925
55.84345328676128,-4.195898135398915,19.0,55.887053111734645,-4.1280531391159245,36,12.89,994
55.84345328676128,-4.195898135398915,19.0,55.89108676863447,-4.105446803942431,37,16.751,1141
55.84345328676128,-4.195898135398915,19.0,55.842635153466425,-4.334387903339716,38,14.335,928
55.84345328676128,-4.195898135398915,19.0,55.89197542936556,-4.19614108945253,39,8.897,827
55.84345328676128,-4.195898135398915,19.0,55.825849135803445,-4.321179033230789,40,14.582,1040
55.84345328676128,-4.195898135398915,19.0,55.81864602215581,-4.375055705699034,41,18.555,1122
55.84345328676128,-4.195898135398915,19.0,55.92613065482397,-4.212698358862173,42,12.127,1110
55.84345328676128,-4.195898135398915,19.0,55.874439929608144,-4.279689658904073,43,8.662,860
55.84345328676128,-4.195898135398915,19.0,55.81998166828728,-4.245455535821837,44,6.293,653
55.84345328676128,-4.195898135398915,19.0,55.91066980601156,-4.213502644426629,45,11.079,1060
55.84345328676128,-4.195898135398915,19.0,55.8404807486866,-4.356656090229781,46,17.987,1196
55.84345328676128,-4.195898135398915,19.0,55.88708229912325,-4.079055837843032,47,14.381,734
55.84345328676128,-4.195898135398915,19.0,55.84510555179576,-4.178720975321847,48,2.245,324
55.84345328676128,-4.195898135398915,19.0,55.84413340760586,-4.085244529493477,49,11.078,1108
55.84345328676128,-4.195898135398915,19.0,55.83324217210475,-4.157183908594519,50,3.513,410
55.84345328676128,-4.195898135398915,19.0,55.895753278756494,-4.323131413571223,51,13.619,1276
55.84345328676128,-4.195898135398915,19.0,55.88609925330935,-4.38354364327563,52,19.5,1069
55.84345328676128,-4.195898135398915,19.0,55.86596770908397,-4.338853955125049,53,16.283,949
55.84345328676128,-4.195898135398915,19.0,55.819381988004544,-4.256567679373081,54,7.722,803
55.84345328676128,-4.195898135398915,19.0,55.919398785577634,-4.298102785445152,55,14.419,1736
55.84345328676128,-4.195898135398915,19.0,55.81052481551728,-4.0780884232687225,56,11.849,1800
55.84345328676128,-4.195898135398915,19.0,55.8411814367945,-4.125490362928665,57,5.207,507
55.84345328676128,-4.195898135398915,19.0,55.844855881791794,-4.151320272286683,58,4.503,463
55.84345328676128,-4.195898135398915,19.0,55.79334532620707,-4.3052187624925375,59,11.589,1150
55.84345328676128,-4.195898135398915,19.0,55.78499644933002,-4.082518262203789,60,15.572,800
55.84345328676128,-4.195898135398915,19.0,55.86482365717543,-4.074666870071637,61,12.074,907
55.84345328676128,-4.195898135398915,19.0,55.910543969585106,-4.384534109666136,62,17.693,1465
55.84345328676128,-4.195898135398915,19.0,55.799715679086134,-4.188568421733812,63,8.691,889
55.84345328676128,-4.195898135398915,19.0,55.90005630083831,-4.294022887833187,64,12.041,1182
55.84345328676128,-4.195898135398915,19.0,55.82573931186619,-4.210157383495828,65,4.177,413
55.84345328676128,-4.195898135398915,19.0,55.88010014610652,-4.288014027401103,66,10.762,1151
55.84345328676128,-4.195898135398915,19.0,55.8836463272421,-4.377148406451105,67,19.27,1146
55.84345328676128,-4.195898135398915,19.0,55.80511293548626,-4.195982430231648,68,7.1,673
55.84345328676128,-4.195898135398915,19.0,55.9265186267864,-4.256321117900257,69,13.957,1150
55.84345328676128,-4.195898135398915,19.0,55.90353118048908,-4.119171950823842,70,17.353,1201
55.84345328676128,-4.195898135398915,19.0,55.81502357146685,-4.260984914919316,71,7.17,782
55.84345328676128,-4.195898135398915,19.0,55.894355058439295,-4.293143876300353,72,11.331,1130
55.84345328676128,-4.195898135398915,19.0,55.80246488546192,-4.242274834364847,73,8.434,879
55.84345328676128,-4.195898135398915,19.0,55.887581813102464,-4.2985753032369685,74,10.943,1126
55.84345328676128,-4.195898135398915,19.0,55.928290955083554,-4.295962301582311,75,14.841,1150
55.84345328676128,-4.195898135398915,19.0,55.81096058143004,-4.368797105646974,76,20.212,1204
55.84345328676128,-4.195898135398915,19.0,55.84818750128869,-4.3631808239548375,77,18.973,1048
55.84345328676128,-4.195898135398915,19.0,55.81610352786554,-4.330910795148831,78,16.551,953
55.84345328676128,-4.195898135398915,19.0,55.807034270653475,-4.136077366584948,79,7.537,697
55.84345328676128,-4.195898135398915,19.0,55.86778114631985,-4.233612892312959,80,5.819,691
55.84345328676128,-4.195898135398915,19.0,55.79578956690847,-4.368290459919509,81,25.296,2398
55.84345328676128,-4.195898135398915,19.0,55.897877306124535,-4.077031107370425,82,16.74,1479
55.84345328676128,-4.195898135398915,19.0,55.80721289582252,-4.242612882195534,83,7.657,830
55.84345328676128,-4.195898135398915,19.0,55.92209393969709,-4.157940141970138,84,13.557,1033
55.84345328676128,-4.195898135398915,19.0,55.79188265083702,-4.28147512844989,85,10.624,1074
55.84345328676128,-4.195898135398915,19.0,55.88043814367632,-4.104360473798184,86,16.073,865
55.84345328676128,-4.195898135398915,19.0,55.90345994988174,-4.293652184560058,87,13.616,1192
55.84345328676128,-4.195898135398915,19.0,55.91230525016259,-4.108196424937476,88,20.033,1103
55.84345328676128,-4.195898135398915,19.0,55.90569137930351,-4.3852429216612405,89,17.728,1488
55.84345328676128,-4.195898135398915,19.0,55.824402119970216,-4.298242138123909,90,8.409,958
55.84345328676128,-4.195898135398915,19.0,55.887104625653905,-4.201059285828647,91,7.14,964
55.84345328676128,-4.195898135398915,19.0,55.92006797200308,-4.195257422106852,92,15.627,1079
55.84345328676128,-4.195898135398915,19.0,55.7944551107823,-4.1683749063061635,93,8.839,1165
55.84345328676128,-4.195898135398915,19.0,55.88003873447475,-4.304350182381346,94,10.276,1033
55.84345328676128,-4.195898135398915,19.0,55.88308048053683,-4.2942103285768285,95,9.876,1008
55.84345328676128,-4.195898135398915,19.0,55.80779271908626,-4.3234306371549245,96,17.822,1086
55.84345328676128,-4.195898135398915,19.0,55.90123467399992,-4.380968632189907,97,18.058,1610
55.84345328676128,-4.195898135398915,19.0,55.88049231589054,-4.293733205570284,98,9.778,998
55.84345328676128,-4.195898135398915,19.0,55.84697147961761,-4.334108806216461,99,14.449,961
55.84345328676128,-4.195898135398915,19.0,55.83067141211495,-4.195633651932574,100,4.512,487
55.84345328676128,-4.195898135398915,19.0,55.89350845984679,-4.099445363541155,101,15.818,911
55.84345328676128,-4.195898135398915,19.0,55.92592408664018,-4.179171340754611,102,14.898,1117
55.84345328676128,-4.195898135398915,19.0,55.84941827409408,-4.169566750359822,103,2.95,390
55.84345328676128,-4.195898135398915,19.0,55.92413375575165,-4.226670311636797,104,13.342,1852
55.84345328676128,-4.195898135398915,19.0,55.88995713457192,-4.285031242761631,105,10.271,1032
55.84345328676128,-4.195898135398915,19.0,55.90528066541109,-4.131569818675147,106,11.236,881
55.84345328676128,-4.195898135398915,19.0,55.87850608392288,-4.103517886631066,107,16.404,898
55.84345328676128,-4.195898135398915,19.0,55.80799405798939,-4.284953473560454,108,9.037,1019
55.84345328676128,-4.195898135398915,19.0,55.906815669822045,-4.385279074380807,109,17.039,1403
55.84345328676128,-4.195898135398915,19.0,55.916237634416454,-4.222407816066865,110,11.58,1045
55.84345328676128,-4.195898135398915,19.0,55.915798955837815,-4.088621086891774,111,18.899,987
55.84345328676128,-4.195898135398915,19.0,55.827538479175395,-4.350653065976025,112,16.895,1044
55.84345328676128,-4.195898135398915,19.0,55.799515288981674,-4.0866627646338864,113,15.942,912
55.84345328676128,-4.195898135398915,19.0,55.831024245961984,-4.244756518165482,114,4.774,554
55.84345328676128,-4.195898135398915,19.0,55.86754360554833,-4.2143078261423845,115,4.955,738
55.84345328676128,-4.195898135398915,19.0,55.8574985965699,-4.1521224561179935,116,5.659,589
55.84345328676128,-4.195898135398915,19.0,55.88095643501817,-4.32811659177277,117,11.675,992
55.84345328676128,-4.195898135398915,19.0,55.85240433608213,-4.177570445500026,118,2.981,415
55.84345328676128,-4.195898135398915,19.0,55.91169549549074,-4.359708873069638,119,16.427,1512
55.84345328676128,-4.195898135398915,19.0,55.92640787519779,-4.300990956079843,120,15.289,1199
55.84345328676128,-4.195898135398915,19.0,55.84019197366069,-4.205566157974415,121,3.104,410
55.84345328676128,-4.195898135398915,19.0,55.866619942939494,-4.268153778778456,122,7.739,842
55.84345328676128,-4.195898135398915,19.0,55.81327411986783,-4.2587495402872255,123,7.149,792
55.84345328676128,-4.195898135398915,19.0,55.86022660117776,-4.154711133590585,124,6.012,620
55.84345328676128,-4.195898135398915,19.0,55.831522729053496,-4.370420634377527,125,18.949,1215
55.84345328676128,-4.195898135398915,19.0,55.84074346341779,-4.172411658039648,126,2.461,309
55.84345328676128,-4.195898135398915,19.0,55.8801412435821,-4.258666277618953,127,8.015,856
55.84345328676128,-4.195898135398915,19.0,55.8434159429892,-4.1056733307349536,128,7.387,577
55.84345328676128,-4.195898135398915,19.0,55.83522057783537,-4.25736952395694,129,5.308,651
55.84345328676128,-4.195898135398915,19.0,55.86467774065618,-4.2250953414252415,130,4.18,495
55.84345328676128,-4.195898135398915,19.0,55.8953662249987,-4.231143624453162,131,8.767,857
55.84345328676128,-4.195898135398915,19.0,55.81920459649808,-4.236238450921302,132,6.754,654
55.84345328676128,-4.195898135398915,19.0,55.900795402502105,-4.206009410292495,133,10.298,994
55.84345328676128,-4.195898135398915,19.0,55.86078490474355,-4.339631469507248,134,16.818,1044
55.84345328676128,-4.195898135398915,19.0,55.924999437053955,-4.191173279124663,135,15.376,1069
55.84345328676128,-4.195898135398915,19.0,55.81549096669224,-4.126910343137958,136,7.606,694
55.84345328676128,-4.195898135398915,19.0,55.90135585493081,-4.207622057499793,137,10.297,971
55.84345328676128,-4.195898135398915,19.0,55.845816555475636,-4.129576488296543,138,5.876,553
55.84345328676128,-4.195898135398915,19.0,55.80470047644827,-4.291960781118721,139,10.043,1079
55.84345328676128,-4.195898135398915,19.0,55.89185394491289,-4.179857587296262,140,7.801,752
55.84345328676128,-4.195898135398915,19.0,55.91859399996558,-4.3401659608951215,141,18.05,1409
55.84345328676128,-4.195898135398915,19.0,55.90671476836246,-4.3642865107142725,142,16.618,1456
55.84345328676128,-4.195898135398915,19.0,55.81273399651921,-4.167613047894911,143,5.97,551
55.84345328676128,-4.195898135398915,19.0,55.80939871413575,-4.276056954355674,144,8.325,907
55.84345328676128,-4.195898135398915,19.0,55.88312869327199,-4.214542892826467,145,8.338,883
55.84345328676128,-4.195898135398915,19.0,55.815340374954424,-4.283514492524949,146,8.495,925
55.84345328676128,-4.195898135398915,19.0,55.87864379034378,-4.080636908866371,147,15.361,768
55.84345328676128,-4.195898135398915,19.0,55.89423440492952,-4.2418874418647645,148,9.33,941
55.84345328676128,-4.195898135398915,19.0,55.92796852989922,-4.305970400193036,149,15.417,1222
55.84345328676128,-4.195898135398915,19.0,55.92895153496988,-4.082888064137351,150,19.857,994
55.84345328676128,-4.195898135398915,19.0,55.790766759429424,-4.135285962371055,151,9.665,754
55.84345328676128,-4.195898135398915,19.0,55.80808041573422,-4.184105792933229,152,6.894,604
55.84345328676128,-4.195898135398915,19.0,55.7982747224006,-4.3931924101572655,153,21.02,1298
55.84345328676128,-4.195898135398915,19.0,55.81178474630603,-4.337962602706185,154,17.618,1059
55.84345328676128,-4.195898135398915,19.0,55.852972007756,-4.353957895039277,155,16.017,1047
55.84345328676128,-4.195898135398915,19.0,55.797152036890715,-4.311451416173846,156,19.59,1133
55.84345328676128,-4.195898135398915,19.0,55.84839482833289,-4.1889265673730645,157,1.022,251
55.84345328676128,-4.195898135398915,19.0,55.86383954752864,-4.387927326091926,158,21.609,1075
55.84345328676128,-4.195898135398915,19.0,55.807182357875575,-4.140487806234959,159,7.214,673
55.84345328676128,-4.195898135398915,19.0,55.8296607577131,-4.218765551358871,160,4.518,504
55.84345328676128,-4.195898135398915,19.0,55.82699494590622,-4.295404959002084,161,8.236,922
55.84345328676128,-4.195898135398915,19.0,55.861248665443505,-4.307186036515638,162,13.903,951
55.84345328676128,-4.195898135398915,19.0,55.897857165570365,-4.156645648865112,163,9.277,788
55.84345328676128,-4.195898135398915,19.0,55.877747555317356,-4.342792329217214,164,12.273,1098
55.84345328676128,-4.195898135398915,19.0,55.92259641850896,-4.389236283866068,165,22.049,1613
55.84345328676128,-4.195898135398915,19.0,55.92621339590465,-4.2820478996479165,166,13.741,1099
55.84345328676128,-4.195898135398915,19.0,55.80660612206145,-4.094012410496262,167,11.434,865
55.84345328676128,-4.195898135398915,19.0,55.84605439624201,-4.09192094471571,168,16.59,837
55.84345328676128,-4.195898135398915,19.0,55.83961965364386,-4.1201104741133365,169,6.738,475
55.84345328676128,-4.195898135398915,19.0,55.85030951683019,-4.217608837338132,170,1.93,304
55.84345328676128,-4.195898135398915,19.0,55.85971342373431,-4.246748195156407,171,4.357,540
55.84345328676128,-4.195898135398915,19.0,55.815747728441636,-4.150792968910081,172,6.084,569
55.84345328676128,-4.195898135398915,19.0,55.80041195127493,-4.3806303679601495,173,20.436,1251
55.84345328676128,-4.195898135398915,19.0,55.85487415463933,-4.092829020720908,174,11.045,668
55.84345328676128,-4.195898135398915,19.0,55.80456076444065,-4.203157873727267,175,7.119,674
55.84345328676128,-4.195898135398915,19.0,55.84723005082115,-4.330151260440624,176,13.97,905
55.84345328676128,-4.195898135398915,19.0,55.88775631668876,-4.123428423568879,177,13.025,1000
55.84345328676128,-4.195898135398915,19.0,55.82857385936083,-4.129579652409029,178,7.956,728
55.84345328676128,-4.195898135398915,19.0,55.879865395443076,-4.36272007519476,179,13.181,1124
55.84345328676128,-4.195898135398915,19.0,55.87973669437185,-4.215636550296907,180,6.028,865
55.84345328676128,-4.195898135398915,19.0,55.8162521393249,-4.1868605517933455,181,6.261,586
55.84345328676128,-4.195898135398915,19.0,55.80755514535402,-4.201625161718038,182,6.872,641
55.84345328676128,-4.195898135398915,19.0,55.85565398843102,-4.250533808562208,183,4.5,587
55.84345328676128,-4.195898135398915,19.0,55.929636326069506,-4.381100658166308,184,21.111,1573
55.84345328676128,-4.195898135398915,19.0,55.879581066995904,-4.21986165885879,185,7.266,875
55.84345328676128,-4.195898135398915,19.0,55.92647877645629,-4.127886630011083,186,14.639,1119
55.84345328676128,-4.195898135398915,19.0,55.82282427264178,-4.371094162561755,187,18.085,1138
55.84345328676128,-4.195898135398915,19.0,55.90291353127043,-4.3414180899754955,188,14.664,1334
55.84345328676128,-4.195898135398915,19.0,55.78437024600116,-4.156926419796477,189,10.608,821
55.84345328676128,-4.195898135398915,19.0,55.8321542449311,-4.1561720476648265,190,3.553,423
55.84345328676128,-4.195898135398915,19.0,55.88310705812362,-4.084862107847263,191,12.522,650
55.84345328676128,-4.195898135398915,19.0,55.85616333886266,-4.110333739241922,192,7.829,757
55.84345328676128,-4.195898135398915,19.0,55.90185178498145,-4.152652007721208,193,13.186,1413
55.84345328676128,-4.195898135398915,19.0,55.8837118458465,-4.182392741162416,194,8.955,1729
55.84345328676128,-4.195898135398915,19.0,55.83086049774818,-4.312434105301623,195,9.379,1039
55.84345328676128,-4.195898135398915,19.0,55.821849459706755,-4.176208567338996,196,5.437,508
55.84345328676128,-4.195898135398915,19.0,55.88009750494633,-4.255964552703097,197,7.701,834
55.84345328676128,-4.195898135398915,19.0,55.87413911675089,-4.369807111055967,198,17.611,965
55.84345328676128,-4.195898135398915,19.0,55.86354071984154,-4.093406384811447,199,12.625,772
55.90792927712042,-4.130873720131227,20.0,55.8391698042901,-4.214478482526657,0,11.421,930
55.90792927712042,-4.130873720131227,20.0,55.86553667472969,-4.350500876963486,1,21.985,1040
55.90792927712042,-4.130873720131227,20.0,55.912892829643965,-4.286410947894997,2,14.296,1702
55.90792927712042,-4.130873720131227,20.0,55.84854019346565,-4.391697428307927,3,21.416,1261
55.90792927712042,-4.130873720131227,20.0,55.79232875093524,-4.310455024670266,4,23.907,1239
55.90792927712042,-4.130873720131227,20.0,55.837143362020576,-4.120043492886959,5,24.304,974
55.90792927712042,-4.130873720131227,20.0,55.84185129809378,-4.283879851305767,6,18.587,990
55.90792927712042,-4.130873720131227,20.0,55.90609664927746,-4.311383718964596,7,16.506,974
55.90792927712042,-4.130873720131227,20.0,55.7832172019226,-4.31249791159531,8,25.495,1297
55.90792927712042,-4.130873720131227,20.0,55.8177258987159,-4.260489243356555,9,15.9,1163
55.90792927712042,-4.130873720131227,20.0,55.903262790870684,-4.212111703691823,10,7.861,554
55.90792927712042,-4.130873720131227,20.0,55.893978813107424,-4.1413270988368325,11,3.015,276
55.90792927712042,-4.130873720131227,20.0,55.894884622950286,-4.154349650804189,12,2.382,135
55.90792927712042,-4.130873720131227,20.0,55.80680963785043,-4.263605759417426,13,21.229,1394
55.90792927712042,-4.130873720131227,20.0,55.81824312166051,-4.346878846315483,14,21.07,1153
55.90792927712042,-4.130873720131227,20.0,55.84742656229786,-4.269221405976544,15,15.063,877
55.90792927712042,-4.130873720131227,20.0,55.80730424868546,-4.315177272898423,16,20.776,1138
55.90792927712042,-4.130873720131227,20.0,55.83798278877758,-4.260604018644594,17,13.27,938
55.90792927712042,-4.130873720131227,20.0,55.89424631095569,-4.343398240721316,18,16.916,1088
55.90792927712042,-4.130873720131227,20.0,55.83908093533876,-4.223069302141199,19,11.597,979
55.90792927712042,-4.130873720131227,20.0,55.8357731433788,-4.270556349194068,20,15.867,888
55.90792927712042,-4.130873720131227,20.0,55.90309627527835,-4.360750370095284,21,19.169,1246
55.90792927712042,-4.130873720131227,20.0,55.85652103589449,-4.101365743428073,22,13.717,680
55.90792927712042,-4.130873720131227,20.0,55.783736419963375,-4.235306054793451,23,31.142,1547
55.90792927712042,-4.130873720131227,20.0,55.92064824587275,-4.2358362157531895,24,9.419,560
55.90792927712042,-4.130873720131227,20.0,55.907674892744176,-4.2497703459088045,25,10.365,1776
55.90792927712042,-4.130873720131227,20.0,55.919604340921964,-4.226208116301384,26,8.153,495
55.90792927712042,-4.130873720131227,20.0,55.83219148710444,-4.304581930326681,27,19.948,1180
55.90792927712042,-4.130873720131227,20.0,55.79569701419853,-4.1769099124482585,28,27.317,1303
55.90792927712042,-4.130873720131227,20.0,55.81260197667657,-4.197841211154324,29,14.923,1216
55.90792927712042,-4.130873720131227,20.0,55.826092940761974,-4.176919409292903,30,24.222,1116
55.90792927712042,-4.130873720131227,20.0,55.828413149208096,-4.109650878166438,31,21.774,1011
55.90792927712042,-4.130873720131227,20.0,55.8999241737755,-4.257993823533507,32,15.57,896
55.90792927712042,-4.130873720131227,20.0,55.892514250678616,-4.340118142906542,33,16.945,1099
55.90792927712042,-4.130873720131227,20.0,55.855241629670886,-4.269936069312288,34,12.907,618
55.90792927712042,-4.130873720131227,20.0,55.877364911629314,-4.109701193625618,35,8.105,626
55.90792927712042,-4.130873720131227,20.0,55.887053111734645,-4.1280531391159245,36,3.248,246
55.90792927712042,-4.130873720131227,20.0,55.89108676863447,-4.105446803942431,37,4.316,553
55.90792927712042,-4.130873720131227,20.0,55.842635153466425,-4.334387903339716,38,17.853,968
55.90792927712042,-4.130873720131227,20.0,55.89197542936556,-4.19614108945253,39,5.49,337
55.90792927712042,-4.130873720131227,20.0,55.825849135803445,-4.321179033230789,40,18.126,1080
55.90792927712042,-4.130873720131227,20.0,55.81864602215581,-4.375055705699034,41,22.099,1162
55.90792927712042,-4.130873720131227,20.0,55.92613065482397,-4.212698358862173,42,7.527,490
55.90792927712042,-4.130873720131227,20.0,55.874439929608144,-4.279689658904073,43,12.748,740
55.90792927712042,-4.130873720131227,20.0,55.81998166828728,-4.245455535821837,44,15.38,1068
55.90792927712042,-4.130873720131227,20.0,55.91066980601156,-4.213502644426629,45,8.509,544
55.90792927712042,-4.130873720131227,20.0,55.8404807486866,-4.356656090229781,46,21.505,1235
55.90792927712042,-4.130873720131227,20.0,55.88708229912325,-4.079055837843032,47,11.577,486
55.90792927712042,-4.130873720131227,20.0,55.84510555179576,-4.178720975321847,48,14.444,1005
55.90792927712042,-4.130873720131227,20.0,55.84413340760586,-4.085244529493477,49,12.624,1229
55.90792927712042,-4.130873720131227,20.0,55.83324217210475,-4.157183908594519,50,22.319,963
55.90792927712042,-4.130873720131227,20.0,55.895753278756494,-4.323131413571223,51,18.795,1184
55.90792927712042,-4.130873720131227,20.0,55.88609925330935,-4.38354364327563,52,23.018,1108
55.90792927712042,-4.130873720131227,20.0,55.86596770908397,-4.338853955125049,53,19.801,988
55.90792927712042,-4.130873720131227,20.0,55.819381988004544,-4.256567679373081,54,15.63,1184
55.90792927712042,-4.130873720131227,20.0,55.919398785577634,-4.298102785445152,55,14.572,1382
55.90792927712042,-4.130873720131227,20.0,55.81052481551728,-4.0780884232687225,56,24.573,2158
55.90792927712042,-4.130873720131227,20.0,55.8411814367945,-4.125490362928665,57,19.855,906
55.90792927712042,-4.130873720131227,20.0,55.844855881791794,-4.151320272286683,58,13.846,939
55.90792927712042,-4.130873720131227,20.0,55.79334532620707,-4.3052187624925375,59,24.238,1246
55.90792927712042,-4.130873720131227,20.0,55.78499644933002,-4.082518262203789,60,26.463,1085
55.90792927712042,-4.130873720131227,20.0,55.86482365717543,-4.074666870071637,61,9.042,792
55.90792927712042,-4.130873720131227,20.0,55.910543969585106,-4.384534109666136,62,21.601,1381
55.90792927712042,-4.130873720131227,20.0,55.799715679086134,-4.188568421733812,63,27.645,1494
55.90792927712042,-4.130873720131227,20.0,55.90005630083831,-4.294022887833187,64,15.725,957
55.90792927712042,-4.130873720131227,20.0,55.82573931186619,-4.210157383495828,65,12.98,1031
55.90792927712042,-4.130873720131227,20.0,55.88010014610652,-4.288014027401103,66,14.848,1030
55.90792927712042,-4.130873720131227,20.0,55.8836463272421,-4.377148406451105,67,22.788,1185
55.90792927712042,-4.130873720131227,20.0,55.80511293548626,-4.195982430231648,68,15.903,1291
55.90792927712042,-4.130873720131227,20.0,55.9265186267864,-4.256321117900257,69,11.645,689
55.90792927712042,-4.130873720131227,20.0,55.90353118048908,-4.119171950823842,70,2.883,447
55.90792927712042,-4.130873720131227,20.0,55.81502357146685,-4.260984914919316,71,16.257,1197
55.90792927712042,-4.130873720131227,20.0,55.894355058439295,-4.293143876300353,72,16.773,1042
55.90792927712042,-4.130873720131227,20.0,55.80246488546192,-4.242274834364847,73,17.521,1294
55.90792927712042,-4.130873720131227,20.0,55.887581813102464,-4.2985753032369685,74,15.029,1005
55.90792927712042,-4.130873720131227,20.0,55.928290955083554,-4.295962301582311,75,13.272,724
55.90792927712042,-4.130873720131227,20.0,55.81096058143004,-4.368797105646974,76,23.756,1244
55.90792927712042,-4.130873720131227,20.0,55.84818750128869,-4.3631808239548375,77,22.491,1087
55.90792927712042,-4.130873720131227,20.0,55.81610352786554,-4.330910795148831,78,20.095,994
55.90792927712042,-4.130873720131227,20.0,55.807034270653475,-4.136077366584948,79,26.343,1251
55.90792927712042,-4.130873720131227,20.0,55.86778114631985,-4.233612892312959,80,9.878,604
55.90792927712042,-4.130873720131227,20.0,55.79578956690847,-4.368290459919509,81,28.84,2439
55.90792927712042,-4.130873720131227,20.0,55.897877306124535,-4.077031107370425,82,6.107,1020
55.90792927712042,-4.130873720131227,20.0,55.80721289582252,-4.242612882195534,83,16.744,1245
55.90792927712042,-4.130873720131227,20.0,55.92209393969709,-4.157940141970138,84,3.462,262
55.90792927712042,-4.130873720131227,20.0,55.79188265083702,-4.28147512844989,85,25.1,1301
55.90792927712042,-4.130873720131227,20.0,55.88043814367632,-4.104360473798184,86,7.415,566
55.90792927712042,-4.130873720131227,20.0,55.90345994988174,-4.293652184560058,87,14.94,878
55.90792927712042,-4.130873720131227,20.0,55.91230525016259,-4.108196424937476,88,3.907,355
55.90792927712042,-4.130873720131227,20.0,55.90569137930351,-4.3852429216612405,89,22.537,1457
55.90792927712042,-4.130873720131227,20.0,55.824402119970216,-4.298242138123909,90,18.562,1001
55.90792927712042,-4.130873720131227,20.0,55.887104625653905,-4.201059285828647,91,6.55,506
55.90792927712042,-4.130873720131227,20.0,55.92006797200308,-4.195257422106852,92,5.532,308
55.90792927712042,-4.130873720131227,20.0,55.7944551107823,-4.1683749063061635,93,27.447,1737
55.90792927712042,-4.130873720131227,20.0,55.88003873447475,-4.304350182381346,94,14.362,912
55.90792927712042,-4.130873720131227,20.0,55.88308048053683,-4.2942103285768285,95,13.962,887
55.90792927712042,-4.130873720131227,20.0,55.80779271908626,-4.3234306371549245,96,21.366,1126
55.90792927712042,-4.130873720131227,20.0,55.90123467399992,-4.380968632189907,97,23.964,1587
55.90792927712042,-4.130873720131227,20.0,55.88049231589054,-4.293733205570284,98,13.864,877
55.90792927712042,-4.130873720131227,20.0,55.84697147961761,-4.334108806216461,99,17.967,1001
55.90792927712042,-4.130873720131227,20.0,55.83067141211495,-4.195633651932574,100,25.24,1118
55.90792927712042,-4.130873720131227,20.0,55.89350845984679,-4.099445363541155,101,4.131,385
55.90792927712042,-4.130873720131227,20.0,55.92592408664018,-4.179171340754611,102,4.803,346
55.90792927712042,-4.130873720131227,20.0,55.84941827409408,-4.169566750359822,103,13.015,885
55.90792927712042,-4.130873720131227,20.0,55.92413375575165,-4.226670311636797,104,8.742,1232
55.90792927712042,-4.130873720131227,20.0,55.88995713457192,-4.285031242761631,105,14.357,911
55.90792927712042,-4.130873720131227,20.0,55.90528066541109,-4.131569818675147,106,0.534,54
55.90792927712042,-4.130873720131227,20.0,55.87850608392288,-4.103517886631066,107,7.746,599
55.90792927712042,-4.130873720131227,20.0,55.80799405798939,-4.284953473560454,108,19.865,1256
55.90792927712042,-4.130873720131227,20.0,55.906815669822045,-4.385279074380807,109,22.318,1411
55.90792927712042,-4.130873720131227,20.0,55.916237634416454,-4.222407816066865,110,8.068,483
55.90792927712042,-4.130873720131227,20.0,55.915798955837815,-4.088621086891774,111,4.625,390
55.90792927712042,-4.130873720131227,20.0,55.827538479175395,-4.350653065976025,112,20.439,1084
55.90792927712042,-4.130873720131227,20.0,55.799515288981674,-4.0866627646338864,113,26.833,1198
55.90792927712042,-4.130873720131227,20.0,55.831024245961984,-4.244756518165482,114,13.981,977
55.90792927712042,-4.130873720131227,20.0,55.86754360554833,-4.2143078261423845,115,8.576,634
55.90792927712042,-4.130873720131227,20.0,55.8574985965699,-4.1521224561179935,116,11.627,724
55.90792927712042,-4.130873720131227,20.0,55.88095643501817,-4.32811659177277,117,17.581,969
55.90792927712042,-4.130873720131227,20.0,55.85240433608213,-4.177570445500026,118,10.131,796
55.90792927712042,-4.130873720131227,20.0,55.91169549549074,-4.359708873069638,119,19.113,1237
55.90792927712042,-4.130873720131227,20.0,55.92640787519779,-4.300990956079843,120,13.72,772
55.90792927712042,-4.130873720131227,20.0,55.84019197366069,-4.205566157974415,121,11.907,1028
55.90792927712042,-4.130873720131227,20.0,55.866619942939494,-4.268153778778456,122,11.825,721
55.90792927712042,-4.130873720131227,20.0,55.81327411986783,-4.2587495402872255,123,16.236,1207
55.90792927712042,-4.130873720131227,20.0,55.86022660117776,-4.154711133590585,124,10.844,651
55.90792927712042,-4.130873720131227,20.0,55.831522729053496,-4.370420634377527,125,22.493,1255
55.90792927712042,-4.130873720131227,20.0,55.84074346341779,-4.172411658039648,126,23.3,1008
55.90792927712042,-4.130873720131227,20.0,55.8801412435821,-4.258666277618953,127,12.101,735
55.90792927712042,-4.130873720131227,20.0,55.8434159429892,-4.1056733307349536,128,20.111,935
55.90792927712042,-4.130873720131227,20.0,55.83522057783537,-4.25736952395694,129,13.244,940
55.90792927712042,-4.130873720131227,20.0,55.86467774065618,-4.2250953414252415,130,9.771,507
55.90792927712042,-4.130873720131227,20.0,55.8953662249987,-4.231143624453162,131,8.848,573
55.90792927712042,-4.130873720131227,20.0,55.81920459649808,-4.236238450921302,132,15.964,1119
55.90792927712042,-4.130873720131227,20.0,55.900795402502105,-4.206009410292495,133,7.43,492
55.90792927712042,-4.130873720131227,20.0,55.86078490474355,-4.339631469507248,134,20.336,1083
55.90792927712042,-4.130873720131227,20.0,55.924999437053955,-4.191173279124663,135,5.281,298
55.90792927712042,-4.130873720131227,20.0,55.81549096669224,-4.126910343137958,136,25.173,1223
55.90792927712042,-4.130873720131227,20.0,55.90135585493081,-4.207622057499793,137,7.429,470
55.90792927712042,-4.130873720131227,20.0,55.845816555475636,-4.129576488296543,138,18.944,894
55.90792927712042,-4.130873720131227,20.0,55.80470047644827,-4.291960781118721,139,19.892,1234
55.90792927712042,-4.130873720131227,20.0,55.89185394491289,-4.179857587296262,140,4.377,253
55.90792927712042,-4.130873720131227,20.0,55.91859399996558,-4.3401659608951215,141,16.481,983
55.90792927712042,-4.130873720131227,20.0,55.90671476836246,-4.3642865107142725,142,19.2,1210
55.90792927712042,-4.130873720131227,20.0,55.81273399651921,-4.167613047894911,143,24.776,1105
55.90792927712042,-4.130873720131227,20.0,55.80939871413575,-4.276056954355674,144,19.773,1220
55.90792927712042,-4.130873720131227,20.0,55.88312869327199,-4.214542892826467,145,7.123,560
55.90792927712042,-4.130873720131227,20.0,55.815340374954424,-4.283514492524949,146,18.767,1105
55.90792927712042,-4.130873720131227,20.0,55.87864379034378,-4.080636908866371,147,12.49,509
55.90792927712042,-4.130873720131227,20.0,55.89423440492952,-4.2418874418647645,148,9.589,697
55.90792927712042,-4.130873720131227,20.0,55.92796852989922,-4.305970400193036,149,13.848,795
55.90792927712042,-4.130873720131227,20.0,55.92895153496988,-4.082888064137351,150,8.903,419
55.90792927712042,-4.130873720131227,20.0,55.790766759429424,-4.135285962371055,151,28.471,1307
55.90792927712042,-4.130873720131227,20.0,55.80808041573422,-4.184105792933229,152,26.255,1221
55.90792927712042,-4.130873720131227,20.0,55.7982747224006,-4.3931924101572655,153,24.564,1339
55.90792927712042,-4.130873720131227,20.0,55.81178474630603,-4.337962602706185,154,21.162,1100
55.90792927712042,-4.130873720131227,20.0,55.852972007756,-4.353957895039277,155,19.535,1086
55.90792927712042,-4.130873720131227,20.0,55.797152036890715,-4.311451416173846,156,23.134,1174
55.90792927712042,-4.130873720131227,20.0,55.84839482833289,-4.1889265673730645,157,11.144,876
55.90792927712042,-4.130873720131227,20.0,55.86383954752864,-4.387927326091926,158,25.127,1114
55.90792927712042,-4.130873720131227,20.0,55.807182357875575,-4.140487806234959,159,26.02,1226
55.90792927712042,-4.130873720131227,20.0,55.8296607577131,-4.218765551358871,160,13.321,1122
55.90792927712042,-4.130873720131227,20.0,55.82699494590622,-4.295404959002084,161,18.598,978
55.90792927712042,-4.130873720131227,20.0,55.861248665443505,-4.307186036515638,162,18.238,1013
55.90792927712042,-4.130873720131227,20.0,55.897857165570365,-4.156645648865112,163,5.914,305
55.90792927712042,-4.130873720131227,20.0,55.877747555317356,-4.342792329217214,164,18.179,1075
55.90792927712042,-4.130873720131227,20.0,55.92259641850896,-4.389236283866068,165,20.48,1187
55.90792927712042,-4.130873720131227,20.0,55.92621339590465,-4.2820478996479165,166,12.592,692
55.90792927712042,-4.130873720131227,20.0,55.80660612206145,-4.094012410496262,167,24.158,1223
55.90792927712042,-4.130873720131227,20.0,55.84605439624201,-4.09192094471571,168,15.144,657
55.90792927712042,-4.130873720131227,20.0,55.83961965364386,-4.1201104741133365,169,19.462,833
55.90792927712042,-4.130873720131227,20.0,55.85030951683019,-4.217608837338132,170,10.345,848
55.90792927712042,-4.130873720131227,20.0,55.85971342373431,-4.246748195156407,171,10.484,654
55.90792927712042,-4.130873720131227,20.0,55.815747728441636,-4.150792968910081,172,24.89,1123
55.90792927712042,-4.130873720131227,20.0,55.80041195127493,-4.3806303679601495,173,23.98,1291
55.90792927712042,-4.130873720131227,20.0,55.85487415463933,-4.092829020720908,174,14.954,658
55.90792927712042,-4.130873720131227,20.0,55.80456076444065,-4.203157873727267,175,15.922,1293
55.90792927712042,-4.130873720131227,20.0,55.84723005082115,-4.330151260440624,176,17.488,944
55.90792927712042,-4.130873720131227,20.0,55.88775631668876,-4.123428423568879,177,3.383,252
55.90792927712042,-4.130873720131227,20.0,55.82857385936083,-4.129579652409029,178,24.78,1201
55.90792927712042,-4.130873720131227,20.0,55.879865395443076,-4.36272007519476,179,19.087,1101
55.90792927712042,-4.130873720131227,20.0,55.87973669437185,-4.215636550296907,180,7.948,680
55.90792927712042,-4.130873720131227,20.0,55.8162521393249,-4.1868605517933455,181,25.363,1218
55.90792927712042,-4.130873720131227,20.0,55.80755514535402,-4.201625161718038,182,15.675,1260
55.90792927712042,-4.130873720131227,20.0,55.85565398843102,-4.250533808562208,183,11.298,809
55.90792927712042,-4.130873720131227,20.0,55.929636326069506,-4.381100658166308,184,19.542,1146
55.90792927712042,-4.130873720131227,20.0,55.879581066995904,-4.21986165885879,185,8.221,730
55.90792927712042,-4.130873720131227,20.0,55.92647877645629,-4.127886630011083,186,3.275,343
55.90792927712042,-4.130873720131227,20.0,55.82282427264178,-4.371094162561755,187,21.629,1178
55.90792927712042,-4.130873720131227,20.0,55.90291353127043,-4.3414180899754955,188,20.328,1306
55.90792927712042,-4.130873720131227,20.0,55.78437024600116,-4.156926419796477,189,32.062,1361
55.90792927712042,-4.130873720131227,20.0,55.8321542449311,-4.1561720476648265,190,22.359,977
55.90792927712042,-4.130873720131227,20.0,55.88310705812362,-4.084862107847263,191,19.448,750
55.90792927712042,-4.130873720131227,20.0,55.85616333886266,-4.110333739241922,192,13.755,702
55.90792927712042,-4.130873720131227,20.0,55.90185178498145,-4.152652007721208,193,3.091,642
55.90792927712042,-4.130873720131227,20.0,55.8837118458465,-4.182392741162416,194,5.883,1279
55.90792927712042,-4.130873720131227,20.0,55.83086049774818,-4.312434105301623,195,19.532,1082
55.90792927712042,-4.130873720131227,20.0,55.821849459706755,-4.176208567338996,196,24.243,1061
55.90792927712042,-4.130873720131227,20.0,55.88009750494633,-4.255964552703097,197,11.787,713
55.90792927712042,-4.130873720131227,20.0,55.87413911675089,-4.369807111055967,198,21.129,1004
55.90792927712042,-4.130873720131227,20.0,55.86354071984154,-4.093406384811447,199,9.722,658
55.85431247701541,-4.384141745583024,21.0,55.8391698042901,-4.214478482526657,0,18.564,878
55.85431247701541,-4.384141745583024,21.0,55.86553667472969,-4.350500876963486,1,6.435,344
55.85431247701541,-4.384141745583024,21.0,55.912892829643965,-4.286410947894997,2,19.419,2077
55.85431247701541,-4.384141745583024,21.0,55.84854019346565,-4.391697428307927,3,1.629,251
55.85431247701541,-4.384141745583024,21.0,55.79232875093524,-4.310455024670266,4,10.543,889
55.85431247701541,-4.384141745583024,21.0,55.837143362020576,-4.120043492886959,5,22.263,890
55.85431247701541,-4.384141745583024,21.0,55.84185129809378,-4.283879851305767,6,11.994,701
55.85431247701541,-4.384141745583024,21.0,55.90609664927746,-4.311383718964596,7,14.731,942
55.85431247701541,-4.384141745583024,21.0,55.7832172019226,-4.31249791159531,8,12.131,947
55.85431247701541,-4.384141745583024,21.0,55.8177258987159,-4.260489243356555,9,17.235,940
55.85431247701541,-4.384141745583024,21.0,55.903262790870684,-4.212111703691823,10,21.084,1161
55.85431247701541,-4.384141745583024,21.0,55.893978813107424,-4.1413270988368325,11,22.824,1168
55.85431247701541,-4.384141745583024,21.0,55.894884622950286,-4.154349650804189,12,25.209,1067
55.85431247701541,-4.384141745583024,21.0,55.80680963785043,-4.263605759417426,13,12.398,1094
55.85431247701541,-4.384141745583024,21.0,55.81824312166051,-4.346878846315483,14,7.164,647
55.85431247701541,-4.384141745583024,21.0,55.84742656229786,-4.269221405976544,15,14.063,866
55.85431247701541,-4.384141745583024,21.0,55.80730424868546,-4.315177272898423,16,9.9,821
55.85431247701541,-4.384141745583024,21.0,55.83798278877758,-4.260604018644594,17,15.756,841
55.85431247701541,-4.384141745583024,21.0,55.89424631095569,-4.343398240721316,18,12.402,702
55.85431247701541,-4.384141745583024,21.0,55.83908093533876,-4.223069302141199,19,16.155,909
55.85431247701541,-4.384141745583024,21.0,55.8357731433788,-4.270556349194068,20,8.509,882
55.85431247701541,-4.384141745583024,21.0,55.90309627527835,-4.360750370095284,21,14.435,938
55.85431247701541,-4.384141745583024,21.0,55.85652103589449,-4.101365743428073,22,25.372,1111
55.85431247701541,-4.384141745583024,21.0,55.783736419963375,-4.235306054793451,23,25.058,1325
55.85431247701541,-4.384141745583024,21.0,55.92064824587275,-4.2358362157531895,24,22.209,1142
55.85431247701541,-4.384141745583024,21.0,55.907674892744176,-4.2497703459088045,25,20.961,2186
55.85431247701541,-4.384141745583024,21.0,55.919604340921964,-4.226208116301384,26,22.133,1153
55.85431247701541,-4.384141745583024,21.0,55.83219148710444,-4.304581930326681,27,10.478,907
55.85431247701541,-4.384141745583024,21.0,55.79569701419853,-4.1769099124482585,28,22.979,1163
55.85431247701541,-4.384141745583024,21.0,55.81260197667657,-4.197841211154324,29,20.39,1030
55.85431247701541,-4.384141745583024,21.0,55.826092940761974,-4.176919409292903,30,18.92,963
55.85431247701541,-4.384141745583024,21.0,55.828413149208096,-4.109650878166438,31,25.724,1153
55.85431247701541,-4.384141745583024,21.0,55.8999241737755,-4.257993823533507,32,18.167,1073
55.85431247701541,-4.384141745583024,21.0,55.892514250678616,-4.340118142906542,33,12.431,714
55.85431247701541,-4.384141745583024,21.0,55.855241629670886,-4.269936069312288,34,14.2,699
55.85431247701541,-4.384141745583024,21.0,55.877364911629314,-4.109701193625618,35,25.773,1212
55.85431247701541,-4.384141745583024,21.0,55.887053111734645,-4.1280531391159245,36,26.075,1178
55.85431247701541,-4.384141745583024,21.0,55.89108676863447,-4.105446803942431,37,27.808,1484
55.85431247701541,-4.384141745583024,21.0,55.842635153466425,-4.334387903339716,38,4.342,468
55.85431247701541,-4.384141745583024,21.0,55.89197542936556,-4.19614108945253,39,22.082,1012
55.85431247701541,-4.384141745583024,21.0,55.825849135803445,-4.321179033230789,40,10.457,828
55.85431247701541,-4.384141745583024,21.0,55.81864602215581,-4.375055705699034,41,5.73,521
55.85431247701541,-4.384141745583024,21.0,55.92613065482397,-4.212698358862173,42,22.595,1206
55.85431247701541,-4.384141745583024,21.0,55.874439929608144,-4.279689658904073,43,14.807,740
55.85431247701541,-4.384141745583024,21.0,55.81998166828728,-4.245455535821837,44,16.715,845
55.85431247701541,-4.384141745583024,21.0,55.91066980601156,-4.213502644426629,45,21.547,1156
55.85431247701541,-4.384141745583024,21.0,55.8404807486866,-4.356656090229781,46,4.039,409
55.85431247701541,-4.384141745583024,21.0,55.88708229912325,-4.079055837843032,47,31.055,1233
55.85431247701541,-4.384141745583024,21.0,55.84510555179576,-4.178720975321847,48,20.585,978
55.85431247701541,-4.384141745583024,21.0,55.84413340760586,-4.085244529493477,49,27.752,1608
55.85431247701541,-4.384141745583024,21.0,55.83324217210475,-4.157183908594519,50,20.447,975
55.85431247701541,-4.384141745583024,21.0,55.895753278756494,-4.323131413571223,51,12.188,814
55.85431247701541,-4.384141745583024,21.0,55.88609925330935,-4.38354364327563,52,5.512,330
55.85431247701541,-4.384141745583024,21.0,55.86596770908397,-4.338853955125049,53,8.402,402
55.85431247701541,-4.384141745583024,21.0,55.819381988004544,-4.256567679373081,54,11.982,1011
55.85431247701541,-4.384141745583024,21.0,55.919398785577634,-4.298102785445152,55,19.695,1756
55.85431247701541,-4.384141745583024,21.0,55.81052481551728,-4.0780884232687225,56,28.523,2300
55.85431247701541,-4.384141745583024,21.0,55.8411814367945,-4.125490362928665,57,23.805,1048
55.85431247701541,-4.384141745583024,21.0,55.844855881791794,-4.151320272286683,58,21.437,1029
55.85431247701541,-4.384141745583024,21.0,55.79334532620707,-4.3052187624925375,59,10.874,895
55.85431247701541,-4.384141745583024,21.0,55.78499644933002,-4.082518262203789,60,32.246,1299
55.85431247701541,-4.384141745583024,21.0,55.86482365717543,-4.074666870071637,61,27.638,1328
55.85431247701541,-4.384141745583024,21.0,55.910543969585106,-4.384534109666136,62,19.295,854
55.85431247701541,-4.384141745583024,21.0,55.799715679086134,-4.188568421733812,63,22.961,1321
55.85431247701541,-4.384141745583024,21.0,55.90005630083831,-4.294022887833187,64,14.622,1019
55.85431247701541,-4.384141745583024,21.0,55.82573931186619,-4.210157383495828,65,18.447,845
55.85431247701541,-4.384141745583024,21.0,55.88010014610652,-4.288014027401103,66,16.896,1016
55.85431247701541,-4.384141745583024,21.0,55.8836463272421,-4.377148406451105,67,5.946,409
55.85431247701541,-4.384141745583024,21.0,55.80511293548626,-4.195982430231648,68,21.37,1105
55.85431247701541,-4.384141745583024,21.0,55.9265186267864,-4.256321117900257,69,21.532,1180
55.85431247701541,-4.384141745583024,21.0,55.90353118048908,-4.119171950823842,70,26.971,1420
55.85431247701541,-4.384141745583024,21.0,55.81502357146685,-4.260984914919316,71,11.627,994
55.85431247701541,-4.384141745583024,21.0,55.894355058439295,-4.293143876300353,72,17.465,995
55.85431247701541,-4.384141745583024,21.0,55.80246488546192,-4.242274834364847,73,18.856,1071
55.85431247701541,-4.384141745583024,21.0,55.887581813102464,-4.2985753032369685,74,13.708,970
55.85431247701541,-4.384141745583024,21.0,55.928290955083554,-4.295962301582311,75,16.548,1022
55.85431247701541,-4.384141745583024,21.0,55.81096058143004,-4.368797105646974,76,7.338,708
55.85431247701541,-4.384141745583024,21.0,55.84818750128869,-4.3631808239548375,77,1.751,275
55.85431247701541,-4.384141745583024,21.0,55.81610352786554,-4.330910795148831,78,7.659,649
55.85431247701541,-4.384141745583024,21.0,55.807034270653475,-4.136077366584948,79,22.154,1214
55.85431247701541,-4.384141745583024,21.0,55.86778114631985,-4.233612892312959,80,16.658,823
55.85431247701541,-4.384141745583024,21.0,55.79578956690847,-4.368290459919509,81,9.273,1832
55.85431247701541,-4.384141745583024,21.0,55.897877306124535,-4.077031107370425,82,29.599,1951
55.85431247701541,-4.384141745583024,21.0,55.80721289582252,-4.242612882195534,83,18.079,1022
55.85431247701541,-4.384141745583024,21.0,55.92209393969709,-4.157940141970138,84,26.742,1218
55.85431247701541,-4.384141745583024,21.0,55.79188265083702,-4.28147512844989,85,11.736,950
55.85431247701541,-4.384141745583024,21.0,55.88043814367632,-4.104360473798184,86,25.585,1171
55.85431247701541,-4.384141745583024,21.0,55.90345994988174,-4.293652184560058,87,15.032,1063
55.85431247701541,-4.384141745583024,21.0,55.91230525016259,-4.108196424937476,88,28.239,1365
55.85431247701541,-4.384141745583024,21.0,55.90569137930351,-4.3852429216612405,89,19.538,893
55.85431247701541,-4.384141745583024,21.0,55.824402119970216,-4.298242138123909,90,9.287,795
55.85431247701541,-4.384141745583024,21.0,55.887104625653905,-4.201059285828647,91,19.794,1161
55.85431247701541,-4.384141745583024,21.0,55.92006797200308,-4.195257422106852,92,23.441,1184
55.85431247701541,-4.384141745583024,21.0,55.7944551107823,-4.1683749063061635,93,23.109,1597
55.85431247701541,-4.384141745583024,21.0,55.88003873447475,-4.304350182381346,94,11.861,810
55.85431247701541,-4.384141745583024,21.0,55.88308048053683,-4.2942103285768285,95,16.236,871
55.85431247701541,-4.384141745583024,21.0,55.80779271908626,-4.3234306371549245,96,8.93,781
55.85431247701541,-4.384141745583024,21.0,55.90123467399992,-4.380968632189907,97,20.736,1106
55.85431247701541,-4.384141745583024,21.0,55.88049231589054,-4.293733205570284,98,16.138,861
55.85431247701541,-4.384141745583024,21.0,55.84697147961761,-4.334108806216461,99,3.932,397
55.85431247701541,-4.384141745583024,21.0,55.83067141211495,-4.195633651932574,100,17.73,842
55.85431247701541,-4.384141745583024,21.0,55.89350845984679,-4.099445363541155,101,27.623,1316
55.85431247701541,-4.384141745583024,21.0,55.92592408664018,-4.179171340754611,102,28.083,1301
55.85431247701541,-4.384141745583024,21.0,55.84941827409408,-4.169566750359822,103,21.29,1044
55.85431247701541,-4.384141745583024,21.0,55.92413375575165,-4.226670311636797,104,23.81,1948
55.85431247701541,-4.384141745583024,21.0,55.88995713457192,-4.285031242761631,105,16.405,898
55.85431247701541,-4.384141745583024,21.0,55.90528066541109,-4.131569818675147,106,24.421,1065
55.85431247701541,-4.384141745583024,21.0,55.87850608392288,-4.103517886631066,107,25.916,1205
55.85431247701541,-4.384141745583024,21.0,55.80799405798939,-4.284953473560454,108,11.228,972
55.85431247701541,-4.384141745583024,21.0,55.906815669822045,-4.385279074380807,109,19.319,847
55.85431247701541,-4.384141745583024,21.0,55.916237634416454,-4.222407816066865,110,22.048,1141
55.85431247701541,-4.384141745583024,21.0,55.915798955837815,-4.088621086891774,111,31.323,1396
55.85431247701541,-4.384141745583024,21.0,55.827538479175395,-4.350653065976025,112,4.582,487
55.85431247701541,-4.384141745583024,21.0,55.799515288981674,-4.0866627646338864,113,32.616,1412
55.85431247701541,-4.384141745583024,21.0,55.831024245961984,-4.244756518165482,114,15.196,746
55.85431247701541,-4.384141745583024,21.0,55.86754360554833,-4.2143078261423845,115,17.998,939
55.85431247701541,-4.384141745583024,21.0,55.8574985965699,-4.1521224561179935,116,22.593,1155
55.85431247701541,-4.384141745583024,21.0,55.88095643501817,-4.32811659177277,117,10.244,529
55.85431247701541,-4.384141745583024,21.0,55.85240433608213,-4.177570445500026,118,21.454,1095
55.85431247701541,-4.384141745583024,21.0,55.91169549549074,-4.359708873069638,119,21.847,1072
55.85431247701541,-4.384141745583024,21.0,55.92640787519779,-4.300990956079843,120,16.356,1043
55.85431247701541,-4.384141745583024,21.0,55.84019197366069,-4.205566157974415,121,19.05,993
55.85431247701541,-4.384141745583024,21.0,55.866619942939494,-4.268153778778456,122,14.96,863
55.85431247701541,-4.384141745583024,21.0,55.81327411986783,-4.2587495402872255,123,17.571,984
55.85431247701541,-4.384141745583024,21.0,55.86022660117776,-4.154711133590585,124,22.499,1082
55.85431247701541,-4.384141745583024,21.0,55.831522729053496,-4.370420634377527,125,4.044,416
55.85431247701541,-4.384141745583024,21.0,55.84074346341779,-4.172411658039648,126,19.658,898
55.85431247701541,-4.384141745583024,21.0,55.8801412435821,-4.258666277618953,127,16.004,889
55.85431247701541,-4.384141745583024,21.0,55.8434159429892,-4.1056733307349536,128,24.061,1077
55.85431247701541,-4.384141745583024,21.0,55.83522057783537,-4.25736952395694,129,15.73,843
55.85431247701541,-4.384141745583024,21.0,55.86467774065618,-4.2250953414252415,130,16.782,775
55.85431247701541,-4.384141745583024,21.0,55.8953662249987,-4.231143624453162,131,19.235,953
55.85431247701541,-4.384141745583024,21.0,55.81920459649808,-4.236238450921302,132,17.299,896
55.85431247701541,-4.384141745583024,21.0,55.900795402502105,-4.206009410292495,133,21.402,1148
55.85431247701541,-4.384141745583024,21.0,55.86078490474355,-4.339631469507248,134,7.347,453
55.85431247701541,-4.384141745583024,21.0,55.924999437053955,-4.191173279124663,135,23.692,1193
55.85431247701541,-4.384141745583024,21.0,55.81549096669224,-4.126910343137958,136,23.145,1260
55.85431247701541,-4.384141745583024,21.0,55.90135585493081,-4.207622057499793,137,21.401,1125
55.85431247701541,-4.384141745583024,21.0,55.845816555475636,-4.129576488296543,138,22.81,1119
55.85431247701541,-4.384141745583024,21.0,55.80470047644827,-4.291960781118721,139,11.061,949
55.85431247701541,-4.384141745583024,21.0,55.89185394491289,-4.179857587296262,140,20.986,936
55.85431247701541,-4.384141745583024,21.0,55.91859399996558,-4.3401659608951215,141,15.286,979
55.85431247701541,-4.384141745583024,21.0,55.90671476836246,-4.3642865107142725,142,21.48,1032
55.85431247701541,-4.384141745583024,21.0,55.81273399651921,-4.167613047894911,143,20.203,1024
55.85431247701541,-4.384141745583024,21.0,55.80939871413575,-4.276056954355674,144,10.942,920
55.85431247701541,-4.384141745583024,21.0,55.88312869327199,-4.214542892826467,145,18.806,979
55.85431247701541,-4.384141745583024,21.0,55.815340374954424,-4.283514492524949,146,9.936,805
55.85431247701541,-4.384141745583024,21.0,55.87864379034378,-4.080636908866371,147,32.035,1268
55.85431247701541,-4.384141745583024,21.0,55.89423440492952,-4.2418874418647645,148,19.798,1037
55.85431247701541,-4.384141745583024,21.0,55.92796852989922,-4.305970400193036,149,16.484,1066
55.85431247701541,-4.384141745583024,21.0,55.92895153496988,-4.082888064137351,150,31.693,1345
55.85431247701541,-4.384141745583024,21.0,55.790766759429424,-4.135285962371055,151,25.534,1238
55.85431247701541,-4.384141745583024,21.0,55.80808041573422,-4.184105792933229,152,21.164,1036
55.85431247701541,-4.384141745583024,21.0,55.7982747224006,-4.3931924101572655,153,8.195,698
55.85431247701541,-4.384141745583024,21.0,55.81178474630603,-4.337962602706185,154,8.029,655
55.85431247701541,-4.384141745583024,21.0,55.852972007756,-4.353957895039277,155,2.609,370
55.85431247701541,-4.384141745583024,21.0,55.797152036890715,-4.311451416173846,156,9.77,823
55.85431247701541,-4.384141745583024,21.0,55.84839482833289,-4.1889265673730645,157,21.236,1013
55.85431247701541,-4.384141745583024,21.0,55.86383954752864,-4.387927326091926,158,3.438,167
55.85431247701541,-4.384141745583024,21.0,55.807182357875575,-4.140487806234959,159,21.831,1189
55.85431247701541,-4.384141745583024,21.0,55.8296607577131,-4.218765551358871,160,16.616,902
55.85431247701541,-4.384141745583024,21.0,55.82699494590622,-4.295404959002084,161,9.859,793
55.85431247701541,-4.384141745583024,21.0,55.861248665443505,-4.307186036515638,162,10.255,535
55.85431247701541,-4.384141745583024,21.0,55.897857165570365,-4.156645648865112,163,22.462,973
55.85431247701541,-4.384141745583024,21.0,55.877747555317356,-4.342792329217214,164,10.834,626
55.85431247701541,-4.384141745583024,21.0,55.92259641850896,-4.389236283866068,165,18.196,853
55.85431247701541,-4.384141745583024,21.0,55.92621339590465,-4.2820478996479165,166,17.715,1067
55.85431247701541,-4.384141745583024,21.0,55.80660612206145,-4.094012410496262,167,28.108,1365
55.85431247701541,-4.384141745583024,21.0,55.84605439624201,-4.09192094471571,168,26.799,1088
55.85431247701541,-4.384141745583024,21.0,55.83961965364386,-4.1201104741133365,169,23.412,975
55.85431247701541,-4.384141745583024,21.0,55.85030951683019,-4.217608837338132,170,16.704,944
55.85431247701541,-4.384141745583024,21.0,55.85971342373431,-4.246748195156407,171,17.151,873
55.85431247701541,-4.384141745583024,21.0,55.815747728441636,-4.150792968910081,172,20.701,1085
55.85431247701541,-4.384141745583024,21.0,55.80041195127493,-4.3806303679601495,173,7.611,650
55.85431247701541,-4.384141745583024,21.0,55.85487415463933,-4.092829020720908,174,26.609,1089
55.85431247701541,-4.384141745583024,21.0,55.80456076444065,-4.203157873727267,175,21.389,1106
55.85431247701541,-4.384141745583024,21.0,55.84723005082115,-4.330151260440624,176,4.122,378
55.85431247701541,-4.384141745583024,21.0,55.88775631668876,-4.123428423568879,177,26.21,1184
55.85431247701541,-4.384141745583024,21.0,55.82857385936083,-4.129579652409029,178,23.223,1273
55.85431247701541,-4.384141745583024,21.0,55.879865395443076,-4.36272007519476,179,11.726,669
55.85431247701541,-4.384141745583024,21.0,55.87973669437185,-4.215636550296907,180,18.093,991
55.85431247701541,-4.384141745583024,21.0,55.8162521393249,-4.1868605517933455,181,19.583,996
55.85431247701541,-4.384141745583024,21.0,55.80755514535402,-4.201625161718038,182,21.142,1073
55.85431247701541,-4.384141745583024,21.0,55.85565398843102,-4.250533808562208,183,13.663,794
55.85431247701541,-4.384141745583024,21.0,55.929636326069506,-4.381100658166308,184,19.182,874
55.85431247701541,-4.384141745583024,21.0,55.879581066995904,-4.21986165885879,185,17.734,971
55.85431247701541,-4.384141745583024,21.0,55.92647877645629,-4.127886630011083,186,27.824,1304
55.85431247701541,-4.384141745583024,21.0,55.82282427264178,-4.371094162561755,187,5.032,503
55.85431247701541,-4.384141745583024,21.0,55.90291353127043,-4.3414180899754955,188,13.233,871
55.85431247701541,-4.384141745583024,21.0,55.78437024600116,-4.156926419796477,189,24.878,1253
55.85431247701541,-4.384141745583024,21.0,55.8321542449311,-4.1561720476648265,190,20.487,989
55.85431247701541,-4.384141745583024,21.0,55.88310705812362,-4.084862107847263,191,29.196,1150
55.85431247701541,-4.384141745583024,21.0,55.85616333886266,-4.110333739241922,192,25.41,1133
55.85431247701541,-4.384141745583024,21.0,55.90185178498145,-4.152652007721208,193,26.371,1597
55.85431247701541,-4.384141745583024,21.0,55.8837118458465,-4.182392741162416,194,22.65,1945
55.85431247701541,-4.384141745583024,21.0,55.83086049774818,-4.312434105301623,195,10.062,809
55.85431247701541,-4.384141745583024,21.0,55.821849459706755,-4.176208567338996,196,19.331,959
55.85431247701541,-4.384141745583024,21.0,55.88009750494633,-4.255964552703097,197,15.69,867
55.85431247701541,-4.384141745583024,21.0,55.87413911675089,-4.369807111055967,198,5.579,309
55.85431247701541,-4.384141745583024,21.0,55.86354071984154,-4.093406384811447,199,26.026,1186
55.80470512312434,-4.2518502696708325,22.0,55.8391698042901,-4.214478482526657,0,6.851,621
55.80470512312434,-4.2518502696708325,22.0,55.86553667472969,-4.350500876963486,1,15.364,904
55.80470512312434,-4.2518502696708325,22.0,55.912892829643965,-4.286410947894997,2,17.146,2253
55.80470512312434,-4.2518502696708325,22.0,55.84854019346565,-4.391697428307927,3,14.795,1126
55.80470512312434,-4.2518502696708325,22.0,55.79232875093524,-4.310455024670266,4,8.616,735
55.80470512312434,-4.2518502696708325,22.0,55.837143362020576,-4.120043492886959,5,12.415,738
55.80470512312434,-4.2518502696708325,22.0,55.84185129809378,-4.283879851305767,6,6.275,649
55.80470512312434,-4.2518502696708325,22.0,55.90609664927746,-4.311383718964596,7,14.768,1311
55.80470512312434,-4.2518502696708325,22.0,55.7832172019226,-4.31249791159531,8,8.946,712
55.80470512312434,-4.2518502696708325,22.0,55.8177258987159,-4.260489243356555,9,2.553,273
55.80470512312434,-4.2518502696708325,22.0,55.903262790870684,-4.212111703691823,10,13.619,1261
55.80470512312434,-4.2518502696708325,22.0,55.893978813107424,-4.1413270988368325,11,15.095,1264
55.80470512312434,-4.2518502696708325,22.0,55.894884622950286,-4.154349650804189,12,17.48,1162
55.80470512312434,-4.2518502696708325,22.0,55.80680963785043,-4.263605759417426,13,4.991,540
55.80470512312434,-4.2518502696708325,22.0,55.81824312166051,-4.346878846315483,14,9.563,936
55.80470512312434,-4.2518502696708325,22.0,55.84742656229786,-4.269221405976544,15,6.472,663
55.80470512312434,-4.2518502696708325,22.0,55.80730424868546,-4.315177272898423,16,7.048,704
55.80470512312434,-4.2518502696708325,22.0,55.83798278877758,-4.260604018644594,17,4.746,471
55.80470512312434,-4.2518502696708325,22.0,55.89424631095569,-4.343398240721316,18,17.18,1154
55.80470512312434,-4.2518502696708325,22.0,55.83908093533876,-4.223069302141199,19,6.306,709
55.80470512312434,-4.2518502696708325,22.0,55.8357731433788,-4.270556349194068,20,5.43,513
55.80470512312434,-4.2518502696708325,22.0,55.90309627527835,-4.360750370095284,21,19.213,1389
55.80470512312434,-4.2518502696708325,22.0,55.85652103589449,-4.101365743428073,22,17.348,1062
55.80470512312434,-4.2518502696708325,22.0,55.783736419963375,-4.235306054793451,23,3.825,325
55.80470512312434,-4.2518502696708325,22.0,55.92064824587275,-4.2358362157531895,24,14.744,1242
55.80470512312434,-4.2518502696708325,22.0,55.907674892744176,-4.2497703459088045,25,13.496,2287
55.80470512312434,-4.2518502696708325,22.0,55.919604340921964,-4.226208116301384,26,14.668,1254
55.80470512312434,-4.2518502696708325,22.0,55.83219148710444,-4.304581930326681,27,7.693,820
55.80470512312434,-4.2518502696708325,22.0,55.79569701419853,-4.1769099124482585,28,8.709,606
55.80470512312434,-4.2518502696708325,22.0,55.81260197667657,-4.197841211154324,29,4.293,455
55.80470512312434,-4.2518502696708325,22.0,55.826092940761974,-4.176919409292903,30,6.847,727
55.80470512312434,-4.2518502696708325,22.0,55.828413149208096,-4.109650878166438,31,15.876,1001
55.80470512312434,-4.2518502696708325,22.0,55.8999241737755,-4.257993823533507,32,13.595,1232
55.80470512312434,-4.2518502696708325,22.0,55.892514250678616,-4.340118142906542,33,17.209,1166
55.80470512312434,-4.2518502696708325,22.0,55.855241629670886,-4.269936069312288,34,9.467,882
55.80470512312434,-4.2518502696708325,22.0,55.877364911629314,-4.109701193625618,35,23.589,1273
55.80470512312434,-4.2518502696708325,22.0,55.887053111734645,-4.1280531391159245,36,18.346,1274
55.80470512312434,-4.2518502696708325,22.0,55.89108676863447,-4.105446803942431,37,23.577,1489
55.80470512312434,-4.2518502696708325,22.0,55.842635153466425,-4.334387903339716,38,11.232,832
55.80470512312434,-4.2518502696708325,22.0,55.89197542936556,-4.19614108945253,39,14.353,1107
55.80470512312434,-4.2518502696708325,22.0,55.825849135803445,-4.321179033230789,40,7.672,742
55.80470512312434,-4.2518502696708325,22.0,55.81864602215581,-4.375055705699034,41,10.592,945
55.80470512312434,-4.2518502696708325,22.0,55.92613065482397,-4.212698358862173,42,15.13,1306
55.80470512312434,-4.2518502696708325,22.0,55.874439929608144,-4.279689658904073,43,10.027,940
55.80470512312434,-4.2518502696708325,22.0,55.81998166828728,-4.245455535821837,44,2.398,247
55.80470512312434,-4.2518502696708325,22.0,55.91066980601156,-4.213502644426629,45,14.082,1257
55.80470512312434,-4.2518502696708325,22.0,55.8404807486866,-4.356656090229781,46,10.707,1056
55.80470512312434,-4.2518502696708325,22.0,55.88708229912325,-4.079055837843032,47,21.207,1081
55.80470512312434,-4.2518502696708325,22.0,55.84510555179576,-4.178720975321847,48,10.737,826
55.80470512312434,-4.2518502696708325,22.0,55.84413340760586,-4.085244529493477,49,17.904,1456
55.80470512312434,-4.2518502696708325,22.0,55.83324217210475,-4.157183908594519,50,8.333,761
55.80470512312434,-4.2518502696708325,22.0,55.895753278756494,-4.323131413571223,51,16.966,1265
55.80470512312434,-4.2518502696708325,22.0,55.88609925330935,-4.38354364327563,52,16.397,973
55.80470512312434,-4.2518502696708325,22.0,55.86596770908397,-4.338853955125049,53,13.18,853
55.80470512312434,-4.2518502696708325,22.0,55.819381988004544,-4.256567679373081,54,3.827,380
55.80470512312434,-4.2518502696708325,22.0,55.919398785577634,-4.298102785445152,55,17.422,1932
55.80470512312434,-4.2518502696708325,22.0,55.81052481551728,-4.0780884232687225,56,18.675,2148
55.80470512312434,-4.2518502696708325,22.0,55.8411814367945,-4.125490362928665,57,13.957,896
55.80470512312434,-4.2518502696708325,22.0,55.844855881791794,-4.151320272286683,58,11.589,877
55.80470512312434,-4.2518502696708325,22.0,55.79334532620707,-4.3052187624925375,59,8.211,696
55.80470512312434,-4.2518502696708325,22.0,55.78499644933002,-4.082518262203789,60,15.903,894
55.80470512312434,-4.2518502696708325,22.0,55.86482365717543,-4.074666870071637,61,18.9,1255
55.80470512312434,-4.2518502696708325,22.0,55.910543969585106,-4.384534109666136,62,21.04,1454
55.80470512312434,-4.2518502696708325,22.0,55.799715679086134,-4.188568421733812,63,6.408,642
55.80470512312434,-4.2518502696708325,22.0,55.90005630083831,-4.294022887833187,64,13.84,1265
55.80470512312434,-4.2518502696708325,22.0,55.82573931186619,-4.210157383495828,65,5.02,461
55.80470512312434,-4.2518502696708325,22.0,55.88010014610652,-4.288014027401103,66,12.561,1233
55.80470512312434,-4.2518502696708325,22.0,55.8836463272421,-4.377148406451105,67,16.167,1050
55.80470512312434,-4.2518502696708325,22.0,55.80511293548626,-4.195982430231648,68,5.018,498
55.80470512312434,-4.2518502696708325,22.0,55.9265186267864,-4.256321117900257,69,16.96,1347
55.80470512312434,-4.2518502696708325,22.0,55.90353118048908,-4.119171950823842,70,24.179,1549
55.80470512312434,-4.2518502696708325,22.0,55.81502357146685,-4.260984914919316,71,2.91,307
55.80470512312434,-4.2518502696708325,22.0,55.894355058439295,-4.293143876300353,72,13.13,1212
55.80470512312434,-4.2518502696708325,22.0,55.80246488546192,-4.242274834364847,73,1.871,206
55.80470512312434,-4.2518502696708325,22.0,55.887581813102464,-4.2985753032369685,74,12.742,1209
55.80470512312434,-4.2518502696708325,22.0,55.928290955083554,-4.295962301582311,75,17.844,1347
55.80470512312434,-4.2518502696708325,22.0,55.81096058143004,-4.368797105646974,76,10.695,1006
55.80470512312434,-4.2518502696708325,22.0,55.84818750128869,-4.3631808239548375,77,15.87,952
55.80470512312434,-4.2518502696708325,22.0,55.81610352786554,-4.330910795148831,78,7.793,693
55.80470512312434,-4.2518502696708325,22.0,55.807034270653475,-4.136077366584948,79,13.457,786
55.80470512312434,-4.2518502696708325,22.0,55.86778114631985,-4.233612892312959,80,8.822,888
55.80470512312434,-4.2518502696708325,22.0,55.79578956690847,-4.368290459919509,81,22.112,2177
55.80470512312434,-4.2518502696708325,22.0,55.897877306124535,-4.077031107370425,82,23.566,1827
55.80470512312434,-4.2518502696708325,22.0,55.80721289582252,-4.242612882195534,83,1.265,173
55.80470512312434,-4.2518502696708325,22.0,55.92209393969709,-4.157940141970138,84,19.013,1313
55.80470512312434,-4.2518502696708325,22.0,55.79188265083702,-4.28147512844989,85,6.358,534
55.80470512312434,-4.2518502696708325,22.0,55.88043814367632,-4.104360473798184,86,22.899,1213
55.80470512312434,-4.2518502696708325,22.0,55.90345994988174,-4.293652184560058,87,14.309,1310
55.80470512312434,-4.2518502696708325,22.0,55.91230525016259,-4.108196424937476,88,26.859,1451
55.80470512312434,-4.2518502696708325,22.0,55.90569137930351,-4.3852429216612405,89,21.075,1477
55.80470512312434,-4.2518502696708325,22.0,55.824402119970216,-4.298242138123909,90,5.302,633
55.80470512312434,-4.2518502696708325,22.0,55.887104625653905,-4.201059285828647,91,11.958,1226
55.80470512312434,-4.2518502696708325,22.0,55.92006797200308,-4.195257422106852,92,15.976,1284
55.80470512312434,-4.2518502696708325,22.0,55.7944551107823,-4.1683749063061635,93,8.839,1040
55.80470512312434,-4.2518502696708325,22.0,55.88003873447475,-4.304350182381346,94,12.297,1156
55.80470512312434,-4.2518502696708325,22.0,55.88308048053683,-4.2942103285768285,95,11.897,1130
55.80470512312434,-4.2518502696708325,22.0,55.80779271908626,-4.3234306371549245,96,7.648,773
55.80470512312434,-4.2518502696708325,22.0,55.90123467399992,-4.380968632189907,97,21.381,1606
55.80470512312434,-4.2518502696708325,22.0,55.88049231589054,-4.293733205570284,98,11.799,1121
55.80470512312434,-4.2518502696708325,22.0,55.84697147961761,-4.334108806216461,99,11.346,865
55.80470512312434,-4.2518502696708325,22.0,55.83067141211495,-4.195633651932574,100,7.069,671
55.80470512312434,-4.2518502696708325,22.0,55.89350845984679,-4.099445363541155,101,22.644,1259
55.80470512312434,-4.2518502696708325,22.0,55.92592408664018,-4.179171340754611,102,20.354,1397
55.80470512312434,-4.2518502696708325,22.0,55.84941827409408,-4.169566750359822,103,11.442,892
55.80470512312434,-4.2518502696708325,22.0,55.92413375575165,-4.226670311636797,104,16.345,2049
55.80470512312434,-4.2518502696708325,22.0,55.88995713457192,-4.285031242761631,105,12.07,1115
55.80470512312434,-4.2518502696708325,22.0,55.90528066541109,-4.131569818675147,106,16.692,1160
55.80470512312434,-4.2518502696708325,22.0,55.87850608392288,-4.103517886631066,107,23.23,1246
55.80470512312434,-4.2518502696708325,22.0,55.80799405798939,-4.284953473560454,108,4.777,544
55.80470512312434,-4.2518502696708325,22.0,55.906815669822045,-4.385279074380807,109,20.386,1392
55.80470512312434,-4.2518502696708325,22.0,55.916237634416454,-4.222407816066865,110,14.583,1242
55.80470512312434,-4.2518502696708325,22.0,55.915798955837815,-4.088621086891774,111,25.725,1334
55.80470512312434,-4.2518502696708325,22.0,55.827538479175395,-4.350653065976025,112,8.932,867
55.80470512312434,-4.2518502696708325,22.0,55.799515288981674,-4.0866627646338864,113,16.462,1011
55.80470512312434,-4.2518502696708325,22.0,55.831024245961984,-4.244756518165482,114,3.725,369
55.80470512312434,-4.2518502696708325,22.0,55.86754360554833,-4.2143078261423845,115,10.269,1034
55.80470512312434,-4.2518502696708325,22.0,55.8574985965699,-4.1521224561179935,116,12.745,1003
55.80470512312434,-4.2518502696708325,22.0,55.88095643501817,-4.32811659177277,117,15.022,981
55.80470512312434,-4.2518502696708325,22.0,55.85240433608213,-4.177570445500026,118,11.606,943
55.80470512312434,-4.2518502696708325,22.0,55.91169549549074,-4.359708873069638,119,21.198,1580
55.80470512312434,-4.2518502696708325,22.0,55.92640787519779,-4.300990956079843,120,18.292,1396
55.80470512312434,-4.2518502696708325,22.0,55.84019197366069,-4.205566157974415,121,7.337,736
55.80470512312434,-4.2518502696708325,22.0,55.866619942939494,-4.268153778778456,122,9.82,1021
55.80470512312434,-4.2518502696708325,22.0,55.81327411986783,-4.2587495402872255,123,2.21,235
55.80470512312434,-4.2518502696708325,22.0,55.86022660117776,-4.154711133590585,124,13.098,1033
55.80470512312434,-4.2518502696708325,22.0,55.831522729053496,-4.370420634377527,125,10.986,1038
55.80470512312434,-4.2518502696708325,22.0,55.84074346341779,-4.172411658039648,126,9.81,746
55.80470512312434,-4.2518502696708325,22.0,55.8801412435821,-4.258666277618953,127,10.976,1100
55.80470512312434,-4.2518502696708325,22.0,55.8434159429892,-4.1056733307349536,128,14.213,925
55.80470512312434,-4.2518502696708325,22.0,55.83522057783537,-4.25736952395694,129,4.72,473
55.80470512312434,-4.2518502696708325,22.0,55.86467774065618,-4.2250953414252415,130,8.627,800
55.80470512312434,-4.2518502696708325,22.0,55.8953662249987,-4.231143624453162,131,11.77,1054
55.80470512312434,-4.2518502696708325,22.0,55.81920459649808,-4.236238450921302,132,2.982,297
55.80470512312434,-4.2518502696708325,22.0,55.900795402502105,-4.206009410292495,133,13.937,1249
55.80470512312434,-4.2518502696708325,22.0,55.86078490474355,-4.339631469507248,134,13.715,948
55.80470512312434,-4.2518502696708325,22.0,55.924999437053955,-4.191173279124663,135,16.227,1294
55.80470512312434,-4.2518502696708325,22.0,55.81549096669224,-4.126910343137958,136,14.514,875
55.80470512312434,-4.2518502696708325,22.0,55.90135585493081,-4.207622057499793,137,13.936,1226
55.80470512312434,-4.2518502696708325,22.0,55.845816555475636,-4.129576488296543,138,12.962,967
55.80470512312434,-4.2518502696708325,22.0,55.80470047644827,-4.291960781118721,139,6.042,649
55.80470512312434,-4.2518502696708325,22.0,55.89185394491289,-4.179857587296262,140,13.257,1032
55.80470512312434,-4.2518502696708325,22.0,55.91859399996558,-4.3401659608951215,141,20.064,1431
55.80470512312434,-4.2518502696708325,22.0,55.90671476836246,-4.3642865107142725,142,19.965,1444
55.80470512312434,-4.2518502696708325,22.0,55.81273399651921,-4.167613047894911,143,6.522,594
55.80470512312434,-4.2518502696708325,22.0,55.80939871413575,-4.276056954355674,144,4.065,432
55.80470512312434,-4.2518502696708325,22.0,55.88312869327199,-4.214542892826467,145,11.341,1080
55.80470512312434,-4.2518502696708325,22.0,55.815340374954424,-4.283514492524949,146,4.235,449
55.80470512312434,-4.2518502696708325,22.0,55.87864379034378,-4.080636908866371,147,22.187,1116
55.80470512312434,-4.2518502696708325,22.0,55.89423440492952,-4.2418874418647645,148,12.333,1137
55.80470512312434,-4.2518502696708325,22.0,55.92796852989922,-4.305970400193036,149,18.42,1419
55.80470512312434,-4.2518502696708325,22.0,55.92895153496988,-4.082888064137351,150,26.683,1342
55.80470512312434,-4.2518502696708325,22.0,55.790766759429424,-4.135285962371055,151,11.264,681
55.80470512312434,-4.2518502696708325,22.0,55.80808041573422,-4.184105792933229,152,5.319,496
55.80470512312434,-4.2518502696708325,22.0,55.7982747224006,-4.3931924101572655,153,12.333,1113
55.80470512312434,-4.2518502696708325,22.0,55.81178474630603,-4.337962602706185,154,8.208,739
55.80470512312434,-4.2518502696708325,22.0,55.852972007756,-4.353957895039277,155,12.914,951
55.80470512312434,-4.2518502696708325,22.0,55.797152036890715,-4.311451416173846,156,8.501,729
55.80470512312434,-4.2518502696708325,22.0,55.84839482833289,-4.1889265673730645,157,11.388,861
55.80470512312434,-4.2518502696708325,22.0,55.86383954752864,-4.387927326091926,158,18.506,979
55.80470512312434,-4.2518502696708325,22.0,55.807182357875575,-4.140487806234959,159,10.54,741
55.80470512312434,-4.2518502696708325,22.0,55.8296607577131,-4.218765551358871,160,4.786,507
55.80470512312434,-4.2518502696708325,22.0,55.82699494590622,-4.295404959002084,161,5.369,622
55.80470512312434,-4.2518502696708325,22.0,55.861248665443505,-4.307186036515638,162,10.8,855
55.80470512312434,-4.2518502696708325,22.0,55.897857165570365,-4.156645648865112,163,14.733,1068
55.80470512312434,-4.2518502696708325,22.0,55.877747555317356,-4.342792329217214,164,15.612,1078
55.80470512312434,-4.2518502696708325,22.0,55.92259641850896,-4.389236283866068,165,31.868,1542
55.80470512312434,-4.2518502696708325,22.0,55.92621339590465,-4.2820478996479165,166,16.744,1295
55.80470512312434,-4.2518502696708325,22.0,55.80660612206145,-4.094012410496262,167,18.26,1213
55.80470512312434,-4.2518502696708325,22.0,55.84605439624201,-4.09192094471571,168,23.416,1185
55.80470512312434,-4.2518502696708325,22.0,55.83961965364386,-4.1201104741133365,169,13.564,823
55.80470512312434,-4.2518502696708325,22.0,55.85030951683019,-4.217608837338132,170,6.855,743
55.80470512312434,-4.2518502696708325,22.0,55.85971342373431,-4.246748195156407,171,7.36,737
55.80470512312434,-4.2518502696708325,22.0,55.815747728441636,-4.150792968910081,172,7.813,773
55.80470512312434,-4.2518502696708325,22.0,55.80041195127493,-4.3806303679601495,173,22.486,1155
55.80470512312434,-4.2518502696708325,22.0,55.85487415463933,-4.092829020720908,174,17.871,1016
55.80470512312434,-4.2518502696708325,22.0,55.80456076444065,-4.203157873727267,175,5.037,500
55.80470512312434,-4.2518502696708325,22.0,55.84723005082115,-4.330151260440624,176,10.867,809
55.80470512312434,-4.2518502696708325,22.0,55.88775631668876,-4.123428423568879,177,18.481,1280
55.80470512312434,-4.2518502696708325,22.0,55.82857385936083,-4.129579652409029,178,10.335,960
55.80470512312434,-4.2518502696708325,22.0,55.879865395443076,-4.36272007519476,179,16.504,1120
55.80470512312434,-4.2518502696708325,22.0,55.87973669437185,-4.215636550296907,180,10.628,1091
55.80470512312434,-4.2518502696708325,22.0,55.8162521393249,-4.1868605517933455,181,4.79,486
55.80470512312434,-4.2518502696708325,22.0,55.80755514535402,-4.201625161718038,182,4.272,448
55.80470512312434,-4.2518502696708325,22.0,55.85565398843102,-4.250533808562208,183,6.399,638
55.80470512312434,-4.2518502696708325,22.0,55.929636326069506,-4.381100658166308,184,32.854,1563
55.80470512312434,-4.2518502696708325,22.0,55.879581066995904,-4.21986165885879,185,10.269,1072
55.80470512312434,-4.2518502696708325,22.0,55.92647877645629,-4.127886630011083,186,20.095,1399
55.80470512312434,-4.2518502696708325,22.0,55.82282427264178,-4.371094162561755,187,10.122,961
55.80470512312434,-4.2518502696708325,22.0,55.90291353127043,-4.3414180899754955,188,18.011,1323
55.80470512312434,-4.2518502696708325,22.0,55.78437024600116,-4.156926419796477,189,10.608,695
55.80470512312434,-4.2518502696708325,22.0,55.8321542449311,-4.1561720476648265,190,8.373,775
55.80470512312434,-4.2518502696708325,22.0,55.88310705812362,-4.084862107847263,191,19.348,998
55.80470512312434,-4.2518502696708325,22.0,55.85616333886266,-4.110333739241922,192,17.991,1113
55.80470512312434,-4.2518502696708325,22.0,55.90185178498145,-4.152652007721208,193,18.642,1693
55.80470512312434,-4.2518502696708325,22.0,55.8837118458465,-4.182392741162416,194,14.921,2041
55.80470512312434,-4.2518502696708325,22.0,55.83086049774818,-4.312434105301623,195,7.277,723
55.80470512312434,-4.2518502696708325,22.0,55.821849459706755,-4.176208567338996,196,6.443,647
55.80470512312434,-4.2518502696708325,22.0,55.88009750494633,-4.255964552703097,197,10.662,1078
55.80470512312434,-4.2518502696708325,22.0,55.87413911675089,-4.369807111055967,198,14.508,869
55.80470512312434,-4.2518502696708325,22.0,55.86354071984154,-4.093406384811447,199,19.451,1120
55.88253399403721,-4.206714769657424,23.0,55.8391698042901,-4.214478482526657,0,6.165,769
55.88253399403721,-4.206714769657424,23.0,55.86553667472969,-4.350500876963486,1,16.505,990
55.88253399403721,-4.206714769657424,23.0,55.912892829643965,-4.286410947894997,2,10.27,1738
55.88253399403721,-4.206714769657424,23.0,55.84854019346565,-4.391697428307927,3,15.936,1211
55.88253399403721,-4.206714769657424,23.0,55.79232875093524,-4.310455024670266,4,18.427,1189
55.88253399403721,-4.206714769657424,23.0,55.837143362020576,-4.120043492886959,5,18.102,928
55.88253399403721,-4.206714769657424,23.0,55.84185129809378,-4.283879851305767,6,13.107,940
55.88253399403721,-4.206714769657424,23.0,55.90609664927746,-4.311383718964596,7,10.207,1004
55.88253399403721,-4.206714769657424,23.0,55.7832172019226,-4.31249791159531,8,20.015,1247
55.88253399403721,-4.206714769657424,23.0,55.8177258987159,-4.260489243356555,9,10.362,1076
55.88253399403721,-4.206714769657424,23.0,55.903262790870684,-4.212111703691823,10,4.763,555
55.88253399403721,-4.206714769657424,23.0,55.893978813107424,-4.1413270988368325,11,5.39,574
55.88253399403721,-4.206714769657424,23.0,55.894884622950286,-4.154349650804189,12,6.778,429
55.88253399403721,-4.206714769657424,23.0,55.80680963785043,-4.263605759417426,13,12.203,1336
55.88253399403721,-4.206714769657424,23.0,55.81824312166051,-4.346878846315483,14,15.59,1103
55.88253399403721,-4.206714769657424,23.0,55.84742656229786,-4.269221405976544,15,9.583,827
55.88253399403721,-4.206714769657424,23.0,55.80730424868546,-4.315177272898423,16,15.296,1088
55.88253399403721,-4.206714769657424,23.0,55.83798278877758,-4.260604018644594,17,7.732,851
55.88253399403721,-4.206714769657424,23.0,55.89424631095569,-4.343398240721316,18,11.436,1038
55.88253399403721,-4.206714769657424,23.0,55.83908093533876,-4.223069302141199,19,6.341,818
55.88253399403721,-4.206714769657424,23.0,55.8357731433788,-4.270556349194068,20,10.387,838
55.88253399403721,-4.206714769657424,23.0,55.90309627527835,-4.360750370095284,21,13.721,1296
55.88253399403721,-4.206714769657424,23.0,55.85652103589449,-4.101365743428073,22,8.626,620
55.88253399403721,-4.206714769657424,23.0,55.783736419963375,-4.235306054793451,23,15.735,1400
55.88253399403721,-4.206714769657424,23.0,55.92064824587275,-4.2358362157531895,24,8.236,681
55.88253399403721,-4.206714769657424,23.0,55.907674892744176,-4.2497703459088045,25,5.336,1770
55.88253399403721,-4.206714769657424,23.0,55.919604340921964,-4.226208116301384,26,6.97,616
55.88253399403721,-4.206714769657424,23.0,55.83219148710444,-4.304581930326681,27,14.468,1130
55.88253399403721,-4.206714769657424,23.0,55.79569701419853,-4.1769099124482585,28,12.256,1188
55.88253399403721,-4.206714769657424,23.0,55.81260197667657,-4.197841211154324,29,9.667,1055
55.88253399403721,-4.206714769657424,23.0,55.826092940761974,-4.176919409292903,30,18.02,1071
55.88253399403721,-4.206714769657424,23.0,55.828413149208096,-4.109650878166438,31,15.572,966
55.88253399403721,-4.206714769657424,23.0,55.8999241737755,-4.257993823533507,32,6.719,717
55.88253399403721,-4.206714769657424,23.0,55.892514250678616,-4.340118142906542,33,11.465,1049
55.88253399403721,-4.206714769657424,23.0,55.855241629670886,-4.269936069312288,34,7.427,568
55.88253399403721,-4.206714769657424,23.0,55.877364911629314,-4.109701193625618,35,9.027,721
55.88253399403721,-4.206714769657424,23.0,55.887053111734645,-4.1280531391159245,36,7.644,541
55.88253399403721,-4.206714769657424,23.0,55.89108676863447,-4.105446803942431,37,9.377,847
55.88253399403721,-4.206714769657424,23.0,55.842635153466425,-4.334387903339716,38,12.373,917
55.88253399403721,-4.206714769657424,23.0,55.89197542936556,-4.19614108945253,39,2.547,279
55.88253399403721,-4.206714769657424,23.0,55.825849135803445,-4.321179033230789,40,12.646,1030
55.88253399403721,-4.206714769657424,23.0,55.81864602215581,-4.375055705699034,41,16.619,1112
55.88253399403721,-4.206714769657424,23.0,55.92613065482397,-4.212698358862173,42,6.834,638
55.88253399403721,-4.206714769657424,23.0,55.874439929608144,-4.279689658904073,43,7.268,689
55.88253399403721,-4.206714769657424,23.0,55.81998166828728,-4.245455535821837,44,9.842,981
55.88253399403721,-4.206714769657424,23.0,55.91066980601156,-4.213502644426629,45,6.465,631
55.88253399403721,-4.206714769657424,23.0,55.8404807486866,-4.356656090229781,46,16.025,1185
55.88253399403721,-4.206714769657424,23.0,55.88708229912325,-4.079055837843032,47,15.936,775
55.88253399403721,-4.206714769657424,23.0,55.84510555179576,-4.178720975321847,48,7.073,841
55.88253399403721,-4.206714769657424,23.0,55.84413340760586,-4.085244529493477,49,13.125,1154
55.88253399403721,-4.206714769657424,23.0,55.83324217210475,-4.157183908594519,50,16.117,918
55.88253399403721,-4.206714769657424,23.0,55.895753278756494,-4.323131413571223,51,11.207,1111
55.88253399403721,-4.206714769657424,23.0,55.88609925330935,-4.38354364327563,52,17.538,1058
55.88253399403721,-4.206714769657424,23.0,55.86596770908397,-4.338853955125049,53,14.321,938
55.88253399403721,-4.206714769657424,23.0,55.819381988004544,-4.256567679373081,54,10.092,1097
55.88253399403721,-4.206714769657424,23.0,55.919398785577634,-4.298102785445152,55,10.546,1418
55.88253399403721,-4.206714769657424,23.0,55.81052481551728,-4.0780884232687225,56,18.371,2113
55.88253399403721,-4.206714769657424,23.0,55.8411814367945,-4.125490362928665,57,13.653,861
55.88253399403721,-4.206714769657424,23.0,55.844855881791794,-4.151320272286683,58,8.755,879
55.88253399403721,-4.206714769657424,23.0,55.79334532620707,-4.3052187624925375,59,18.758,1196
55.88253399403721,-4.206714769657424,23.0,55.78499644933002,-4.082518262203789,60,20.261,1039
55.88253399403721,-4.206714769657424,23.0,55.86482365717543,-4.074666870071637,61,10.892,837
55.88253399403721,-4.206714769657424,23.0,55.910543969585106,-4.384534109666136,62,15.296,1368
55.88253399403721,-4.206714769657424,23.0,55.799715679086134,-4.188568421733812,63,12.238,1346
55.88253399403721,-4.206714769657424,23.0,55.90005630083831,-4.294022887833187,64,10.528,953
55.88253399403721,-4.206714769657424,23.0,55.82573931186619,-4.210157383495828,65,7.724,870
55.88253399403721,-4.206714769657424,23.0,55.88010014610652,-4.288014027401103,66,8.0,907
55.88253399403721,-4.206714769657424,23.0,55.8836463272421,-4.377148406451105,67,17.308,1135
55.88253399403721,-4.206714769657424,23.0,55.80511293548626,-4.195982430231648,68,10.647,1130
55.88253399403721,-4.206714769657424,23.0,55.9265186267864,-4.256321117900257,69,10.462,810
55.88253399403721,-4.206714769657424,23.0,55.90353118048908,-4.119171950823842,70,8.54,783
55.88253399403721,-4.206714769657424,23.0,55.81502357146685,-4.260984914919316,71,10.719,1110
55.88253399403721,-4.206714769657424,23.0,55.894355058439295,-4.293143876300353,72,8.569,886
55.88253399403721,-4.206714769657424,23.0,55.80246488546192,-4.242274834364847,73,11.983,1207
55.88253399403721,-4.206714769657424,23.0,55.887581813102464,-4.2985753032369685,74,8.181,882
55.88253399403721,-4.206714769657424,23.0,55.928290955083554,-4.295962301582311,75,10.968,832
55.88253399403721,-4.206714769657424,23.0,55.81096058143004,-4.368797105646974,76,18.276,1194
55.88253399403721,-4.206714769657424,23.0,55.84818750128869,-4.3631808239548375,77,17.011,1037
55.88253399403721,-4.206714769657424,23.0,55.81610352786554,-4.330910795148831,78,14.615,944
55.88253399403721,-4.206714769657424,23.0,55.807034270653475,-4.136077366584948,79,20.141,1206
55.88253399403721,-4.206714769657424,23.0,55.86778114631985,-4.233612892312959,80,3.056,424
55.88253399403721,-4.206714769657424,23.0,55.79578956690847,-4.368290459919509,81,23.36,2389
55.88253399403721,-4.206714769657424,23.0,55.897877306124535,-4.077031107370425,82,11.168,1314
55.88253399403721,-4.206714769657424,23.0,55.80721289582252,-4.242612882195534,83,11.206,1158
55.88253399403721,-4.206714769657424,23.0,55.92209393969709,-4.157940141970138,84,8.311,580
55.88253399403721,-4.206714769657424,23.0,55.79188265083702,-4.28147512844989,85,19.62,1251
55.88253399403721,-4.206714769657424,23.0,55.88043814367632,-4.104360473798184,86,8.839,681
55.88253399403721,-4.206714769657424,23.0,55.90345994988174,-4.293652184560058,87,9.743,874
55.88253399403721,-4.206714769657424,23.0,55.91230525016259,-4.108196424937476,88,9.808,728
55.88253399403721,-4.206714769657424,23.0,55.90569137930351,-4.3852429216612405,89,15.331,1391
55.88253399403721,-4.206714769657424,23.0,55.824402119970216,-4.298242138123909,90,13.082,951
55.88253399403721,-4.206714769657424,23.0,55.887104625653905,-4.201059285828647,91,0.836,155
55.88253399403721,-4.206714769657424,23.0,55.92006797200308,-4.195257422106852,92,7.622,501
55.88253399403721,-4.206714769657424,23.0,55.7944551107823,-4.1683749063061635,93,12.386,1622
55.88253399403721,-4.206714769657424,23.0,55.88003873447475,-4.304350182381346,94,8.882,862
55.88253399403721,-4.206714769657424,23.0,55.88308048053683,-4.2942103285768285,95,8.482,837
55.88253399403721,-4.206714769657424,23.0,55.80779271908626,-4.3234306371549245,96,15.886,1076
55.88253399403721,-4.206714769657424,23.0,55.90123467399992,-4.380968632189907,97,18.484,1537
55.88253399403721,-4.206714769657424,23.0,55.88049231589054,-4.293733205570284,98,8.384,827
55.88253399403721,-4.206714769657424,23.0,55.84697147961761,-4.334108806216461,99,12.487,951
55.88253399403721,-4.206714769657424,23.0,55.83067141211495,-4.195633651932574,100,8.059,944
55.88253399403721,-4.206714769657424,23.0,55.89350845984679,-4.099445363541155,101,9.192,679
55.88253399403721,-4.206714769657424,23.0,55.92592408664018,-4.179171340754611,102,6.893,539
55.88253399403721,-4.206714769657424,23.0,55.84941827409408,-4.169566750359822,103,7.924,825
55.88253399403721,-4.206714769657424,23.0,55.92413375575165,-4.226670311636797,104,8.049,1380
55.88253399403721,-4.206714769657424,23.0,55.88995713457192,-4.285031242761631,105,7.509,789
55.88253399403721,-4.206714769657424,23.0,55.90528066541109,-4.131569818675147,106,5.99,428
55.88253399403721,-4.206714769657424,23.0,55.87850608392288,-4.103517886631066,107,9.17,714
55.88253399403721,-4.206714769657424,23.0,55.80799405798939,-4.284953473560454,108,14.385,1206
55.88253399403721,-4.206714769657424,23.0,55.906815669822045,-4.385279074380807,109,14.642,1306
55.88253399403721,-4.206714769657424,23.0,55.916237634416454,-4.222407816066865,110,6.885,604
55.88253399403721,-4.206714769657424,23.0,55.915798955837815,-4.088621086891774,111,12.892,759
55.88253399403721,-4.206714769657424,23.0,55.827538479175395,-4.350653065976025,112,14.959,1034
55.88253399403721,-4.206714769657424,23.0,55.799515288981674,-4.0866627646338864,113,20.631,1152
55.88253399403721,-4.206714769657424,23.0,55.831024245961984,-4.244756518165482,114,8.443,890
55.88253399403721,-4.206714769657424,23.0,55.86754360554833,-4.2143078261423845,115,2.839,434
55.88253399403721,-4.206714769657424,23.0,55.8574985965699,-4.1521224561179935,116,6.536,664
55.88253399403721,-4.206714769657424,23.0,55.88095643501817,-4.32811659177277,117,12.101,919
55.88253399403721,-4.206714769657424,23.0,55.85240433608213,-4.177570445500026,118,6.144,698
55.88253399403721,-4.206714769657424,23.0,55.91169549549074,-4.359708873069638,119,13.665,1287
55.88253399403721,-4.206714769657424,23.0,55.92640787519779,-4.300990956079843,120,11.416,881
55.88253399403721,-4.206714769657424,23.0,55.84019197366069,-4.205566157974415,121,6.651,867
55.88253399403721,-4.206714769657424,23.0,55.866619942939494,-4.268153778778456,122,6.345,671
55.88253399403721,-4.206714769657424,23.0,55.81327411986783,-4.2587495402872255,123,10.698,1120
55.88253399403721,-4.206714769657424,23.0,55.86022660117776,-4.154711133590585,124,5.753,591
55.88253399403721,-4.206714769657424,23.0,55.831522729053496,-4.370420634377527,125,17.013,1205
55.88253399403721,-4.206714769657424,23.0,55.84074346341779,-4.172411658039648,126,7.629,888
55.88253399403721,-4.206714769657424,23.0,55.8801412435821,-4.258666277618953,127,4.783,596
55.88253399403721,-4.206714769657424,23.0,55.8434159429892,-4.1056733307349536,128,13.909,890
55.88253399403721,-4.206714769657424,23.0,55.83522057783537,-4.25736952395694,129,7.706,853
55.88253399403721,-4.206714769657424,23.0,55.86467774065618,-4.2250953414252415,130,3.881,429
55.88253399403721,-4.206714769657424,23.0,55.8953662249987,-4.231143624453162,131,3.432,496
55.88253399403721,-4.206714769657424,23.0,55.81920459649808,-4.236238450921302,132,10.426,1032
55.88253399403721,-4.206714769657424,23.0,55.900795402502105,-4.206009410292495,133,3.948,446
55.88253399403721,-4.206714769657424,23.0,55.86078490474355,-4.339631469507248,134,14.856,1033
55.88253399403721,-4.206714769657424,23.0,55.924999437053955,-4.191173279124663,135,7.371,492
55.88253399403721,-4.206714769657424,23.0,55.81549096669224,-4.126910343137958,136,18.971,1177
55.88253399403721,-4.206714769657424,23.0,55.90135585493081,-4.207622057499793,137,3.947,423
55.88253399403721,-4.206714769657424,23.0,55.845816555475636,-4.129576488296543,138,9.726,833
55.88253399403721,-4.206714769657424,23.0,55.80470047644827,-4.291960781118721,139,14.412,1184
55.88253399403721,-4.206714769657424,23.0,55.89185394491289,-4.179857587296262,140,2.494,283
55.88253399403721,-4.206714769657424,23.0,55.91859399996558,-4.3401659608951215,141,14.177,1091
55.88253399403721,-4.206714769657424,23.0,55.90671476836246,-4.3642865107142725,142,13.752,1259
55.88253399403721,-4.206714769657424,23.0,55.81273399651921,-4.167613047894911,143,18.574,1059
55.88253399403721,-4.206714769657424,23.0,55.80939871413575,-4.276056954355674,144,14.293,1170
55.88253399403721,-4.206714769657424,23.0,55.88312869327199,-4.214542892826467,145,0.839,135
55.88253399403721,-4.206714769657424,23.0,55.815340374954424,-4.283514492524949,146,13.287,1055
55.88253399403721,-4.206714769657424,23.0,55.87864379034378,-4.080636908866371,147,16.849,798
55.88253399403721,-4.206714769657424,23.0,55.89423440492952,-4.2418874418647645,148,4.173,619
55.88253399403721,-4.206714769657424,23.0,55.92796852989922,-4.305970400193036,149,11.544,904
55.88253399403721,-4.206714769657424,23.0,55.92895153496988,-4.082888064137351,150,13.262,708
55.88253399403721,-4.206714769657424,23.0,55.790766759429424,-4.135285962371055,151,22.269,1262
55.88253399403721,-4.206714769657424,23.0,55.80808041573422,-4.184105792933229,152,10.441,1061
55.88253399403721,-4.206714769657424,23.0,55.7982747224006,-4.3931924101572655,153,19.084,1289
55.88253399403721,-4.206714769657424,23.0,55.81178474630603,-4.337962602706185,154,15.682,1050
55.88253399403721,-4.206714769657424,23.0,55.852972007756,-4.353957895039277,155,14.055,1036
55.88253399403721,-4.206714769657424,23.0,55.797152036890715,-4.311451416173846,156,17.654,1124
55.88253399403721,-4.206714769657424,23.0,55.84839482833289,-4.1889265673730645,157,5.888,715
55.88253399403721,-4.206714769657424,23.0,55.86383954752864,-4.387927326091926,158,19.647,1064
55.88253399403721,-4.206714769657424,23.0,55.807182357875575,-4.140487806234959,159,19.818,1181
55.88253399403721,-4.206714769657424,23.0,55.8296607577131,-4.218765551358871,160,8.065,961
55.88253399403721,-4.206714769657424,23.0,55.82699494590622,-4.295404959002084,161,13.118,928
55.88253399403721,-4.206714769657424,23.0,55.861248665443505,-4.307186036515638,162,12.758,963
55.88253399403721,-4.206714769657424,23.0,55.897857165570365,-4.156645648865112,163,4.031,336
55.88253399403721,-4.206714769657424,23.0,55.877747555317356,-4.342792329217214,164,12.699,1025
55.88253399403721,-4.206714769657424,23.0,55.92259641850896,-4.389236283866068,165,18.176,1295
55.88253399403721,-4.206714769657424,23.0,55.92621339590465,-4.2820478996479165,166,9.868,781
55.88253399403721,-4.206714769657424,23.0,55.80660612206145,-4.094012410496262,167,17.956,1178
55.88253399403721,-4.206714769657424,23.0,55.84605439624201,-4.09192094471571,168,10.053,597
55.88253399403721,-4.206714769657424,23.0,55.83961965364386,-4.1201104741133365,169,13.26,788
55.88253399403721,-4.206714769657424,23.0,55.85030951683019,-4.217608837338132,170,5.089,687
55.88253399403721,-4.206714769657424,23.0,55.85971342373431,-4.246748195156407,171,4.946,567
55.88253399403721,-4.206714769657424,23.0,55.815747728441636,-4.150792968910081,172,18.688,1078
55.88253399403721,-4.206714769657424,23.0,55.80041195127493,-4.3806303679601495,173,18.5,1241
55.88253399403721,-4.206714769657424,23.0,55.85487415463933,-4.092829020720908,174,9.863,598
55.88253399403721,-4.206714769657424,23.0,55.80456076444065,-4.203157873727267,175,10.666,1131
55.88253399403721,-4.206714769657424,23.0,55.84723005082115,-4.330151260440624,176,12.008,894
55.88253399403721,-4.206714769657424,23.0,55.88775631668876,-4.123428423568879,177,7.779,547
55.88253399403721,-4.206714769657424,23.0,55.82857385936083,-4.129579652409029,178,18.578,1156
55.88253399403721,-4.206714769657424,23.0,55.879865395443076,-4.36272007519476,179,13.607,1051
55.88253399403721,-4.206714769657424,23.0,55.87973669437185,-4.215636550296907,180,1.664,255
55.88253399403721,-4.206714769657424,23.0,55.8162521393249,-4.1868605517933455,181,9.808,1043
55.88253399403721,-4.206714769657424,23.0,55.80755514535402,-4.201625161718038,182,10.419,1098
55.88253399403721,-4.206714769657424,23.0,55.85565398843102,-4.250533808562208,183,5.76,722
55.88253399403721,-4.206714769657424,23.0,55.929636326069506,-4.381100658166308,184,17.238,1255
55.88253399403721,-4.206714769657424,23.0,55.879581066995904,-4.21986165885879,185,1.937,304
55.88253399403721,-4.206714769657424,23.0,55.92647877645629,-4.127886630011083,186,9.393,666
55.88253399403721,-4.206714769657424,23.0,55.82282427264178,-4.371094162561755,187,16.149,1128
55.88253399403721,-4.206714769657424,23.0,55.90291353127043,-4.3414180899754955,188,12.267,1206
55.88253399403721,-4.206714769657424,23.0,55.78437024600116,-4.156926419796477,189,25.86,1315
55.88253399403721,-4.206714769657424,23.0,55.8321542449311,-4.1561720476648265,190,16.157,932
55.88253399403721,-4.206714769657424,23.0,55.88310705812362,-4.084862107847263,191,14.117,760
55.88253399403721,-4.206714769657424,23.0,55.85616333886266,-4.110333739241922,192,8.664,642
55.88253399403721,-4.206714769657424,23.0,55.90185178498145,-4.152652007721208,193,5.565,861
55.88253399403721,-4.206714769657424,23.0,55.8837118458465,-4.182392741162416,194,5.216,1348
55.88253399403721,-4.206714769657424,23.0,55.83086049774818,-4.312434105301623,195,14.052,1032
55.88253399403721,-4.206714769657424,23.0,55.821849459706755,-4.176208567338996,196,18.041,1016
55.88253399403721,-4.206714769657424,23.0,55.88009750494633,-4.255964552703097,197,4.469,575
55.88253399403721,-4.206714769657424,23.0,55.87413911675089,-4.369807111055967,198,15.649,954
55.88253399403721,-4.206714769657424,23.0,55.86354071984154,-4.093406384811447,199,9.28,696
55.83401717547765,-4.349852341140121,24.0,55.8391698042901,-4.214478482526657,0,15.964,1005
55.83401717547765,-4.349852341140121,24.0,55.86553667472969,-4.350500876963486,1,7.681,682
55.83401717547765,-4.349852341140121,24.0,55.912892829643965,-4.286410947894997,2,19.132,2214
55.83401717547765,-4.349852341140121,24.0,55.84854019346565,-4.391697428307927,3,5.292,590
55.83401717547765,-4.349852341140121,24.0,55.79232875093524,-4.310455024670266,4,7.999,711
55.83401717547765,-4.349852341140121,24.0,55.837143362020576,-4.120043492886959,5,19.663,1017
55.83401717547765,-4.349852341140121,24.0,55.84185129809378,-4.283879851305767,6,8.144,675
55.83401717547765,-4.349852341140121,24.0,55.90609664927746,-4.311383718964596,7,13.336,1215
55.83401717547765,-4.349852341140121,24.0,55.7832172019226,-4.31249791159531,8,9.587,769
55.83401717547765,-4.349852341140121,24.0,55.8177258987159,-4.260489243356555,9,8.724,830
55.83401717547765,-4.349852341140121,24.0,55.903262790870684,-4.212111703691823,10,18.498,1288
55.83401717547765,-4.349852341140121,24.0,55.893978813107424,-4.1413270988368325,11,20.238,1296
55.83401717547765,-4.349852341140121,24.0,55.894884622950286,-4.154349650804189,12,22.623,1194
55.83401717547765,-4.349852341140121,24.0,55.80680963785043,-4.263605759417426,13,9.206,907
55.83401717547765,-4.349852341140121,24.0,55.81824312166051,-4.346878846315483,14,3.972,459
55.83401717547765,-4.349852341140121,24.0,55.84742656229786,-4.269221405976544,15,9.876,950
55.83401717547765,-4.349852341140121,24.0,55.80730424868546,-4.315177272898423,16,7.24,632
55.83401717547765,-4.349852341140121,24.0,55.83798278877758,-4.260604018644594,17,8.907,922
55.83401717547765,-4.349852341140121,24.0,55.89424631095569,-4.343398240721316,18,11.007,975
55.83401717547765,-4.349852341140121,24.0,55.83908093533876,-4.223069302141199,19,13.555,1036
55.83401717547765,-4.349852341140121,24.0,55.8357731433788,-4.270556349194068,20,8.03,743
55.83401717547765,-4.349852341140121,24.0,55.90309627527835,-4.360750370095284,21,13.04,1211
55.83401717547765,-4.349852341140121,24.0,55.85652103589449,-4.101365743428073,22,22.786,1238
55.83401717547765,-4.349852341140121,24.0,55.783736419963375,-4.235306054793451,23,22.541,1140
55.83401717547765,-4.349852341140121,24.0,55.92064824587275,-4.2358362157531895,24,19.623,1269
55.83401717547765,-4.349852341140121,24.0,55.907674892744176,-4.2497703459088045,25,18.375,2314
55.83401717547765,-4.349852341140121,24.0,55.919604340921964,-4.226208116301384,26,19.547,1280
55.83401717547765,-4.349852341140121,24.0,55.83219148710444,-4.304581930326681,27,7.286,720
55.83401717547765,-4.349852341140121,24.0,55.79569701419853,-4.1769099124482585,28,20.379,1290
55.83401717547765,-4.349852341140121,24.0,55.81260197667657,-4.197841211154324,29,17.79,1157
55.83401717547765,-4.349852341140121,24.0,55.826092940761974,-4.176919409292903,30,16.32,1090
55.83401717547765,-4.349852341140121,24.0,55.828413149208096,-4.109650878166438,31,23.124,1280
55.83401717547765,-4.349852341140121,24.0,55.8999241737755,-4.257993823533507,32,15.581,1201
55.83401717547765,-4.349852341140121,24.0,55.892514250678616,-4.340118142906542,33,11.036,987
55.83401717547765,-4.349852341140121,24.0,55.855241629670886,-4.269936069312288,34,11.614,826
55.83401717547765,-4.349852341140121,24.0,55.877364911629314,-4.109701193625618,35,23.187,1339
55.83401717547765,-4.349852341140121,24.0,55.887053111734645,-4.1280531391159245,36,23.489,1306
55.83401717547765,-4.349852341140121,24.0,55.89108676863447,-4.105446803942431,37,25.222,1612
55.83401717547765,-4.349852341140121,24.0,55.842635153466425,-4.334387903339716,38,3.258,377
55.83401717547765,-4.349852341140121,24.0,55.89197542936556,-4.19614108945253,39,19.496,1139
55.83401717547765,-4.349852341140121,24.0,55.825849135803445,-4.321179033230789,40,7.265,641
55.83401717547765,-4.349852341140121,24.0,55.81864602215581,-4.375055705699034,41,4.452,468
55.83401717547765,-4.349852341140121,24.0,55.92613065482397,-4.212698358862173,42,20.009,1333
55.83401717547765,-4.349852341140121,24.0,55.874439929608144,-4.279689658904073,43,12.221,868
55.83401717547765,-4.349852341140121,24.0,55.81998166828728,-4.245455535821837,44,9.66,932
55.83401717547765,-4.349852341140121,24.0,55.91066980601156,-4.213502644426629,45,18.961,1284
55.83401717547765,-4.349852341140121,24.0,55.8404807486866,-4.356656090229781,46,1.342,188
55.83401717547765,-4.349852341140121,24.0,55.88708229912325,-4.079055837843032,47,28.455,1360
55.83401717547765,-4.349852341140121,24.0,55.84510555179576,-4.178720975321847,48,17.985,1105
55.83401717547765,-4.349852341140121,24.0,55.84413340760586,-4.085244529493477,49,25.152,1734
55.83401717547765,-4.349852341140121,24.0,55.83324217210475,-4.157183908594519,50,17.847,1102
55.83401717547765,-4.349852341140121,24.0,55.895753278756494,-4.323131413571223,51,10.793,1087
55.83401717547765,-4.349852341140121,24.0,55.88609925330935,-4.38354364327563,52,8.714,750
55.83401717547765,-4.349852341140121,24.0,55.86596770908397,-4.338853955125049,53,7.007,675
55.83401717547765,-4.349852341140121,24.0,55.819381988004544,-4.256567679373081,54,8.79,824
55.83401717547765,-4.349852341140121,24.0,55.919398785577634,-4.298102785445152,55,19.408,1893
55.83401717547765,-4.349852341140121,24.0,55.81052481551728,-4.0780884232687225,56,25.923,2427
55.83401717547765,-4.349852341140121,24.0,55.8411814367945,-4.125490362928665,57,21.205,1175
55.83401717547765,-4.349852341140121,24.0,55.844855881791794,-4.151320272286683,58,18.837,1156
55.83401717547765,-4.349852341140121,24.0,55.79334532620707,-4.3052187624925375,59,8.33,717
55.83401717547765,-4.349852341140121,24.0,55.78499644933002,-4.082518262203789,60,29.646,1426
55.83401717547765,-4.349852341140121,24.0,55.86482365717543,-4.074666870071637,61,25.052,1456
55.83401717547765,-4.349852341140121,24.0,55.910543969585106,-4.384534109666136,62,25.282,1334
55.83401717547765,-4.349852341140121,24.0,55.799715679086134,-4.188568421733812,63,16.7,1509
55.83401717547765,-4.349852341140121,24.0,55.90005630083831,-4.294022887833187,64,15.589,1175
55.83401717547765,-4.349852341140121,24.0,55.82573931186619,-4.210157383495828,65,15.847,971
55.83401717547765,-4.349852341140121,24.0,55.88010014610652,-4.288014027401103,66,14.31,1144
55.83401717547765,-4.349852341140121,24.0,55.8836463272421,-4.377148406451105,67,8.484,827
55.83401717547765,-4.349852341140121,24.0,55.80511293548626,-4.195982430231648,68,18.77,1231
55.83401717547765,-4.349852341140121,24.0,55.9265186267864,-4.256321117900257,69,18.946,1308
55.83401717547765,-4.349852341140121,24.0,55.90353118048908,-4.119171950823842,70,24.385,1547
55.83401717547765,-4.349852341140121,24.0,55.81502357146685,-4.260984914919316,71,8.435,807
55.83401717547765,-4.349852341140121,24.0,55.894355058439295,-4.293143876300353,72,14.879,1123
55.83401717547765,-4.349852341140121,24.0,55.80246488546192,-4.242274834364847,73,11.458,1108
55.83401717547765,-4.349852341140121,24.0,55.887581813102464,-4.2985753032369685,74,14.491,1119
55.83401717547765,-4.349852341140121,24.0,55.928290955083554,-4.295962301582311,75,15.153,1295
55.83401717547765,-4.349852341140121,24.0,55.81096058143004,-4.368797105646974,76,6.06,655
55.83401717547765,-4.349852341140121,24.0,55.84818750128869,-4.3631808239548375,77,4.531,492
55.83401717547765,-4.349852341140121,24.0,55.81610352786554,-4.330910795148831,78,4.467,461
55.83401717547765,-4.349852341140121,24.0,55.807034270653475,-4.136077366584948,79,19.554,1340
55.83401717547765,-4.349852341140121,24.0,55.86778114631985,-4.233612892312959,80,14.072,950
55.83401717547765,-4.349852341140121,24.0,55.79578956690847,-4.368290459919509,81,7.995,1779
55.83401717547765,-4.349852341140121,24.0,55.897877306124535,-4.077031107370425,82,27.013,2078
55.83401717547765,-4.349852341140121,24.0,55.80721289582252,-4.242612882195534,83,10.681,1059
55.83401717547765,-4.349852341140121,24.0,55.92209393969709,-4.157940141970138,84,24.156,1345
55.83401717547765,-4.349852341140121,24.0,55.79188265083702,-4.28147512844989,85,9.192,772
55.83401717547765,-4.349852341140121,24.0,55.88043814367632,-4.104360473798184,86,22.999,1299
55.83401717547765,-4.349852341140121,24.0,55.90345994988174,-4.293652184560058,87,16.058,1220
55.83401717547765,-4.349852341140121,24.0,55.91230525016259,-4.108196424937476,88,25.653,1492
55.83401717547765,-4.349852341140121,24.0,55.90569137930351,-4.3852429216612405,89,25.525,1373
55.83401717547765,-4.349852341140121,24.0,55.824402119970216,-4.298242138123909,90,6.095,608
55.83401717547765,-4.349852341140121,24.0,55.887104625653905,-4.201059285828647,91,17.208,1288
55.83401717547765,-4.349852341140121,24.0,55.92006797200308,-4.195257422106852,92,20.855,1311
55.83401717547765,-4.349852341140121,24.0,55.7944551107823,-4.1683749063061635,93,20.509,1724
55.83401717547765,-4.349852341140121,24.0,55.88003873447475,-4.304350182381346,94,14.05,1023
55.83401717547765,-4.349852341140121,24.0,55.88308048053683,-4.2942103285768285,95,13.65,998
55.83401717547765,-4.349852341140121,24.0,55.80779271908626,-4.3234306371549245,96,5.738,594
55.83401717547765,-4.349852341140121,24.0,55.90123467399992,-4.380968632189907,97,15.208,1428
55.83401717547765,-4.349852341140121,24.0,55.88049231589054,-4.293733205570284,98,13.552,988
55.83401717547765,-4.349852341140121,24.0,55.84697147961761,-4.334108806216461,99,4.019,507
55.83401717547765,-4.349852341140121,24.0,55.83067141211495,-4.195633651932574,100,15.13,969
55.83401717547765,-4.349852341140121,24.0,55.89350845984679,-4.099445363541155,101,25.037,1443
55.83401717547765,-4.349852341140121,24.0,55.92592408664018,-4.179171340754611,102,25.497,1429
55.83401717547765,-4.349852341140121,24.0,55.84941827409408,-4.169566750359822,103,18.69,1171
55.83401717547765,-4.349852341140121,24.0,55.92413375575165,-4.226670311636797,104,21.224,2075
55.83401717547765,-4.349852341140121,24.0,55.88995713457192,-4.285031242761631,105,13.819,1025
55.83401717547765,-4.349852341140121,24.0,55.90528066541109,-4.131569818675147,106,21.835,1192
55.83401717547765,-4.349852341140121,24.0,55.87850608392288,-4.103517886631066,107,23.33,1332
55.83401717547765,-4.349852341140121,24.0,55.80799405798939,-4.284953473560454,108,8.036,785
55.83401717547765,-4.349852341140121,24.0,55.906815669822045,-4.385279074380807,109,14.213,1213
55.83401717547765,-4.349852341140121,24.0,55.916237634416454,-4.222407816066865,110,19.462,1269
55.83401717547765,-4.349852341140121,24.0,55.915798955837815,-4.088621086891774,111,28.737,1523
55.83401717547765,-4.349852341140121,24.0,55.827538479175395,-4.350653065976025,112,3.137,367
55.83401717547765,-4.349852341140121,24.0,55.799515288981674,-4.0866627646338864,113,30.016,1539
55.83401717547765,-4.349852341140121,24.0,55.831024245961984,-4.244756518165482,114,12.596,873
55.83401717547765,-4.349852341140121,24.0,55.86754360554833,-4.2143078261423845,115,15.412,1066
55.83401717547765,-4.349852341140121,24.0,55.8574985965699,-4.1521224561179935,116,19.993,1281
55.83401717547765,-4.349852341140121,24.0,55.88095643501817,-4.32811659177277,117,8.849,802
55.83401717547765,-4.349852341140121,24.0,55.85240433608213,-4.177570445500026,118,18.854,1222
55.83401717547765,-4.349852341140121,24.0,55.91169549549074,-4.359708873069638,119,15.025,1402
55.83401717547765,-4.349852341140121,24.0,55.92640787519779,-4.300990956079843,120,14.961,1316
55.83401717547765,-4.349852341140121,24.0,55.84019197366069,-4.205566157974415,121,16.45,1120
55.83401717547765,-4.349852341140121,24.0,55.866619942939494,-4.268153778778456,122,12.374,990
55.83401717547765,-4.349852341140121,24.0,55.81327411986783,-4.2587495402872255,123,9.114,878
55.83401717547765,-4.349852341140121,24.0,55.86022660117776,-4.154711133590585,124,19.913,1209
55.83401717547765,-4.349852341140121,24.0,55.831522729053496,-4.370420634377527,125,2.766,361
55.83401717547765,-4.349852341140121,24.0,55.84074346341779,-4.172411658039648,126,17.058,1025
55.83401717547765,-4.349852341140121,24.0,55.8801412435821,-4.258666277618953,127,13.418,1016
55.83401717547765,-4.349852341140121,24.0,55.8434159429892,-4.1056733307349536,128,21.461,1204
55.83401717547765,-4.349852341140121,24.0,55.83522057783537,-4.25736952395694,129,8.959,909
55.83401717547765,-4.349852341140121,24.0,55.86467774065618,-4.2250953414252415,130,14.196,903
55.83401717547765,-4.349852341140121,24.0,55.8953662249987,-4.231143624453162,131,16.649,1080
55.83401717547765,-4.349852341140121,24.0,55.81920459649808,-4.236238450921302,132,10.244,982
55.83401717547765,-4.349852341140121,24.0,55.900795402502105,-4.206009410292495,133,18.816,1275
55.83401717547765,-4.349852341140121,24.0,55.86078490474355,-4.339631469507248,134,6.681,761
55.83401717547765,-4.349852341140121,24.0,55.924999437053955,-4.191173279124663,135,21.106,1320
55.83401717547765,-4.349852341140121,24.0,55.81549096669224,-4.126910343137958,136,20.545,1387
55.83401717547765,-4.349852341140121,24.0,55.90135585493081,-4.207622057499793,137,18.815,1253
55.83401717547765,-4.349852341140121,24.0,55.845816555475636,-4.129576488296543,138,20.21,1246
55.83401717547765,-4.349852341140121,24.0,55.80470047644827,-4.291960781118721,139,7.869,762
55.83401717547765,-4.349852341140121,24.0,55.89185394491289,-4.179857587296262,140,18.4,1064
55.83401717547765,-4.349852341140121,24.0,55.91859399996558,-4.3401659608951215,141,13.891,1252
55.83401717547765,-4.349852341140121,24.0,55.90671476836246,-4.3642865107142725,142,13.792,1266
55.83401717547765,-4.349852341140121,24.0,55.81273399651921,-4.167613047894911,143,17.603,1151
55.83401717547765,-4.349852341140121,24.0,55.80939871413575,-4.276056954355674,144,7.75,733
55.83401717547765,-4.349852341140121,24.0,55.88312869327199,-4.214542892826467,145,16.22,1107
55.83401717547765,-4.349852341140121,24.0,55.815340374954424,-4.283514492524949,146,6.744,618
55.83401717547765,-4.349852341140121,24.0,55.87864379034378,-4.080636908866371,147,29.435,1395
55.83401717547765,-4.349852341140121,24.0,55.89423440492952,-4.2418874418647645,148,17.212,1164
55.83401717547765,-4.349852341140121,24.0,55.92796852989922,-4.305970400193036,149,15.089,1339
55.83401717547765,-4.349852341140121,24.0,55.92895153496988,-4.082888064137351,150,29.107,1473
55.83401717547765,-4.349852341140121,24.0,55.790766759429424,-4.135285962371055,151,22.934,1365
55.83401717547765,-4.349852341140121,24.0,55.80808041573422,-4.184105792933229,152,18.564,1163
55.83401717547765,-4.349852341140121,24.0,55.7982747224006,-4.3931924101572655,153,6.917,644
55.83401717547765,-4.349852341140121,24.0,55.81178474630603,-4.337962602706185,154,5.534,567
55.83401717547765,-4.349852341140121,24.0,55.852972007756,-4.353957895039277,155,4.744,605
55.83401717547765,-4.349852341140121,24.0,55.797152036890715,-4.311451416173846,156,7.226,645
55.83401717547765,-4.349852341140121,24.0,55.84839482833289,-4.1889265673730645,157,18.636,1139
55.83401717547765,-4.349852341140121,24.0,55.86383954752864,-4.387927326091926,158,8.68,683
55.83401717547765,-4.349852341140121,24.0,55.807182357875575,-4.140487806234959,159,19.231,1316
55.83401717547765,-4.349852341140121,24.0,55.8296607577131,-4.218765551358871,160,14.016,1029
55.83401717547765,-4.349852341140121,24.0,55.82699494590622,-4.295404959002084,161,6.667,606
55.83401717547765,-4.349852341140121,24.0,55.861248665443505,-4.307186036515638,162,6.33,717
55.83401717547765,-4.349852341140121,24.0,55.897857165570365,-4.156645648865112,163,19.876,1100
55.83401717547765,-4.349852341140121,24.0,55.877747555317356,-4.342792329217214,164,9.439,899
55.83401717547765,-4.349852341140121,24.0,55.92259641850896,-4.389236283866068,165,24.183,1333
55.83401717547765,-4.349852341140121,24.0,55.92621339590465,-4.2820478996479165,166,18.73,1256
55.83401717547765,-4.349852341140121,24.0,55.80660612206145,-4.094012410496262,167,25.508,1492
55.83401717547765,-4.349852341140121,24.0,55.84605439624201,-4.09192094471571,168,24.213,1215
55.83401717547765,-4.349852341140121,24.0,55.83961965364386,-4.1201104741133365,169,20.812,1102
55.83401717547765,-4.349852341140121,24.0,55.85030951683019,-4.217608837338132,170,14.104,1070
55.83401717547765,-4.349852341140121,24.0,55.85971342373431,-4.246748195156407,171,14.565,1001
55.83401717547765,-4.349852341140121,24.0,55.815747728441636,-4.150792968910081,172,18.101,1212
55.83401717547765,-4.349852341140121,24.0,55.80041195127493,-4.3806303679601495,173,6.333,597
55.83401717547765,-4.349852341140121,24.0,55.85487415463933,-4.092829020720908,174,24.023,1216
55.83401717547765,-4.349852341140121,24.0,55.80456076444065,-4.203157873727267,175,18.789,1233
55.83401717547765,-4.349852341140121,24.0,55.84723005082115,-4.330151260440624,176,3.907,475
55.83401717547765,-4.349852341140121,24.0,55.88775631668876,-4.123428423568879,177,23.624,1312
55.83401717547765,-4.349852341140121,24.0,55.82857385936083,-4.129579652409029,178,20.623,1400
55.83401717547765,-4.349852341140121,24.0,55.879865395443076,-4.36272007519476,179,10.331,942
55.83401717547765,-4.349852341140121,24.0,55.87973669437185,-4.215636550296907,180,15.507,1118
55.83401717547765,-4.349852341140121,24.0,55.8162521393249,-4.1868605517933455,181,16.983,1122
55.83401717547765,-4.349852341140121,24.0,55.80755514535402,-4.201625161718038,182,18.542,1200
55.83401717547765,-4.349852341140121,24.0,55.85565398843102,-4.250533808562208,183,11.063,921
55.83401717547765,-4.349852341140121,24.0,55.929636326069506,-4.381100658166308,184,25.169,1354
55.83401717547765,-4.349852341140121,24.0,55.879581066995904,-4.21986165885879,185,15.148,1099
55.83401717547765,-4.349852341140121,24.0,55.92647877645629,-4.127886630011083,186,25.238,1431
55.83401717547765,-4.349852341140121,24.0,55.82282427264178,-4.371094162561755,187,3.754,448
55.83401717547765,-4.349852341140121,24.0,55.90291353127043,-4.3414180899754955,188,11.838,1144
55.83401717547765,-4.349852341140121,24.0,55.78437024600116,-4.156926419796477,189,22.278,1380
55.83401717547765,-4.349852341140121,24.0,55.8321542449311,-4.1561720476648265,190,17.887,1116
55.83401717547765,-4.349852341140121,24.0,55.88310705812362,-4.084862107847263,191,26.596,1277
55.83401717547765,-4.349852341140121,24.0,55.85616333886266,-4.110333739241922,192,22.824,1260
55.83401717547765,-4.349852341140121,24.0,55.90185178498145,-4.152652007721208,193,23.785,1725
55.83401717547765,-4.349852341140121,24.0,55.8837118458465,-4.182392741162416,194,20.064,2073
55.83401717547765,-4.349852341140121,24.0,55.83086049774818,-4.312434105301623,195,6.87,622
55.83401717547765,-4.349852341140121,24.0,55.821849459706755,-4.176208567338996,196,16.731,1086
55.83401717547765,-4.349852341140121,24.0,55.88009750494633,-4.255964552703097,197,13.104,995
55.83401717547765,-4.349852341140121,24.0,55.87413911675089,-4.369807111055967,198,6.825,646
55.83401717547765,-4.349852341140121,24.0,55.86354071984154,-4.093406384811447,199,23.44,1314
55.846771617683544,-4.086688504998345,25.0,55.8391698042901,-4.214478482526657,0,15.375,856
55.846771617683544,-4.086688504998345,25.0,55.86553667472969,-4.350500876963486,1,26.366,1206
55.846771617683544,-4.086688504998345,25.0,55.912892829643965,-4.286410947894997,2,22.752,2165
55.846771617683544,-4.086688504998345,25.0,55.84854019346565,-4.391697428307927,3,25.797,1427
55.846771617683544,-4.086688504998345,25.0,55.79232875093524,-4.310455024670266,4,28.288,1406
55.846771617683544,-4.086688504998345,25.0,55.837143362020576,-4.120043492886959,5,13.605,676
55.846771617683544,-4.086688504998345,25.0,55.84185129809378,-4.283879851305767,6,19.582,1159
55.846771617683544,-4.086688504998345,25.0,55.90609664927746,-4.311383718964596,7,21.436,1274
55.846771617683544,-4.086688504998345,25.0,55.7832172019226,-4.31249791159531,8,29.876,1464
55.846771617683544,-4.086688504998345,25.0,55.8177258987159,-4.260489243356555,9,19.532,1072
55.846771617683544,-4.086688504998345,25.0,55.903262790870684,-4.212111703691823,10,15.989,1055
55.846771617683544,-4.086688504998345,25.0,55.893978813107424,-4.1413270988368325,11,13.918,829
55.846771617683544,-4.086688504998345,25.0,55.894884622950286,-4.154349650804189,12,19.25,800
55.846771617683544,-4.086688504998345,25.0,55.80680963785043,-4.263605759417426,13,21.97,1339
55.846771617683544,-4.086688504998345,25.0,55.81824312166051,-4.346878846315483,14,25.451,1320
55.846771617683544,-4.086688504998345,25.0,55.84742656229786,-4.269221405976544,15,19.444,1043
55.846771617683544,-4.086688504998345,25.0,55.80730424868546,-4.315177272898423,16,25.157,1305
55.846771617683544,-4.086688504998345,25.0,55.83798278877758,-4.260604018644594,17,18.053,973
55.846771617683544,-4.086688504998345,25.0,55.89424631095569,-4.343398240721316,18,21.297,1254
55.846771617683544,-4.086688504998345,25.0,55.83908093533876,-4.223069302141199,19,16.405,986
55.846771617683544,-4.086688504998345,25.0,55.8357731433788,-4.270556349194068,20,18.737,1023
55.846771617683544,-4.086688504998345,25.0,55.90309627527835,-4.360750370095284,21,23.33,1489
55.846771617683544,-4.086688504998345,25.0,55.85652103589449,-4.101365743428073,22,5.272,417
55.846771617683544,-4.086688504998345,25.0,55.783736419963375,-4.235306054793451,23,26.124,1299
55.846771617683544,-4.086688504998345,25.0,55.92064824587275,-4.2358362157531895,24,20.35,1155
55.846771617683544,-4.086688504998345,25.0,55.907674892744176,-4.2497703459088045,25,19.102,2200
55.846771617683544,-4.086688504998345,25.0,55.919604340921964,-4.226208116301384,26,18.196,1115
55.846771617683544,-4.086688504998345,25.0,55.83219148710444,-4.304581930326681,27,24.329,1347
55.846771617683544,-4.086688504998345,25.0,55.79569701419853,-4.1769099124482585,28,20.967,1018
55.846771617683544,-4.086688504998345,25.0,55.81260197667657,-4.197841211154324,29,17.24,991
55.846771617683544,-4.086688504998345,25.0,55.826092940761974,-4.176919409292903,30,13.523,818
55.846771617683544,-4.086688504998345,25.0,55.828413149208096,-4.109650878166438,31,5.88,518
55.846771617683544,-4.086688504998345,25.0,55.8999241737755,-4.257993823533507,32,19.201,1145
55.846771617683544,-4.086688504998345,25.0,55.892514250678616,-4.340118142906542,33,21.326,1266
55.846771617683544,-4.086688504998345,25.0,55.855241629670886,-4.269936069312288,34,17.288,784
55.846771617683544,-4.086688504998345,25.0,55.877364911629314,-4.109701193625618,35,8.568,536
55.846771617683544,-4.086688504998345,25.0,55.887053111734645,-4.1280531391159245,36,12.127,840
55.846771617683544,-4.086688504998345,25.0,55.89108676863447,-4.105446803942431,37,9.997,866
55.846771617683544,-4.086688504998345,25.0,55.842635153466425,-4.334387903339716,38,22.234,1134
55.846771617683544,-4.086688504998345,25.0,55.89197542936556,-4.19614108945253,39,13.773,779
55.846771617683544,-4.086688504998345,25.0,55.825849135803445,-4.321179033230789,40,22.507,1247
55.846771617683544,-4.086688504998345,25.0,55.81864602215581,-4.375055705699034,41,26.48,1329
55.846771617683544,-4.086688504998345,25.0,55.92613065482397,-4.212698358862173,42,25.416,1206
55.846771617683544,-4.086688504998345,25.0,55.874439929608144,-4.279689658904073,43,17.129,906
55.846771617683544,-4.086688504998345,25.0,55.81998166828728,-4.245455535821837,44,19.012,977
55.846771617683544,-4.086688504998345,25.0,55.91066980601156,-4.213502644426629,45,17.691,1130
55.846771617683544,-4.086688504998345,25.0,55.8404807486866,-4.356656090229781,46,25.886,1401
55.846771617683544,-4.086688504998345,25.0,55.88708229912325,-4.079055837843032,47,9.735,484
55.846771617683544,-4.086688504998345,25.0,55.84510555179576,-4.178720975321847,48,12.939,791
55.846771617683544,-4.086688504998345,25.0,55.84413340760586,-4.085244529493477,49,2.976,653
55.846771617683544,-4.086688504998345,25.0,55.83324217210475,-4.157183908594519,50,11.62,666
55.846771617683544,-4.086688504998345,25.0,55.895753278756494,-4.323131413571223,51,21.068,1328
55.846771617683544,-4.086688504998345,25.0,55.88609925330935,-4.38354364327563,52,27.399,1274
55.846771617683544,-4.086688504998345,25.0,55.86596770908397,-4.338853955125049,53,24.182,1155
55.846771617683544,-4.086688504998345,25.0,55.819381988004544,-4.256567679373081,54,20.441,1127
55.846771617683544,-4.086688504998345,25.0,55.919398785577634,-4.298102785445152,55,23.028,1845
55.846771617683544,-4.086688504998345,25.0,55.81052481551728,-4.0780884232687225,56,7.626,1604
55.846771617683544,-4.086688504998345,25.0,55.8411814367945,-4.125490362928665,57,7.24,584
55.846771617683544,-4.086688504998345,25.0,55.844855881791794,-4.151320272286683,58,12.771,765
55.846771617683544,-4.086688504998345,25.0,55.79334532620707,-4.3052187624925375,59,28.619,1412
55.846771617683544,-4.086688504998345,25.0,55.78499644933002,-4.082518262203789,60,14.013,740
55.846771617683544,-4.086688504998345,25.0,55.86482365717543,-4.074666870071637,61,3.873,470
55.846771617683544,-4.086688504998345,25.0,55.910543969585106,-4.384534109666136,62,25.157,1554
55.846771617683544,-4.086688504998345,25.0,55.799715679086134,-4.188568421733812,63,22.627,1246
55.846771617683544,-4.086688504998345,25.0,55.90005630083831,-4.294022887833187,64,20.508,1228
55.846771617683544,-4.086688504998345,25.0,55.82573931186619,-4.210157383495828,65,15.297,806
55.846771617683544,-4.086688504998345,25.0,55.88010014610652,-4.288014027401103,66,19.229,1196
55.846771617683544,-4.086688504998345,25.0,55.8836463272421,-4.377148406451105,67,27.169,1352
55.846771617683544,-4.086688504998345,25.0,55.80511293548626,-4.195982430231648,68,18.22,1066
55.846771617683544,-4.086688504998345,25.0,55.9265186267864,-4.256321117900257,69,22.566,1259
55.846771617683544,-4.086688504998345,25.0,55.90353118048908,-4.119171950823842,70,10.599,926
55.846771617683544,-4.086688504998345,25.0,55.81502357146685,-4.260984914919316,71,19.889,1106
55.846771617683544,-4.086688504998345,25.0,55.894355058439295,-4.293143876300353,72,19.798,1175
55.846771617683544,-4.086688504998345,25.0,55.80246488546192,-4.242274834364847,73,21.153,1203
55.846771617683544,-4.086688504998345,25.0,55.887581813102464,-4.2985753032369685,74,19.41,1171
55.846771617683544,-4.086688504998345,25.0,55.928290955083554,-4.295962301582311,75,23.45,1260
55.846771617683544,-4.086688504998345,25.0,55.81096058143004,-4.368797105646974,76,28.137,1411
55.846771617683544,-4.086688504998345,25.0,55.84818750128869,-4.3631808239548375,77,26.872,1253
55.846771617683544,-4.086688504998345,25.0,55.81610352786554,-4.330910795148831,78,24.476,1160
55.846771617683544,-4.086688504998345,25.0,55.807034270653475,-4.136077366584948,79,11.335,821
55.846771617683544,-4.086688504998345,25.0,55.86778114631985,-4.233612892312959,80,14.259,770
55.846771617683544,-4.086688504998345,25.0,55.79578956690847,-4.368290459919509,81,33.221,2605
55.846771617683544,-4.086688504998345,25.0,55.897877306124535,-4.077031107370425,82,9.986,1204
55.846771617683544,-4.086688504998345,25.0,55.80721289582252,-4.242612882195534,83,20.376,1154
55.846771617683544,-4.086688504998345,25.0,55.92209393969709,-4.157940141970138,84,14.562,944
55.846771617683544,-4.086688504998345,25.0,55.79188265083702,-4.28147512844989,85,23.343,1397
55.846771617683544,-4.086688504998345,25.0,55.88043814367632,-4.104360473798184,86,7.878,476
55.846771617683544,-4.086688504998345,25.0,55.90345994988174,-4.293652184560058,87,22.225,1301
55.846771617683544,-4.086688504998345,25.0,55.91230525016259,-4.108196424937476,88,11.393,835
55.846771617683544,-4.086688504998345,25.0,55.90569137930351,-4.3852429216612405,89,25.192,1577
55.846771617683544,-4.086688504998345,25.0,55.824402119970216,-4.298242138123909,90,22.943,1168
55.846771617683544,-4.086688504998345,25.0,55.887104625653905,-4.201059285828647,91,13.547,853
55.846771617683544,-4.086688504998345,25.0,55.92006797200308,-4.195257422106852,92,23.421,1023
55.846771617683544,-4.086688504998345,25.0,55.7944551107823,-4.1683749063061635,93,21.114,1451
55.846771617683544,-4.086688504998345,25.0,55.88003873447475,-4.304350182381346,94,18.743,1079
55.846771617683544,-4.086688504998345,25.0,55.88308048053683,-4.2942103285768285,95,18.343,1054
55.846771617683544,-4.086688504998345,25.0,55.80779271908626,-4.3234306371549245,96,25.747,1292
55.846771617683544,-4.086688504998345,25.0,55.90123467399992,-4.380968632189907,97,28.345,1754
55.846771617683544,-4.086688504998345,25.0,55.88049231589054,-4.293733205570284,98,18.245,1044
55.846771617683544,-4.086688504998345,25.0,55.84697147961761,-4.334108806216461,99,22.348,1167
55.846771617683544,-4.086688504998345,25.0,55.83067141211495,-4.195633651932574,100,14.541,820
55.846771617683544,-4.086688504998345,25.0,55.89350845984679,-4.099445363541155,101,9.064,636
55.846771617683544,-4.086688504998345,25.0,55.92592408664018,-4.179171340754611,102,22.692,1061
55.846771617683544,-4.086688504998345,25.0,55.84941827409408,-4.169566750359822,103,9.055,705
55.846771617683544,-4.086688504998345,25.0,55.92413375575165,-4.226670311636797,104,26.631,1948
55.846771617683544,-4.086688504998345,25.0,55.88995713457192,-4.285031242761631,105,18.738,1078
55.846771617683544,-4.086688504998345,25.0,55.90528066541109,-4.131569818675147,106,19.03,825
55.846771617683544,-4.086688504998345,25.0,55.87850608392288,-4.103517886631066,107,8.209,509
55.846771617683544,-4.086688504998345,25.0,55.80799405798939,-4.284953473560454,108,21.756,1343
55.846771617683544,-4.086688504998345,25.0,55.906815669822045,-4.385279074380807,109,24.503,1492
55.846771617683544,-4.086688504998345,25.0,55.916237634416454,-4.222407816066865,110,18.111,1104
55.846771617683544,-4.086688504998345,25.0,55.915798955837815,-4.088621086891774,111,14.253,737
55.846771617683544,-4.086688504998345,25.0,55.827538479175395,-4.350653065976025,112,24.82,1251
55.846771617683544,-4.086688504998345,25.0,55.799515288981674,-4.0866627646338864,113,10.195,790
55.846771617683544,-4.086688504998345,25.0,55.831024245961984,-4.244756518165482,114,17.493,878
55.846771617683544,-4.086688504998345,25.0,55.86754360554833,-4.2143078261423845,115,12.932,756
55.846771617683544,-4.086688504998345,25.0,55.8574985965699,-4.1521224561179935,116,9.01,606
55.846771617683544,-4.086688504998345,25.0,55.88095643501817,-4.32811659177277,117,21.962,1136
55.846771617683544,-4.086688504998345,25.0,55.85240433608213,-4.177570445500026,118,9.333,719
55.846771617683544,-4.086688504998345,25.0,55.91169549549074,-4.359708873069638,119,24.894,1557
55.846771617683544,-4.086688504998345,25.0,55.92640787519779,-4.300990956079843,120,23.898,1308
55.846771617683544,-4.086688504998345,25.0,55.84019197366069,-4.205566157974415,121,15.861,972
55.846771617683544,-4.086688504998345,25.0,55.866619942939494,-4.268153778778456,122,16.206,887
55.846771617683544,-4.086688504998345,25.0,55.81327411986783,-4.2587495402872255,123,19.868,1116
55.846771617683544,-4.086688504998345,25.0,55.86022660117776,-4.154711133590585,124,9.261,535
55.846771617683544,-4.086688504998345,25.0,55.831522729053496,-4.370420634377527,125,26.874,1421
55.846771617683544,-4.086688504998345,25.0,55.84074346341779,-4.172411658039648,126,12.601,710
55.846771617683544,-4.086688504998345,25.0,55.8801412435821,-4.258666277618953,127,16.482,901
55.846771617683544,-4.086688504998345,25.0,55.8434159429892,-4.1056733307349536,128,7.496,613
55.846771617683544,-4.086688504998345,25.0,55.83522057783537,-4.25736952395694,129,18.027,975
55.846771617683544,-4.086688504998345,25.0,55.86467774065618,-4.2250953414252415,130,14.152,674
55.846771617683544,-4.086688504998345,25.0,55.8953662249987,-4.231143624453162,131,17.376,966
55.846771617683544,-4.086688504998345,25.0,55.81920459649808,-4.236238450921302,132,19.596,1028
55.846771617683544,-4.086688504998345,25.0,55.900795402502105,-4.206009410292495,133,15.174,946
55.846771617683544,-4.086688504998345,25.0,55.86078490474355,-4.339631469507248,134,24.717,1250
55.846771617683544,-4.086688504998345,25.0,55.924999437053955,-4.191173279124663,135,23.17,1014
55.846771617683544,-4.086688504998345,25.0,55.81549096669224,-4.126910343137958,136,9.279,730
55.846771617683544,-4.086688504998345,25.0,55.90135585493081,-4.207622057499793,137,15.173,923
55.846771617683544,-4.086688504998345,25.0,55.845816555475636,-4.129576488296543,138,6.849,509
55.846771617683544,-4.086688504998345,25.0,55.80470047644827,-4.291960781118721,139,22.762,1402
55.846771617683544,-4.086688504998345,25.0,55.89185394491289,-4.179857587296262,140,14.377,722
55.846771617683544,-4.086688504998345,25.0,55.91859399996558,-4.3401659608951215,141,23.76,1408
55.846771617683544,-4.086688504998345,25.0,55.90671476836246,-4.3642865107142725,142,24.981,1529
55.846771617683544,-4.086688504998345,25.0,55.81273399651921,-4.167613047894911,143,14.077,807
55.846771617683544,-4.086688504998345,25.0,55.80939871413575,-4.276056954355674,144,21.044,1231
55.846771617683544,-4.086688504998345,25.0,55.88312869327199,-4.214542892826467,145,13.174,824
55.846771617683544,-4.086688504998345,25.0,55.815340374954424,-4.283514492524949,146,21.214,1248
55.846771617683544,-4.086688504998345,25.0,55.87864379034378,-4.080636908866371,147,10.715,518
55.846771617683544,-4.086688504998345,25.0,55.89423440492952,-4.2418874418647645,148,17.939,1050
55.846771617683544,-4.086688504998345,25.0,55.92796852989922,-4.305970400193036,149,24.026,1331
55.846771617683544,-4.086688504998345,25.0,55.92895153496988,-4.082888064137351,150,15.211,745
55.846771617683544,-4.086688504998345,25.0,55.790766759429424,-4.135285962371055,151,12.178,830
55.846771617683544,-4.086688504998345,25.0,55.80808041573422,-4.184105792933229,152,15.556,923
55.846771617683544,-4.086688504998345,25.0,55.7982747224006,-4.3931924101572655,153,28.945,1505
55.846771617683544,-4.086688504998345,25.0,55.81178474630603,-4.337962602706185,154,25.543,1266
55.846771617683544,-4.086688504998345,25.0,55.852972007756,-4.353957895039277,155,23.916,1253
55.846771617683544,-4.086688504998345,25.0,55.797152036890715,-4.311451416173846,156,27.515,1340
55.846771617683544,-4.086688504998345,25.0,55.84839482833289,-4.1889265673730645,157,13.7,827
55.846771617683544,-4.086688504998345,25.0,55.86383954752864,-4.387927326091926,158,29.508,1280
55.846771617683544,-4.086688504998345,25.0,55.807182357875575,-4.140487806234959,159,11.546,819
55.846771617683544,-4.086688504998345,25.0,55.8296607577131,-4.218765551358871,160,15.638,898
55.846771617683544,-4.086688504998345,25.0,55.82699494590622,-4.295404959002084,161,22.979,1144
55.846771617683544,-4.086688504998345,25.0,55.861248665443505,-4.307186036515638,162,22.619,1179
55.846771617683544,-4.086688504998345,25.0,55.897857165570365,-4.156645648865112,163,15.853,759
55.846771617683544,-4.086688504998345,25.0,55.877747555317356,-4.342792329217214,164,22.56,1242
55.846771617683544,-4.086688504998345,25.0,55.92259641850896,-4.389236283866068,165,27.759,1614
55.846771617683544,-4.086688504998345,25.0,55.92621339590465,-4.2820478996479165,166,22.35,1208
55.846771617683544,-4.086688504998345,25.0,55.80660612206145,-4.094012410496262,167,7.211,669
55.846771617683544,-4.086688504998345,25.0,55.84605439624201,-4.09192094471571,168,11.049,537
55.846771617683544,-4.086688504998345,25.0,55.83961965364386,-4.1201104741133365,169,6.847,511
55.846771617683544,-4.086688504998345,25.0,55.85030951683019,-4.217608837338132,170,14.187,932
55.846771617683544,-4.086688504998345,25.0,55.85971342373431,-4.246748195156407,171,14.865,820
55.846771617683544,-4.086688504998345,25.0,55.815747728441636,-4.150792968910081,172,14.191,825
55.846771617683544,-4.086688504998345,25.0,55.80041195127493,-4.3806303679601495,173,28.361,1458
55.846771617683544,-4.086688504998345,25.0,55.85487415463933,-4.092829020720908,174,3.622,238
55.846771617683544,-4.086688504998345,25.0,55.80456076444065,-4.203157873727267,175,18.239,1068
55.846771617683544,-4.086688504998345,25.0,55.84723005082115,-4.330151260440624,176,21.869,1111
55.846771617683544,-4.086688504998345,25.0,55.88775631668876,-4.123428423568879,177,12.262,846
55.846771617683544,-4.086688504998345,25.0,55.82857385936083,-4.129579652409029,178,8.886,708
55.846771617683544,-4.086688504998345,25.0,55.879865395443076,-4.36272007519476,179,23.468,1267
55.846771617683544,-4.086688504998345,25.0,55.87973669437185,-4.215636550296907,180,13.89,920
55.846771617683544,-4.086688504998345,25.0,55.8162521393249,-4.1868605517933455,181,14.664,920
55.846771617683544,-4.086688504998345,25.0,55.80755514535402,-4.201625161718038,182,17.992,1034
55.846771617683544,-4.086688504998345,25.0,55.85565398843102,-4.250533808562208,183,15.679,975
55.846771617683544,-4.086688504998345,25.0,55.929636326069506,-4.381100658166308,184,26.821,1573
55.846771617683544,-4.086688504998345,25.0,55.879581066995904,-4.21986165885879,185,14.075,955
55.846771617683544,-4.086688504998345,25.0,55.92647877645629,-4.127886630011083,186,13.505,981
55.846771617683544,-4.086688504998345,25.0,55.82282427264178,-4.371094162561755,187,26.01,1344
55.846771617683544,-4.086688504998345,25.0,55.90291353127043,-4.3414180899754955,188,22.128,1423
55.846771617683544,-4.086688504998345,25.0,55.78437024600116,-4.156926419796477,189,19.612,1015
55.846771617683544,-4.086688504998345,25.0,55.8321542449311,-4.1561720476648265,190,11.66,679
55.846771617683544,-4.086688504998345,25.0,55.88310705812362,-4.084862107847263,191,7.876,400
55.846771617683544,-4.086688504998345,25.0,55.85616333886266,-4.110333739241922,192,5.915,468
55.846771617683544,-4.086688504998345,25.0,55.90185178498145,-4.152652007721208,193,20.98,1357
55.846771617683544,-4.086688504998345,25.0,55.8837118458465,-4.182392741162416,194,13.744,1606
55.846771617683544,-4.086688504998345,25.0,55.83086049774818,-4.312434105301623,195,23.913,1249
55.846771617683544,-4.086688504998345,25.0,55.821849459706755,-4.176208567338996,196,13.544,764
55.846771617683544,-4.086688504998345,25.0,55.88009750494633,-4.255964552703097,197,16.168,880
55.846771617683544,-4.086688504998345,25.0,55.87413911675089,-4.369807111055967,198,25.51,1171
55.846771617683544,-4.086688504998345,25.0,55.86354071984154,-4.093406384811447,199,4.424,335
55.8117028741469,-4.210400002440804,26.0,55.8391698042901,-4.214478482526657,0,4.223,414
55.8117028741469,-4.210400002440804,26.0,55.86553667472969,-4.350500876963486,1,15.423,1040
55.8117028741469,-4.210400002440804,26.0,55.912892829643965,-4.286410947894997,2,16.667,2305
55.8117028741469,-4.210400002440804,26.0,55.84854019346565,-4.391697428307927,3,14.854,1261
55.8117028741469,-4.210400002440804,26.0,55.79232875093524,-4.310455024670266,4,12.66,1052
55.8117028741469,-4.210400002440804,26.0,55.837143362020576,-4.120043492886959,5,9.149,577
55.8117028741469,-4.210400002440804,26.0,55.84185129809378,-4.283879851305767,6,7.279,793
55.8117028741469,-4.210400002440804,26.0,55.90609664927746,-4.311383718964596,7,15.772,1455
55.8117028741469,-4.210400002440804,26.0,55.7832172019226,-4.31249791159531,8,12.99,1029
55.8117028741469,-4.210400002440804,26.0,55.8177258987159,-4.260489243356555,9,4.276,514
55.8117028741469,-4.210400002440804,26.0,55.903262790870684,-4.212111703691823,10,13.14,1314
55.8117028741469,-4.210400002440804,26.0,55.893978813107424,-4.1413270988368325,11,12.802,1244
55.8117028741469,-4.210400002440804,26.0,55.894884622950286,-4.154349650804189,12,27.456,1236
55.8117028741469,-4.210400002440804,26.0,55.80680963785043,-4.263605759417426,13,6.714,756
55.8117028741469,-4.210400002440804,26.0,55.81824312166051,-4.346878846315483,14,14.482,1153
55.8117028741469,-4.210400002440804,26.0,55.84742656229786,-4.269221405976544,15,7.476,807
55.8117028741469,-4.210400002440804,26.0,55.80730424868546,-4.315177272898423,16,8.771,920
55.8117028741469,-4.210400002440804,26.0,55.83798278877758,-4.260604018644594,17,5.75,607
55.8117028741469,-4.210400002440804,26.0,55.89424631095569,-4.343398240721316,18,17.239,1289
55.8117028741469,-4.210400002440804,26.0,55.83908093533876,-4.223069302141199,19,5.253,543
55.8117028741469,-4.210400002440804,26.0,55.8357731433788,-4.270556349194068,20,6.434,657
55.8117028741469,-4.210400002440804,26.0,55.90309627527835,-4.360750370095284,21,19.272,1525
55.8117028741469,-4.210400002440804,26.0,55.85652103589449,-4.101365743428073,22,14.082,900
55.8117028741469,-4.210400002440804,26.0,55.783736419963375,-4.235306054793451,23,7.039,569
55.8117028741469,-4.210400002440804,26.0,55.92064824587275,-4.2358362157531895,24,14.265,1295
55.8117028741469,-4.210400002440804,26.0,55.907674892744176,-4.2497703459088045,25,13.017,2340
55.8117028741469,-4.210400002440804,26.0,55.919604340921964,-4.226208116301384,26,14.189,1306
55.8117028741469,-4.210400002440804,26.0,55.83219148710444,-4.304581930326681,27,8.875,1046
55.8117028741469,-4.210400002440804,26.0,55.79569701419853,-4.1769099124482585,28,3.56,343
55.8117028741469,-4.210400002440804,26.0,55.81260197667657,-4.197841211154324,29,1.611,236
55.8117028741469,-4.210400002440804,26.0,55.826092940761974,-4.176919409292903,30,4.219,537
55.8117028741469,-4.210400002440804,26.0,55.828413149208096,-4.109650878166438,31,13.043,861
55.8117028741469,-4.210400002440804,26.0,55.8999241737755,-4.257993823533507,32,13.116,1285
55.8117028741469,-4.210400002440804,26.0,55.892514250678616,-4.340118142906542,33,17.268,1301
55.8117028741469,-4.210400002440804,26.0,55.855241629670886,-4.269936069312288,34,11.303,1000
55.8117028741469,-4.210400002440804,26.0,55.877364911629314,-4.109701193625618,35,20.323,1112
55.8117028741469,-4.210400002440804,26.0,55.887053111734645,-4.1280531391159245,36,25.97,1316
55.8117028741469,-4.210400002440804,26.0,55.89108676863447,-4.105446803942431,37,20.311,1327
55.8117028741469,-4.210400002440804,26.0,55.842635153466425,-4.334387903339716,38,11.291,968
55.8117028741469,-4.210400002440804,26.0,55.89197542936556,-4.19614108945253,39,12.57,1119
55.8117028741469,-4.210400002440804,26.0,55.825849135803445,-4.321179033230789,40,8.854,967
55.8117028741469,-4.210400002440804,26.0,55.81864602215581,-4.375055705699034,41,15.511,1161
55.8117028741469,-4.210400002440804,26.0,55.92613065482397,-4.212698358862173,42,14.651,1359
55.8117028741469,-4.210400002440804,26.0,55.874439929608144,-4.279689658904073,43,11.031,1084
55.8117028741469,-4.210400002440804,26.0,55.81998166828728,-4.245455535821837,44,3.136,356
55.8117028741469,-4.210400002440804,26.0,55.91066980601156,-4.213502644426629,45,13.603,1310
55.8117028741469,-4.210400002440804,26.0,55.8404807486866,-4.356656090229781,46,14.943,1235
55.8117028741469,-4.210400002440804,26.0,55.88708229912325,-4.079055837843032,47,17.941,920
55.8117028741469,-4.210400002440804,26.0,55.84510555179576,-4.178720975321847,48,7.471,665
55.8117028741469,-4.210400002440804,26.0,55.84413340760586,-4.085244529493477,49,14.638,1294
55.8117028741469,-4.210400002440804,26.0,55.83324217210475,-4.157183908594519,50,5.705,554
55.8117028741469,-4.210400002440804,26.0,55.895753278756494,-4.323131413571223,51,17.025,1401
55.8117028741469,-4.210400002440804,26.0,55.88609925330935,-4.38354364327563,52,16.456,1108
55.8117028741469,-4.210400002440804,26.0,55.86596770908397,-4.338853955125049,53,13.239,989
55.8117028741469,-4.210400002440804,26.0,55.819381988004544,-4.256567679373081,54,5.185,550
55.8117028741469,-4.210400002440804,26.0,55.919398785577634,-4.298102785445152,55,16.943,1985
55.8117028741469,-4.210400002440804,26.0,55.81052481551728,-4.0780884232687225,56,15.409,1987
55.8117028741469,-4.210400002440804,26.0,55.8411814367945,-4.125490362928665,57,10.691,735
55.8117028741469,-4.210400002440804,26.0,55.844855881791794,-4.151320272286683,58,8.323,715
55.8117028741469,-4.210400002440804,26.0,55.79334532620707,-4.3052187624925375,59,12.255,1013
55.8117028741469,-4.210400002440804,26.0,55.78499644933002,-4.082518262203789,60,10.754,632
55.8117028741469,-4.210400002440804,26.0,55.86482365717543,-4.074666870071637,61,15.634,1094
55.8117028741469,-4.210400002440804,26.0,55.910543969585106,-4.384534109666136,62,21.099,1589
55.8117028741469,-4.210400002440804,26.0,55.799715679086134,-4.188568421733812,63,3.542,502
55.8117028741469,-4.210400002440804,26.0,55.90005630083831,-4.294022887833187,64,14.844,1408
55.8117028741469,-4.210400002440804,26.0,55.82573931186619,-4.210157383495828,65,2.392,253
55.8117028741469,-4.210400002440804,26.0,55.88010014610652,-4.288014027401103,66,13.565,1377
55.8117028741469,-4.210400002440804,26.0,55.8836463272421,-4.377148406451105,67,16.226,1186
55.8117028741469,-4.210400002440804,26.0,55.80511293548626,-4.195982430231648,68,1.787,242
55.8117028741469,-4.210400002440804,26.0,55.9265186267864,-4.256321117900257,69,16.481,1399
55.8117028741469,-4.210400002440804,26.0,55.90353118048908,-4.119171950823842,70,20.913,1387
55.8117028741469,-4.210400002440804,26.0,55.81502357146685,-4.260984914919316,71,4.633,523
55.8117028741469,-4.210400002440804,26.0,55.894355058439295,-4.293143876300353,72,14.134,1356
55.8117028741469,-4.210400002440804,26.0,55.80246488546192,-4.242274834364847,73,3.752,451
55.8117028741469,-4.210400002440804,26.0,55.887581813102464,-4.2985753032369685,74,13.746,1352
55.8117028741469,-4.210400002440804,26.0,55.928290955083554,-4.295962301582311,75,17.365,1400
55.8117028741469,-4.210400002440804,26.0,55.81096058143004,-4.368797105646974,76,17.168,1243
55.8117028741469,-4.210400002440804,26.0,55.84818750128869,-4.3631808239548375,77,15.929,1087
55.8117028741469,-4.210400002440804,26.0,55.81610352786554,-4.330910795148831,78,9.516,910
55.8117028741469,-4.210400002440804,26.0,55.807034270653475,-4.136077366584948,79,8.308,524
55.8117028741469,-4.210400002440804,26.0,55.86778114631985,-4.233612892312959,80,8.343,941
55.8117028741469,-4.210400002440804,26.0,55.79578956690847,-4.368290459919509,81,26.156,2494
55.8117028741469,-4.210400002440804,26.0,55.897877306124535,-4.077031107370425,82,20.3,1665
55.8117028741469,-4.210400002440804,26.0,55.80721289582252,-4.242612882195534,83,3.091,412
55.8117028741469,-4.210400002440804,26.0,55.92209393969709,-4.157940141970138,84,17.23,1325
55.8117028741469,-4.210400002440804,26.0,55.79188265083702,-4.28147512844989,85,10.402,851
55.8117028741469,-4.210400002440804,26.0,55.88043814367632,-4.104360473798184,86,19.633,1052
55.8117028741469,-4.210400002440804,26.0,55.90345994988174,-4.293652184560058,87,16.14,1441
55.8117028741469,-4.210400002440804,26.0,55.91230525016259,-4.108196424937476,88,23.593,1289
55.8117028741469,-4.210400002440804,26.0,55.90569137930351,-4.3852429216612405,89,21.134,1612
55.8117028741469,-4.210400002440804,26.0,55.824402119970216,-4.298242138123909,90,7.025,849
55.8117028741469,-4.210400002440804,26.0,55.887104625653905,-4.201059285828647,91,10.813,1255
55.8117028741469,-4.210400002440804,26.0,55.92006797200308,-4.195257422106852,92,19.3,1370
55.8117028741469,-4.210400002440804,26.0,55.7944551107823,-4.1683749063061635,93,3.69,778
55.8117028741469,-4.210400002440804,26.0,55.88003873447475,-4.304350182381346,94,12.758,1295
55.8117028741469,-4.210400002440804,26.0,55.88308048053683,-4.2942103285768285,95,12.358,1270
55.8117028741469,-4.210400002440804,26.0,55.80779271908626,-4.3234306371549245,96,9.371,989
55.8117028741469,-4.210400002440804,26.0,55.90123467399992,-4.380968632189907,97,21.44,1742
55.8117028741469,-4.210400002440804,26.0,55.88049231589054,-4.293733205570284,98,12.26,1260
55.8117028741469,-4.210400002440804,26.0,55.84697147961761,-4.334108806216461,99,11.405,1001
55.8117028741469,-4.210400002440804,26.0,55.83067141211495,-4.195633651932574,100,4.441,463
55.8117028741469,-4.210400002440804,26.0,55.89350845984679,-4.099445363541155,101,19.378,1097
55.8117028741469,-4.210400002440804,26.0,55.92592408664018,-4.179171340754611,102,18.571,1408
55.8117028741469,-4.210400002440804,26.0,55.84941827409408,-4.169566750359822,103,8.176,731
55.8117028741469,-4.210400002440804,26.0,55.92413375575165,-4.226670311636797,104,15.866,2101
55.8117028741469,-4.210400002440804,26.0,55.88995713457192,-4.285031242761631,105,13.074,1259
55.8117028741469,-4.210400002440804,26.0,55.90528066541109,-4.131569818675147,106,14.909,1172
55.8117028741469,-4.210400002440804,26.0,55.87850608392288,-4.103517886631066,107,19.964,1085
55.8117028741469,-4.210400002440804,26.0,55.80799405798939,-4.284953473560454,108,6.5,760
55.8117028741469,-4.210400002440804,26.0,55.906815669822045,-4.385279074380807,109,20.445,1527
55.8117028741469,-4.210400002440804,26.0,55.916237634416454,-4.222407816066865,110,14.104,1295
55.8117028741469,-4.210400002440804,26.0,55.915798955837815,-4.088621086891774,111,22.459,1173
55.8117028741469,-4.210400002440804,26.0,55.827538479175395,-4.350653065976025,112,13.851,1084
55.8117028741469,-4.210400002440804,26.0,55.799515288981674,-4.0866627646338864,113,11.313,749
55.8117028741469,-4.210400002440804,26.0,55.831024245961984,-4.244756518165482,114,4.729,513
55.8117028741469,-4.210400002440804,26.0,55.86754360554833,-4.2143078261423845,115,8.628,1030
55.8117028741469,-4.210400002440804,26.0,55.8574985965699,-4.1521224561179935,116,9.479,841
55.8117028741469,-4.210400002440804,26.0,55.88095643501817,-4.32811659177277,117,15.081,1116
55.8117028741469,-4.210400002440804,26.0,55.85240433608213,-4.177570445500026,118,8.092,770
55.8117028741469,-4.210400002440804,26.0,55.91169549549074,-4.359708873069638,119,21.257,1716
55.8117028741469,-4.210400002440804,26.0,55.92640787519779,-4.300990956079843,120,17.813,1449
55.8117028741469,-4.210400002440804,26.0,55.84019197366069,-4.205566157974415,121,4.709,529
55.8117028741469,-4.210400002440804,26.0,55.866619942939494,-4.268153778778456,122,10.221,1103
55.8117028741469,-4.210400002440804,26.0,55.81327411986783,-4.2587495402872255,123,4.012,538
55.8117028741469,-4.210400002440804,26.0,55.86022660117776,-4.154711133590585,124,9.832,872
55.8117028741469,-4.210400002440804,26.0,55.831522729053496,-4.370420634377527,125,15.905,1254
55.8117028741469,-4.210400002440804,26.0,55.84074346341779,-4.172411658039648,126,6.544,584
55.8117028741469,-4.210400002440804,26.0,55.8801412435821,-4.258666277618953,127,11.688,1147
55.8117028741469,-4.210400002440804,26.0,55.8434159429892,-4.1056733307349536,128,10.947,764
55.8117028741469,-4.210400002440804,26.0,55.83522057783537,-4.25736952395694,129,5.724,609
55.8117028741469,-4.210400002440804,26.0,55.86467774065618,-4.2250953414252415,130,7.853,786
55.8117028741469,-4.210400002440804,26.0,55.8953662249987,-4.231143624453162,131,11.291,1106
55.8117028741469,-4.210400002440804,26.0,55.81920459649808,-4.236238450921302,132,2.552,305
55.8117028741469,-4.210400002440804,26.0,55.900795402502105,-4.206009410292495,133,13.971,1285
55.8117028741469,-4.210400002440804,26.0,55.86078490474355,-4.339631469507248,134,13.774,1084
55.8117028741469,-4.210400002440804,26.0,55.924999437053955,-4.191173279124663,135,19.049,1361
55.8117028741469,-4.210400002440804,26.0,55.81549096669224,-4.126910343137958,136,9.365,613
55.8117028741469,-4.210400002440804,26.0,55.90135585493081,-4.207622057499793,137,13.97,1263
55.8117028741469,-4.210400002440804,26.0,55.845816555475636,-4.129576488296543,138,9.696,805
55.8117028741469,-4.210400002440804,26.0,55.80470047644827,-4.291960781118721,139,7.765,865
55.8117028741469,-4.210400002440804,26.0,55.89185394491289,-4.179857587296262,140,11.474,1043
55.8117028741469,-4.210400002440804,26.0,55.91859399996558,-4.3401659608951215,141,20.123,1566
55.8117028741469,-4.210400002440804,26.0,55.90671476836246,-4.3642865107142725,142,20.024,1580
55.8117028741469,-4.210400002440804,26.0,55.81273399651921,-4.167613047894911,143,3.561,362
55.8117028741469,-4.210400002440804,26.0,55.80939871413575,-4.276056954355674,144,5.788,648
55.8117028741469,-4.210400002440804,26.0,55.88312869327199,-4.214542892826467,145,10.862,1133
55.8117028741469,-4.210400002440804,26.0,55.815340374954424,-4.283514492524949,146,5.958,666
55.8117028741469,-4.210400002440804,26.0,55.87864379034378,-4.080636908866371,147,18.921,955
55.8117028741469,-4.210400002440804,26.0,55.89423440492952,-4.2418874418647645,148,11.854,1190
55.8117028741469,-4.210400002440804,26.0,55.92796852989922,-4.305970400193036,149,17.941,1472
55.8117028741469,-4.210400002440804,26.0,55.92895153496988,-4.082888064137351,150,23.417,1181
55.8117028741469,-4.210400002440804,26.0,55.790766759429424,-4.135285962371055,151,6.115,419
55.8117028741469,-4.210400002440804,26.0,55.80808041573422,-4.184105792933229,152,2.358,266
55.8117028741469,-4.210400002440804,26.0,55.7982747224006,-4.3931924101572655,153,17.976,1338
55.8117028741469,-4.210400002440804,26.0,55.81178474630603,-4.337962602706185,154,9.931,955
55.8117028741469,-4.210400002440804,26.0,55.852972007756,-4.353957895039277,155,12.973,1087
55.8117028741469,-4.210400002440804,26.0,55.797152036890715,-4.311451416173846,156,12.545,1046
55.8117028741469,-4.210400002440804,26.0,55.84839482833289,-4.1889265673730645,157,8.122,699
55.8117028741469,-4.210400002440804,26.0,55.86383954752864,-4.387927326091926,158,18.565,1114
55.8117028741469,-4.210400002440804,26.0,55.807182357875575,-4.140487806234959,159,5.391,479
55.8117028741469,-4.210400002440804,26.0,55.8296607577131,-4.218765551358871,160,3.304,377
55.8117028741469,-4.210400002440804,26.0,55.82699494590622,-4.295404959002084,161,7.316,832
55.8117028741469,-4.210400002440804,26.0,55.861248665443505,-4.307186036515638,162,10.859,990
55.8117028741469,-4.210400002440804,26.0,55.897857165570365,-4.156645648865112,163,12.95,1080
55.8117028741469,-4.210400002440804,26.0,55.877747555317356,-4.342792329217214,164,15.671,1213
55.8117028741469,-4.210400002440804,26.0,55.92259641850896,-4.389236283866068,165,31.927,1677
55.8117028741469,-4.210400002440804,26.0,55.92621339590465,-4.2820478996479165,166,16.265,1348
55.8117028741469,-4.210400002440804,26.0,55.80660612206145,-4.094012410496262,167,14.994,1052
55.8117028741469,-4.210400002440804,26.0,55.84605439624201,-4.09192094471571,168,20.15,1023
55.8117028741469,-4.210400002440804,26.0,55.83961965364386,-4.1201104741133365,169,10.298,662
55.8117028741469,-4.210400002440804,26.0,55.85030951683019,-4.217608837338132,170,5.603,595
55.8117028741469,-4.210400002440804,26.0,55.85971342373431,-4.246748195156407,171,6.881,790
55.8117028741469,-4.210400002440804,26.0,55.815747728441636,-4.150792968910081,172,5.185,565
55.8117028741469,-4.210400002440804,26.0,55.80041195127493,-4.3806303679601495,173,17.392,1291
55.8117028741469,-4.210400002440804,26.0,55.85487415463933,-4.092829020720908,174,14.605,854
55.8117028741469,-4.210400002440804,26.0,55.80456076444065,-4.203157873727267,175,1.806,244
55.8117028741469,-4.210400002440804,26.0,55.84723005082115,-4.330151260440624,176,10.926,945
55.8117028741469,-4.210400002440804,26.0,55.88775631668876,-4.123428423568879,177,22.576,1308
55.8117028741469,-4.210400002440804,26.0,55.82857385936083,-4.129579652409029,178,11.438,787
55.8117028741469,-4.210400002440804,26.0,55.879865395443076,-4.36272007519476,179,16.563,1256
55.8117028741469,-4.210400002440804,26.0,55.87973669437185,-4.215636550296907,180,9.701,1156
55.8117028741469,-4.210400002440804,26.0,55.8162521393249,-4.1868605517933455,181,2.162,278
55.8117028741469,-4.210400002440804,26.0,55.80755514535402,-4.201625161718038,182,1.559,211
55.8117028741469,-4.210400002440804,26.0,55.85565398843102,-4.250533808562208,183,7.403,782
55.8117028741469,-4.210400002440804,26.0,55.929636326069506,-4.381100658166308,184,32.913,1698
55.8117028741469,-4.210400002440804,26.0,55.879581066995904,-4.21986165885879,185,9.79,1125
55.8117028741469,-4.210400002440804,26.0,55.92647877645629,-4.127886630011083,186,23.819,1442
55.8117028741469,-4.210400002440804,26.0,55.82282427264178,-4.371094162561755,187,15.041,1177
55.8117028741469,-4.210400002440804,26.0,55.90291353127043,-4.3414180899754955,188,18.07,1458
55.8117028741469,-4.210400002440804,26.0,55.78437024600116,-4.156926419796477,189,5.459,433
55.8117028741469,-4.210400002440804,26.0,55.8321542449311,-4.1561720476648265,190,5.745,567
55.8117028741469,-4.210400002440804,26.0,55.88310705812362,-4.084862107847263,191,16.082,836
55.8117028741469,-4.210400002440804,26.0,55.85616333886266,-4.110333739241922,192,14.725,951
55.8117028741469,-4.210400002440804,26.0,55.90185178498145,-4.152652007721208,193,16.859,1704
55.8117028741469,-4.210400002440804,26.0,55.8837118458465,-4.182392741162416,194,12.628,2021
55.8117028741469,-4.210400002440804,26.0,55.83086049774818,-4.312434105301623,195,8.459,948
55.8117028741469,-4.210400002440804,26.0,55.821849459706755,-4.176208567338996,196,3.815,457
55.8117028741469,-4.210400002440804,26.0,55.88009750494633,-4.255964552703097,197,11.374,1126
55.8117028741469,-4.210400002440804,26.0,55.87413911675089,-4.369807111055967,198,14.567,1005
55.8117028741469,-4.210400002440804,26.0,55.86354071984154,-4.093406384811447,199,16.185,959
55.88681650969738,-4.107704465875555,27.0,55.8391698042901,-4.214478482526657,0,18.916,1111
55.88681650969738,-4.107704465875555,27.0,55.86553667472969,-4.350500876963486,1,25.103,1355
55.88681650969738,-4.107704465875555,27.0,55.912892829643965,-4.286410947894997,2,18.381,2060
55.88681650969738,-4.107704465875555,27.0,55.84854019346565,-4.391697428307927,3,24.534,1577
55.88681650969738,-4.107704465875555,27.0,55.79232875093524,-4.310455024670266,4,27.025,1555
55.88681650969738,-4.107704465875555,27.0,55.837143362020576,-4.120043492886959,5,17.146,931
55.88681650969738,-4.107704465875555,27.0,55.84185129809378,-4.283879851305767,6,21.705,1306
55.88681650969738,-4.107704465875555,27.0,55.90609664927746,-4.311383718964596,7,20.591,1333
55.88681650969738,-4.107704465875555,27.0,55.7832172019226,-4.31249791159531,8,28.613,1613
55.88681650969738,-4.107704465875555,27.0,55.8177258987159,-4.260489243356555,9,23.073,1327
55.88681650969738,-4.107704465875555,27.0,55.903262790870684,-4.212111703691823,10,11.946,912
55.88681650969738,-4.107704465875555,27.0,55.893978813107424,-4.1413270988368325,11,4.569,498
55.88681650969738,-4.107704465875555,27.0,55.894884622950286,-4.154349650804189,12,5.5,451
55.88681650969738,-4.107704465875555,27.0,55.80680963785043,-4.263605759417426,13,25.511,1594
55.88681650969738,-4.107704465875555,27.0,55.81824312166051,-4.346878846315483,14,24.188,1469
55.88681650969738,-4.107704465875555,27.0,55.84742656229786,-4.269221405976544,15,18.181,1193
55.88681650969738,-4.107704465875555,27.0,55.80730424868546,-4.315177272898423,16,23.894,1454
55.88681650969738,-4.107704465875555,27.0,55.83798278877758,-4.260604018644594,17,21.594,1228
55.88681650969738,-4.107704465875555,27.0,55.89424631095569,-4.343398240721316,18,20.034,1404
55.88681650969738,-4.107704465875555,27.0,55.83908093533876,-4.223069302141199,19,19.946,1241
55.88681650969738,-4.107704465875555,27.0,55.8357731433788,-4.270556349194068,20,18.985,1204
55.88681650969738,-4.107704465875555,27.0,55.90309627527835,-4.360750370095284,21,23.254,1605
55.88681650969738,-4.107704465875555,27.0,55.85652103589449,-4.101365743428073,22,10.209,759
55.88681650969738,-4.107704465875555,27.0,55.783736419963375,-4.235306054793451,23,23.984,1504
55.88681650969738,-4.107704465875555,27.0,55.92064824587275,-4.2358362157531895,24,13.504,918
55.88681650969738,-4.107704465875555,27.0,55.907674892744176,-4.2497703459088045,25,14.45,2134
55.88681650969738,-4.107704465875555,27.0,55.919604340921964,-4.226208116301384,26,12.238,853
55.88681650969738,-4.107704465875555,27.0,55.83219148710444,-4.304581930326681,27,23.066,1496
55.88681650969738,-4.107704465875555,27.0,55.79569701419853,-4.1769099124482585,28,20.159,1260
55.88681650969738,-4.107704465875555,27.0,55.81260197667657,-4.197841211154324,29,20.781,1246
55.88681650969738,-4.107704465875555,27.0,55.826092940761974,-4.176919409292903,30,17.064,1073
55.88681650969738,-4.107704465875555,27.0,55.828413149208096,-4.109650878166438,31,14.616,968
55.88681650969738,-4.107704465875555,27.0,55.8999241737755,-4.257993823533507,32,19.655,1254
55.88681650969738,-4.107704465875555,27.0,55.892514250678616,-4.340118142906542,33,20.063,1415
55.88681650969738,-4.107704465875555,27.0,55.855241629670886,-4.269936069312288,34,16.025,934
55.88681650969738,-4.107704465875555,27.0,55.877364911629314,-4.109701193625618,35,6.137,567
55.88681650969738,-4.107704465875555,27.0,55.887053111734645,-4.1280531391159245,36,4.419,464
55.88681650969738,-4.107704465875555,27.0,55.89108676863447,-4.105446803942431,37,0.391,198
55.88681650969738,-4.107704465875555,27.0,55.842635153466425,-4.334387903339716,38,20.971,1283
55.88681650969738,-4.107704465875555,27.0,55.89197542936556,-4.19614108945253,39,8.608,653
55.88681650969738,-4.107704465875555,27.0,55.825849135803445,-4.321179033230789,40,21.244,1396
55.88681650969738,-4.107704465875555,27.0,55.81864602215581,-4.375055705699034,41,25.217,1478
55.88681650969738,-4.107704465875555,27.0,55.92613065482397,-4.212698358862173,42,11.612,848
55.88681650969738,-4.107704465875555,27.0,55.874439929608144,-4.279689658904073,43,15.866,1055
55.88681650969738,-4.107704465875555,27.0,55.81998166828728,-4.245455535821837,44,22.553,1232
55.88681650969738,-4.107704465875555,27.0,55.91066980601156,-4.213502644426629,45,12.594,903
55.88681650969738,-4.107704465875555,27.0,55.8404807486866,-4.356656090229781,46,24.623,1551
55.88681650969738,-4.107704465875555,27.0,55.88708229912325,-4.079055837843032,47,4.352,433
55.88681650969738,-4.107704465875555,27.0,55.84510555179576,-4.178720975321847,48,16.48,1046
55.88681650969738,-4.107704465875555,27.0,55.84413340760586,-4.085244529493477,49,10.656,1170
55.88681650969738,-4.107704465875555,27.0,55.83324217210475,-4.157183908594519,50,15.161,920
55.88681650969738,-4.107704465875555,27.0,55.895753278756494,-4.323131413571223,51,22.88,1542
55.88681650969738,-4.107704465875555,27.0,55.88609925330935,-4.38354364327563,52,26.136,1424
55.88681650969738,-4.107704465875555,27.0,55.86596770908397,-4.338853955125049,53,22.919,1304
55.88681650969738,-4.107704465875555,27.0,55.819381988004544,-4.256567679373081,54,23.982,1382
55.88681650969738,-4.107704465875555,27.0,55.919398785577634,-4.298102785445152,55,18.657,1740
55.88681650969738,-4.107704465875555,27.0,55.81052481551728,-4.0780884232687225,56,17.415,2115
55.88681650969738,-4.107704465875555,27.0,55.8411814367945,-4.125490362928665,57,12.697,863
55.88681650969738,-4.107704465875555,27.0,55.844855881791794,-4.151320272286683,58,16.312,1020
55.88681650969738,-4.107704465875555,27.0,55.79334532620707,-4.3052187624925375,59,27.356,1562
55.88681650969738,-4.107704465875555,27.0,55.78499644933002,-4.082518262203789,60,19.305,1042
55.88681650969738,-4.107704465875555,27.0,55.86482365717543,-4.074666870071637,61,7.074,733
55.88681650969738,-4.107704465875555,27.0,55.910543969585106,-4.384534109666136,62,25.686,1740
55.88681650969738,-4.107704465875555,27.0,55.799715679086134,-4.188568421733812,63,20.487,1451
55.88681650969738,-4.107704465875555,27.0,55.90005630083831,-4.294022887833187,64,19.81,1316
55.88681650969738,-4.107704465875555,27.0,55.82573931186619,-4.210157383495828,65,18.838,1061
55.88681650969738,-4.107704465875555,27.0,55.88010014610652,-4.288014027401103,66,17.966,1346
55.88681650969738,-4.107704465875555,27.0,55.8836463272421,-4.377148406451105,67,25.906,1501
55.88681650969738,-4.107704465875555,27.0,55.80511293548626,-4.195982430231648,68,21.761,1321
55.88681650969738,-4.107704465875555,27.0,55.9265186267864,-4.256321117900257,69,15.73,1048
55.88681650969738,-4.107704465875555,27.0,55.90353118048908,-4.119171950823842,70,2.891,550
55.88681650969738,-4.107704465875555,27.0,55.81502357146685,-4.260984914919316,71,23.43,1361
55.88681650969738,-4.107704465875555,27.0,55.894355058439295,-4.293143876300353,72,20.858,1400
55.88681650969738,-4.107704465875555,27.0,55.80246488546192,-4.242274834364847,73,24.694,1458
55.88681650969738,-4.107704465875555,27.0,55.887581813102464,-4.2985753032369685,74,18.147,1321
55.88681650969738,-4.107704465875555,27.0,55.928290955083554,-4.295962301582311,75,17.357,1082
55.88681650969738,-4.107704465875555,27.0,55.81096058143004,-4.368797105646974,76,26.874,1560
55.88681650969738,-4.107704465875555,27.0,55.84818750128869,-4.3631808239548375,77,25.609,1403
55.88681650969738,-4.107704465875555,27.0,55.81610352786554,-4.330910795148831,78,23.213,1310
55.88681650969738,-4.107704465875555,27.0,55.807034270653475,-4.136077366584948,79,19.185,1208
55.88681650969738,-4.107704465875555,27.0,55.86778114631985,-4.233612892312959,80,12.996,919
55.88681650969738,-4.107704465875555,27.0,55.79578956690847,-4.368290459919509,81,31.958,2755
55.88681650969738,-4.107704465875555,27.0,55.897877306124535,-4.077031107370425,82,4.139,960
55.88681650969738,-4.107704465875555,27.0,55.80721289582252,-4.242612882195534,83,23.917,1409
55.88681650969738,-4.107704465875555,27.0,55.92209393969709,-4.157940141970138,84,6.854,568
55.88681650969738,-4.107704465875555,27.0,55.79188265083702,-4.28147512844989,85,28.218,1617
55.88681650969738,-4.107704465875555,27.0,55.88043814367632,-4.104360473798184,86,5.447,507
55.88681650969738,-4.107704465875555,27.0,55.90345994988174,-4.293652184560058,87,19.025,1237
55.88681650969738,-4.107704465875555,27.0,55.91230525016259,-4.108196424937476,88,3.685,459
55.88681650969738,-4.107704465875555,27.0,55.90569137930351,-4.3852429216612405,89,26.622,1816
55.88681650969738,-4.107704465875555,27.0,55.824402119970216,-4.298242138123909,90,21.68,1317
55.88681650969738,-4.107704465875555,27.0,55.887104625653905,-4.201059285828647,91,9.668,822
55.88681650969738,-4.107704465875555,27.0,55.92006797200308,-4.195257422106852,92,9.617,666
55.88681650969738,-4.107704465875555,27.0,55.7944551107823,-4.1683749063061635,93,20.289,1694
55.88681650969738,-4.107704465875555,27.0,55.88003873447475,-4.304350182381346,94,17.48,1228
55.88681650969738,-4.107704465875555,27.0,55.88308048053683,-4.2942103285768285,95,17.08,1203
55.88681650969738,-4.107704465875555,27.0,55.80779271908626,-4.3234306371549245,96,24.484,1442
55.88681650969738,-4.107704465875555,27.0,55.90123467399992,-4.380968632189907,97,27.082,1903
55.88681650969738,-4.107704465875555,27.0,55.88049231589054,-4.293733205570284,98,16.982,1193
55.88681650969738,-4.107704465875555,27.0,55.84697147961761,-4.334108806216461,99,21.085,1316
55.88681650969738,-4.107704465875555,27.0,55.83067141211495,-4.195633651932574,100,18.082,1075
55.88681650969738,-4.107704465875555,27.0,55.89350845984679,-4.099445363541155,101,2.163,326
55.88681650969738,-4.107704465875555,27.0,55.92592408664018,-4.179171340754611,102,8.888,704
55.88681650969738,-4.107704465875555,27.0,55.84941827409408,-4.169566750359822,103,16.589,1069
55.88681650969738,-4.107704465875555,27.0,55.92413375575165,-4.226670311636797,104,12.827,1591
55.88681650969738,-4.107704465875555,27.0,55.88995713457192,-4.285031242761631,105,17.475,1227
55.88681650969738,-4.107704465875555,27.0,55.90528066541109,-4.131569818675147,106,5.226,468
55.88681650969738,-4.107704465875555,27.0,55.87850608392288,-4.103517886631066,107,5.778,540
55.88681650969738,-4.107704465875555,27.0,55.80799405798939,-4.284953473560454,108,25.297,1598
55.88681650969738,-4.107704465875555,27.0,55.906815669822045,-4.385279074380807,109,23.24,1642
55.88681650969738,-4.107704465875555,27.0,55.916237634416454,-4.222407816066865,110,12.153,841
55.88681650969738,-4.107704465875555,27.0,55.915798955837815,-4.088621086891774,111,4.403,494
55.88681650969738,-4.107704465875555,27.0,55.827538479175395,-4.350653065976025,112,23.557,1400
55.88681650969738,-4.107704465875555,27.0,55.799515288981674,-4.0866627646338864,113,19.675,1155
55.88681650969738,-4.107704465875555,27.0,55.831024245961984,-4.244756518165482,114,21.034,1133
55.88681650969738,-4.107704465875555,27.0,55.86754360554833,-4.2143078261423845,115,11.694,950
55.88681650969738,-4.107704465875555,27.0,55.8574985965699,-4.1521224561179935,116,11.527,956
55.88681650969738,-4.107704465875555,27.0,55.88095643501817,-4.32811659177277,117,20.699,1285
55.88681650969738,-4.107704465875555,27.0,55.85240433608213,-4.177570445500026,118,14.27,1061
55.88681650969738,-4.107704465875555,27.0,55.91169549549074,-4.359708873069638,119,23.198,1596
55.88681650969738,-4.107704465875555,27.0,55.92640787519779,-4.300990956079843,120,17.805,1131
55.88681650969738,-4.107704465875555,27.0,55.84019197366069,-4.205566157974415,121,19.402,1226
55.88681650969738,-4.107704465875555,27.0,55.866619942939494,-4.268153778778456,122,14.943,1036
55.88681650969738,-4.107704465875555,27.0,55.81327411986783,-4.2587495402872255,123,23.409,1371
55.88681650969738,-4.107704465875555,27.0,55.86022660117776,-4.154711133590585,124,10.744,883
55.88681650969738,-4.107704465875555,27.0,55.831522729053496,-4.370420634377527,125,25.611,1571
55.88681650969738,-4.107704465875555,27.0,55.84074346341779,-4.172411658039648,126,16.142,965
55.88681650969738,-4.107704465875555,27.0,55.8801412435821,-4.258666277618953,127,15.219,1051
55.88681650969738,-4.107704465875555,27.0,55.8434159429892,-4.1056733307349536,128,12.953,892
55.88681650969738,-4.107704465875555,27.0,55.83522057783537,-4.25736952395694,129,21.568,1230
55.88681650969738,-4.107704465875555,27.0,55.86467774065618,-4.2250953414252415,130,12.889,823
55.88681650969738,-4.107704465875555,27.0,55.8953662249987,-4.231143624453162,131,11.427,900
55.88681650969738,-4.107704465875555,27.0,55.81920459649808,-4.236238450921302,132,23.137,1282
55.88681650969738,-4.107704465875555,27.0,55.900795402502105,-4.206009410292495,133,10.009,819
55.88681650969738,-4.107704465875555,27.0,55.86078490474355,-4.339631469507248,134,23.454,1399
55.88681650969738,-4.107704465875555,27.0,55.924999437053955,-4.191173279124663,135,9.366,657
55.88681650969738,-4.107704465875555,27.0,55.81549096669224,-4.126910343137958,136,18.015,1180
55.88681650969738,-4.107704465875555,27.0,55.90135585493081,-4.207622057499793,137,10.008,797
55.88681650969738,-4.107704465875555,27.0,55.845816555475636,-4.129576488296543,138,11.786,851
55.88681650969738,-4.107704465875555,27.0,55.80470047644827,-4.291960781118721,139,23.01,1550
55.88681650969738,-4.107704465875555,27.0,55.89185394491289,-4.179857587296262,140,7.495,569
55.88681650969738,-4.107704465875555,27.0,55.91859399996558,-4.3401659608951215,141,20.566,1341
55.88681650969738,-4.107704465875555,27.0,55.90671476836246,-4.3642865107142725,142,23.285,1568
55.88681650969738,-4.107704465875555,27.0,55.81273399651921,-4.167613047894911,143,17.618,1061
55.88681650969738,-4.107704465875555,27.0,55.80939871413575,-4.276056954355674,144,24.585,1486
55.88681650969738,-4.107704465875555,27.0,55.88312869327199,-4.214542892826467,145,10.241,876
55.88681650969738,-4.107704465875555,27.0,55.815340374954424,-4.283514492524949,146,21.885,1421
55.88681650969738,-4.107704465875555,27.0,55.87864379034378,-4.080636908866371,147,5.332,467
55.88681650969738,-4.107704465875555,27.0,55.89423440492952,-4.2418874418647645,148,12.168,1024
55.88681650969738,-4.107704465875555,27.0,55.92796852989922,-4.305970400193036,149,17.933,1154
55.88681650969738,-4.107704465875555,27.0,55.92895153496988,-4.082888064137351,150,7.841,616
55.88681650969738,-4.107704465875555,27.0,55.790766759429424,-4.135285962371055,151,21.313,1264
55.88681650969738,-4.107704465875555,27.0,55.80808041573422,-4.184105792933229,152,19.097,1178
55.88681650969738,-4.107704465875555,27.0,55.7982747224006,-4.3931924101572655,153,27.682,1655
55.88681650969738,-4.107704465875555,27.0,55.81178474630603,-4.337962602706185,154,24.28,1415
55.88681650969738,-4.107704465875555,27.0,55.852972007756,-4.353957895039277,155,22.653,1402
55.88681650969738,-4.107704465875555,27.0,55.797152036890715,-4.311451416173846,156,26.252,1489
55.88681650969738,-4.107704465875555,27.0,55.84839482833289,-4.1889265673730645,157,17.241,1082
55.88681650969738,-4.107704465875555,27.0,55.86383954752864,-4.387927326091926,158,28.245,1430
55.88681650969738,-4.107704465875555,27.0,55.807182357875575,-4.140487806234959,159,18.862,1183
55.88681650969738,-4.107704465875555,27.0,55.8296607577131,-4.218765551358871,160,19.179,1153
55.88681650969738,-4.107704465875555,27.0,55.82699494590622,-4.295404959002084,161,21.716,1294
55.88681650969738,-4.107704465875555,27.0,55.861248665443505,-4.307186036515638,162,21.356,1328
55.88681650969738,-4.107704465875555,27.0,55.897857165570365,-4.156645648865112,163,9.032,621
55.88681650969738,-4.107704465875555,27.0,55.877747555317356,-4.342792329217214,164,21.297,1391
55.88681650969738,-4.107704465875555,27.0,55.92259641850896,-4.389236283866068,165,24.565,1545
55.88681650969738,-4.107704465875555,27.0,55.92621339590465,-4.2820478996479165,166,16.677,1050
55.88681650969738,-4.107704465875555,27.0,55.80660612206145,-4.094012410496262,167,17.0,1180
55.88681650969738,-4.107704465875555,27.0,55.84605439624201,-4.09192094471571,168,12.803,849
55.88681650969738,-4.107704465875555,27.0,55.83961965364386,-4.1201104741133365,169,12.304,790
55.88681650969738,-4.107704465875555,27.0,55.85030951683019,-4.217608837338132,170,11.777,1159
55.88681650969738,-4.107704465875555,27.0,55.85971342373431,-4.246748195156407,171,13.602,970
55.88681650969738,-4.107704465875555,27.0,55.815747728441636,-4.150792968910081,172,17.732,1080
55.88681650969738,-4.107704465875555,27.0,55.80041195127493,-4.3806303679601495,173,27.098,1607
55.88681650969738,-4.107704465875555,27.0,55.85487415463933,-4.092829020720908,174,8.54,635
55.88681650969738,-4.107704465875555,27.0,55.80456076444065,-4.203157873727267,175,21.78,1322
55.88681650969738,-4.107704465875555,27.0,55.84723005082115,-4.330151260440624,176,20.606,1260
55.88681650969738,-4.107704465875555,27.0,55.88775631668876,-4.123428423568879,177,4.554,470
55.88681650969738,-4.107704465875555,27.0,55.82857385936083,-4.129579652409029,178,17.622,1158
55.88681650969738,-4.107704465875555,27.0,55.879865395443076,-4.36272007519476,179,22.205,1417
55.88681650969738,-4.107704465875555,27.0,55.87973669437185,-4.215636550296907,180,11.066,996
55.88681650969738,-4.107704465875555,27.0,55.8162521393249,-4.1868605517933455,181,18.205,1175
55.88681650969738,-4.107704465875555,27.0,55.80755514535402,-4.201625161718038,182,21.533,1289
55.88681650969738,-4.107704465875555,27.0,55.85565398843102,-4.250533808562208,183,14.416,1125
55.88681650969738,-4.107704465875555,27.0,55.929636326069506,-4.381100658166308,184,23.627,1504
55.88681650969738,-4.107704465875555,27.0,55.879581066995904,-4.21986165885879,185,11.339,1045
55.88681650969738,-4.107704465875555,27.0,55.92647877645629,-4.127886630011083,186,5.797,605
55.88681650969738,-4.107704465875555,27.0,55.82282427264178,-4.371094162561755,187,24.747,1494
55.88681650969738,-4.107704465875555,27.0,55.90291353127043,-4.3414180899754955,188,24.413,1665
55.88681650969738,-4.107704465875555,27.0,55.78437024600116,-4.156926419796477,189,24.904,1318
55.88681650969738,-4.107704465875555,27.0,55.8321542449311,-4.1561720476648265,190,15.201,934
55.88681650969738,-4.107704465875555,27.0,55.88310705812362,-4.084862107847263,191,12.29,707
55.88681650969738,-4.107704465875555,27.0,55.85616333886266,-4.110333739241922,192,10.852,810
55.88681650969738,-4.107704465875555,27.0,55.90185178498145,-4.152652007721208,193,7.176,1000
55.88681650969738,-4.107704465875555,27.0,55.8837118458465,-4.182392741162416,194,7.637,1518
55.88681650969738,-4.107704465875555,27.0,55.83086049774818,-4.312434105301623,195,22.65,1398
55.88681650969738,-4.107704465875555,27.0,55.821849459706755,-4.176208567338996,196,17.085,1018
55.88681650969738,-4.107704465875555,27.0,55.88009750494633,-4.255964552703097,197,14.905,1029
55.88681650969738,-4.107704465875555,27.0,55.87413911675089,-4.369807111055967,198,24.247,1320
55.88681650969738,-4.107704465875555,27.0,55.86354071984154,-4.093406384811447,199,7.754,599
55.88376458261842,-4.093726948789681,28.0,55.8391698042901,-4.214478482526657,0,17.221,861
55.88376458261842,-4.093726948789681,28.0,55.86553667472969,-4.350500876963486,1,23.218,1134
55.88376458261842,-4.093726948789681,28.0,55.912892829643965,-4.286410947894997,2,20.42,2095
55.88376458261842,-4.093726948789681,28.0,55.84854019346565,-4.391697428307927,3,22.649,1355
55.88376458261842,-4.093726948789681,28.0,55.79232875093524,-4.310455024670266,4,25.14,1333
55.88376458261842,-4.093726948789681,28.0,55.837143362020576,-4.120043492886959,5,15.451,681
55.88376458261842,-4.093726948789681,28.0,55.84185129809378,-4.283879851305767,6,19.82,1084
55.88376458261842,-4.093726948789681,28.0,55.90609664927746,-4.311383718964596,7,18.288,1202
55.88376458261842,-4.093726948789681,28.0,55.7832172019226,-4.31249791159531,8,26.728,1391
55.88376458261842,-4.093726948789681,28.0,55.8177258987159,-4.260489243356555,9,21.378,1077
55.88376458261842,-4.093726948789681,28.0,55.903262790870684,-4.212111703691823,10,13.985,947
55.88376458261842,-4.093726948789681,28.0,55.893978813107424,-4.1413270988368325,11,6.608,532
55.88376458261842,-4.093726948789681,28.0,55.894884622950286,-4.154349650804189,12,7.539,485
55.88376458261842,-4.093726948789681,28.0,55.80680963785043,-4.263605759417426,13,23.816,1344
55.88376458261842,-4.093726948789681,28.0,55.81824312166051,-4.346878846315483,14,22.303,1247
55.88376458261842,-4.093726948789681,28.0,55.84742656229786,-4.269221405976544,15,16.296,971
55.88376458261842,-4.093726948789681,28.0,55.80730424868546,-4.315177272898423,16,22.009,1232
55.88376458261842,-4.093726948789681,28.0,55.83798278877758,-4.260604018644594,17,19.899,978
55.88376458261842,-4.093726948789681,28.0,55.89424631095569,-4.343398240721316,18,18.149,1182
55.88376458261842,-4.093726948789681,28.0,55.83908093533876,-4.223069302141199,19,18.251,991
55.88376458261842,-4.093726948789681,28.0,55.8357731433788,-4.270556349194068,20,20.583,1028
55.88376458261842,-4.093726948789681,28.0,55.90309627527835,-4.360750370095284,21,20.182,1417
55.88376458261842,-4.093726948789681,28.0,55.85652103589449,-4.101365743428073,22,6.74,411
55.88376458261842,-4.093726948789681,28.0,55.783736419963375,-4.235306054793451,23,22.289,1254
55.88376458261842,-4.093726948789681,28.0,55.92064824587275,-4.2358362157531895,24,15.543,953
55.88376458261842,-4.093726948789681,28.0,55.907674892744176,-4.2497703459088045,25,16.489,2169
55.88376458261842,-4.093726948789681,28.0,55.919604340921964,-4.226208116301384,26,14.277,888
55.88376458261842,-4.093726948789681,28.0,55.83219148710444,-4.304581930326681,27,21.181,1274
55.88376458261842,-4.093726948789681,28.0,55.79569701419853,-4.1769099124482585,28,18.464,1010
55.88376458261842,-4.093726948789681,28.0,55.81260197667657,-4.197841211154324,29,19.086,996
55.88376458261842,-4.093726948789681,28.0,55.826092940761974,-4.176919409292903,30,15.369,823
55.88376458261842,-4.093726948789681,28.0,55.828413149208096,-4.109650878166438,31,10.322,673
55.88376458261842,-4.093726948789681,28.0,55.8999241737755,-4.257993823533507,32,16.053,1072
55.88376458261842,-4.093726948789681,28.0,55.892514250678616,-4.340118142906542,33,18.178,1193
55.88376458261842,-4.093726948789681,28.0,55.855241629670886,-4.269936069312288,34,14.14,712
55.88376458261842,-4.093726948789681,28.0,55.877364911629314,-4.109701193625618,35,1.501,105
55.88376458261842,-4.093726948789681,28.0,55.887053111734645,-4.1280531391159245,36,6.458,499
55.88376458261842,-4.093726948789681,28.0,55.89108676863447,-4.105446803942431,37,4.328,524
55.88376458261842,-4.093726948789681,28.0,55.842635153466425,-4.334387903339716,38,19.086,1061
55.88376458261842,-4.093726948789681,28.0,55.89197542936556,-4.19614108945253,39,10.647,688
55.88376458261842,-4.093726948789681,28.0,55.825849135803445,-4.321179033230789,40,19.359,1174
55.88376458261842,-4.093726948789681,28.0,55.81864602215581,-4.375055705699034,41,23.332,1256
55.88376458261842,-4.093726948789681,28.0,55.92613065482397,-4.212698358862173,42,13.651,883
55.88376458261842,-4.093726948789681,28.0,55.874439929608144,-4.279689658904073,43,13.981,833
55.88376458261842,-4.093726948789681,28.0,55.81998166828728,-4.245455535821837,44,20.858,982
55.88376458261842,-4.093726948789681,28.0,55.91066980601156,-4.213502644426629,45,14.633,937
55.88376458261842,-4.093726948789681,28.0,55.8404807486866,-4.356656090229781,46,22.738,1329
55.88376458261842,-4.093726948789681,28.0,55.88708229912325,-4.079055837843032,47,2.657,181
55.88376458261842,-4.093726948789681,28.0,55.84510555179576,-4.178720975321847,48,14.785,796
55.88376458261842,-4.093726948789681,28.0,55.84413340760586,-4.085244529493477,49,7.418,808
55.88376458261842,-4.093726948789681,28.0,55.83324217210475,-4.157183908594519,50,13.466,670
55.88376458261842,-4.093726948789681,28.0,55.895753278756494,-4.323131413571223,51,17.92,1255
55.88376458261842,-4.093726948789681,28.0,55.88609925330935,-4.38354364327563,52,24.251,1202
55.88376458261842,-4.093726948789681,28.0,55.86596770908397,-4.338853955125049,53,21.034,1082
55.88376458261842,-4.093726948789681,28.0,55.819381988004544,-4.256567679373081,54,22.287,1132
55.88376458261842,-4.093726948789681,28.0,55.919398785577634,-4.298102785445152,55,20.696,1775
55.88376458261842,-4.093726948789681,28.0,55.81052481551728,-4.0780884232687225,56,12.068,1759
55.88376458261842,-4.093726948789681,28.0,55.8411814367945,-4.125490362928665,57,11.002,613
55.88376458261842,-4.093726948789681,28.0,55.844855881791794,-4.151320272286683,58,9.11,714
55.88376458261842,-4.093726948789681,28.0,55.79334532620707,-4.3052187624925375,59,25.471,1340
55.88376458261842,-4.093726948789681,28.0,55.78499644933002,-4.082518262203789,60,17.61,792
55.88376458261842,-4.093726948789681,28.0,55.86482365717543,-4.074666870071637,61,3.836,371
55.88376458261842,-4.093726948789681,28.0,55.910543969585106,-4.384534109666136,62,22.009,1482
55.88376458261842,-4.093726948789681,28.0,55.799715679086134,-4.188568421733812,63,18.792,1201
55.88376458261842,-4.093726948789681,28.0,55.90005630083831,-4.294022887833187,64,17.36,1155
55.88376458261842,-4.093726948789681,28.0,55.82573931186619,-4.210157383495828,65,17.143,811
55.88376458261842,-4.093726948789681,28.0,55.88010014610652,-4.288014027401103,66,16.081,1124
55.88376458261842,-4.093726948789681,28.0,55.8836463272421,-4.377148406451105,67,24.021,1279
55.88376458261842,-4.093726948789681,28.0,55.80511293548626,-4.195982430231648,68,20.066,1071
55.88376458261842,-4.093726948789681,28.0,55.9265186267864,-4.256321117900257,69,17.769,1082
55.88376458261842,-4.093726948789681,28.0,55.90353118048908,-4.119171950823842,70,4.93,585
55.88376458261842,-4.093726948789681,28.0,55.81502357146685,-4.260984914919316,71,21.735,1111
55.88376458261842,-4.093726948789681,28.0,55.894355058439295,-4.293143876300353,72,16.65,1103
55.88376458261842,-4.093726948789681,28.0,55.80246488546192,-4.242274834364847,73,22.999,1208
55.88376458261842,-4.093726948789681,28.0,55.887581813102464,-4.2985753032369685,74,16.262,1099
55.88376458261842,-4.093726948789681,28.0,55.928290955083554,-4.295962301582311,75,19.396,1117
55.88376458261842,-4.093726948789681,28.0,55.81096058143004,-4.368797105646974,76,24.989,1338
55.88376458261842,-4.093726948789681,28.0,55.84818750128869,-4.3631808239548375,77,23.724,1181
55.88376458261842,-4.093726948789681,28.0,55.81610352786554,-4.330910795148831,78,21.328,1088
55.88376458261842,-4.093726948789681,28.0,55.807034270653475,-4.136077366584948,79,17.49,958
55.88376458261842,-4.093726948789681,28.0,55.86778114631985,-4.233612892312959,80,11.111,698
55.88376458261842,-4.093726948789681,28.0,55.79578956690847,-4.368290459919509,81,30.073,2533
55.88376458261842,-4.093726948789681,28.0,55.897877306124535,-4.077031107370425,82,4.317,864
55.88376458261842,-4.093726948789681,28.0,55.80721289582252,-4.242612882195534,83,22.222,1159
55.88376458261842,-4.093726948789681,28.0,55.92209393969709,-4.157940141970138,84,8.893,602
55.88376458261842,-4.093726948789681,28.0,55.79188265083702,-4.28147512844989,85,25.189,1402
55.88376458261842,-4.093726948789681,28.0,55.88043814367632,-4.104360473798184,86,0.811,45
55.88376458261842,-4.093726948789681,28.0,55.90345994988174,-4.293652184560058,87,21.064,1271
55.88376458261842,-4.093726948789681,28.0,55.91230525016259,-4.108196424937476,88,5.724,493
55.88376458261842,-4.093726948789681,28.0,55.90569137930351,-4.3852429216612405,89,22.044,1505
55.88376458261842,-4.093726948789681,28.0,55.824402119970216,-4.298242138123909,90,19.795,1095
55.88376458261842,-4.093726948789681,28.0,55.887104625653905,-4.201059285828647,91,10.399,781
55.88376458261842,-4.093726948789681,28.0,55.92006797200308,-4.195257422106852,92,11.656,701
55.88376458261842,-4.093726948789681,28.0,55.7944551107823,-4.1683749063061635,93,18.594,1444
55.88376458261842,-4.093726948789681,28.0,55.88003873447475,-4.304350182381346,94,15.595,1006
55.88376458261842,-4.093726948789681,28.0,55.88308048053683,-4.2942103285768285,95,15.195,981
55.88376458261842,-4.093726948789681,28.0,55.80779271908626,-4.3234306371549245,96,22.599,1220
55.88376458261842,-4.093726948789681,28.0,55.90123467399992,-4.380968632189907,97,25.197,1681
55.88376458261842,-4.093726948789681,28.0,55.88049231589054,-4.293733205570284,98,15.097,971
55.88376458261842,-4.093726948789681,28.0,55.84697147961761,-4.334108806216461,99,19.2,1095
55.88376458261842,-4.093726948789681,28.0,55.83067141211495,-4.195633651932574,100,16.387,825
55.88376458261842,-4.093726948789681,28.0,55.89350845984679,-4.099445363541155,101,3.395,296
55.88376458261842,-4.093726948789681,28.0,55.92592408664018,-4.179171340754611,102,10.927,739
55.88376458261842,-4.093726948789681,28.0,55.84941827409408,-4.169566750359822,103,8.279,661
55.88376458261842,-4.093726948789681,28.0,55.92413375575165,-4.226670311636797,104,14.866,1625
55.88376458261842,-4.093726948789681,28.0,55.88995713457192,-4.285031242761631,105,15.59,1005
55.88376458261842,-4.093726948789681,28.0,55.90528066541109,-4.131569818675147,106,7.265,503
55.88376458261842,-4.093726948789681,28.0,55.87850608392288,-4.103517886631066,107,1.142,78
55.88376458261842,-4.093726948789681,28.0,55.80799405798939,-4.284953473560454,108,23.602,1348
55.88376458261842,-4.093726948789681,28.0,55.906815669822045,-4.385279074380807,109,21.355,1420
55.88376458261842,-4.093726948789681,28.0,55.916237634416454,-4.222407816066865,110,14.192,876
55.88376458261842,-4.093726948789681,28.0,55.915798955837815,-4.088621086891774,111,7.262,447
55.88376458261842,-4.093726948789681,28.0,55.827538479175395,-4.350653065976025,112,21.672,1178
55.88376458261842,-4.093726948789681,28.0,55.799515288981674,-4.0866627646338864,113,17.98,905
55.88376458261842,-4.093726948789681,28.0,55.831024245961984,-4.244756518165482,114,19.339,883
55.88376458261842,-4.093726948789681,28.0,55.86754360554833,-4.2143078261423845,115,9.784,683
55.88376458261842,-4.093726948789681,28.0,55.8574985965699,-4.1521224561179935,116,6.891,499
55.88376458261842,-4.093726948789681,28.0,55.88095643501817,-4.32811659177277,117,18.814,1063
55.88376458261842,-4.093726948789681,28.0,55.85240433608213,-4.177570445500026,118,8.557,675
55.88376458261842,-4.093726948789681,28.0,55.91169549549074,-4.359708873069638,119,21.746,1485
55.88376458261842,-4.093726948789681,28.0,55.92640787519779,-4.300990956079843,120,19.844,1166
55.88376458261842,-4.093726948789681,28.0,55.84019197366069,-4.205566157974415,121,17.707,976
55.88376458261842,-4.093726948789681,28.0,55.866619942939494,-4.268153778778456,122,13.058,815
55.88376458261842,-4.093726948789681,28.0,55.81327411986783,-4.2587495402872255,123,21.714,1121
55.88376458261842,-4.093726948789681,28.0,55.86022660117776,-4.154711133590585,124,6.108,427
55.88376458261842,-4.093726948789681,28.0,55.831522729053496,-4.370420634377527,125,23.726,1349
55.88376458261842,-4.093726948789681,28.0,55.84074346341779,-4.172411658039648,126,14.447,715
55.88376458261842,-4.093726948789681,28.0,55.8801412435821,-4.258666277618953,127,13.334,829
55.88376458261842,-4.093726948789681,28.0,55.8434159429892,-4.1056733307349536,128,11.258,642
55.88376458261842,-4.093726948789681,28.0,55.83522057783537,-4.25736952395694,129,19.873,980
55.88376458261842,-4.093726948789681,28.0,55.86467774065618,-4.2250953414252415,130,11.004,601
55.88376458261842,-4.093726948789681,28.0,55.8953662249987,-4.231143624453162,131,14.228,894
55.88376458261842,-4.093726948789681,28.0,55.81920459649808,-4.236238450921302,132,21.442,1032
55.88376458261842,-4.093726948789681,28.0,55.900795402502105,-4.206009410292495,133,12.048,854
55.88376458261842,-4.093726948789681,28.0,55.86078490474355,-4.339631469507248,134,21.569,1177
55.88376458261842,-4.093726948789681,28.0,55.924999437053955,-4.191173279124663,135,11.405,691
55.88376458261842,-4.093726948789681,28.0,55.81549096669224,-4.126910343137958,136,13.721,885
55.88376458261842,-4.093726948789681,28.0,55.90135585493081,-4.207622057499793,137,12.047,832
55.88376458261842,-4.093726948789681,28.0,55.845816555475636,-4.129576488296543,138,8.529,544
55.88376458261842,-4.093726948789681,28.0,55.80470047644827,-4.291960781118721,139,21.125,1328
55.88376458261842,-4.093726948789681,28.0,55.89185394491289,-4.179857587296262,140,9.534,603
55.88376458261842,-4.093726948789681,28.0,55.91859399996558,-4.3401659608951215,141,22.605,1376
55.88376458261842,-4.093726948789681,28.0,55.90671476836246,-4.3642865107142725,142,21.833,1457
55.88376458261842,-4.093726948789681,28.0,55.81273399651921,-4.167613047894911,143,15.923,811
55.88376458261842,-4.093726948789681,28.0,55.80939871413575,-4.276056954355674,144,22.89,1236
55.88376458261842,-4.093726948789681,28.0,55.88312869327199,-4.214542892826467,145,10.026,751
55.88376458261842,-4.093726948789681,28.0,55.815340374954424,-4.283514492524949,146,20.0,1199
55.88376458261842,-4.093726948789681,28.0,55.87864379034378,-4.080636908866371,147,3.637,216
55.88376458261842,-4.093726948789681,28.0,55.89423440492952,-4.2418874418647645,148,14.791,978
55.88376458261842,-4.093726948789681,28.0,55.92796852989922,-4.305970400193036,149,19.972,1189
55.88376458261842,-4.093726948789681,28.0,55.92895153496988,-4.082888064137351,150,8.22,455
55.88376458261842,-4.093726948789681,28.0,55.790766759429424,-4.135285962371055,151,16.62,985
55.88376458261842,-4.093726948789681,28.0,55.80808041573422,-4.184105792933229,152,17.402,928
55.88376458261842,-4.093726948789681,28.0,55.7982747224006,-4.3931924101572655,153,25.797,1433
55.88376458261842,-4.093726948789681,28.0,55.81178474630603,-4.337962602706185,154,22.395,1194
55.88376458261842,-4.093726948789681,28.0,55.852972007756,-4.353957895039277,155,20.768,1180
55.88376458261842,-4.093726948789681,28.0,55.797152036890715,-4.311451416173846,156,24.367,1268
55.88376458261842,-4.093726948789681,28.0,55.84839482833289,-4.1889265673730645,157,15.546,832
55.88376458261842,-4.093726948789681,28.0,55.86383954752864,-4.387927326091926,158,26.36,1208
55.88376458261842,-4.093726948789681,28.0,55.807182357875575,-4.140487806234959,159,17.167,933
55.88376458261842,-4.093726948789681,28.0,55.8296607577131,-4.218765551358871,160,17.484,903
55.88376458261842,-4.093726948789681,28.0,55.82699494590622,-4.295404959002084,161,19.831,1072
55.88376458261842,-4.093726948789681,28.0,55.861248665443505,-4.307186036515638,162,19.471,1107
55.88376458261842,-4.093726948789681,28.0,55.897857165570365,-4.156645648865112,163,11.071,656
55.88376458261842,-4.093726948789681,28.0,55.877747555317356,-4.342792329217214,164,19.412,1169
55.88376458261842,-4.093726948789681,28.0,55.92259641850896,-4.389236283866068,165,26.604,1580
55.88376458261842,-4.093726948789681,28.0,55.92621339590465,-4.2820478996479165,166,18.716,1085
55.88376458261842,-4.093726948789681,28.0,55.80660612206145,-4.094012410496262,167,11.653,824
55.88376458261842,-4.093726948789681,28.0,55.84605439624201,-4.09192094471571,168,8.167,388
55.88376458261842,-4.093726948789681,28.0,55.83961965364386,-4.1201104741133365,169,10.609,540
55.88376458261842,-4.093726948789681,28.0,55.85030951683019,-4.217608837338132,170,11.039,860
55.88376458261842,-4.093726948789681,28.0,55.85971342373431,-4.246748195156407,171,11.717,748
55.88376458261842,-4.093726948789681,28.0,55.815747728441636,-4.150792968910081,172,16.037,830
55.88376458261842,-4.093726948789681,28.0,55.80041195127493,-4.3806303679601495,173,25.213,1385
55.88376458261842,-4.093726948789681,28.0,55.85487415463933,-4.092829020720908,174,5.302,273
55.88376458261842,-4.093726948789681,28.0,55.80456076444065,-4.203157873727267,175,20.085,1072
55.88376458261842,-4.093726948789681,28.0,55.84723005082115,-4.330151260440624,176,18.721,1038
55.88376458261842,-4.093726948789681,28.0,55.88775631668876,-4.123428423568879,177,6.593,505
55.88376458261842,-4.093726948789681,28.0,55.82857385936083,-4.129579652409029,178,13.328,863
55.88376458261842,-4.093726948789681,28.0,55.879865395443076,-4.36272007519476,179,20.32,1195
55.88376458261842,-4.093726948789681,28.0,55.87973669437185,-4.215636550296907,180,10.742,848
55.88376458261842,-4.093726948789681,28.0,55.8162521393249,-4.1868605517933455,181,16.51,925
55.88376458261842,-4.093726948789681,28.0,55.80755514535402,-4.201625161718038,182,19.838,1039
55.88376458261842,-4.093726948789681,28.0,55.85565398843102,-4.250533808562208,183,12.531,903
55.88376458261842,-4.093726948789681,28.0,55.929636326069506,-4.381100658166308,184,25.666,1539
55.88376458261842,-4.093726948789681,28.0,55.879581066995904,-4.21986165885879,185,10.927,882
55.88376458261842,-4.093726948789681,28.0,55.92647877645629,-4.127886630011083,186,7.836,640
55.88376458261842,-4.093726948789681,28.0,55.82282427264178,-4.371094162561755,187,22.862,1272
55.88376458261842,-4.093726948789681,28.0,55.90291353127043,-4.3414180899754955,188,18.98,1350
55.88376458261842,-4.093726948789681,28.0,55.78437024600116,-4.156926419796477,189,23.209,1068
55.88376458261842,-4.093726948789681,28.0,55.8321542449311,-4.1561720476648265,190,13.506,684
55.88376458261842,-4.093726948789681,28.0,55.88310705812362,-4.084862107847263,191,9.556,435
55.88376458261842,-4.093726948789681,28.0,55.85616333886266,-4.110333739241922,192,6.778,433
55.88376458261842,-4.093726948789681,28.0,55.90185178498145,-4.152652007721208,193,9.215,1035
55.88376458261842,-4.093726948789681,28.0,55.8837118458465,-4.182392741162416,194,7.841,1435
55.88376458261842,-4.093726948789681,28.0,55.83086049774818,-4.312434105301623,195,20.765,1176
55.88376458261842,-4.093726948789681,28.0,55.821849459706755,-4.176208567338996,196,15.39,768
55.88376458261842,-4.093726948789681,28.0,55.88009750494633,-4.255964552703097,197,13.02,807
55.88376458261842,-4.093726948789681,28.0,55.87413911675089,-4.369807111055967,198,22.362,1098
55.88376458261842,-4.093726948789681,28.0,55.86354071984154,-4.093406384811447,199,4.516,237
55.888036974903635,-4.123744267775553,29.0,55.8391698042901,-4.214478482526657,0,10.543,970
55.888036974903635,-4.123744267775553,29.0,55.86553667472969,-4.350500876963486,1,22.793,1085
55.888036974903635,-4.123744267775553,29.0,55.912892829643965,-4.286410947894997,2,16.071,1790
55.888036974903635,-4.123744267775553,29.0,55.84854019346565,-4.391697428307927,3,22.224,1307
55.888036974903635,-4.123744267775553,29.0,55.79232875093524,-4.310455024670266,4,24.715,1285
55.888036974903635,-4.123744267775553,29.0,55.837143362020576,-4.120043492886959,5,18.955,951
55.888036974903635,-4.123744267775553,29.0,55.84185129809378,-4.283879851305767,6,19.395,1035
55.888036974903635,-4.123744267775553,29.0,55.90609664927746,-4.311383718964596,7,18.281,1063
55.888036974903635,-4.123744267775553,29.0,55.7832172019226,-4.31249791159531,8,26.303,1343
55.888036974903635,-4.123744267775553,29.0,55.8177258987159,-4.260489243356555,9,16.708,1209
55.888036974903635,-4.123744267775553,29.0,55.903262790870684,-4.212111703691823,10,9.636,642
55.888036974903635,-4.123744267775553,29.0,55.893978813107424,-4.1413270988368325,11,2.259,228
55.888036974903635,-4.123744267775553,29.0,55.894884622950286,-4.154349650804189,12,3.19,180
55.888036974903635,-4.123744267775553,29.0,55.80680963785043,-4.263605759417426,13,22.037,1440
55.888036974903635,-4.123744267775553,29.0,55.81824312166051,-4.346878846315483,14,21.878,1199
55.888036974903635,-4.123744267775553,29.0,55.84742656229786,-4.269221405976544,15,15.871,923
55.888036974903635,-4.123744267775553,29.0,55.80730424868546,-4.315177272898423,16,21.584,1184
55.888036974903635,-4.123744267775553,29.0,55.83798278877758,-4.260604018644594,17,14.078,984
55.888036974903635,-4.123744267775553,29.0,55.89424631095569,-4.343398240721316,18,17.724,1134
55.888036974903635,-4.123744267775553,29.0,55.83908093533876,-4.223069302141199,19,10.719,1019
55.888036974903635,-4.123744267775553,29.0,55.8357731433788,-4.270556349194068,20,16.675,934
55.888036974903635,-4.123744267775553,29.0,55.90309627527835,-4.360750370095284,21,20.944,1335
55.888036974903635,-4.123744267775553,29.0,55.85652103589449,-4.101365743428073,22,11.471,721
55.888036974903635,-4.123744267775553,29.0,55.783736419963375,-4.235306054793451,23,25.793,1524
55.888036974903635,-4.123744267775553,29.0,55.92064824587275,-4.2358362157531895,24,11.194,648
55.888036974903635,-4.123744267775553,29.0,55.907674892744176,-4.2497703459088045,25,12.14,1864
55.888036974903635,-4.123744267775553,29.0,55.919604340921964,-4.226208116301384,26,9.928,583
55.888036974903635,-4.123744267775553,29.0,55.83219148710444,-4.304581930326681,27,20.756,1226
55.888036974903635,-4.123744267775553,29.0,55.79569701419853,-4.1769099124482585,28,21.968,1280
55.888036974903635,-4.123744267775553,29.0,55.81260197667657,-4.197841211154324,29,22.59,1266
55.888036974903635,-4.123744267775553,29.0,55.826092940761974,-4.176919409292903,30,18.873,1093
55.888036974903635,-4.123744267775553,29.0,55.828413149208096,-4.109650878166438,31,16.425,988
55.888036974903635,-4.123744267775553,29.0,55.8999241737755,-4.257993823533507,32,17.345,984
55.888036974903635,-4.123744267775553,29.0,55.892514250678616,-4.340118142906542,33,17.753,1145
55.888036974903635,-4.123744267775553,29.0,55.855241629670886,-4.269936069312288,34,13.715,663
55.888036974903635,-4.123744267775553,29.0,55.877364911629314,-4.109701193625618,35,7.946,587
55.888036974903635,-4.123744267775553,29.0,55.887053111734645,-4.1280531391159245,36,0.503,86
55.888036974903635,-4.123744267775553,29.0,55.89108676863447,-4.105446803942431,37,4.157,514
55.888036974903635,-4.123744267775553,29.0,55.842635153466425,-4.334387903339716,38,18.661,1013
55.888036974903635,-4.123744267775553,29.0,55.89197542936556,-4.19614108945253,39,6.298,383
55.888036974903635,-4.123744267775553,29.0,55.825849135803445,-4.321179033230789,40,18.934,1126
55.888036974903635,-4.123744267775553,29.0,55.81864602215581,-4.375055705699034,41,22.907,1208
55.888036974903635,-4.123744267775553,29.0,55.92613065482397,-4.212698358862173,42,9.302,578
55.888036974903635,-4.123744267775553,29.0,55.874439929608144,-4.279689658904073,43,13.556,785
55.888036974903635,-4.123744267775553,29.0,55.81998166828728,-4.245455535821837,44,16.188,1114
55.888036974903635,-4.123744267775553,29.0,55.91066980601156,-4.213502644426629,45,10.284,633
55.888036974903635,-4.123744267775553,29.0,55.8404807486866,-4.356656090229781,46,22.313,1281
55.888036974903635,-4.123744267775553,29.0,55.88708229912325,-4.079055837843032,47,6.161,451
55.888036974903635,-4.123744267775553,29.0,55.84510555179576,-4.178720975321847,48,18.289,1066
55.888036974903635,-4.123744267775553,29.0,55.84413340760586,-4.085244529493477,49,12.465,1190
55.888036974903635,-4.123744267775553,29.0,55.83324217210475,-4.157183908594519,50,16.97,941
55.888036974903635,-4.123744267775553,29.0,55.895753278756494,-4.323131413571223,51,20.57,1272
55.888036974903635,-4.123744267775553,29.0,55.88609925330935,-4.38354364327563,52,23.826,1154
55.888036974903635,-4.123744267775553,29.0,55.86596770908397,-4.338853955125049,53,20.609,1034
55.888036974903635,-4.123744267775553,29.0,55.819381988004544,-4.256567679373081,54,16.438,1230
55.888036974903635,-4.123744267775553,29.0,55.919398785577634,-4.298102785445152,55,16.347,1470
55.888036974903635,-4.123744267775553,29.0,55.81052481551728,-4.0780884232687225,56,19.224,2136
55.888036974903635,-4.123744267775553,29.0,55.8411814367945,-4.125490362928665,57,14.506,884
55.888036974903635,-4.123744267775553,29.0,55.844855881791794,-4.151320272286683,58,11.6,979
55.888036974903635,-4.123744267775553,29.0,55.79334532620707,-4.3052187624925375,59,25.046,1291
55.888036974903635,-4.123744267775553,29.0,55.78499644933002,-4.082518262203789,60,21.114,1062
55.888036974903635,-4.123744267775553,29.0,55.86482365717543,-4.074666870071637,61,8.883,753
55.888036974903635,-4.123744267775553,29.0,55.910543969585106,-4.384534109666136,62,23.376,1470
55.888036974903635,-4.123744267775553,29.0,55.799715679086134,-4.188568421733812,63,22.296,1471
55.888036974903635,-4.123744267775553,29.0,55.90005630083831,-4.294022887833187,64,17.5,1045
55.888036974903635,-4.123744267775553,29.0,55.82573931186619,-4.210157383495828,65,20.647,1081
55.888036974903635,-4.123744267775553,29.0,55.88010014610652,-4.288014027401103,66,15.656,1075
55.888036974903635,-4.123744267775553,29.0,55.8836463272421,-4.377148406451105,67,23.596,1231
55.888036974903635,-4.123744267775553,29.0,55.80511293548626,-4.195982430231648,68,23.57,1341
55.888036974903635,-4.123744267775553,29.0,55.9265186267864,-4.256321117900257,69,13.42,778
55.888036974903635,-4.123744267775553,29.0,55.90353118048908,-4.119171950823842,70,3.32,450
55.888036974903635,-4.123744267775553,29.0,55.81502357146685,-4.260984914919316,71,17.065,1243
55.888036974903635,-4.123744267775553,29.0,55.894355058439295,-4.293143876300353,72,18.548,1130
55.888036974903635,-4.123744267775553,29.0,55.80246488546192,-4.242274834364847,73,18.329,1340
55.888036974903635,-4.123744267775553,29.0,55.887581813102464,-4.2985753032369685,74,15.837,1051
55.888036974903635,-4.123744267775553,29.0,55.928290955083554,-4.295962301582311,75,15.047,812
55.888036974903635,-4.123744267775553,29.0,55.81096058143004,-4.368797105646974,76,24.564,1290
55.888036974903635,-4.123744267775553,29.0,55.84818750128869,-4.3631808239548375,77,23.299,1133
55.888036974903635,-4.123744267775553,29.0,55.81610352786554,-4.330910795148831,78,20.903,1039
55.888036974903635,-4.123744267775553,29.0,55.807034270653475,-4.136077366584948,79,20.994,1229
55.888036974903635,-4.123744267775553,29.0,55.86778114631985,-4.233612892312959,80,10.686,649
55.888036974903635,-4.123744267775553,29.0,55.79578956690847,-4.368290459919509,81,29.648,2485
55.888036974903635,-4.123744267775553,29.0,55.897877306124535,-4.077031107370425,82,5.948,981
55.888036974903635,-4.123744267775553,29.0,55.80721289582252,-4.242612882195534,83,17.552,1291
55.888036974903635,-4.123744267775553,29.0,55.92209393969709,-4.157940141970138,84,5.237,350
55.888036974903635,-4.123744267775553,29.0,55.79188265083702,-4.28147512844989,85,25.908,1347
55.888036974903635,-4.123744267775553,29.0,55.88043814367632,-4.104360473798184,86,7.256,527
55.888036974903635,-4.123744267775553,29.0,55.90345994988174,-4.293652184560058,87,16.715,966
55.888036974903635,-4.123744267775553,29.0,55.91230525016259,-4.108196424937476,88,4.588,395
55.888036974903635,-4.123744267775553,29.0,55.90569137930351,-4.3852429216612405,89,24.312,1546
55.888036974903635,-4.123744267775553,29.0,55.824402119970216,-4.298242138123909,90,19.37,1047
55.888036974903635,-4.123744267775553,29.0,55.887104625653905,-4.201059285828647,91,7.358,551
55.888036974903635,-4.123744267775553,29.0,55.92006797200308,-4.195257422106852,92,7.307,396
55.888036974903635,-4.123744267775553,29.0,55.7944551107823,-4.1683749063061635,93,22.098,1715
55.888036974903635,-4.123744267775553,29.0,55.88003873447475,-4.304350182381346,94,15.17,958
55.888036974903635,-4.123744267775553,29.0,55.88308048053683,-4.2942103285768285,95,14.77,933
55.888036974903635,-4.123744267775553,29.0,55.80779271908626,-4.3234306371549245,96,22.174,1172
55.888036974903635,-4.123744267775553,29.0,55.90123467399992,-4.380968632189907,97,24.772,1633
55.888036974903635,-4.123744267775553,29.0,55.88049231589054,-4.293733205570284,98,14.672,923
55.888036974903635,-4.123744267775553,29.0,55.84697147961761,-4.334108806216461,99,18.775,1046
55.888036974903635,-4.123744267775553,29.0,55.83067141211495,-4.195633651932574,100,19.891,1095
55.888036974903635,-4.123744267775553,29.0,55.89350845984679,-4.099445363541155,101,3.972,346
55.888036974903635,-4.123744267775553,29.0,55.92592408664018,-4.179171340754611,102,6.578,434
55.888036974903635,-4.123744267775553,29.0,55.84941827409408,-4.169566750359822,103,10.769,926
55.888036974903635,-4.123744267775553,29.0,55.92413375575165,-4.226670311636797,104,10.517,1321
55.888036974903635,-4.123744267775553,29.0,55.88995713457192,-4.285031242761631,105,15.165,957
55.888036974903635,-4.123744267775553,29.0,55.90528066541109,-4.131569818675147,106,2.916,198
55.888036974903635,-4.123744267775553,29.0,55.87850608392288,-4.103517886631066,107,7.587,560
55.888036974903635,-4.123744267775553,29.0,55.80799405798939,-4.284953473560454,108,20.673,1301
55.888036974903635,-4.123744267775553,29.0,55.906815669822045,-4.385279074380807,109,24.093,1499
55.888036974903635,-4.123744267775553,29.0,55.916237634416454,-4.222407816066865,110,9.843,571
55.888036974903635,-4.123744267775553,29.0,55.915798955837815,-4.088621086891774,111,5.306,430
55.888036974903635,-4.123744267775553,29.0,55.827538479175395,-4.350653065976025,112,21.247,1130
55.888036974903635,-4.123744267775553,29.0,55.799515288981674,-4.0866627646338864,113,21.484,1175
55.888036974903635,-4.123744267775553,29.0,55.831024245961984,-4.244756518165482,114,14.789,1023
55.888036974903635,-4.123744267775553,29.0,55.86754360554833,-4.2143078261423845,115,9.384,680
55.888036974903635,-4.123744267775553,29.0,55.8574985965699,-4.1521224561179935,116,9.381,765
55.888036974903635,-4.123744267775553,29.0,55.88095643501817,-4.32811659177277,117,18.389,1015
55.888036974903635,-4.123744267775553,29.0,55.85240433608213,-4.177570445500026,118,9.253,836
55.888036974903635,-4.123744267775553,29.0,55.91169549549074,-4.359708873069638,119,20.888,1326
55.888036974903635,-4.123744267775553,29.0,55.92640787519779,-4.300990956079843,120,15.495,861
55.888036974903635,-4.123744267775553,29.0,55.84019197366069,-4.205566157974415,121,11.029,1068
55.888036974903635,-4.123744267775553,29.0,55.866619942939494,-4.268153778778456,122,12.633,766
55.888036974903635,-4.123744267775553,29.0,55.81327411986783,-4.2587495402872255,123,17.044,1253
55.888036974903635,-4.123744267775553,29.0,55.86022660117776,-4.154711133590585,124,6.475,635
55.888036974903635,-4.123744267775553,29.0,55.831522729053496,-4.370420634377527,125,23.301,1301
55.888036974903635,-4.123744267775553,29.0,55.84074346341779,-4.172411658039648,126,17.951,985
55.888036974903635,-4.123744267775553,29.0,55.8801412435821,-4.258666277618953,127,12.909,780
55.888036974903635,-4.123744267775553,29.0,55.8434159429892,-4.1056733307349536,128,14.762,913
55.888036974903635,-4.123744267775553,29.0,55.83522057783537,-4.25736952395694,129,14.052,985
55.888036974903635,-4.123744267775553,29.0,55.86467774065618,-4.2250953414252415,130,10.579,553
55.888036974903635,-4.123744267775553,29.0,55.8953662249987,-4.231143624453162,131,9.117,630
55.888036974903635,-4.123744267775553,29.0,55.81920459649808,-4.236238450921302,132,16.772,1165
55.888036974903635,-4.123744267775553,29.0,55.900795402502105,-4.206009410292495,133,7.699,549
55.888036974903635,-4.123744267775553,29.0,55.86078490474355,-4.339631469507248,134,21.144,1129
55.888036974903635,-4.123744267775553,29.0,55.924999437053955,-4.191173279124663,135,7.056,386
55.888036974903635,-4.123744267775553,29.0,55.81549096669224,-4.126910343137958,136,19.824,1200
55.888036974903635,-4.123744267775553,29.0,55.90135585493081,-4.207622057499793,137,7.698,527
55.888036974903635,-4.123744267775553,29.0,55.845816555475636,-4.129576488296543,138,13.595,871
55.888036974903635,-4.123744267775553,29.0,55.80470047644827,-4.291960781118721,139,20.7,1280
55.888036974903635,-4.123744267775553,29.0,55.89185394491289,-4.179857587296262,140,5.185,299
55.888036974903635,-4.123744267775553,29.0,55.91859399996558,-4.3401659608951215,141,18.256,1071
55.888036974903635,-4.123744267775553,29.0,55.90671476836246,-4.3642865107142725,142,20.975,1298
55.888036974903635,-4.123744267775553,29.0,55.81273399651921,-4.167613047894911,143,19.427,1082
55.888036974903635,-4.123744267775553,29.0,55.80939871413575,-4.276056954355674,144,20.581,1266
55.888036974903635,-4.123744267775553,29.0,55.88312869327199,-4.214542892826467,145,7.931,606
55.888036974903635,-4.123744267775553,29.0,55.815340374954424,-4.283514492524949,146,19.575,1151
55.888036974903635,-4.123744267775553,29.0,55.87864379034378,-4.080636908866371,147,7.141,486
55.888036974903635,-4.123744267775553,29.0,55.89423440492952,-4.2418874418647645,148,9.858,754
55.888036974903635,-4.123744267775553,29.0,55.92796852989922,-4.305970400193036,149,15.623,884
55.888036974903635,-4.123744267775553,29.0,55.92895153496988,-4.082888064137351,150,10.225,484
55.888036974903635,-4.123744267775553,29.0,55.790766759429424,-4.135285962371055,151,23.122,1285
55.888036974903635,-4.123744267775553,29.0,55.80808041573422,-4.184105792933229,152,20.906,1198
55.888036974903635,-4.123744267775553,29.0,55.7982747224006,-4.3931924101572655,153,25.372,1385
55.888036974903635,-4.123744267775553,29.0,55.81178474630603,-4.337962602706185,154,21.97,1145
55.888036974903635,-4.123744267775553,29.0,55.852972007756,-4.353957895039277,155,20.343,1132
55.888036974903635,-4.123744267775553,29.0,55.797152036890715,-4.311451416173846,156,23.942,1219
55.888036974903635,-4.123744267775553,29.0,55.84839482833289,-4.1889265673730645,157,10.266,916
55.888036974903635,-4.123744267775553,29.0,55.86383954752864,-4.387927326091926,158,25.935,1159
55.888036974903635,-4.123744267775553,29.0,55.807182357875575,-4.140487806234959,159,20.671,1204
55.888036974903635,-4.123744267775553,29.0,55.8296607577131,-4.218765551358871,160,20.988,1173
55.888036974903635,-4.123744267775553,29.0,55.82699494590622,-4.295404959002084,161,19.406,1023
55.888036974903635,-4.123744267775553,29.0,55.861248665443505,-4.307186036515638,162,19.046,1058
55.888036974903635,-4.123744267775553,29.0,55.897857165570365,-4.156645648865112,163,6.722,351
55.888036974903635,-4.123744267775553,29.0,55.877747555317356,-4.342792329217214,164,18.987,1121
55.888036974903635,-4.123744267775553,29.0,55.92259641850896,-4.389236283866068,165,22.255,1275
55.888036974903635,-4.123744267775553,29.0,55.92621339590465,-4.2820478996479165,166,14.367,780
55.888036974903635,-4.123744267775553,29.0,55.80660612206145,-4.094012410496262,167,18.809,1200
55.888036974903635,-4.123744267775553,29.0,55.84605439624201,-4.09192094471571,168,12.898,698
55.888036974903635,-4.123744267775553,29.0,55.83961965364386,-4.1201104741133365,169,14.113,811
55.888036974903635,-4.123744267775553,29.0,55.85030951683019,-4.217608837338132,170,9.467,889
55.888036974903635,-4.123744267775553,29.0,55.85971342373431,-4.246748195156407,171,11.292,699
55.888036974903635,-4.123744267775553,29.0,55.815747728441636,-4.150792968910081,172,19.541,1100
55.888036974903635,-4.123744267775553,29.0,55.80041195127493,-4.3806303679601495,173,24.788,1337
55.888036974903635,-4.123744267775553,29.0,55.85487415463933,-4.092829020720908,174,10.349,656
55.888036974903635,-4.123744267775553,29.0,55.80456076444065,-4.203157873727267,175,23.589,1343
55.888036974903635,-4.123744267775553,29.0,55.84723005082115,-4.330151260440624,176,18.296,990
55.888036974903635,-4.123744267775553,29.0,55.88775631668876,-4.123428423568879,177,0.638,92
55.888036974903635,-4.123744267775553,29.0,55.82857385936083,-4.129579652409029,178,19.431,1179
55.888036974903635,-4.123744267775553,29.0,55.879865395443076,-4.36272007519476,179,19.895,1147
55.888036974903635,-4.123744267775553,29.0,55.87973669437185,-4.215636550296907,180,8.756,726
55.888036974903635,-4.123744267775553,29.0,55.8162521393249,-4.1868605517933455,181,20.014,1196
55.888036974903635,-4.123744267775553,29.0,55.80755514535402,-4.201625161718038,182,23.342,1310
55.888036974903635,-4.123744267775553,29.0,55.85565398843102,-4.250533808562208,183,12.106,855
55.888036974903635,-4.123744267775553,29.0,55.929636326069506,-4.381100658166308,184,21.317,1234
55.888036974903635,-4.123744267775553,29.0,55.879581066995904,-4.21986165885879,185,9.029,775
55.888036974903635,-4.123744267775553,29.0,55.92647877645629,-4.127886630011083,186,6.319,436
55.888036974903635,-4.123744267775553,29.0,55.82282427264178,-4.371094162561755,187,22.437,1224
55.888036974903635,-4.123744267775553,29.0,55.90291353127043,-4.3414180899754955,188,22.103,1395
55.888036974903635,-4.123744267775553,29.0,55.78437024600116,-4.156926419796477,189,26.713,1338
55.888036974903635,-4.123744267775553,29.0,55.8321542449311,-4.1561720476648265,190,17.01,954
55.888036974903635,-4.123744267775553,29.0,55.88310705812362,-4.084862107847263,191,14.099,727
55.888036974903635,-4.123744267775553,29.0,55.85616333886266,-4.110333739241922,192,11.509,743
55.888036974903635,-4.123744267775553,29.0,55.90185178498145,-4.152652007721208,193,4.866,730
55.888036974903635,-4.123744267775553,29.0,55.8837118458465,-4.182392741162416,194,5.327,1248
55.888036974903635,-4.123744267775553,29.0,55.83086049774818,-4.312434105301623,195,20.34,1128
55.888036974903635,-4.123744267775553,29.0,55.821849459706755,-4.176208567338996,196,18.894,1039
55.888036974903635,-4.123744267775553,29.0,55.88009750494633,-4.255964552703097,197,12.595,759
55.888036974903635,-4.123744267775553,29.0,55.87413911675089,-4.369807111055967,198,21.937,1050
55.888036974903635,-4.123744267775553,29.0,55.86354071984154,-4.093406384811447,199,9.563,619
55.863749415699736,-4.2479286699165115,30.0,55.8391698042901,-4.214478482526657,0,4.965,653
55.863749415699736,-4.2479286699165115,30.0,55.86553667472969,-4.350500876963486,1,13.892,804
55.863749415699736,-4.2479286699165115,30.0,55.912892829643965,-4.286410947894997,2,8.557,1614
55.863749415699736,-4.2479286699165115,30.0,55.84854019346565,-4.391697428307927,3,13.323,1026
55.863749415699736,-4.2479286699165115,30.0,55.79232875093524,-4.310455024670266,4,15.814,1004
55.863749415699736,-4.2479286699165115,30.0,55.837143362020576,-4.120043492886959,5,10.071,866
55.863749415699736,-4.2479286699165115,30.0,55.84185129809378,-4.283879851305767,6,10.494,755
55.863749415699736,-4.2479286699165115,30.0,55.90609664927746,-4.311383718964596,7,7.236,790
55.863749415699736,-4.2479286699165115,30.0,55.7832172019226,-4.31249791159531,8,17.402,1062
55.863749415699736,-4.2479286699165115,30.0,55.8177258987159,-4.260489243356555,9,6.791,852
55.863749415699736,-4.2479286699165115,30.0,55.903262790870684,-4.212111703691823,10,6.651,696
55.863749415699736,-4.2479286699165115,30.0,55.893978813107424,-4.1413270988368325,11,8.127,699
55.863749415699736,-4.2479286699165115,30.0,55.894884622950286,-4.154349650804189,12,10.512,597
55.863749415699736,-4.2479286699165115,30.0,55.80680963785043,-4.263605759417426,13,8.632,1112
55.863749415699736,-4.2479286699165115,30.0,55.81824312166051,-4.346878846315483,14,12.977,918
55.863749415699736,-4.2479286699165115,30.0,55.84742656229786,-4.269221405976544,15,6.97,642
55.863749415699736,-4.2479286699165115,30.0,55.80730424868546,-4.315177272898423,16,12.683,903
55.863749415699736,-4.2479286699165115,30.0,55.83798278877758,-4.260604018644594,17,4.161,627
55.863749415699736,-4.2479286699165115,30.0,55.89424631095569,-4.343398240721316,18,7.319,832
55.863749415699736,-4.2479286699165115,30.0,55.83908093533876,-4.223069302141199,19,5.141,701
55.863749415699736,-4.2479286699165115,30.0,55.8357731433788,-4.270556349194068,20,7.774,653
55.863749415699736,-4.2479286699165115,30.0,55.90309627527835,-4.360750370095284,21,9.352,1068
55.863749415699736,-4.2479286699165115,30.0,55.85652103589449,-4.101365743428073,22,10.675,641
55.863749415699736,-4.2479286699165115,30.0,55.783736419963375,-4.235306054793451,23,10.851,1143
55.863749415699736,-4.2479286699165115,30.0,55.92064824587275,-4.2358362157531895,24,7.776,677
55.863749415699736,-4.2479286699165115,30.0,55.907674892744176,-4.2497703459088045,25,6.528,1728
55.863749415699736,-4.2479286699165115,30.0,55.919604340921964,-4.226208116301384,26,7.7,689
55.863749415699736,-4.2479286699165115,30.0,55.83219148710444,-4.304581930326681,27,11.855,945
55.863749415699736,-4.2479286699165115,30.0,55.79569701419853,-4.1769099124482585,28,11.056,1072
55.863749415699736,-4.2479286699165115,30.0,55.81260197667657,-4.197841211154324,29,8.467,939
55.863749415699736,-4.2479286699165115,30.0,55.826092940761974,-4.176919409292903,30,13.056,958
55.863749415699736,-4.2479286699165115,30.0,55.828413149208096,-4.109650878166438,31,17.621,987
55.863749415699736,-4.2479286699165115,30.0,55.8999241737755,-4.257993823533507,32,5.006,601
55.863749415699736,-4.2479286699165115,30.0,55.892514250678616,-4.340118142906542,33,7.348,844
55.863749415699736,-4.2479286699165115,30.0,55.855241629670886,-4.269936069312288,34,4.814,383
55.863749415699736,-4.2479286699165115,30.0,55.877364911629314,-4.109701193625618,35,11.076,742
55.863749415699736,-4.2479286699165115,30.0,55.887053111734645,-4.1280531391159245,36,11.378,709
55.863749415699736,-4.2479286699165115,30.0,55.89108676863447,-4.105446803942431,37,13.111,1015
55.863749415699736,-4.2479286699165115,30.0,55.842635153466425,-4.334387903339716,38,9.76,732
55.863749415699736,-4.2479286699165115,30.0,55.89197542936556,-4.19614108945253,39,7.385,542
55.863749415699736,-4.2479286699165115,30.0,55.825849135803445,-4.321179033230789,40,10.033,845
55.863749415699736,-4.2479286699165115,30.0,55.81864602215581,-4.375055705699034,41,14.006,927
55.863749415699736,-4.2479286699165115,30.0,55.92613065482397,-4.212698358862173,42,8.162,741
55.863749415699736,-4.2479286699165115,30.0,55.874439929608144,-4.279689658904073,43,2.936,501
55.863749415699736,-4.2479286699165115,30.0,55.81998166828728,-4.245455535821837,44,6.271,757
55.863749415699736,-4.2479286699165115,30.0,55.91066980601156,-4.213502644426629,45,7.114,692
55.863749415699736,-4.2479286699165115,30.0,55.8404807486866,-4.356656090229781,46,13.412,1000
55.863749415699736,-4.2479286699165115,30.0,55.88708229912325,-4.079055837843032,47,13.92,874
55.863749415699736,-4.2479286699165115,30.0,55.84510555179576,-4.178720975321847,48,5.873,722
55.863749415699736,-4.2479286699165115,30.0,55.84413340760586,-4.085244529493477,49,15.174,1175
55.863749415699736,-4.2479286699165115,30.0,55.83324217210475,-4.157183908594519,50,7.995,885
55.863749415699736,-4.2479286699165115,30.0,55.895753278756494,-4.323131413571223,51,7.09,906
55.863749415699736,-4.2479286699165115,30.0,55.88609925330935,-4.38354364327563,52,14.925,873
55.863749415699736,-4.2479286699165115,30.0,55.86596770908397,-4.338853955125049,53,11.708,753
55.863749415699736,-4.2479286699165115,30.0,55.819381988004544,-4.256567679373081,54,6.521,872
55.863749415699736,-4.2479286699165115,30.0,55.919398785577634,-4.298102785445152,55,8.833,1294
55.863749415699736,-4.2479286699165115,30.0,55.81052481551728,-4.0780884232687225,56,20.42,2134
55.863749415699736,-4.2479286699165115,30.0,55.8411814367945,-4.125490362928665,57,15.702,882
55.863749415699736,-4.2479286699165115,30.0,55.844855881791794,-4.151320272286683,58,7.7,839
55.863749415699736,-4.2479286699165115,30.0,55.79334532620707,-4.3052187624925375,59,16.145,1011
55.863749415699736,-4.2479286699165115,30.0,55.78499644933002,-4.082518262203789,60,22.31,1061
55.863749415699736,-4.2479286699165115,30.0,55.86482365717543,-4.074666870071637,61,12.941,859
55.863749415699736,-4.2479286699165115,30.0,55.910543969585106,-4.384534109666136,62,11.179,1132
55.863749415699736,-4.2479286699165115,30.0,55.799715679086134,-4.188568421733812,63,11.038,1230
55.863749415699736,-4.2479286699165115,30.0,55.90005630083831,-4.294022887833187,64,6.308,743
55.863749415699736,-4.2479286699165115,30.0,55.82573931186619,-4.210157383495828,65,6.524,754
55.863749415699736,-4.2479286699165115,30.0,55.88010014610652,-4.288014027401103,66,5.029,712
55.863749415699736,-4.2479286699165115,30.0,55.8836463272421,-4.377148406451105,67,14.695,950
55.863749415699736,-4.2479286699165115,30.0,55.80511293548626,-4.195982430231648,68,9.447,1014
55.863749415699736,-4.2479286699165115,30.0,55.9265186267864,-4.256321117900257,69,8.371,708
55.863749415699736,-4.2479286699165115,30.0,55.90353118048908,-4.119171950823842,70,12.274,950
55.863749415699736,-4.2479286699165115,30.0,55.81502357146685,-4.260984914919316,71,7.148,886
55.863749415699736,-4.2479286699165115,30.0,55.894355058439295,-4.293143876300353,72,5.598,691
55.863749415699736,-4.2479286699165115,30.0,55.80246488546192,-4.242274834364847,73,8.412,983
55.863749415699736,-4.2479286699165115,30.0,55.887581813102464,-4.2985753032369685,74,5.21,687
55.863749415699736,-4.2479286699165115,30.0,55.928290955083554,-4.295962301582311,75,9.255,708
55.863749415699736,-4.2479286699165115,30.0,55.81096058143004,-4.368797105646974,76,15.663,1009
55.863749415699736,-4.2479286699165115,30.0,55.84818750128869,-4.3631808239548375,77,14.398,852
55.863749415699736,-4.2479286699165115,30.0,55.81610352786554,-4.330910795148831,78,12.002,759
55.863749415699736,-4.2479286699165115,30.0,55.807034270653475,-4.136077366584948,79,12.019,1173
55.863749415699736,-4.2479286699165115,30.0,55.86778114631985,-4.233612892312959,80,2.036,360
55.863749415699736,-4.2479286699165115,30.0,55.79578956690847,-4.368290459919509,81,20.747,2204
55.863749415699736,-4.2479286699165115,30.0,55.897877306124535,-4.077031107370425,82,14.902,1481
55.863749415699736,-4.2479286699165115,30.0,55.80721289582252,-4.242612882195534,83,7.635,934
55.863749415699736,-4.2479286699165115,30.0,55.92209393969709,-4.157940141970138,84,12.045,748
55.863749415699736,-4.2479286699165115,30.0,55.79188265083702,-4.28147512844989,85,17.007,1066
55.863749415699736,-4.2479286699165115,30.0,55.88043814367632,-4.104360473798184,86,10.888,702
55.863749415699736,-4.2479286699165115,30.0,55.90345994988174,-4.293652184560058,87,8.03,750
55.863749415699736,-4.2479286699165115,30.0,55.91230525016259,-4.108196424937476,88,13.542,896
55.863749415699736,-4.2479286699165115,30.0,55.90569137930351,-4.3852429216612405,89,11.214,1155
55.863749415699736,-4.2479286699165115,30.0,55.824402119970216,-4.298242138123909,90,10.469,766
55.863749415699736,-4.2479286699165115,30.0,55.887104625653905,-4.201059285828647,91,5.172,698
55.863749415699736,-4.2479286699165115,30.0,55.92006797200308,-4.195257422106852,92,9.008,719
55.863749415699736,-4.2479286699165115,30.0,55.7944551107823,-4.1683749063061635,93,11.186,1506
55.863749415699736,-4.2479286699165115,30.0,55.88003873447475,-4.304350182381346,94,4.765,657
55.863749415699736,-4.2479286699165115,30.0,55.88308048053683,-4.2942103285768285,95,4.365,632
55.863749415699736,-4.2479286699165115,30.0,55.80779271908626,-4.3234306371549245,96,13.273,891
55.863749415699736,-4.2479286699165115,30.0,55.90123467399992,-4.380968632189907,97,15.871,1352
55.863749415699736,-4.2479286699165115,30.0,55.88049231589054,-4.293733205570284,98,4.267,622
55.863749415699736,-4.2479286699165115,30.0,55.84697147961761,-4.334108806216461,99,9.874,765
55.863749415699736,-4.2479286699165115,30.0,55.83067141211495,-4.195633651932574,100,6.859,828
55.863749415699736,-4.2479286699165115,30.0,55.89350845984679,-4.099445363541155,101,12.926,846
55.863749415699736,-4.2479286699165115,30.0,55.92592408664018,-4.179171340754611,102,13.386,832
55.863749415699736,-4.2479286699165115,30.0,55.84941827409408,-4.169566750359822,103,5.659,707
55.863749415699736,-4.2479286699165115,30.0,55.92413375575165,-4.226670311636797,104,9.377,1484
55.863749415699736,-4.2479286699165115,30.0,55.88995713457192,-4.285031242761631,105,4.538,594
55.863749415699736,-4.2479286699165115,30.0,55.90528066541109,-4.131569818675147,106,9.724,595
55.863749415699736,-4.2479286699165115,30.0,55.87850608392288,-4.103517886631066,107,11.219,735
55.863749415699736,-4.2479286699165115,30.0,55.80799405798939,-4.284953473560454,108,11.772,1021
55.863749415699736,-4.2479286699165115,30.0,55.906815669822045,-4.385279074380807,109,10.525,1070
55.863749415699736,-4.2479286699165115,30.0,55.916237634416454,-4.222407816066865,110,7.615,677
55.863749415699736,-4.2479286699165115,30.0,55.915798955837815,-4.088621086891774,111,16.626,926
55.863749415699736,-4.2479286699165115,30.0,55.827538479175395,-4.350653065976025,112,12.346,849
55.863749415699736,-4.2479286699165115,30.0,55.799515288981674,-4.0866627646338864,113,22.68,1173
55.863749415699736,-4.2479286699165115,30.0,55.831024245961984,-4.244756518165482,114,4.872,666
55.863749415699736,-4.2479286699165115,30.0,55.86754360554833,-4.2143078261423845,115,3.301,469
55.863749415699736,-4.2479286699165115,30.0,55.8574985965699,-4.1521224561179935,116,8.585,685
55.863749415699736,-4.2479286699165115,30.0,55.88095643501817,-4.32811659177277,117,9.488,734
55.863749415699736,-4.2479286699165115,30.0,55.85240433608213,-4.177570445500026,118,4.944,579
55.863749415699736,-4.2479286699165115,30.0,55.91169549549074,-4.359708873069638,119,10.694,1073
55.863749415699736,-4.2479286699165115,30.0,55.92640787519779,-4.300990956079843,120,9.703,757
55.863749415699736,-4.2479286699165115,30.0,55.84019197366069,-4.205566157974415,121,5.451,751
55.863749415699736,-4.2479286699165115,30.0,55.866619942939494,-4.268153778778456,122,2.141,457
55.863749415699736,-4.2479286699165115,30.0,55.81327411986783,-4.2587495402872255,123,7.127,896
55.863749415699736,-4.2479286699165115,30.0,55.86022660117776,-4.154711133590585,124,7.802,613
55.863749415699736,-4.2479286699165115,30.0,55.831522729053496,-4.370420634377527,125,14.4,1020
55.863749415699736,-4.2479286699165115,30.0,55.84074346341779,-4.172411658039648,126,6.429,769
55.863749415699736,-4.2479286699165115,30.0,55.8801412435821,-4.258666277618953,127,2.843,416
55.863749415699736,-4.2479286699165115,30.0,55.8434159429892,-4.1056733307349536,128,15.958,911
55.863749415699736,-4.2479286699165115,30.0,55.83522057783537,-4.25736952395694,129,4.135,628
55.863749415699736,-4.2479286699165115,30.0,55.86467774065618,-4.2250953414252415,130,1.838,326
55.863749415699736,-4.2479286699165115,30.0,55.8953662249987,-4.231143624453162,131,4.802,495
55.863749415699736,-4.2479286699165115,30.0,55.81920459649808,-4.236238450921302,132,6.855,807
55.863749415699736,-4.2479286699165115,30.0,55.900795402502105,-4.206009410292495,133,6.969,684
55.863749415699736,-4.2479286699165115,30.0,55.86078490474355,-4.339631469507248,134,12.243,848
55.863749415699736,-4.2479286699165115,30.0,55.924999437053955,-4.191173279124663,135,9.259,729
55.863749415699736,-4.2479286699165115,30.0,55.81549096669224,-4.126910343137958,136,21.02,1198
55.863749415699736,-4.2479286699165115,30.0,55.90135585493081,-4.207622057499793,137,6.968,661
55.863749415699736,-4.2479286699165115,30.0,55.845816555475636,-4.129576488296543,138,11.775,854
55.863749415699736,-4.2479286699165115,30.0,55.80470047644827,-4.291960781118721,139,11.799,999
55.863749415699736,-4.2479286699165115,30.0,55.89185394491289,-4.179857587296262,140,6.289,467
55.863749415699736,-4.2479286699165115,30.0,55.91859399996558,-4.3401659608951215,141,12.464,967
55.863749415699736,-4.2479286699165115,30.0,55.90671476836246,-4.3642865107142725,142,10.781,1045
55.863749415699736,-4.2479286699165115,30.0,55.81273399651921,-4.167613047894911,143,10.452,1026
55.863749415699736,-4.2479286699165115,30.0,55.80939871413575,-4.276056954355674,144,11.68,985
55.863749415699736,-4.2479286699165115,30.0,55.88312869327199,-4.214542892826467,145,4.373,515
55.863749415699736,-4.2479286699165115,30.0,55.815340374954424,-4.283514492524949,146,10.674,870
55.863749415699736,-4.2479286699165115,30.0,55.87864379034378,-4.080636908866371,147,14.9,909
55.863749415699736,-4.2479286699165115,30.0,55.89423440492952,-4.2418874418647645,148,5.365,579
55.863749415699736,-4.2479286699165115,30.0,55.92796852989922,-4.305970400193036,149,9.831,780
55.863749415699736,-4.2479286699165115,30.0,55.92895153496988,-4.082888064137351,150,16.996,876
55.863749415699736,-4.2479286699165115,30.0,55.790766759429424,-4.135285962371055,151,13.611,1147
55.863749415699736,-4.2479286699165115,30.0,55.80808041573422,-4.184105792933229,152,9.241,945
55.863749415699736,-4.2479286699165115,30.0,55.7982747224006,-4.3931924101572655,153,16.471,1104
55.863749415699736,-4.2479286699165115,30.0,55.81178474630603,-4.337962602706185,154,13.069,864
55.863749415699736,-4.2479286699165115,30.0,55.852972007756,-4.353957895039277,155,11.442,851
55.863749415699736,-4.2479286699165115,30.0,55.797152036890715,-4.311451416173846,156,15.041,938
55.863749415699736,-4.2479286699165115,30.0,55.84839482833289,-4.1889265673730645,157,4.688,596
55.863749415699736,-4.2479286699165115,30.0,55.86383954752864,-4.387927326091926,158,17.034,879
55.863749415699736,-4.2479286699165115,30.0,55.807182357875575,-4.140487806234959,159,11.696,1148
55.863749415699736,-4.2479286699165115,30.0,55.8296607577131,-4.218765551358871,160,5.854,803
55.863749415699736,-4.2479286699165115,30.0,55.82699494590622,-4.295404959002084,161,10.505,742
55.863749415699736,-4.2479286699165115,30.0,55.861248665443505,-4.307186036515638,162,10.145,777
55.863749415699736,-4.2479286699165115,30.0,55.897857165570365,-4.156645648865112,163,7.765,503
55.863749415699736,-4.2479286699165115,30.0,55.877747555317356,-4.342792329217214,164,10.086,840
55.863749415699736,-4.2479286699165115,30.0,55.92259641850896,-4.389236283866068,165,16.463,1171
55.863749415699736,-4.2479286699165115,30.0,55.92621339590465,-4.2820478996479165,166,8.155,657
55.863749415699736,-4.2479286699165115,30.0,55.80660612206145,-4.094012410496262,167,20.005,1199
55.863749415699736,-4.2479286699165115,30.0,55.84605439624201,-4.09192094471571,168,12.102,618
55.863749415699736,-4.2479286699165115,30.0,55.83961965364386,-4.1201104741133365,169,15.309,809
55.863749415699736,-4.2479286699165115,30.0,55.85030951683019,-4.217608837338132,170,3.438,528
55.863749415699736,-4.2479286699165115,30.0,55.85971342373431,-4.246748195156407,171,0.71,218
55.863749415699736,-4.2479286699165115,30.0,55.815747728441636,-4.150792968910081,172,10.566,1045
55.863749415699736,-4.2479286699165115,30.0,55.80041195127493,-4.3806303679601495,173,15.887,1056
55.863749415699736,-4.2479286699165115,30.0,55.85487415463933,-4.092829020720908,174,11.912,619
55.863749415699736,-4.2479286699165115,30.0,55.80456076444065,-4.203157873727267,175,9.466,1015
55.863749415699736,-4.2479286699165115,30.0,55.84723005082115,-4.330151260440624,176,9.395,709
55.863749415699736,-4.2479286699165115,30.0,55.88775631668876,-4.123428423568879,177,11.513,715
55.863749415699736,-4.2479286699165115,30.0,55.82857385936083,-4.129579652409029,178,20.627,1177
55.863749415699736,-4.2479286699165115,30.0,55.879865395443076,-4.36272007519476,179,10.994,866
55.863749415699736,-4.2479286699165115,30.0,55.87973669437185,-4.215636550296907,180,3.66,527
55.863749415699736,-4.2479286699165115,30.0,55.8162521393249,-4.1868605517933455,181,8.608,927
55.863749415699736,-4.2479286699165115,30.0,55.80755514535402,-4.201625161718038,182,9.219,982
55.863749415699736,-4.2479286699165115,30.0,55.85565398843102,-4.250533808562208,183,1.155,356
55.863749415699736,-4.2479286699165115,30.0,55.929636326069506,-4.381100658166308,184,15.525,1131
55.863749415699736,-4.2479286699165115,30.0,55.879581066995904,-4.21986165885879,185,3.301,507
55.863749415699736,-4.2479286699165115,30.0,55.92647877645629,-4.127886630011083,186,13.127,834
55.863749415699736,-4.2479286699165115,30.0,55.82282427264178,-4.371094162561755,187,13.536,943
55.863749415699736,-4.2479286699165115,30.0,55.90291353127043,-4.3414180899754955,188,8.15,1001
55.863749415699736,-4.2479286699165115,30.0,55.78437024600116,-4.156926419796477,189,12.955,1162
55.863749415699736,-4.2479286699165115,30.0,55.8321542449311,-4.1561720476648265,190,8.035,899
55.863749415699736,-4.2479286699165115,30.0,55.88310705812362,-4.084862107847263,191,16.166,781
55.863749415699736,-4.2479286699165115,30.0,55.85616333886266,-4.110333739241922,192,10.713,663
55.863749415699736,-4.2479286699165115,30.0,55.90185178498145,-4.152652007721208,193,11.674,1128
55.863749415699736,-4.2479286699165115,30.0,55.8837118458465,-4.182392741162416,194,7.953,1476
55.863749415699736,-4.2479286699165115,30.0,55.83086049774818,-4.312434105301623,195,11.439,847
55.863749415699736,-4.2479286699165115,30.0,55.821849459706755,-4.176208567338996,196,13.467,954
55.863749415699736,-4.2479286699165115,30.0,55.88009750494633,-4.255964552703097,197,2.529,395
55.863749415699736,-4.2479286699165115,30.0,55.87413911675089,-4.369807111055967,198,13.036,769
55.863749415699736,-4.2479286699165115,30.0,55.86354071984154,-4.093406384811447,199,11.329,717
55.88029642401186,-4.1561251536433055,31.0,55.8391698042901,-4.214478482526657,0,7.75,831
55.88029642401186,-4.1561251536433055,31.0,55.86553667472969,-4.350500876963486,1,19.019,1038
55.88029642401186,-4.1561251536433055,31.0,55.912892829643965,-4.286410947894997,2,17.641,1964
55.88029642401186,-4.1561251536433055,31.0,55.84854019346565,-4.391697428307927,3,18.45,1259
55.88029642401186,-4.1561251536433055,31.0,55.79232875093524,-4.310455024670266,4,20.941,1237
55.88029642401186,-4.1561251536433055,31.0,55.837143362020576,-4.120043492886959,5,15.498,744
55.88029642401186,-4.1561251536433055,31.0,55.84185129809378,-4.283879851305767,6,15.621,988
55.88029642401186,-4.1561251536433055,31.0,55.90609664927746,-4.311383718964596,7,14.089,1106
55.88029642401186,-4.1561251536433055,31.0,55.7832172019226,-4.31249791159531,8,22.529,1295
55.88029642401186,-4.1561251536433055,31.0,55.8177258987159,-4.260489243356555,9,21.425,1140
55.88029642401186,-4.1561251536433055,31.0,55.903262790870684,-4.212111703691823,10,6.49,689
55.88029642401186,-4.1561251536433055,31.0,55.893978813107424,-4.1413270988368325,11,2.708,330
55.88029642401186,-4.1561251536433055,31.0,55.894884622950286,-4.154349650804189,12,5.523,396
55.88029642401186,-4.1561251536433055,31.0,55.80680963785043,-4.263605759417426,13,23.863,1407
55.88029642401186,-4.1561251536433055,31.0,55.81824312166051,-4.346878846315483,14,18.104,1152
55.88029642401186,-4.1561251536433055,31.0,55.84742656229786,-4.269221405976544,15,12.097,875
55.88029642401186,-4.1561251536433055,31.0,55.80730424868546,-4.315177272898423,16,17.81,1136
55.88029642401186,-4.1561251536433055,31.0,55.83798278877758,-4.260604018644594,17,10.304,936
55.88029642401186,-4.1561251536433055,31.0,55.89424631095569,-4.343398240721316,18,13.95,1086
55.88029642401186,-4.1561251536433055,31.0,55.83908093533876,-4.223069302141199,19,7.926,880
55.88029642401186,-4.1561251536433055,31.0,55.8357731433788,-4.270556349194068,20,12.901,886
55.88029642401186,-4.1561251536433055,31.0,55.90309627527835,-4.360750370095284,21,15.983,1321
55.88029642401186,-4.1561251536433055,31.0,55.85652103589449,-4.101365743428073,22,6.022,436
55.88029642401186,-4.1561251536433055,31.0,55.783736419963375,-4.235306054793451,23,22.336,1317
55.88029642401186,-4.1561251536433055,31.0,55.92064824587275,-4.2358362157531895,24,12.764,822
55.88029642401186,-4.1561251536433055,31.0,55.907674892744176,-4.2497703459088045,25,8.997,1936
55.88029642401186,-4.1561251536433055,31.0,55.919604340921964,-4.226208116301384,26,11.498,757
55.88029642401186,-4.1561251536433055,31.0,55.83219148710444,-4.304581930326681,27,16.982,1178
55.88029642401186,-4.1561251536433055,31.0,55.79569701419853,-4.1769099124482585,28,18.511,1073
55.88029642401186,-4.1561251536433055,31.0,55.81260197667657,-4.197841211154324,29,19.133,1059
55.88029642401186,-4.1561251536433055,31.0,55.826092940761974,-4.176919409292903,30,15.416,886
55.88029642401186,-4.1561251536433055,31.0,55.828413149208096,-4.109650878166438,31,12.968,781
55.88029642401186,-4.1561251536433055,31.0,55.8999241737755,-4.257993823533507,32,11.854,976
55.88029642401186,-4.1561251536433055,31.0,55.892514250678616,-4.340118142906542,33,13.979,1097
55.88029642401186,-4.1561251536433055,31.0,55.855241629670886,-4.269936069312288,34,9.941,616
55.88029642401186,-4.1561251536433055,31.0,55.877364911629314,-4.109701193625618,35,5.29,461
55.88029642401186,-4.1561251536433055,31.0,55.887053111734645,-4.1280531391159245,36,4.757,424
55.88029642401186,-4.1561251536433055,31.0,55.89108676863447,-4.105446803942431,37,6.49,730
55.88029642401186,-4.1561251536433055,31.0,55.842635153466425,-4.334387903339716,38,14.887,966
55.88029642401186,-4.1561251536433055,31.0,55.89197542936556,-4.19614108945253,39,4.274,415
55.88029642401186,-4.1561251536433055,31.0,55.825849135803445,-4.321179033230789,40,15.16,1078
55.88029642401186,-4.1561251536433055,31.0,55.81864602215581,-4.375055705699034,41,19.133,1160
55.88029642401186,-4.1561251536433055,31.0,55.92613065482397,-4.212698358862173,42,10.872,752
55.88029642401186,-4.1561251536433055,31.0,55.874439929608144,-4.279689658904073,43,9.782,738
55.88029642401186,-4.1561251536433055,31.0,55.81998166828728,-4.245455535821837,44,20.905,1045
55.88029642401186,-4.1561251536433055,31.0,55.91066980601156,-4.213502644426629,45,11.854,806
55.88029642401186,-4.1561251536433055,31.0,55.8404807486866,-4.356656090229781,46,18.539,1233
55.88029642401186,-4.1561251536433055,31.0,55.88708229912325,-4.079055837843032,47,8.617,580
55.88029642401186,-4.1561251536433055,31.0,55.84510555179576,-4.178720975321847,48,6.37,701
55.88029642401186,-4.1561251536433055,31.0,55.84413340760586,-4.085244529493477,49,10.521,969
55.88029642401186,-4.1561251536433055,31.0,55.83324217210475,-4.157183908594519,50,13.513,733
55.88029642401186,-4.1561251536433055,31.0,55.895753278756494,-4.323131413571223,51,13.721,1160
55.88029642401186,-4.1561251536433055,31.0,55.88609925330935,-4.38354364327563,52,20.052,1106
55.88029642401186,-4.1561251536433055,31.0,55.86596770908397,-4.338853955125049,53,16.835,986
55.88029642401186,-4.1561251536433055,31.0,55.819381988004544,-4.256567679373081,54,22.334,1195
55.88029642401186,-4.1561251536433055,31.0,55.919398785577634,-4.298102785445152,55,17.917,1644
55.88029642401186,-4.1561251536433055,31.0,55.81052481551728,-4.0780884232687225,56,15.767,1928
55.88029642401186,-4.1561251536433055,31.0,55.8411814367945,-4.125490362928665,57,11.049,676
55.88029642401186,-4.1561251536433055,31.0,55.844855881791794,-4.151320272286683,58,5.772,635
55.88029642401186,-4.1561251536433055,31.0,55.79334532620707,-4.3052187624925375,59,21.272,1244
55.88029642401186,-4.1561251536433055,31.0,55.78499644933002,-4.082518262203789,60,17.657,855
55.88029642401186,-4.1561251536433055,31.0,55.86482365717543,-4.074666870071637,61,8.288,653
55.88029642401186,-4.1561251536433055,31.0,55.910543969585106,-4.384534109666136,62,17.81,1416
55.88029642401186,-4.1561251536433055,31.0,55.799715679086134,-4.188568421733812,63,18.839,1264
55.88029642401186,-4.1561251536433055,31.0,55.90005630083831,-4.294022887833187,64,13.161,1059
55.88029642401186,-4.1561251536433055,31.0,55.82573931186619,-4.210157383495828,65,17.19,874
55.88029642401186,-4.1561251536433055,31.0,55.88010014610652,-4.288014027401103,66,11.882,1028
55.88029642401186,-4.1561251536433055,31.0,55.8836463272421,-4.377148406451105,67,19.822,1183
55.88029642401186,-4.1561251536433055,31.0,55.80511293548626,-4.195982430231648,68,20.113,1134
55.88029642401186,-4.1561251536433055,31.0,55.9265186267864,-4.256321117900257,69,14.99,951
55.88029642401186,-4.1561251536433055,31.0,55.90353118048908,-4.119171950823842,70,5.653,665
55.88029642401186,-4.1561251536433055,31.0,55.81502357146685,-4.260984914919316,71,21.782,1174
55.88029642401186,-4.1561251536433055,31.0,55.894355058439295,-4.293143876300353,72,12.451,1007
55.88029642401186,-4.1561251536433055,31.0,55.80246488546192,-4.242274834364847,73,23.046,1271
55.88029642401186,-4.1561251536433055,31.0,55.887581813102464,-4.2985753032369685,74,12.063,1003
55.88029642401186,-4.1561251536433055,31.0,55.928290955083554,-4.295962301582311,75,16.617,985
55.88029642401186,-4.1561251536433055,31.0,55.81096058143004,-4.368797105646974,76,20.79,1242
55.88029642401186,-4.1561251536433055,31.0,55.84818750128869,-4.3631808239548375,77,19.525,1085
55.88029642401186,-4.1561251536433055,31.0,55.81610352786554,-4.330910795148831,78,17.129,992
55.88029642401186,-4.1561251536433055,31.0,55.807034270653475,-4.136077366584948,79,17.537,1021
55.88029642401186,-4.1561251536433055,31.0,55.86778114631985,-4.233612892312959,80,6.912,602
55.88029642401186,-4.1561251536433055,31.0,55.79578956690847,-4.368290459919509,81,25.874,2437
55.88029642401186,-4.1561251536433055,31.0,55.897877306124535,-4.077031107370425,82,8.281,1196
55.88029642401186,-4.1561251536433055,31.0,55.80721289582252,-4.242612882195534,83,22.269,1222
55.88029642401186,-4.1561251536433055,31.0,55.92209393969709,-4.157940141970138,84,6.807,524
55.88029642401186,-4.1561251536433055,31.0,55.79188265083702,-4.28147512844989,85,22.134,1299
55.88029642401186,-4.1561251536433055,31.0,55.88043814367632,-4.104360473798184,86,5.102,421
55.88029642401186,-4.1561251536433055,31.0,55.90345994988174,-4.293652184560058,87,18.285,1140
55.88029642401186,-4.1561251536433055,31.0,55.91230525016259,-4.108196424937476,88,6.921,611
55.88029642401186,-4.1561251536433055,31.0,55.90569137930351,-4.3852429216612405,89,17.845,1439
55.88029642401186,-4.1561251536433055,31.0,55.824402119970216,-4.298242138123909,90,15.596,999
55.88029642401186,-4.1561251536433055,31.0,55.887104625653905,-4.201059285828647,91,4.048,488
55.88029642401186,-4.1561251536433055,31.0,55.92006797200308,-4.195257422106852,92,8.877,569
55.88029642401186,-4.1561251536433055,31.0,55.7944551107823,-4.1683749063061635,93,18.641,1507
55.88029642401186,-4.1561251536433055,31.0,55.88003873447475,-4.304350182381346,94,11.396,911
55.88029642401186,-4.1561251536433055,31.0,55.88308048053683,-4.2942103285768285,95,10.996,885
55.88029642401186,-4.1561251536433055,31.0,55.80779271908626,-4.3234306371549245,96,18.4,1124
55.88029642401186,-4.1561251536433055,31.0,55.90123467399992,-4.380968632189907,97,20.998,1585
55.88029642401186,-4.1561251536433055,31.0,55.88049231589054,-4.293733205570284,98,10.898,875
55.88029642401186,-4.1561251536433055,31.0,55.84697147961761,-4.334108806216461,99,15.001,999
55.88029642401186,-4.1561251536433055,31.0,55.83067141211495,-4.195633651932574,100,16.434,888
55.88029642401186,-4.1561251536433055,31.0,55.89350845984679,-4.099445363541155,101,6.305,561
55.88029642401186,-4.1561251536433055,31.0,55.92592408664018,-4.179171340754611,102,8.148,608
55.88029642401186,-4.1561251536433055,31.0,55.84941827409408,-4.169566750359822,103,4.941,581
55.88029642401186,-4.1561251536433055,31.0,55.92413375575165,-4.226670311636797,104,12.087,1494
55.88029642401186,-4.1561251536433055,31.0,55.88995713457192,-4.285031242761631,105,11.391,909
55.88029642401186,-4.1561251536433055,31.0,55.90528066541109,-4.131569818675147,106,4.581,389
55.88029642401186,-4.1561251536433055,31.0,55.87850608392288,-4.103517886631066,107,5.433,454
55.88029642401186,-4.1561251536433055,31.0,55.80799405798939,-4.284953473560454,108,16.899,1254
55.88029642401186,-4.1561251536433055,31.0,55.906815669822045,-4.385279074380807,109,17.156,1354
55.88029642401186,-4.1561251536433055,31.0,55.916237634416454,-4.222407816066865,110,11.413,745
55.88029642401186,-4.1561251536433055,31.0,55.915798955837815,-4.088621086891774,111,7.639,645
55.88029642401186,-4.1561251536433055,31.0,55.827538479175395,-4.350653065976025,112,17.473,1083
55.88029642401186,-4.1561251536433055,31.0,55.799515288981674,-4.0866627646338864,113,18.027,968
55.88029642401186,-4.1561251536433055,31.0,55.831024245961984,-4.244756518165482,114,19.386,946
55.88029642401186,-4.1561251536433055,31.0,55.86754360554833,-4.2143078261423845,115,5.585,587
55.88029642401186,-4.1561251536433055,31.0,55.8574985965699,-4.1521224561179935,116,3.553,420
55.88029642401186,-4.1561251536433055,31.0,55.88095643501817,-4.32811659177277,117,14.615,967
55.88029642401186,-4.1561251536433055,31.0,55.85240433608213,-4.177570445500026,118,5.219,595
55.88029642401186,-4.1561251536433055,31.0,55.91169549549074,-4.359708873069638,119,22.458,1499
55.88029642401186,-4.1561251536433055,31.0,55.92640787519779,-4.300990956079843,120,17.065,1034
55.88029642401186,-4.1561251536433055,31.0,55.84019197366069,-4.205566157974415,121,8.236,929
55.88029642401186,-4.1561251536433055,31.0,55.866619942939494,-4.268153778778456,122,8.859,719
55.88029642401186,-4.1561251536433055,31.0,55.81327411986783,-4.2587495402872255,123,21.761,1184
55.88029642401186,-4.1561251536433055,31.0,55.86022660117776,-4.154711133590585,124,2.77,347
55.88029642401186,-4.1561251536433055,31.0,55.831522729053496,-4.370420634377527,125,19.527,1253
55.88029642401186,-4.1561251536433055,31.0,55.84074346341779,-4.172411658039648,126,6.092,661
55.88029642401186,-4.1561251536433055,31.0,55.8801412435821,-4.258666277618953,127,9.135,733
55.88029642401186,-4.1561251536433055,31.0,55.8434159429892,-4.1056733307349536,128,11.305,705
55.88029642401186,-4.1561251536433055,31.0,55.83522057783537,-4.25736952395694,129,10.278,938
55.88029642401186,-4.1561251536433055,31.0,55.86467774065618,-4.2250953414252415,130,6.805,505
55.88029642401186,-4.1561251536433055,31.0,55.8953662249987,-4.231143624453162,131,7.093,661
55.88029642401186,-4.1561251536433055,31.0,55.81920459649808,-4.236238450921302,132,21.489,1095
55.88029642401186,-4.1561251536433055,31.0,55.900795402502105,-4.206009410292495,133,5.675,580
55.88029642401186,-4.1561251536433055,31.0,55.86078490474355,-4.339631469507248,134,17.37,1081
55.88029642401186,-4.1561251536433055,31.0,55.924999437053955,-4.191173279124663,135,8.626,560
55.88029642401186,-4.1561251536433055,31.0,55.81549096669224,-4.126910343137958,136,16.367,992
55.88029642401186,-4.1561251536433055,31.0,55.90135585493081,-4.207622057499793,137,5.674,557
55.88029642401186,-4.1561251536433055,31.0,55.845816555475636,-4.129576488296543,138,6.358,618
55.88029642401186,-4.1561251536433055,31.0,55.80470047644827,-4.291960781118721,139,16.926,1232
55.88029642401186,-4.1561251536433055,31.0,55.89185394491289,-4.179857587296262,140,4.221,417
55.88029642401186,-4.1561251536433055,31.0,55.91859399996558,-4.3401659608951215,141,19.826,1245
55.88029642401186,-4.1561251536433055,31.0,55.90671476836246,-4.3642865107142725,142,22.545,1471
55.88029642401186,-4.1561251536433055,31.0,55.81273399651921,-4.167613047894911,143,15.97,874
55.88029642401186,-4.1561251536433055,31.0,55.80939871413575,-4.276056954355674,144,16.807,1218
55.88029642401186,-4.1561251536433055,31.0,55.88312869327199,-4.214542892826467,145,4.695,532
55.88029642401186,-4.1561251536433055,31.0,55.815340374954424,-4.283514492524949,146,15.801,1103
55.88029642401186,-4.1561251536433055,31.0,55.87864379034378,-4.080636908866371,147,9.597,615
55.88029642401186,-4.1561251536433055,31.0,55.89423440492952,-4.2418874418647645,148,7.834,784
55.88029642401186,-4.1561251536433055,31.0,55.92796852989922,-4.305970400193036,149,17.193,1057
55.88029642401186,-4.1561251536433055,31.0,55.92895153496988,-4.082888064137351,150,12.558,700
55.88029642401186,-4.1561251536433055,31.0,55.790766759429424,-4.135285962371055,151,19.665,1077
55.88029642401186,-4.1561251536433055,31.0,55.80808041573422,-4.184105792933229,152,17.449,991
55.88029642401186,-4.1561251536433055,31.0,55.7982747224006,-4.3931924101572655,153,21.598,1337
55.88029642401186,-4.1561251536433055,31.0,55.81178474630603,-4.337962602706185,154,18.196,1098
55.88029642401186,-4.1561251536433055,31.0,55.852972007756,-4.353957895039277,155,16.569,1085
55.88029642401186,-4.1561251536433055,31.0,55.797152036890715,-4.311451416173846,156,20.168,1172
55.88029642401186,-4.1561251536433055,31.0,55.84839482833289,-4.1889265673730645,157,7.131,736
55.88029642401186,-4.1561251536433055,31.0,55.86383954752864,-4.387927326091926,158,22.161,1112
55.88029642401186,-4.1561251536433055,31.0,55.807182357875575,-4.140487806234959,159,17.214,996
55.88029642401186,-4.1561251536433055,31.0,55.8296607577131,-4.218765551358871,160,17.531,965
55.88029642401186,-4.1561251536433055,31.0,55.82699494590622,-4.295404959002084,161,15.632,976
55.88029642401186,-4.1561251536433055,31.0,55.861248665443505,-4.307186036515638,162,15.272,1011
55.88029642401186,-4.1561251536433055,31.0,55.897857165570365,-4.156645648865112,163,5.758,470
55.88029642401186,-4.1561251536433055,31.0,55.877747555317356,-4.342792329217214,164,15.213,1073
55.88029642401186,-4.1561251536433055,31.0,55.92259641850896,-4.389236283866068,165,23.825,1449
55.88029642401186,-4.1561251536433055,31.0,55.92621339590465,-4.2820478996479165,166,15.937,954
55.88029642401186,-4.1561251536433055,31.0,55.80660612206145,-4.094012410496262,167,15.352,993
55.88029642401186,-4.1561251536433055,31.0,55.84605439624201,-4.09192094471571,168,7.449,412
55.88029642401186,-4.1561251536433055,31.0,55.83961965364386,-4.1201104741133365,169,10.656,603
55.88029642401186,-4.1561251536433055,31.0,55.85030951683019,-4.217608837338132,170,6.674,750
55.88029642401186,-4.1561251536433055,31.0,55.85971342373431,-4.246748195156407,171,7.518,652
55.88029642401186,-4.1561251536433055,31.0,55.815747728441636,-4.150792968910081,172,16.084,893
55.88029642401186,-4.1561251536433055,31.0,55.80041195127493,-4.3806303679601495,173,21.014,1290
55.88029642401186,-4.1561251536433055,31.0,55.85487415463933,-4.092829020720908,174,7.259,414
55.88029642401186,-4.1561251536433055,31.0,55.80456076444065,-4.203157873727267,175,20.132,1135
55.88029642401186,-4.1561251536433055,31.0,55.84723005082115,-4.330151260440624,176,14.522,942
55.88029642401186,-4.1561251536433055,31.0,55.88775631668876,-4.123428423568879,177,4.892,430
55.88029642401186,-4.1561251536433055,31.0,55.82857385936083,-4.129579652409029,178,15.974,971
55.88029642401186,-4.1561251536433055,31.0,55.879865395443076,-4.36272007519476,179,16.121,1099
55.88029642401186,-4.1561251536433055,31.0,55.87973669437185,-4.215636550296907,180,5.52,653
55.88029642401186,-4.1561251536433055,31.0,55.8162521393249,-4.1868605517933455,181,16.557,988
55.88029642401186,-4.1561251536433055,31.0,55.80755514535402,-4.201625161718038,182,19.885,1102
55.88029642401186,-4.1561251536433055,31.0,55.85565398843102,-4.250533808562208,183,8.332,807
55.88029642401186,-4.1561251536433055,31.0,55.929636326069506,-4.381100658166308,184,22.887,1408
55.88029642401186,-4.1561251536433055,31.0,55.879581066995904,-4.21986165885879,185,5.793,702
55.88029642401186,-4.1561251536433055,31.0,55.92647877645629,-4.127886630011083,186,7.984,627
55.88029642401186,-4.1561251536433055,31.0,55.82282427264178,-4.371094162561755,187,18.663,1176
55.88029642401186,-4.1561251536433055,31.0,55.90291353127043,-4.3414180899754955,188,14.781,1255
55.88029642401186,-4.1561251536433055,31.0,55.78437024600116,-4.156926419796477,189,23.256,1131
55.88029642401186,-4.1561251536433055,31.0,55.8321542449311,-4.1561720476648265,190,13.553,747
55.88029642401186,-4.1561251536433055,31.0,55.88310705812362,-4.084862107847263,191,11.513,575
55.88029642401186,-4.1561251536433055,31.0,55.85616333886266,-4.110333739241922,192,6.06,457
55.88029642401186,-4.1561251536433055,31.0,55.90185178498145,-4.152652007721208,193,6.436,904
55.88029642401186,-4.1561251536433055,31.0,55.8837118458465,-4.182392741162416,194,2.534,1097
55.88029642401186,-4.1561251536433055,31.0,55.83086049774818,-4.312434105301623,195,16.566,1080
55.88029642401186,-4.1561251536433055,31.0,55.821849459706755,-4.176208567338996,196,15.437,831
55.88029642401186,-4.1561251536433055,31.0,55.88009750494633,-4.255964552703097,197,8.821,712
55.88029642401186,-4.1561251536433055,31.0,55.87413911675089,-4.369807111055967,198,18.163,1002
55.88029642401186,-4.1561251536433055,31.0,55.86354071984154,-4.093406384811447,199,6.676,511
55.895607757466365,-4.136355430559413,32.0,55.8391698042901,-4.214478482526657,0,9.218,906
55.895607757466365,-4.136355430559413,32.0,55.86553667472969,-4.350500876963486,1,22.382,1041
55.895607757466365,-4.136355430559413,32.0,55.912892829643965,-4.286410947894997,2,15.66,1746
55.895607757466365,-4.136355430559413,32.0,55.84854019346565,-4.391697428307927,3,21.813,1262
55.895607757466365,-4.136355430559413,32.0,55.79232875093524,-4.310455024670266,4,24.304,1241
55.895607757466365,-4.136355430559413,32.0,55.837143362020576,-4.120043492886959,5,18.544,906
55.895607757466365,-4.136355430559413,32.0,55.84185129809378,-4.283879851305767,6,18.984,991
55.895607757466365,-4.136355430559413,32.0,55.90609664927746,-4.311383718964596,7,17.87,1018
55.895607757466365,-4.136355430559413,32.0,55.7832172019226,-4.31249791159531,8,25.892,1299
55.895607757466365,-4.136355430559413,32.0,55.8177258987159,-4.260489243356555,9,16.297,1164
55.895607757466365,-4.136355430559413,32.0,55.903262790870684,-4.212111703691823,10,9.225,597
55.895607757466365,-4.136355430559413,32.0,55.893978813107424,-4.1413270988368325,11,1.01,163
55.895607757466365,-4.136355430559413,32.0,55.894884622950286,-4.154349650804189,12,2.779,136
55.895607757466365,-4.136355430559413,32.0,55.80680963785043,-4.263605759417426,13,21.626,1396
55.895607757466365,-4.136355430559413,32.0,55.81824312166051,-4.346878846315483,14,21.467,1155
55.895607757466365,-4.136355430559413,32.0,55.84742656229786,-4.269221405976544,15,15.46,878
55.895607757466365,-4.136355430559413,32.0,55.80730424868546,-4.315177272898423,16,21.173,1140
55.895607757466365,-4.136355430559413,32.0,55.83798278877758,-4.260604018644594,17,13.667,939
55.895607757466365,-4.136355430559413,32.0,55.89424631095569,-4.343398240721316,18,17.313,1089
55.895607757466365,-4.136355430559413,32.0,55.83908093533876,-4.223069302141199,19,9.394,955
55.895607757466365,-4.136355430559413,32.0,55.8357731433788,-4.270556349194068,20,16.264,889
55.895607757466365,-4.136355430559413,32.0,55.90309627527835,-4.360750370095284,21,20.533,1290
55.895607757466365,-4.136355430559413,32.0,55.85652103589449,-4.101365743428073,22,10.146,657
55.895607757466365,-4.136355430559413,32.0,55.783736419963375,-4.235306054793451,23,25.382,1480
55.895607757466365,-4.136355430559413,32.0,55.92064824587275,-4.2358362157531895,24,10.783,604
55.895607757466365,-4.136355430559413,32.0,55.907674892744176,-4.2497703459088045,25,11.729,1819
55.895607757466365,-4.136355430559413,32.0,55.919604340921964,-4.226208116301384,26,9.517,539
55.895607757466365,-4.136355430559413,32.0,55.83219148710444,-4.304581930326681,27,20.345,1181
55.895607757466365,-4.136355430559413,32.0,55.79569701419853,-4.1769099124482585,28,21.557,1236
55.895607757466365,-4.136355430559413,32.0,55.81260197667657,-4.197841211154324,29,12.72,1192
55.895607757466365,-4.136355430559413,32.0,55.826092940761974,-4.176919409292903,30,18.462,1049
55.895607757466365,-4.136355430559413,32.0,55.828413149208096,-4.109650878166438,31,16.014,944
55.895607757466365,-4.136355430559413,32.0,55.8999241737755,-4.257993823533507,32,16.934,940
55.895607757466365,-4.136355430559413,32.0,55.892514250678616,-4.340118142906542,33,17.342,1101
55.895607757466365,-4.136355430559413,32.0,55.855241629670886,-4.269936069312288,34,13.304,619
55.895607757466365,-4.136355430559413,32.0,55.877364911629314,-4.109701193625618,35,7.535,542
55.895607757466365,-4.136355430559413,32.0,55.887053111734645,-4.1280531391159245,36,2.013,164
55.895607757466365,-4.136355430559413,32.0,55.89108676863447,-4.105446803942431,37,3.746,470
55.895607757466365,-4.136355430559413,32.0,55.842635153466425,-4.334387903339716,38,18.25,969
55.895607757466365,-4.136355430559413,32.0,55.89197542936556,-4.19614108945253,39,5.887,338
55.895607757466365,-4.136355430559413,32.0,55.825849135803445,-4.321179033230789,40,18.523,1081
55.895607757466365,-4.136355430559413,32.0,55.81864602215581,-4.375055705699034,41,22.496,1163
55.895607757466365,-4.136355430559413,32.0,55.92613065482397,-4.212698358862173,42,8.891,534
55.895607757466365,-4.136355430559413,32.0,55.874439929608144,-4.279689658904073,43,13.145,741
55.895607757466365,-4.136355430559413,32.0,55.81998166828728,-4.245455535821837,44,15.777,1070
55.895607757466365,-4.136355430559413,32.0,55.91066980601156,-4.213502644426629,45,9.873,588
55.895607757466365,-4.136355430559413,32.0,55.8404807486866,-4.356656090229781,46,21.902,1236
55.895607757466365,-4.136355430559413,32.0,55.88708229912325,-4.079055837843032,47,5.75,407
55.895607757466365,-4.136355430559413,32.0,55.84510555179576,-4.178720975321847,48,10.126,978
55.895607757466365,-4.136355430559413,32.0,55.84413340760586,-4.085244529493477,49,12.054,1146
55.895607757466365,-4.136355430559413,32.0,55.83324217210475,-4.157183908594519,50,16.559,896
55.895607757466365,-4.136355430559413,32.0,55.895753278756494,-4.323131413571223,51,20.159,1227
55.895607757466365,-4.136355430559413,32.0,55.88609925330935,-4.38354364327563,52,23.415,1109
55.895607757466365,-4.136355430559413,32.0,55.86596770908397,-4.338853955125049,53,20.198,990
55.895607757466365,-4.136355430559413,32.0,55.819381988004544,-4.256567679373081,54,16.027,1185
55.895607757466365,-4.136355430559413,32.0,55.919398785577634,-4.298102785445152,55,15.936,1426
55.895607757466365,-4.136355430559413,32.0,55.81052481551728,-4.0780884232687225,56,18.813,2091
55.895607757466365,-4.136355430559413,32.0,55.8411814367945,-4.125490362928665,57,14.095,839
55.895607757466365,-4.136355430559413,32.0,55.844855881791794,-4.151320272286683,58,10.275,915
55.895607757466365,-4.136355430559413,32.0,55.79334532620707,-4.3052187624925375,59,24.635,1247
55.895607757466365,-4.136355430559413,32.0,55.78499644933002,-4.082518262203789,60,20.703,1018
55.895607757466365,-4.136355430559413,32.0,55.86482365717543,-4.074666870071637,61,8.472,709
55.895607757466365,-4.136355430559413,32.0,55.910543969585106,-4.384534109666136,62,22.965,1425
55.895607757466365,-4.136355430559413,32.0,55.799715679086134,-4.188568421733812,63,21.885,1426
55.895607757466365,-4.136355430559413,32.0,55.90005630083831,-4.294022887833187,64,17.089,1001
55.895607757466365,-4.136355430559413,32.0,55.82573931186619,-4.210157383495828,65,10.777,1007
55.895607757466365,-4.136355430559413,32.0,55.88010014610652,-4.288014027401103,66,15.245,1031
55.895607757466365,-4.136355430559413,32.0,55.8836463272421,-4.377148406451105,67,23.185,1187
55.895607757466365,-4.136355430559413,32.0,55.80511293548626,-4.195982430231648,68,13.7,1267
55.895607757466365,-4.136355430559413,32.0,55.9265186267864,-4.256321117900257,69,13.009,733
55.895607757466365,-4.136355430559413,32.0,55.90353118048908,-4.119171950823842,70,2.909,405
55.895607757466365,-4.136355430559413,32.0,55.81502357146685,-4.260984914919316,71,16.654,1199
55.895607757466365,-4.136355430559413,32.0,55.894355058439295,-4.293143876300353,72,18.137,1085
55.895607757466365,-4.136355430559413,32.0,55.80246488546192,-4.242274834364847,73,17.918,1295
55.895607757466365,-4.136355430559413,32.0,55.887581813102464,-4.2985753032369685,74,15.426,1006
55.895607757466365,-4.136355430559413,32.0,55.928290955083554,-4.295962301582311,75,14.636,767
55.895607757466365,-4.136355430559413,32.0,55.81096058143004,-4.368797105646974,76,24.153,1245
55.895607757466365,-4.136355430559413,32.0,55.84818750128869,-4.3631808239548375,77,22.888,1088
55.895607757466365,-4.136355430559413,32.0,55.81610352786554,-4.330910795148831,78,20.492,995
55.895607757466365,-4.136355430559413,32.0,55.807034270653475,-4.136077366584948,79,20.583,1184
55.895607757466365,-4.136355430559413,32.0,55.86778114631985,-4.233612892312959,80,10.275,605
55.895607757466365,-4.136355430559413,32.0,55.79578956690847,-4.368290459919509,81,29.237,2440
55.895607757466365,-4.136355430559413,32.0,55.897877306124535,-4.077031107370425,82,5.537,936
55.895607757466365,-4.136355430559413,32.0,55.80721289582252,-4.242612882195534,83,17.141,1247
55.895607757466365,-4.136355430559413,32.0,55.92209393969709,-4.157940141970138,84,4.826,306
55.895607757466365,-4.136355430559413,32.0,55.79188265083702,-4.28147512844989,85,25.497,1302
55.895607757466365,-4.136355430559413,32.0,55.88043814367632,-4.104360473798184,86,6.845,482
55.895607757466365,-4.136355430559413,32.0,55.90345994988174,-4.293652184560058,87,16.304,922
55.895607757466365,-4.136355430559413,32.0,55.91230525016259,-4.108196424937476,88,4.177,351
55.895607757466365,-4.136355430559413,32.0,55.90569137930351,-4.3852429216612405,89,23.901,1501
55.895607757466365,-4.136355430559413,32.0,55.824402119970216,-4.298242138123909,90,18.959,1002
55.895607757466365,-4.136355430559413,32.0,55.887104625653905,-4.201059285828647,91,6.947,507
55.895607757466365,-4.136355430559413,32.0,55.92006797200308,-4.195257422106852,92,6.896,351
55.895607757466365,-4.136355430559413,32.0,55.7944551107823,-4.1683749063061635,93,21.687,1670
55.895607757466365,-4.136355430559413,32.0,55.88003873447475,-4.304350182381346,94,14.759,914
55.895607757466365,-4.136355430559413,32.0,55.88308048053683,-4.2942103285768285,95,14.359,888
55.895607757466365,-4.136355430559413,32.0,55.80779271908626,-4.3234306371549245,96,21.763,1127
55.895607757466365,-4.136355430559413,32.0,55.90123467399992,-4.380968632189907,97,24.361,1588
55.895607757466365,-4.136355430559413,32.0,55.88049231589054,-4.293733205570284,98,14.261,879
55.895607757466365,-4.136355430559413,32.0,55.84697147961761,-4.334108806216461,99,18.364,1002
55.895607757466365,-4.136355430559413,32.0,55.83067141211495,-4.195633651932574,100,19.48,1051
55.895607757466365,-4.136355430559413,32.0,55.89350845984679,-4.099445363541155,101,3.561,301
55.895607757466365,-4.136355430559413,32.0,55.92592408664018,-4.179171340754611,102,6.167,390
55.895607757466365,-4.136355430559413,32.0,55.84941827409408,-4.169566750359822,103,9.444,862
55.895607757466365,-4.136355430559413,32.0,55.92413375575165,-4.226670311636797,104,10.106,1276
55.895607757466365,-4.136355430559413,32.0,55.88995713457192,-4.285031242761631,105,14.754,913
55.895607757466365,-4.136355430559413,32.0,55.90528066541109,-4.131569818675147,106,2.505,153
55.895607757466365,-4.136355430559413,32.0,55.87850608392288,-4.103517886631066,107,7.176,516
55.895607757466365,-4.136355430559413,32.0,55.80799405798939,-4.284953473560454,108,20.262,1257
55.895607757466365,-4.136355430559413,32.0,55.906815669822045,-4.385279074380807,109,23.682,1455
55.895607757466365,-4.136355430559413,32.0,55.916237634416454,-4.222407816066865,110,9.432,527
55.895607757466365,-4.136355430559413,32.0,55.915798955837815,-4.088621086891774,111,4.895,385
55.895607757466365,-4.136355430559413,32.0,55.827538479175395,-4.350653065976025,112,20.836,1086
55.895607757466365,-4.136355430559413,32.0,55.799515288981674,-4.0866627646338864,113,21.073,1131
55.895607757466365,-4.136355430559413,32.0,55.831024245961984,-4.244756518165482,114,14.378,978
55.895607757466365,-4.136355430559413,32.0,55.86754360554833,-4.2143078261423845,115,8.973,635
55.895607757466365,-4.136355430559413,32.0,55.8574985965699,-4.1521224561179935,116,5.933,644
55.895607757466365,-4.136355430559413,32.0,55.88095643501817,-4.32811659177277,117,17.978,971
55.895607757466365,-4.136355430559413,32.0,55.85240433608213,-4.177570445500026,118,7.928,772
55.895607757466365,-4.136355430559413,32.0,55.91169549549074,-4.359708873069638,119,20.477,1281
55.895607757466365,-4.136355430559413,32.0,55.92640787519779,-4.300990956079843,120,15.084,816
55.895607757466365,-4.136355430559413,32.0,55.84019197366069,-4.205566157974415,121,9.704,1004
55.895607757466365,-4.136355430559413,32.0,55.866619942939494,-4.268153778778456,122,12.222,722
55.895607757466365,-4.136355430559413,32.0,55.81327411986783,-4.2587495402872255,123,16.633,1208
55.895607757466365,-4.136355430559413,32.0,55.86022660117776,-4.154711133590585,124,5.15,571
55.895607757466365,-4.136355430559413,32.0,55.831522729053496,-4.370420634377527,125,22.89,1256
55.895607757466365,-4.136355430559413,32.0,55.84074346341779,-4.172411658039648,126,17.54,941
55.895607757466365,-4.136355430559413,32.0,55.8801412435821,-4.258666277618953,127,12.498,736
55.895607757466365,-4.136355430559413,32.0,55.8434159429892,-4.1056733307349536,128,14.351,868
55.895607757466365,-4.136355430559413,32.0,55.83522057783537,-4.25736952395694,129,13.641,941
55.895607757466365,-4.136355430559413,32.0,55.86467774065618,-4.2250953414252415,130,10.168,508
55.895607757466365,-4.136355430559413,32.0,55.8953662249987,-4.231143624453162,131,8.706,586
55.895607757466365,-4.136355430559413,32.0,55.81920459649808,-4.236238450921302,132,16.361,1120
55.895607757466365,-4.136355430559413,32.0,55.900795402502105,-4.206009410292495,133,7.288,505
55.895607757466365,-4.136355430559413,32.0,55.86078490474355,-4.339631469507248,134,20.733,1084
55.895607757466365,-4.136355430559413,32.0,55.924999437053955,-4.191173279124663,135,6.645,342
55.895607757466365,-4.136355430559413,32.0,55.81549096669224,-4.126910343137958,136,19.413,1155
55.895607757466365,-4.136355430559413,32.0,55.90135585493081,-4.207622057499793,137,7.287,482
55.895607757466365,-4.136355430559413,32.0,55.845816555475636,-4.129576488296543,138,13.184,827
55.895607757466365,-4.136355430559413,32.0,55.80470047644827,-4.291960781118721,139,20.289,1235
55.895607757466365,-4.136355430559413,32.0,55.89185394491289,-4.179857587296262,140,4.774,254
55.895607757466365,-4.136355430559413,32.0,55.91859399996558,-4.3401659608951215,141,17.845,1026
55.895607757466365,-4.136355430559413,32.0,55.90671476836246,-4.3642865107142725,142,20.564,1253
55.895607757466365,-4.136355430559413,32.0,55.81273399651921,-4.167613047894911,143,19.016,1037
55.895607757466365,-4.136355430559413,32.0,55.80939871413575,-4.276056954355674,144,20.17,1221
55.895607757466365,-4.136355430559413,32.0,55.88312869327199,-4.214542892826467,145,7.52,561
55.895607757466365,-4.136355430559413,32.0,55.815340374954424,-4.283514492524949,146,19.164,1106
55.895607757466365,-4.136355430559413,32.0,55.87864379034378,-4.080636908866371,147,6.73,442
55.895607757466365,-4.136355430559413,32.0,55.89423440492952,-4.2418874418647645,148,9.447,709
55.895607757466365,-4.136355430559413,32.0,55.92796852989922,-4.305970400193036,149,15.212,839
55.895607757466365,-4.136355430559413,32.0,55.92895153496988,-4.082888064137351,150,9.814,440
55.895607757466365,-4.136355430559413,32.0,55.790766759429424,-4.135285962371055,151,22.711,1240
55.895607757466365,-4.136355430559413,32.0,55.80808041573422,-4.184105792933229,152,20.495,1154
55.895607757466365,-4.136355430559413,32.0,55.7982747224006,-4.3931924101572655,153,24.961,1340
55.895607757466365,-4.136355430559413,32.0,55.81178474630603,-4.337962602706185,154,21.559,1101
55.895607757466365,-4.136355430559413,32.0,55.852972007756,-4.353957895039277,155,19.932,1088
55.895607757466365,-4.136355430559413,32.0,55.797152036890715,-4.311451416173846,156,23.531,1175
55.895607757466365,-4.136355430559413,32.0,55.84839482833289,-4.1889265673730645,157,8.941,852
55.895607757466365,-4.136355430559413,32.0,55.86383954752864,-4.387927326091926,158,25.524,1115
55.895607757466365,-4.136355430559413,32.0,55.807182357875575,-4.140487806234959,159,20.26,1159
55.895607757466365,-4.136355430559413,32.0,55.8296607577131,-4.218765551358871,160,11.118,1098
55.895607757466365,-4.136355430559413,32.0,55.82699494590622,-4.295404959002084,161,18.995,979
55.895607757466365,-4.136355430559413,32.0,55.861248665443505,-4.307186036515638,162,18.635,1014
55.895607757466365,-4.136355430559413,32.0,55.897857165570365,-4.156645648865112,163,6.311,306
55.895607757466365,-4.136355430559413,32.0,55.877747555317356,-4.342792329217214,164,18.576,1077
55.895607757466365,-4.136355430559413,32.0,55.92259641850896,-4.389236283866068,165,21.844,1230
55.895607757466365,-4.136355430559413,32.0,55.92621339590465,-4.2820478996479165,166,13.956,736
55.895607757466365,-4.136355430559413,32.0,55.80660612206145,-4.094012410496262,167,18.398,1156
55.895607757466365,-4.136355430559413,32.0,55.84605439624201,-4.09192094471571,168,11.573,633
55.895607757466365,-4.136355430559413,32.0,55.83961965364386,-4.1201104741133365,169,13.702,766
55.895607757466365,-4.136355430559413,32.0,55.85030951683019,-4.217608837338132,170,8.142,824
55.895607757466365,-4.136355430559413,32.0,55.85971342373431,-4.246748195156407,171,10.881,655
55.895607757466365,-4.136355430559413,32.0,55.815747728441636,-4.150792968910081,172,19.13,1056
55.895607757466365,-4.136355430559413,32.0,55.80041195127493,-4.3806303679601495,173,24.377,1293
55.895607757466365,-4.136355430559413,32.0,55.85487415463933,-4.092829020720908,174,9.938,611
55.895607757466365,-4.136355430559413,32.0,55.80456076444065,-4.203157873727267,175,13.719,1269
55.895607757466365,-4.136355430559413,32.0,55.84723005082115,-4.330151260440624,176,17.885,945
55.895607757466365,-4.136355430559413,32.0,55.88775631668876,-4.123428423568879,177,2.148,170
55.895607757466365,-4.136355430559413,32.0,55.82857385936083,-4.129579652409029,178,19.02,1134
55.895607757466365,-4.136355430559413,32.0,55.879865395443076,-4.36272007519476,179,19.484,1102
55.895607757466365,-4.136355430559413,32.0,55.87973669437185,-4.215636550296907,180,8.345,682
55.895607757466365,-4.136355430559413,32.0,55.8162521393249,-4.1868605517933455,181,19.603,1151
55.895607757466365,-4.136355430559413,32.0,55.80755514535402,-4.201625161718038,182,13.472,1236
55.895607757466365,-4.136355430559413,32.0,55.85565398843102,-4.250533808562208,183,11.695,810
55.895607757466365,-4.136355430559413,32.0,55.929636326069506,-4.381100658166308,184,20.906,1190
55.895607757466365,-4.136355430559413,32.0,55.879581066995904,-4.21986165885879,185,8.618,731
55.895607757466365,-4.136355430559413,32.0,55.92647877645629,-4.127886630011083,186,5.908,392
55.895607757466365,-4.136355430559413,32.0,55.82282427264178,-4.371094162561755,187,22.026,1179
55.895607757466365,-4.136355430559413,32.0,55.90291353127043,-4.3414180899754955,188,21.692,1350
55.895607757466365,-4.136355430559413,32.0,55.78437024600116,-4.156926419796477,189,26.302,1293
55.895607757466365,-4.136355430559413,32.0,55.8321542449311,-4.1561720476648265,190,16.599,910
55.895607757466365,-4.136355430559413,32.0,55.88310705812362,-4.084862107847263,191,13.688,682
55.895607757466365,-4.136355430559413,32.0,55.85616333886266,-4.110333739241922,192,10.184,678
55.895607757466365,-4.136355430559413,32.0,55.90185178498145,-4.152652007721208,193,4.455,685
55.895607757466365,-4.136355430559413,32.0,55.8837118458465,-4.182392741162416,194,4.002,1184
55.895607757466365,-4.136355430559413,32.0,55.83086049774818,-4.312434105301623,195,19.929,1084
55.895607757466365,-4.136355430559413,32.0,55.821849459706755,-4.176208567338996,196,18.483,994
55.895607757466365,-4.136355430559413,32.0,55.88009750494633,-4.255964552703097,197,12.184,715
55.895607757466365,-4.136355430559413,32.0,55.87413911675089,-4.369807111055967,198,21.526,1006
55.895607757466365,-4.136355430559413,32.0,55.86354071984154,-4.093406384811447,199,9.152,574
55.87934698380838,-4.260065213791721,33.0,55.8391698042901,-4.214478482526657,0,7.611,823
55.87934698380838,-4.260065213791721,33.0,55.86553667472969,-4.350500876963486,1,12.657,807
55.87934698380838,-4.260065213791721,33.0,55.912892829643965,-4.286410947894997,2,6.495,1394
55.87934698380838,-4.260065213791721,33.0,55.84854019346565,-4.391697428307927,3,12.088,1028
55.87934698380838,-4.260065213791721,33.0,55.79232875093524,-4.310455024670266,4,14.579,1007
55.87934698380838,-4.260065213791721,33.0,55.837143362020576,-4.120043492886959,5,15.164,888
55.87934698380838,-4.260065213791721,33.0,55.84185129809378,-4.283879851305767,6,9.259,757
55.87934698380838,-4.260065213791721,33.0,55.90609664927746,-4.311383718964596,7,6.103,668
55.87934698380838,-4.260065213791721,33.0,55.7832172019226,-4.31249791159531,8,16.167,1065
55.87934698380838,-4.260065213791721,33.0,55.8177258987159,-4.260489243356555,9,10.136,937
55.87934698380838,-4.260065213791721,33.0,55.903262790870684,-4.212111703691823,10,5.967,672
55.87934698380838,-4.260065213791721,33.0,55.893978813107424,-4.1413270988368325,11,9.783,787
55.87934698380838,-4.260065213791721,33.0,55.894884622950286,-4.154349650804189,12,12.168,685
55.87934698380838,-4.260065213791721,33.0,55.80680963785043,-4.263605759417426,13,11.901,1162
55.87934698380838,-4.260065213791721,33.0,55.81824312166051,-4.346878846315483,14,11.742,921
55.87934698380838,-4.260065213791721,33.0,55.84742656229786,-4.269221405976544,15,5.735,644
55.87934698380838,-4.260065213791721,33.0,55.80730424868546,-4.315177272898423,16,11.448,906
55.87934698380838,-4.260065213791721,33.0,55.83798278877758,-4.260604018644594,17,6.517,754
55.87934698380838,-4.260065213791721,33.0,55.89424631095569,-4.343398240721316,18,7.512,801
55.87934698380838,-4.260065213791721,33.0,55.83908093533876,-4.223069302141199,19,7.147,844
55.87934698380838,-4.260065213791721,33.0,55.8357731433788,-4.270556349194068,20,6.539,656
55.87934698380838,-4.260065213791721,33.0,55.90309627527835,-4.360750370095284,21,9.617,941
55.87934698380838,-4.260065213791721,33.0,55.85652103589449,-4.101365743428073,22,12.331,729
55.87934698380838,-4.260065213791721,33.0,55.783736419963375,-4.235306054793451,23,14.196,1228
55.87934698380838,-4.260065213791721,33.0,55.92064824587275,-4.2358362157531895,24,7.411,493
55.87934698380838,-4.260065213791721,33.0,55.907674892744176,-4.2497703459088045,25,5.844,1698
55.87934698380838,-4.260065213791721,33.0,55.919604340921964,-4.226208116301384,26,9.839,696
55.87934698380838,-4.260065213791721,33.0,55.83219148710444,-4.304581930326681,27,10.62,948
55.87934698380838,-4.260065213791721,33.0,55.79569701419853,-4.1769099124482585,28,15.88,1160
55.87934698380838,-4.260065213791721,33.0,55.81260197667657,-4.197841211154324,29,13.291,1028
55.87934698380838,-4.260065213791721,33.0,55.826092940761974,-4.176919409292903,30,11.821,960
55.87934698380838,-4.260065213791721,33.0,55.828413149208096,-4.109650878166438,31,19.277,1075
55.87934698380838,-4.260065213791721,33.0,55.8999241737755,-4.257993823533507,32,2.944,374
55.87934698380838,-4.260065213791721,33.0,55.892514250678616,-4.340118142906542,33,7.541,813
55.87934698380838,-4.260065213791721,33.0,55.855241629670886,-4.269936069312288,34,3.579,385
55.87934698380838,-4.260065213791721,33.0,55.877364911629314,-4.109701193625618,35,12.732,830
55.87934698380838,-4.260065213791721,33.0,55.887053111734645,-4.1280531391159245,36,13.034,796
55.87934698380838,-4.260065213791721,33.0,55.89108676863447,-4.105446803942431,37,14.767,1103
55.87934698380838,-4.260065213791721,33.0,55.842635153466425,-4.334387903339716,38,8.525,735
55.87934698380838,-4.260065213791721,33.0,55.89197542936556,-4.19614108945253,39,9.041,630
55.87934698380838,-4.260065213791721,33.0,55.825849135803445,-4.321179033230789,40,8.798,848
55.87934698380838,-4.260065213791721,33.0,55.81864602215581,-4.375055705699034,41,12.771,930
55.87934698380838,-4.260065213791721,33.0,55.92613065482397,-4.212698358862173,42,7.478,717
55.87934698380838,-4.260065213791721,33.0,55.874439929608144,-4.279689658904073,43,3.129,470
55.87934698380838,-4.260065213791721,33.0,55.81998166828728,-4.245455535821837,44,9.616,843
55.87934698380838,-4.260065213791721,33.0,55.91066980601156,-4.213502644426629,45,6.43,668
55.87934698380838,-4.260065213791721,33.0,55.8404807486866,-4.356656090229781,46,12.177,1002
55.87934698380838,-4.260065213791721,33.0,55.88708229912325,-4.079055837843032,47,15.576,962
55.87934698380838,-4.260065213791721,33.0,55.84510555179576,-4.178720975321847,48,8.608,887
55.87934698380838,-4.260065213791721,33.0,55.84413340760586,-4.085244529493477,49,16.83,1263
55.87934698380838,-4.260065213791721,33.0,55.83324217210475,-4.157183908594519,50,13.348,973
55.87934698380838,-4.260065213791721,33.0,55.895753278756494,-4.323131413571223,51,6.605,790
55.87934698380838,-4.260065213791721,33.0,55.88609925330935,-4.38354364327563,52,13.69,875
55.87934698380838,-4.260065213791721,33.0,55.86596770908397,-4.338853955125049,53,10.473,756
55.87934698380838,-4.260065213791721,33.0,55.819381988004544,-4.256567679373081,54,11.045,993
55.87934698380838,-4.260065213791721,33.0,55.919398785577634,-4.298102785445152,55,6.771,1074
55.87934698380838,-4.260065213791721,33.0,55.81052481551728,-4.0780884232687225,56,22.076,2222
55.87934698380838,-4.260065213791721,33.0,55.8411814367945,-4.125490362928665,57,17.358,970
55.87934698380838,-4.260065213791721,33.0,55.844855881791794,-4.151320272286683,58,12.46,988
55.87934698380838,-4.260065213791721,33.0,55.79334532620707,-4.3052187624925375,59,14.91,1013
55.87934698380838,-4.260065213791721,33.0,55.78499644933002,-4.082518262203789,60,23.966,1148
55.87934698380838,-4.260065213791721,33.0,55.86482365717543,-4.074666870071637,61,14.597,946
55.87934698380838,-4.260065213791721,33.0,55.910543969585106,-4.384534109666136,62,15.522,1139
55.87934698380838,-4.260065213791721,33.0,55.799715679086134,-4.188568421733812,63,15.862,1319
55.87934698380838,-4.260065213791721,33.0,55.90005630083831,-4.294022887833187,64,6.753,602
55.87934698380838,-4.260065213791721,33.0,55.82573931186619,-4.210157383495828,65,11.348,842
55.87934698380838,-4.260065213791721,33.0,55.88010014610652,-4.288014027401103,66,3.896,571
55.87934698380838,-4.260065213791721,33.0,55.8836463272421,-4.377148406451105,67,13.46,953
55.87934698380838,-4.260065213791721,33.0,55.80511293548626,-4.195982430231648,68,14.271,1102
55.87934698380838,-4.260065213791721,33.0,55.9265186267864,-4.256321117900257,69,6.309,488
55.87934698380838,-4.260065213791721,33.0,55.90353118048908,-4.119171950823842,70,13.93,1038
55.87934698380838,-4.260065213791721,33.0,55.81502357146685,-4.260984914919316,71,10.493,972
55.87934698380838,-4.260065213791721,33.0,55.894355058439295,-4.293143876300353,72,4.465,550
55.87934698380838,-4.260065213791721,33.0,55.80246488546192,-4.242274834364847,73,11.757,1068
55.87934698380838,-4.260065213791721,33.0,55.887581813102464,-4.2985753032369685,74,4.077,546
55.87934698380838,-4.260065213791721,33.0,55.928290955083554,-4.295962301582311,75,7.193,481
55.87934698380838,-4.260065213791721,33.0,55.81096058143004,-4.368797105646974,76,14.428,1012
55.87934698380838,-4.260065213791721,33.0,55.84818750128869,-4.3631808239548375,77,13.163,854
55.87934698380838,-4.260065213791721,33.0,55.81610352786554,-4.330910795148831,78,10.767,761
55.87934698380838,-4.260065213791721,33.0,55.807034270653475,-4.136077366584948,79,15.055,1211
55.87934698380838,-4.260065213791721,33.0,55.86778114631985,-4.233612892312959,80,3.617,441
55.87934698380838,-4.260065213791721,33.0,55.79578956690847,-4.368290459919509,81,19.512,2206
55.87934698380838,-4.260065213791721,33.0,55.897877306124535,-4.077031107370425,82,16.558,1569
55.87934698380838,-4.260065213791721,33.0,55.80721289582252,-4.242612882195534,83,10.98,1020
55.87934698380838,-4.260065213791721,33.0,55.92209393969709,-4.157940141970138,84,13.701,836
55.87934698380838,-4.260065213791721,33.0,55.79188265083702,-4.28147512844989,85,15.772,1068
55.87934698380838,-4.260065213791721,33.0,55.88043814367632,-4.104360473798184,86,12.544,790
55.87934698380838,-4.260065213791721,33.0,55.90345994988174,-4.293652184560058,87,5.968,523
55.87934698380838,-4.260065213791721,33.0,55.91230525016259,-4.108196424937476,88,15.198,983
55.87934698380838,-4.260065213791721,33.0,55.90569137930351,-4.3852429216612405,89,11.407,1124
55.87934698380838,-4.260065213791721,33.0,55.824402119970216,-4.298242138123909,90,9.234,769
55.87934698380838,-4.260065213791721,33.0,55.887104625653905,-4.201059285828647,91,5.289,709
55.87934698380838,-4.260065213791721,33.0,55.92006797200308,-4.195257422106852,92,8.324,695
55.87934698380838,-4.260065213791721,33.0,55.7944551107823,-4.1683749063061635,93,16.01,1595
55.87934698380838,-4.260065213791721,33.0,55.88003873447475,-4.304350182381346,94,5.219,630
55.87934698380838,-4.260065213791721,33.0,55.88308048053683,-4.2942103285768285,95,3.914,586
55.87934698380838,-4.260065213791721,33.0,55.80779271908626,-4.3234306371549245,96,12.038,893
55.87934698380838,-4.260065213791721,33.0,55.90123467399992,-4.380968632189907,97,14.636,1355
55.87934698380838,-4.260065213791721,33.0,55.88049231589054,-4.293733205570284,98,4.721,595
55.87934698380838,-4.260065213791721,33.0,55.84697147961761,-4.334108806216461,99,8.639,768
55.87934698380838,-4.260065213791721,33.0,55.83067141211495,-4.195633651932574,100,10.631,839
55.87934698380838,-4.260065213791721,33.0,55.89350845984679,-4.099445363541155,101,14.582,934
55.87934698380838,-4.260065213791721,33.0,55.92592408664018,-4.179171340754611,102,10.495,839
55.87934698380838,-4.260065213791721,33.0,55.84941827409408,-4.169566750359822,103,8.394,872
55.87934698380838,-4.260065213791721,33.0,55.92413375575165,-4.226670311636797,104,8.693,1459
55.87934698380838,-4.260065213791721,33.0,55.88995713457192,-4.285031242761631,105,3.405,453
55.87934698380838,-4.260065213791721,33.0,55.90528066541109,-4.131569818675147,106,11.38,683
55.87934698380838,-4.260065213791721,33.0,55.87850608392288,-4.103517886631066,107,12.875,823
55.87934698380838,-4.260065213791721,33.0,55.80799405798939,-4.284953473560454,108,10.537,1023
55.87934698380838,-4.260065213791721,33.0,55.906815669822045,-4.385279074380807,109,10.718,1039
55.87934698380838,-4.260065213791721,33.0,55.916237634416454,-4.222407816066865,110,9.591,678
55.87934698380838,-4.260065213791721,33.0,55.915798955837815,-4.088621086891774,111,18.282,1014
55.87934698380838,-4.260065213791721,33.0,55.827538479175395,-4.350653065976025,112,11.111,852
55.87934698380838,-4.260065213791721,33.0,55.799515288981674,-4.0866627646338864,113,24.336,1261
55.87934698380838,-4.260065213791721,33.0,55.831024245961984,-4.244756518165482,114,8.097,744
55.87934698380838,-4.260065213791721,33.0,55.86754360554833,-4.2143078261423845,115,4.957,557
55.87934698380838,-4.260065213791721,33.0,55.8574985965699,-4.1521224561179935,116,10.241,773
55.87934698380838,-4.260065213791721,33.0,55.88095643501817,-4.32811659177277,117,8.253,737
55.87934698380838,-4.260065213791721,33.0,55.85240433608213,-4.177570445500026,118,7.679,744
55.87934698380838,-4.260065213791721,33.0,55.91169549549074,-4.359708873069638,119,9.561,932
55.87934698380838,-4.260065213791721,33.0,55.92640787519779,-4.300990956079843,120,7.641,530
55.87934698380838,-4.260065213791721,33.0,55.84019197366069,-4.205566157974415,121,8.097,921
55.87934698380838,-4.260065213791721,33.0,55.866619942939494,-4.268153778778456,122,2.768,523
55.87934698380838,-4.260065213791721,33.0,55.81327411986783,-4.2587495402872255,123,10.472,982
55.87934698380838,-4.260065213791721,33.0,55.86022660117776,-4.154711133590585,124,9.458,700
55.87934698380838,-4.260065213791721,33.0,55.831522729053496,-4.370420634377527,125,13.165,1022
55.87934698380838,-4.260065213791721,33.0,55.84074346341779,-4.172411658039648,126,12.559,896
55.87934698380838,-4.260065213791721,33.0,55.8801412435821,-4.258666277618953,127,0.155,61
55.87934698380838,-4.260065213791721,33.0,55.8434159429892,-4.1056733307349536,128,17.614,999
55.87934698380838,-4.260065213791721,33.0,55.83522057783537,-4.25736952395694,129,6.87,778
55.87934698380838,-4.260065213791721,33.0,55.86467774065618,-4.2250953414252415,130,3.741,394
55.87934698380838,-4.260065213791721,33.0,55.8953662249987,-4.231143624453162,131,4.118,464
55.87934698380838,-4.260065213791721,33.0,55.81920459649808,-4.236238450921302,132,10.2,893
55.87934698380838,-4.260065213791721,33.0,55.900795402502105,-4.206009410292495,133,6.285,659
55.87934698380838,-4.260065213791721,33.0,55.86078490474355,-4.339631469507248,134,11.008,851
55.87934698380838,-4.260065213791721,33.0,55.924999437053955,-4.191173279124663,135,8.575,704
55.87934698380838,-4.260065213791721,33.0,55.81549096669224,-4.126910343137958,136,16.046,1258
55.87934698380838,-4.260065213791721,33.0,55.90135585493081,-4.207622057499793,137,6.284,636
55.87934698380838,-4.260065213791721,33.0,55.845816555475636,-4.129576488296543,138,13.431,942
55.87934698380838,-4.260065213791721,33.0,55.80470047644827,-4.291960781118721,139,10.564,1001
55.87934698380838,-4.260065213791721,33.0,55.89185394491289,-4.179857587296262,140,7.945,554
55.87934698380838,-4.260065213791721,33.0,55.91859399996558,-4.3401659608951215,141,10.402,740
55.87934698380838,-4.260065213791721,33.0,55.90671476836246,-4.3642865107142725,142,9.648,904
55.87934698380838,-4.260065213791721,33.0,55.81273399651921,-4.167613047894911,143,13.104,1022
55.87934698380838,-4.260065213791721,33.0,55.80939871413575,-4.276056954355674,144,10.445,987
55.87934698380838,-4.260065213791721,33.0,55.88312869327199,-4.214542892826467,145,4.342,526
55.87934698380838,-4.260065213791721,33.0,55.815340374954424,-4.283514492524949,146,9.439,873
55.87934698380838,-4.260065213791721,33.0,55.87864379034378,-4.080636908866371,147,16.556,997
55.87934698380838,-4.260065213791721,33.0,55.89423440492952,-4.2418874418647645,148,3.307,466
55.87934698380838,-4.260065213791721,33.0,55.92796852989922,-4.305970400193036,149,7.769,553
55.87934698380838,-4.260065213791721,33.0,55.92895153496988,-4.082888064137351,150,18.652,964
55.87934698380838,-4.260065213791721,33.0,55.790766759429424,-4.135285962371055,151,18.435,1236
55.87934698380838,-4.260065213791721,33.0,55.80808041573422,-4.184105792933229,152,14.065,1034
55.87934698380838,-4.260065213791721,33.0,55.7982747224006,-4.3931924101572655,153,15.236,1106
55.87934698380838,-4.260065213791721,33.0,55.81178474630603,-4.337962602706185,154,11.834,867
55.87934698380838,-4.260065213791721,33.0,55.852972007756,-4.353957895039277,155,10.207,854
55.87934698380838,-4.260065213791721,33.0,55.797152036890715,-4.311451416173846,156,13.806,941
55.87934698380838,-4.260065213791721,33.0,55.84839482833289,-4.1889265673730645,157,7.423,761
55.87934698380838,-4.260065213791721,33.0,55.86383954752864,-4.387927326091926,158,15.799,881
55.87934698380838,-4.260065213791721,33.0,55.807182357875575,-4.140487806234959,159,14.732,1186
55.87934698380838,-4.260065213791721,33.0,55.8296607577131,-4.218765551358871,160,9.517,900
55.87934698380838,-4.260065213791721,33.0,55.82699494590622,-4.295404959002084,161,9.27,745
55.87934698380838,-4.260065213791721,33.0,55.861248665443505,-4.307186036515638,162,8.91,780
55.87934698380838,-4.260065213791721,33.0,55.897857165570365,-4.156645648865112,163,9.421,591
55.87934698380838,-4.260065213791721,33.0,55.877747555317356,-4.342792329217214,164,8.851,843
55.87934698380838,-4.260065213791721,33.0,55.92259641850896,-4.389236283866068,165,14.401,944
55.87934698380838,-4.260065213791721,33.0,55.92621339590465,-4.2820478996479165,166,6.093,429
55.87934698380838,-4.260065213791721,33.0,55.80660612206145,-4.094012410496262,167,21.661,1287
55.87934698380838,-4.260065213791721,33.0,55.84605439624201,-4.09192094471571,168,13.758,706
55.87934698380838,-4.260065213791721,33.0,55.83961965364386,-4.1201104741133365,169,16.965,897
55.87934698380838,-4.260065213791721,33.0,55.85030951683019,-4.217608837338132,170,6.173,678
55.87934698380838,-4.260065213791721,33.0,55.85971342373431,-4.246748195156407,171,4.11,492
55.87934698380838,-4.260065213791721,33.0,55.815747728441636,-4.150792968910081,172,13.602,1083
55.87934698380838,-4.260065213791721,33.0,55.80041195127493,-4.3806303679601495,173,14.652,1059
55.87934698380838,-4.260065213791721,33.0,55.85487415463933,-4.092829020720908,174,13.568,707
55.87934698380838,-4.260065213791721,33.0,55.80456076444065,-4.203157873727267,175,14.29,1104
55.87934698380838,-4.260065213791721,33.0,55.84723005082115,-4.330151260440624,176,8.16,712
55.87934698380838,-4.260065213791721,33.0,55.88775631668876,-4.123428423568879,177,13.169,803
55.87934698380838,-4.260065213791721,33.0,55.82857385936083,-4.129579652409029,178,22.283,1265
55.87934698380838,-4.260065213791721,33.0,55.879865395443076,-4.36272007519476,179,9.759,868
55.87934698380838,-4.260065213791721,33.0,55.87973669437185,-4.215636550296907,180,3.629,537
55.87934698380838,-4.260065213791721,33.0,55.8162521393249,-4.1868605517933455,181,12.484,993
55.87934698380838,-4.260065213791721,33.0,55.80755514535402,-4.201625161718038,182,14.043,1071
55.87934698380838,-4.260065213791721,33.0,55.85565398843102,-4.250533808562208,183,4.924,647
55.87934698380838,-4.260065213791721,33.0,55.929636326069506,-4.381100658166308,184,13.463,904
55.87934698380838,-4.260065213791721,33.0,55.879581066995904,-4.21986165885879,185,3.27,518
55.87934698380838,-4.260065213791721,33.0,55.92647877645629,-4.127886630011083,186,14.783,922
55.87934698380838,-4.260065213791721,33.0,55.82282427264178,-4.371094162561755,187,12.301,945
55.87934698380838,-4.260065213791721,33.0,55.90291353127043,-4.3414180899754955,188,8.138,912
55.87934698380838,-4.260065213791721,33.0,55.78437024600116,-4.156926419796477,189,17.779,1250
55.87934698380838,-4.260065213791721,33.0,55.8321542449311,-4.1561720476648265,190,13.388,987
55.87934698380838,-4.260065213791721,33.0,55.88310705812362,-4.084862107847263,191,17.822,869
55.87934698380838,-4.260065213791721,33.0,55.85616333886266,-4.110333739241922,192,12.369,751
55.87934698380838,-4.260065213791721,33.0,55.90185178498145,-4.152652007721208,193,13.33,1215
55.87934698380838,-4.260065213791721,33.0,55.8837118458465,-4.182392741162416,194,9.609,1563
55.87934698380838,-4.260065213791721,33.0,55.83086049774818,-4.312434105301623,195,10.204,850
55.87934698380838,-4.260065213791721,33.0,55.821849459706755,-4.176208567338996,196,12.232,957
55.87934698380838,-4.260065213791721,33.0,55.88009750494633,-4.255964552703097,197,0.805,170
55.87934698380838,-4.260065213791721,33.0,55.87413911675089,-4.369807111055967,198,11.801,772
55.87934698380838,-4.260065213791721,33.0,55.86354071984154,-4.093406384811447,199,12.985,805
55.8091182047482,-4.3671188805955765,34.0,55.8391698042901,-4.214478482526657,0,17.363,1005
55.8091182047482,-4.3671188805955765,34.0,55.86553667472969,-4.350500876963486,1,9.587,781
55.8091182047482,-4.3671188805955765,34.0,55.912892829643965,-4.286410947894997,2,20.531,2214
55.8091182047482,-4.3671188805955765,34.0,55.84854019346565,-4.391697428307927,3,7.095,641
55.8091182047482,-4.3671188805955765,34.0,55.79232875093524,-4.310455024670266,4,4.771,458
55.8091182047482,-4.3671188805955765,34.0,55.837143362020576,-4.120043492886959,5,21.062,1017
55.8091182047482,-4.3671188805955765,34.0,55.84185129809378,-4.283879851305767,6,7.804,659
55.8091182047482,-4.3671188805955765,34.0,55.90609664927746,-4.311383718964596,7,17.916,1222
55.8091182047482,-4.3671188805955765,34.0,55.7832172019226,-4.31249791159531,8,6.359,516
55.8091182047482,-4.3671188805955765,34.0,55.8177258987159,-4.260489243356555,9,8.237,746
55.8091182047482,-4.3671188805955765,34.0,55.903262790870684,-4.212111703691823,10,19.897,1288
55.8091182047482,-4.3671188805955765,34.0,55.893978813107424,-4.1413270988368325,11,21.637,1296
55.8091182047482,-4.3671188805955765,34.0,55.894884622950286,-4.154349650804189,12,24.022,1194
55.8091182047482,-4.3671188805955765,34.0,55.80680963785043,-4.263605759417426,13,8.587,816
55.8091182047482,-4.3671188805955765,34.0,55.81824312166051,-4.346878846315483,14,2.28,319
55.8091182047482,-4.3671188805955765,34.0,55.84742656229786,-4.269221405976544,15,9.389,867
55.8091182047482,-4.3671188805955765,34.0,55.80730424868546,-4.315177272898423,16,4.128,391
55.8091182047482,-4.3671188805955765,34.0,55.83798278877758,-4.260604018644594,17,8.42,839
55.8091182047482,-4.3671188805955765,34.0,55.89424631095569,-4.343398240721316,18,13.349,1100
55.8091182047482,-4.3671188805955765,34.0,55.83908093533876,-4.223069302141199,19,14.954,1036
55.8091182047482,-4.3671188805955765,34.0,55.8357731433788,-4.270556349194068,20,7.543,659
55.8091182047482,-4.3671188805955765,34.0,55.90309627527835,-4.360750370095284,21,15.382,1335
55.8091182047482,-4.3671188805955765,34.0,55.85652103589449,-4.101365743428073,22,24.185,1238
55.8091182047482,-4.3671188805955765,34.0,55.783736419963375,-4.235306054793451,23,19.286,894
55.8091182047482,-4.3671188805955765,34.0,55.92064824587275,-4.2358362157531895,24,21.022,1269
55.8091182047482,-4.3671188805955765,34.0,55.907674892744176,-4.2497703459088045,25,19.774,2314
55.8091182047482,-4.3671188805955765,34.0,55.919604340921964,-4.226208116301384,26,20.946,1280
55.8091182047482,-4.3671188805955765,34.0,55.83219148710444,-4.304581930326681,27,6.799,636
55.8091182047482,-4.3671188805955765,34.0,55.79569701419853,-4.1769099124482585,28,26.278,1229
55.8091182047482,-4.3671188805955765,34.0,55.81260197667657,-4.197841211154324,29,19.189,1157
55.8091182047482,-4.3671188805955765,34.0,55.826092940761974,-4.176919409292903,30,17.719,1090
55.8091182047482,-4.3671188805955765,34.0,55.828413149208096,-4.109650878166438,31,24.523,1280
55.8091182047482,-4.3671188805955765,34.0,55.8999241737755,-4.257993823533507,32,16.98,1201
55.8091182047482,-4.3671188805955765,34.0,55.892514250678616,-4.340118142906542,33,13.378,1111
55.8091182047482,-4.3671188805955765,34.0,55.855241629670886,-4.269936069312288,34,13.013,826
55.8091182047482,-4.3671188805955765,34.0,55.877364911629314,-4.109701193625618,35,24.586,1339
55.8091182047482,-4.3671188805955765,34.0,55.887053111734645,-4.1280531391159245,36,24.888,1306
55.8091182047482,-4.3671188805955765,34.0,55.89108676863447,-4.105446803942431,37,26.621,1612
55.8091182047482,-4.3671188805955765,34.0,55.842635153466425,-4.334387903339716,38,5.221,562
55.8091182047482,-4.3671188805955765,34.0,55.89197542936556,-4.19614108945253,39,20.895,1139
55.8091182047482,-4.3671188805955765,34.0,55.825849135803445,-4.321179033230789,40,6.778,557
55.8091182047482,-4.3671188805955765,34.0,55.81864602215581,-4.375055705699034,41,2.027,225
55.8091182047482,-4.3671188805955765,34.0,55.92613065482397,-4.212698358862173,42,21.408,1333
55.8091182047482,-4.3671188805955765,34.0,55.874439929608144,-4.279689658904073,43,13.62,867
55.8091182047482,-4.3671188805955765,34.0,55.81998166828728,-4.245455535821837,44,9.173,848
55.8091182047482,-4.3671188805955765,34.0,55.91066980601156,-4.213502644426629,45,20.36,1284
55.8091182047482,-4.3671188805955765,34.0,55.8404807486866,-4.356656090229781,46,4.683,477
55.8091182047482,-4.3671188805955765,34.0,55.88708229912325,-4.079055837843032,47,29.854,1360
55.8091182047482,-4.3671188805955765,34.0,55.84510555179576,-4.178720975321847,48,19.384,1105
55.8091182047482,-4.3671188805955765,34.0,55.84413340760586,-4.085244529493477,49,26.551,1734
55.8091182047482,-4.3671188805955765,34.0,55.83324217210475,-4.157183908594519,50,19.246,1102
55.8091182047482,-4.3671188805955765,34.0,55.895753278756494,-4.323131413571223,51,13.135,1211
55.8091182047482,-4.3671188805955765,34.0,55.88609925330935,-4.38354364327563,52,10.62,849
55.8091182047482,-4.3671188805955765,34.0,55.86596770908397,-4.338853955125049,53,9.349,799
55.8091182047482,-4.3671188805955765,34.0,55.819381988004544,-4.256567679373081,54,8.303,741
55.8091182047482,-4.3671188805955765,34.0,55.919398785577634,-4.298102785445152,55,20.807,1893
55.8091182047482,-4.3671188805955765,34.0,55.81052481551728,-4.0780884232687225,56,27.322,2427
55.8091182047482,-4.3671188805955765,34.0,55.8411814367945,-4.125490362928665,57,22.604,1175
55.8091182047482,-4.3671188805955765,34.0,55.844855881791794,-4.151320272286683,58,20.236,1156
55.8091182047482,-4.3671188805955765,34.0,55.79334532620707,-4.3052187624925375,59,5.102,465
55.8091182047482,-4.3671188805955765,34.0,55.78499644933002,-4.082518262203789,60,28.945,1345
55.8091182047482,-4.3671188805955765,34.0,55.86482365717543,-4.074666870071637,61,26.451,1456
55.8091182047482,-4.3671188805955765,34.0,55.910543969585106,-4.384534109666136,62,23.797,1362
55.8091182047482,-4.3671188805955765,34.0,55.799715679086134,-4.188568421733812,63,13.472,1257
55.8091182047482,-4.3671188805955765,34.0,55.90005630083831,-4.294022887833187,64,16.988,1175
55.8091182047482,-4.3671188805955765,34.0,55.82573931186619,-4.210157383495828,65,17.246,971
55.8091182047482,-4.3671188805955765,34.0,55.88010014610652,-4.288014027401103,66,15.709,1144
55.8091182047482,-4.3671188805955765,34.0,55.8836463272421,-4.377148406451105,67,10.39,927
55.8091182047482,-4.3671188805955765,34.0,55.80511293548626,-4.195982430231648,68,14.955,1207
55.8091182047482,-4.3671188805955765,34.0,55.9265186267864,-4.256321117900257,69,20.345,1308
55.8091182047482,-4.3671188805955765,34.0,55.90353118048908,-4.119171950823842,70,25.784,1547
55.8091182047482,-4.3671188805955765,34.0,55.81502357146685,-4.260984914919316,71,7.948,723
55.8091182047482,-4.3671188805955765,34.0,55.894355058439295,-4.293143876300353,72,16.278,1123
55.8091182047482,-4.3671188805955765,34.0,55.80246488546192,-4.242274834364847,73,11.38,984
55.8091182047482,-4.3671188805955765,34.0,55.887581813102464,-4.2985753032369685,74,15.89,1119
55.8091182047482,-4.3671188805955765,34.0,55.928290955083554,-4.295962301582311,75,21.229,1308
55.8091182047482,-4.3671188805955765,34.0,55.81096058143004,-4.368797105646974,76,0.199,26
55.8091182047482,-4.3671188805955765,34.0,55.84818750128869,-4.3631808239548375,77,6.437,591
55.8091182047482,-4.3671188805955765,34.0,55.81610352786554,-4.330910795148831,78,3.324,323
55.8091182047482,-4.3671188805955765,34.0,55.807034270653475,-4.136077366584948,79,28.43,1338
55.8091182047482,-4.3671188805955765,34.0,55.86778114631985,-4.233612892312959,80,15.471,950
55.8091182047482,-4.3671188805955765,34.0,55.79578956690847,-4.368290459919509,81,3.517,1358
55.8091182047482,-4.3671188805955765,34.0,55.897877306124535,-4.077031107370425,82,28.412,2078
55.8091182047482,-4.3671188805955765,34.0,55.80721289582252,-4.242612882195534,83,11.757,1012
55.8091182047482,-4.3671188805955765,34.0,55.92209393969709,-4.157940141970138,84,25.555,1345
55.8091182047482,-4.3671188805955765,34.0,55.79188265083702,-4.28147512844989,85,5.964,520
55.8091182047482,-4.3671188805955765,34.0,55.88043814367632,-4.104360473798184,86,24.398,1299
55.8091182047482,-4.3671188805955765,34.0,55.90345994988174,-4.293652184560058,87,17.457,1220
55.8091182047482,-4.3671188805955765,34.0,55.91230525016259,-4.108196424937476,88,27.052,1492
55.8091182047482,-4.3671188805955765,34.0,55.90569137930351,-4.3852429216612405,89,24.04,1401
55.8091182047482,-4.3671188805955765,34.0,55.824402119970216,-4.298242138123909,90,5.608,524
55.8091182047482,-4.3671188805955765,34.0,55.887104625653905,-4.201059285828647,91,18.607,1288
55.8091182047482,-4.3671188805955765,34.0,55.92006797200308,-4.195257422106852,92,22.254,1311
55.8091182047482,-4.3671188805955765,34.0,55.7944551107823,-4.1683749063061635,93,26.425,1662
55.8091182047482,-4.3671188805955765,34.0,55.88003873447475,-4.304350182381346,94,15.449,1023
55.8091182047482,-4.3671188805955765,34.0,55.88308048053683,-4.2942103285768285,95,15.049,998
55.8091182047482,-4.3671188805955765,34.0,55.80779271908626,-4.3234306371549245,96,3.59,361
55.8091182047482,-4.3671188805955765,34.0,55.90123467399992,-4.380968632189907,97,25.238,1614
55.8091182047482,-4.3671188805955765,34.0,55.88049231589054,-4.293733205570284,98,14.951,988
55.8091182047482,-4.3671188805955765,34.0,55.84697147961761,-4.334108806216461,99,7.202,687
55.8091182047482,-4.3671188805955765,34.0,55.83067141211495,-4.195633651932574,100,16.529,968
55.8091182047482,-4.3671188805955765,34.0,55.89350845984679,-4.099445363541155,101,26.436,1443
55.8091182047482,-4.3671188805955765,34.0,55.92592408664018,-4.179171340754611,102,26.896,1429
55.8091182047482,-4.3671188805955765,34.0,55.84941827409408,-4.169566750359822,103,20.089,1171
55.8091182047482,-4.3671188805955765,34.0,55.92413375575165,-4.226670311636797,104,22.623,2075
55.8091182047482,-4.3671188805955765,34.0,55.88995713457192,-4.285031242761631,105,15.218,1025
55.8091182047482,-4.3671188805955765,34.0,55.90528066541109,-4.131569818675147,106,23.234,1192
55.8091182047482,-4.3671188805955765,34.0,55.87850608392288,-4.103517886631066,107,24.729,1332
55.8091182047482,-4.3671188805955765,34.0,55.80799405798939,-4.284953473560454,108,6.6,649
55.8091182047482,-4.3671188805955765,34.0,55.906815669822045,-4.385279074380807,109,23.821,1355
55.8091182047482,-4.3671188805955765,34.0,55.916237634416454,-4.222407816066865,110,20.861,1269
55.8091182047482,-4.3671188805955765,34.0,55.915798955837815,-4.088621086891774,111,30.136,1523
55.8091182047482,-4.3671188805955765,34.0,55.827538479175395,-4.350653065976025,112,3.836,378
55.8091182047482,-4.3671188805955765,34.0,55.799515288981674,-4.0866627646338864,113,29.712,1489
55.8091182047482,-4.3671188805955765,34.0,55.831024245961984,-4.244756518165482,114,13.995,873
55.8091182047482,-4.3671188805955765,34.0,55.86754360554833,-4.2143078261423845,115,16.811,1066
55.8091182047482,-4.3671188805955765,34.0,55.8574985965699,-4.1521224561179935,116,21.392,1281
55.8091182047482,-4.3671188805955765,34.0,55.88095643501817,-4.32811659177277,117,11.191,927
55.8091182047482,-4.3671188805955765,34.0,55.85240433608213,-4.177570445500026,118,20.253,1222
55.8091182047482,-4.3671188805955765,34.0,55.91169549549074,-4.359708873069638,119,26.349,1580
55.8091182047482,-4.3671188805955765,34.0,55.92640787519779,-4.300990956079843,120,21.677,1357
55.8091182047482,-4.3671188805955765,34.0,55.84019197366069,-4.205566157974415,121,17.849,1120
55.8091182047482,-4.3671188805955765,34.0,55.866619942939494,-4.268153778778456,122,13.773,990
55.8091182047482,-4.3671188805955765,34.0,55.81327411986783,-4.2587495402872255,123,8.627,794
55.8091182047482,-4.3671188805955765,34.0,55.86022660117776,-4.154711133590585,124,21.312,1209
55.8091182047482,-4.3671188805955765,34.0,55.831522729053496,-4.370420634377527,125,3.97,439
55.8091182047482,-4.3671188805955765,34.0,55.84074346341779,-4.172411658039648,126,18.457,1025
55.8091182047482,-4.3671188805955765,34.0,55.8801412435821,-4.258666277618953,127,14.817,1016
55.8091182047482,-4.3671188805955765,34.0,55.8434159429892,-4.1056733307349536,128,22.86,1204
55.8091182047482,-4.3671188805955765,34.0,55.83522057783537,-4.25736952395694,129,8.472,825
55.8091182047482,-4.3671188805955765,34.0,55.86467774065618,-4.2250953414252415,130,15.595,903
55.8091182047482,-4.3671188805955765,34.0,55.8953662249987,-4.231143624453162,131,18.048,1080
55.8091182047482,-4.3671188805955765,34.0,55.81920459649808,-4.236238450921302,132,9.757,899
55.8091182047482,-4.3671188805955765,34.0,55.900795402502105,-4.206009410292495,133,20.215,1275
55.8091182047482,-4.3671188805955765,34.0,55.86078490474355,-4.339631469507248,134,9.023,885
55.8091182047482,-4.3671188805955765,34.0,55.924999437053955,-4.191173279124663,135,22.505,1320
55.8091182047482,-4.3671188805955765,34.0,55.81549096669224,-4.126910343137958,136,29.487,1427
55.8091182047482,-4.3671188805955765,34.0,55.90135585493081,-4.207622057499793,137,20.214,1253
55.8091182047482,-4.3671188805955765,34.0,55.845816555475636,-4.129576488296543,138,21.609,1246
55.8091182047482,-4.3671188805955765,34.0,55.80470047644827,-4.291960781118721,139,6.158,605
55.8091182047482,-4.3671188805955765,34.0,55.89185394491289,-4.179857587296262,140,19.799,1063
55.8091182047482,-4.3671188805955765,34.0,55.91859399996558,-4.3401659608951215,141,20.24,1355
55.8091182047482,-4.3671188805955765,34.0,55.90671476836246,-4.3642865107142725,142,16.134,1390
55.8091182047482,-4.3671188805955765,34.0,55.81273399651921,-4.167613047894911,143,19.002,1151
55.8091182047482,-4.3671188805955765,34.0,55.80939871413575,-4.276056954355674,144,7.263,649
55.8091182047482,-4.3671188805955765,34.0,55.88312869327199,-4.214542892826467,145,17.619,1107
55.8091182047482,-4.3671188805955765,34.0,55.815340374954424,-4.283514492524949,146,6.257,534
55.8091182047482,-4.3671188805955765,34.0,55.87864379034378,-4.080636908866371,147,30.834,1395
55.8091182047482,-4.3671188805955765,34.0,55.89423440492952,-4.2418874418647645,148,18.611,1164
55.8091182047482,-4.3671188805955765,34.0,55.92796852989922,-4.305970400193036,149,21.805,1380
55.8091182047482,-4.3671188805955765,34.0,55.92895153496988,-4.082888064137351,150,30.506,1473
55.8091182047482,-4.3671188805955765,34.0,55.790766759429424,-4.135285962371055,151,26.237,1233
55.8091182047482,-4.3671188805955765,34.0,55.80808041573422,-4.184105792933229,152,14.571,1143
55.8091182047482,-4.3671188805955765,34.0,55.7982747224006,-4.3931924101572655,153,2.439,223
55.8091182047482,-4.3671188805955765,34.0,55.81178474630603,-4.337962602706185,154,2.257,224
55.8091182047482,-4.3671188805955765,34.0,55.852972007756,-4.353957895039277,155,6.65,704
55.8091182047482,-4.3671188805955765,34.0,55.797152036890715,-4.311451416173846,156,3.998,393
55.8091182047482,-4.3671188805955765,34.0,55.84839482833289,-4.1889265673730645,157,20.035,1139
55.8091182047482,-4.3671188805955765,34.0,55.86383954752864,-4.387927326091926,158,9.709,728
55.8091182047482,-4.3671188805955765,34.0,55.807182357875575,-4.140487806234959,159,28.641,1336
55.8091182047482,-4.3671188805955765,34.0,55.8296607577131,-4.218765551358871,160,15.415,1029
55.8091182047482,-4.3671188805955765,34.0,55.82699494590622,-4.295404959002084,161,6.18,523
55.8091182047482,-4.3671188805955765,34.0,55.861248665443505,-4.307186036515638,162,9.927,790
55.8091182047482,-4.3671188805955765,34.0,55.897857165570365,-4.156645648865112,163,21.275,1100
55.8091182047482,-4.3671188805955765,34.0,55.877747555317356,-4.342792329217214,164,11.781,1023
55.8091182047482,-4.3671188805955765,34.0,55.92259641850896,-4.389236283866068,165,22.698,1361
55.8091182047482,-4.3671188805955765,34.0,55.92621339590465,-4.2820478996479165,166,20.129,1256
55.8091182047482,-4.3671188805955765,34.0,55.80660612206145,-4.094012410496262,167,26.907,1492
55.8091182047482,-4.3671188805955765,34.0,55.84605439624201,-4.09192094471571,168,25.612,1215
55.8091182047482,-4.3671188805955765,34.0,55.83961965364386,-4.1201104741133365,169,22.211,1102
55.8091182047482,-4.3671188805955765,34.0,55.85030951683019,-4.217608837338132,170,15.503,1070
55.8091182047482,-4.3671188805955765,34.0,55.85971342373431,-4.246748195156407,171,15.964,1001
55.8091182047482,-4.3671188805955765,34.0,55.815747728441636,-4.150792968910081,172,19.5,1212
55.8091182047482,-4.3671188805955765,34.0,55.80041195127493,-4.3806303679601495,173,1.855,176
55.8091182047482,-4.3671188805955765,34.0,55.85487415463933,-4.092829020720908,174,25.422,1216
55.8091182047482,-4.3671188805955765,34.0,55.80456076444065,-4.203157873727267,175,15.446,1227
55.8091182047482,-4.3671188805955765,34.0,55.84723005082115,-4.330151260440624,176,7.392,668
55.8091182047482,-4.3671188805955765,34.0,55.88775631668876,-4.123428423568879,177,25.023,1312
55.8091182047482,-4.3671188805955765,34.0,55.82857385936083,-4.129579652409029,178,22.022,1400
55.8091182047482,-4.3671188805955765,34.0,55.879865395443076,-4.36272007519476,179,12.673,1066
55.8091182047482,-4.3671188805955765,34.0,55.87973669437185,-4.215636550296907,180,16.906,1118
55.8091182047482,-4.3671188805955765,34.0,55.8162521393249,-4.1868605517933455,181,18.382,1122
55.8091182047482,-4.3671188805955765,34.0,55.80755514535402,-4.201625161718038,182,15.199,1193
55.8091182047482,-4.3671188805955765,34.0,55.85565398843102,-4.250533808562208,183,12.462,920
55.8091182047482,-4.3671188805955765,34.0,55.929636326069506,-4.381100658166308,184,23.684,1382
55.8091182047482,-4.3671188805955765,34.0,55.879581066995904,-4.21986165885879,185,16.547,1099
55.8091182047482,-4.3671188805955765,34.0,55.92647877645629,-4.127886630011083,186,26.637,1431
55.8091182047482,-4.3671188805955765,34.0,55.82282427264178,-4.371094162561755,187,3.106,362
55.8091182047482,-4.3671188805955765,34.0,55.90291353127043,-4.3414180899754955,188,14.18,1268
55.8091182047482,-4.3671188805955765,34.0,55.78437024600116,-4.156926419796477,189,24.923,1226
55.8091182047482,-4.3671188805955765,34.0,55.8321542449311,-4.1561720476648265,190,19.286,1116
55.8091182047482,-4.3671188805955765,34.0,55.88310705812362,-4.084862107847263,191,27.995,1277
55.8091182047482,-4.3671188805955765,34.0,55.85616333886266,-4.110333739241922,192,24.223,1260
55.8091182047482,-4.3671188805955765,34.0,55.90185178498145,-4.152652007721208,193,25.184,1724
55.8091182047482,-4.3671188805955765,34.0,55.8837118458465,-4.182392741162416,194,21.463,2072
55.8091182047482,-4.3671188805955765,34.0,55.83086049774818,-4.312434105301623,195,6.383,538
55.8091182047482,-4.3671188805955765,34.0,55.821849459706755,-4.176208567338996,196,18.13,1086
55.8091182047482,-4.3671188805955765,34.0,55.88009750494633,-4.255964552703097,197,14.503,995
55.8091182047482,-4.3671188805955765,34.0,55.87413911675089,-4.369807111055967,198,8.731,746
55.8091182047482,-4.3671188805955765,34.0,55.86354071984154,-4.093406384811447,199,24.839,1314
55.861706492993314,-4.1033349964614665,35.0,55.8391698042901,-4.214478482526657,0,11.923,595
55.861706492993314,-4.1033349964614665,35.0,55.86553667472969,-4.350500876963486,1,24.26,1024
55.861706492993314,-4.1033349964614665,35.0,55.912892829643965,-4.286410947894997,2,21.044,2011
55.861706492993314,-4.1033349964614665,35.0,55.84854019346565,-4.391697428307927,3,23.691,1245
55.861706492993314,-4.1033349964614665,35.0,55.79232875093524,-4.310455024670266,4,26.156,1222
55.861706492993314,-4.1033349964614665,35.0,55.837143362020576,-4.120043492886959,5,10.153,414
55.861706492993314,-4.1033349964614665,35.0,55.84185129809378,-4.283879851305767,6,16.13,898
55.861706492993314,-4.1033349964614665,35.0,55.90609664927746,-4.311383718964596,7,19.728,1121
55.861706492993314,-4.1033349964614665,35.0,55.7832172019226,-4.31249791159531,8,22.113,1264
55.861706492993314,-4.1033349964614665,35.0,55.8177258987159,-4.260489243356555,9,16.08,810
55.861706492993314,-4.1033349964614665,35.0,55.903262790870684,-4.212111703691823,10,14.281,901
55.861706492993314,-4.1033349964614665,35.0,55.893978813107424,-4.1413270988368325,11,12.21,675
55.861706492993314,-4.1033349964614665,35.0,55.894884622950286,-4.154349650804189,12,17.542,646
55.861706492993314,-4.1033349964614665,35.0,55.80680963785043,-4.263605759417426,13,18.518,1078
55.861706492993314,-4.1033349964614665,35.0,55.81824312166051,-4.346878846315483,14,23.319,1137
55.861706492993314,-4.1033349964614665,35.0,55.84742656229786,-4.269221405976544,15,17.736,889
55.861706492993314,-4.1033349964614665,35.0,55.80730424868546,-4.315177272898423,16,23.025,1121
55.861706492993314,-4.1033349964614665,35.0,55.83798278877758,-4.260604018644594,17,14.601,712
55.861706492993314,-4.1033349964614665,35.0,55.89424631095569,-4.343398240721316,18,19.589,1100
55.861706492993314,-4.1033349964614665,35.0,55.83908093533876,-4.223069302141199,19,12.953,725
55.861706492993314,-4.1033349964614665,35.0,55.8357731433788,-4.270556349194068,20,15.285,762
55.861706492993314,-4.1033349964614665,35.0,55.90309627527835,-4.360750370095284,21,21.622,1336
55.861706492993314,-4.1033349964614665,35.0,55.85652103589449,-4.101365743428073,22,3.564,263
55.861706492993314,-4.1033349964614665,35.0,55.783736419963375,-4.235306054793451,23,16.991,988
55.861706492993314,-4.1033349964614665,35.0,55.92064824587275,-4.2358362157531895,24,18.642,1001
55.861706492993314,-4.1033349964614665,35.0,55.907674892744176,-4.2497703459088045,25,17.394,2046
55.861706492993314,-4.1033349964614665,35.0,55.919604340921964,-4.226208116301384,26,16.488,962
55.861706492993314,-4.1033349964614665,35.0,55.83219148710444,-4.304581930326681,27,22.197,1163
55.861706492993314,-4.1033349964614665,35.0,55.79569701419853,-4.1769099124482585,28,13.166,744
55.861706492993314,-4.1033349964614665,35.0,55.81260197667657,-4.197841211154324,29,13.788,730
55.861706492993314,-4.1033349964614665,35.0,55.826092940761974,-4.176919409292903,30,10.071,557
55.861706492993314,-4.1033349964614665,35.0,55.828413149208096,-4.109650878166438,31,7.623,452
55.861706492993314,-4.1033349964614665,35.0,55.8999241737755,-4.257993823533507,32,17.493,991
55.861706492993314,-4.1033349964614665,35.0,55.892514250678616,-4.340118142906542,33,19.618,1112
55.861706492993314,-4.1033349964614665,35.0,55.855241629670886,-4.269936069312288,34,15.58,630
55.861706492993314,-4.1033349964614665,35.0,55.877364911629314,-4.109701193625618,35,7.638,389
55.861706492993314,-4.1033349964614665,35.0,55.887053111734645,-4.1280531391159245,36,11.197,696
55.861706492993314,-4.1033349964614665,35.0,55.89108676863447,-4.105446803942431,37,9.067,720
55.861706492993314,-4.1033349964614665,35.0,55.842635153466425,-4.334387903339716,38,20.128,952
55.861706492993314,-4.1033349964614665,35.0,55.89197542936556,-4.19614108945253,39,12.065,625
55.861706492993314,-4.1033349964614665,35.0,55.825849135803445,-4.321179033230789,40,20.375,1063
55.861706492993314,-4.1033349964614665,35.0,55.81864602215581,-4.375055705699034,41,24.348,1145
55.861706492993314,-4.1033349964614665,35.0,55.92613065482397,-4.212698358862173,42,23.708,1052
55.861706492993314,-4.1033349964614665,35.0,55.874439929608144,-4.279689658904073,43,15.421,752
55.861706492993314,-4.1033349964614665,35.0,55.81998166828728,-4.245455535821837,44,15.56,716
55.861706492993314,-4.1033349964614665,35.0,55.91066980601156,-4.213502644426629,45,15.983,977
55.861706492993314,-4.1033349964614665,35.0,55.8404807486866,-4.356656090229781,46,23.78,1219
55.861706492993314,-4.1033349964614665,35.0,55.88708229912325,-4.079055837843032,47,8.027,330
55.861706492993314,-4.1033349964614665,35.0,55.84510555179576,-4.178720975321847,48,9.487,530
55.861706492993314,-4.1033349964614665,35.0,55.84413340760586,-4.085244529493477,49,5.176,640
55.861706492993314,-4.1033349964614665,35.0,55.83324217210475,-4.157183908594519,50,8.168,404
55.861706492993314,-4.1033349964614665,35.0,55.895753278756494,-4.323131413571223,51,19.36,1174
55.861706492993314,-4.1033349964614665,35.0,55.88609925330935,-4.38354364327563,52,25.293,1092
55.861706492993314,-4.1033349964614665,35.0,55.86596770908397,-4.338853955125049,53,22.076,973
55.861706492993314,-4.1033349964614665,35.0,55.819381988004544,-4.256567679373081,54,16.989,866
55.861706492993314,-4.1033349964614665,35.0,55.919398785577634,-4.298102785445152,55,21.32,1691
55.861706492993314,-4.1033349964614665,35.0,55.81052481551728,-4.0780884232687225,56,10.422,1599
55.861706492993314,-4.1033349964614665,35.0,55.8411814367945,-4.125490362928665,57,5.704,347
55.861706492993314,-4.1033349964614665,35.0,55.844855881791794,-4.151320272286683,58,9.319,503
55.861706492993314,-4.1033349964614665,35.0,55.79334532620707,-4.3052187624925375,59,20.856,1213
55.861706492993314,-4.1033349964614665,35.0,55.78499644933002,-4.082518262203789,60,12.312,526
55.861706492993314,-4.1033349964614665,35.0,55.86482365717543,-4.074666870071637,61,2.943,324
55.861706492993314,-4.1033349964614665,35.0,55.910543969585106,-4.384534109666136,62,23.449,1400
55.861706492993314,-4.1033349964614665,35.0,55.799715679086134,-4.188568421733812,63,13.494,934
55.861706492993314,-4.1033349964614665,35.0,55.90005630083831,-4.294022887833187,64,18.8,1074
55.861706492993314,-4.1033349964614665,35.0,55.82573931186619,-4.210157383495828,65,11.845,544
55.861706492993314,-4.1033349964614665,35.0,55.88010014610652,-4.288014027401103,66,17.521,1042
55.861706492993314,-4.1033349964614665,35.0,55.8836463272421,-4.377148406451105,67,25.063,1170
55.861706492993314,-4.1033349964614665,35.0,55.80511293548626,-4.195982430231648,68,14.768,804
55.861706492993314,-4.1033349964614665,35.0,55.9265186267864,-4.256321117900257,69,20.858,1105
55.861706492993314,-4.1033349964614665,35.0,55.90353118048908,-4.119171950823842,70,9.669,780
55.861706492993314,-4.1033349964614665,35.0,55.81502357146685,-4.260984914919316,71,16.437,845
55.861706492993314,-4.1033349964614665,35.0,55.894355058439295,-4.293143876300353,72,18.09,1021
55.861706492993314,-4.1033349964614665,35.0,55.80246488546192,-4.242274834364847,73,17.701,941
55.861706492993314,-4.1033349964614665,35.0,55.887581813102464,-4.2985753032369685,74,17.702,1018
55.861706492993314,-4.1033349964614665,35.0,55.928290955083554,-4.295962301582311,75,21.742,1106
55.861706492993314,-4.1033349964614665,35.0,55.81096058143004,-4.368797105646974,76,26.005,1227
55.861706492993314,-4.1033349964614665,35.0,55.84818750128869,-4.3631808239548375,77,24.766,1071
55.861706492993314,-4.1033349964614665,35.0,55.81610352786554,-4.330910795148831,78,22.344,977
55.861706492993314,-4.1033349964614665,35.0,55.807034270653475,-4.136077366584948,79,12.192,692
55.861706492993314,-4.1033349964614665,35.0,55.86778114631985,-4.233612892312959,80,12.551,616
55.861706492993314,-4.1033349964614665,35.0,55.79578956690847,-4.368290459919509,81,31.089,2422
55.861706492993314,-4.1033349964614665,35.0,55.897877306124535,-4.077031107370425,82,9.056,1058
55.861706492993314,-4.1033349964614665,35.0,55.80721289582252,-4.242612882195534,83,16.924,893
55.861706492993314,-4.1033349964614665,35.0,55.92209393969709,-4.157940141970138,84,13.632,798
55.861706492993314,-4.1033349964614665,35.0,55.79188265083702,-4.28147512844989,85,19.891,1136
55.861706492993314,-4.1033349964614665,35.0,55.88043814367632,-4.104360473798184,86,6.948,329
55.861706492993314,-4.1033349964614665,35.0,55.90345994988174,-4.293652184560058,87,20.517,1147
55.861706492993314,-4.1033349964614665,35.0,55.91230525016259,-4.108196424937476,88,10.463,689
55.861706492993314,-4.1033349964614665,35.0,55.90569137930351,-4.3852429216612405,89,23.484,1423
55.861706492993314,-4.1033349964614665,35.0,55.824402119970216,-4.298242138123909,90,20.811,984
55.861706492993314,-4.1033349964614665,35.0,55.887104625653905,-4.201059285828647,91,11.839,700
55.861706492993314,-4.1033349964614665,35.0,55.92006797200308,-4.195257422106852,92,21.713,869
55.861706492993314,-4.1033349964614665,35.0,55.7944551107823,-4.1683749063061635,93,13.296,1178
55.861706492993314,-4.1033349964614665,35.0,55.88003873447475,-4.304350182381346,94,17.035,925
55.861706492993314,-4.1033349964614665,35.0,55.88308048053683,-4.2942103285768285,95,16.635,900
55.861706492993314,-4.1033349964614665,35.0,55.80779271908626,-4.3234306371549245,96,23.615,1109
55.861706492993314,-4.1033349964614665,35.0,55.90123467399992,-4.380968632189907,97,26.637,1600
55.861706492993314,-4.1033349964614665,35.0,55.88049231589054,-4.293733205570284,98,16.537,890
55.861706492993314,-4.1033349964614665,35.0,55.84697147961761,-4.334108806216461,99,20.242,985
55.861706492993314,-4.1033349964614665,35.0,55.83067141211495,-4.195633651932574,100,11.089,559
55.861706492993314,-4.1033349964614665,35.0,55.89350845984679,-4.099445363541155,101,8.134,490
55.861706492993314,-4.1033349964614665,35.0,55.92592408664018,-4.179171340754611,102,20.984,908
55.861706492993314,-4.1033349964614665,35.0,55.84941827409408,-4.169566750359822,103,9.596,553
55.861706492993314,-4.1033349964614665,35.0,55.92413375575165,-4.226670311636797,104,24.923,1794
55.861706492993314,-4.1033349964614665,35.0,55.88995713457192,-4.285031242761631,105,17.03,924
55.861706492993314,-4.1033349964614665,35.0,55.90528066541109,-4.131569818675147,106,17.322,671
55.861706492993314,-4.1033349964614665,35.0,55.87850608392288,-4.103517886631066,107,7.279,363
55.861706492993314,-4.1033349964614665,35.0,55.80799405798939,-4.284953473560454,108,18.304,1081
55.861706492993314,-4.1033349964614665,35.0,55.906815669822045,-4.385279074380807,109,22.795,1338
55.861706492993314,-4.1033349964614665,35.0,55.916237634416454,-4.222407816066865,110,16.403,950
55.861706492993314,-4.1033349964614665,35.0,55.915798955837815,-4.088621086891774,111,12.545,583
55.861706492993314,-4.1033349964614665,35.0,55.827538479175395,-4.350653065976025,112,22.688,1068
55.861706492993314,-4.1033349964614665,35.0,55.799515288981674,-4.0866627646338864,113,12.682,638
55.861706492993314,-4.1033349964614665,35.0,55.831024245961984,-4.244756518165482,114,14.041,617
55.861706492993314,-4.1033349964614665,35.0,55.86754360554833,-4.2143078261423845,115,11.224,602
55.861706492993314,-4.1033349964614665,35.0,55.8574985965699,-4.1521224561179935,116,8.336,454
55.861706492993314,-4.1033349964614665,35.0,55.88095643501817,-4.32811659177277,117,20.254,982
55.861706492993314,-4.1033349964614665,35.0,55.85240433608213,-4.177570445500026,118,7.625,565
55.861706492993314,-4.1033349964614665,35.0,55.91169549549074,-4.359708873069638,119,23.186,1404
55.861706492993314,-4.1033349964614665,35.0,55.92640787519779,-4.300990956079843,120,22.19,1155
55.861706492993314,-4.1033349964614665,35.0,55.84019197366069,-4.205566157974415,121,12.409,710
55.861706492993314,-4.1033349964614665,35.0,55.866619942939494,-4.268153778778456,122,14.498,733
55.861706492993314,-4.1033349964614665,35.0,55.81327411986783,-4.2587495402872255,123,16.416,855
55.861706492993314,-4.1033349964614665,35.0,55.86022660117776,-4.154711133590585,124,7.553,381
55.861706492993314,-4.1033349964614665,35.0,55.831522729053496,-4.370420634377527,125,24.742,1238
55.861706492993314,-4.1033349964614665,35.0,55.84074346341779,-4.172411658039648,126,9.149,449
55.861706492993314,-4.1033349964614665,35.0,55.8801412435821,-4.258666277618953,127,14.774,747
55.861706492993314,-4.1033349964614665,35.0,55.8434159429892,-4.1056733307349536,128,5.96,376
55.861706492993314,-4.1033349964614665,35.0,55.83522057783537,-4.25736952395694,129,14.575,714
55.861706492993314,-4.1033349964614665,35.0,55.86467774065618,-4.2250953414252415,130,12.444,520
55.861706492993314,-4.1033349964614665,35.0,55.8953662249987,-4.231143624453162,131,15.668,812
55.861706492993314,-4.1033349964614665,35.0,55.81920459649808,-4.236238450921302,132,16.144,766
55.861706492993314,-4.1033349964614665,35.0,55.900795402502105,-4.206009410292495,133,13.466,792
55.861706492993314,-4.1033349964614665,35.0,55.86078490474355,-4.339631469507248,134,22.611,1068
55.861706492993314,-4.1033349964614665,35.0,55.924999437053955,-4.191173279124663,135,21.462,860
55.861706492993314,-4.1033349964614665,35.0,55.81549096669224,-4.126910343137958,136,11.022,663
55.861706492993314,-4.1033349964614665,35.0,55.90135585493081,-4.207622057499793,137,13.465,769
55.861706492993314,-4.1033349964614665,35.0,55.845816555475636,-4.129576488296543,138,5.141,355
55.861706492993314,-4.1033349964614665,35.0,55.80470047644827,-4.291960781118721,139,19.31,1141
55.861706492993314,-4.1033349964614665,35.0,55.89185394491289,-4.179857587296262,140,12.669,568
55.861706492993314,-4.1033349964614665,35.0,55.91859399996558,-4.3401659608951215,141,22.052,1254
55.861706492993314,-4.1033349964614665,35.0,55.90671476836246,-4.3642865107142725,142,23.273,1376
55.861706492993314,-4.1033349964614665,35.0,55.81273399651921,-4.167613047894911,143,10.625,545
55.861706492993314,-4.1033349964614665,35.0,55.80939871413575,-4.276056954355674,144,17.592,969
55.861706492993314,-4.1033349964614665,35.0,55.88312869327199,-4.214542892826467,145,11.466,670
55.861706492993314,-4.1033349964614665,35.0,55.815340374954424,-4.283514492524949,146,17.762,987
55.861706492993314,-4.1033349964614665,35.0,55.87864379034378,-4.080636908866371,147,9.007,365
55.861706492993314,-4.1033349964614665,35.0,55.89423440492952,-4.2418874418647645,148,16.231,896
55.861706492993314,-4.1033349964614665,35.0,55.92796852989922,-4.305970400193036,149,22.318,1178
55.861706492993314,-4.1033349964614665,35.0,55.92895153496988,-4.082888064137351,150,13.503,591
55.861706492993314,-4.1033349964614665,35.0,55.790766759429424,-4.135285962371055,151,14.32,748
55.861706492993314,-4.1033349964614665,35.0,55.80808041573422,-4.184105792933229,152,12.104,661
55.861706492993314,-4.1033349964614665,35.0,55.7982747224006,-4.3931924101572655,153,26.813,1322
55.861706492993314,-4.1033349964614665,35.0,55.81178474630603,-4.337962602706185,154,23.411,1083
55.861706492993314,-4.1033349964614665,35.0,55.852972007756,-4.353957895039277,155,21.81,1071
55.861706492993314,-4.1033349964614665,35.0,55.797152036890715,-4.311451416173846,156,25.383,1157
55.861706492993314,-4.1033349964614665,35.0,55.84839482833289,-4.1889265673730645,157,10.248,566
55.861706492993314,-4.1033349964614665,35.0,55.86383954752864,-4.387927326091926,158,27.402,1098
55.861706492993314,-4.1033349964614665,35.0,55.807182357875575,-4.140487806234959,159,11.869,667
55.861706492993314,-4.1033349964614665,35.0,55.8296607577131,-4.218765551358871,160,12.186,636
55.861706492993314,-4.1033349964614665,35.0,55.82699494590622,-4.295404959002084,161,20.847,961
55.861706492993314,-4.1033349964614665,35.0,55.861248665443505,-4.307186036515638,162,19.696,974
55.861706492993314,-4.1033349964614665,35.0,55.897857165570365,-4.156645648865112,163,14.145,605
55.861706492993314,-4.1033349964614665,35.0,55.877747555317356,-4.342792329217214,164,20.852,1088
55.861706492993314,-4.1033349964614665,35.0,55.92259641850896,-4.389236283866068,165,26.051,1460
55.861706492993314,-4.1033349964614665,35.0,55.92621339590465,-4.2820478996479165,166,20.642,1054
55.861706492993314,-4.1033349964614665,35.0,55.80660612206145,-4.094012410496262,167,10.007,664
55.861706492993314,-4.1033349964614665,35.0,55.84605439624201,-4.09192094471571,168,2.104,83
55.861706492993314,-4.1033349964614665,35.0,55.83961965364386,-4.1201104741133365,169,5.311,274
55.861706492993314,-4.1033349964614665,35.0,55.85030951683019,-4.217608837338132,170,12.083,674
55.861706492993314,-4.1033349964614665,35.0,55.85971342373431,-4.246748195156407,171,13.157,666
55.861706492993314,-4.1033349964614665,35.0,55.815747728441636,-4.150792968910081,172,10.739,564
55.861706492993314,-4.1033349964614665,35.0,55.80041195127493,-4.3806303679601495,173,26.229,1275
55.861706492993314,-4.1033349964614665,35.0,55.85487415463933,-4.092829020720908,174,1.914,84
55.861706492993314,-4.1033349964614665,35.0,55.80456076444065,-4.203157873727267,175,14.787,806
55.861706492993314,-4.1033349964614665,35.0,55.84723005082115,-4.330151260440624,176,19.763,928
55.861706492993314,-4.1033349964614665,35.0,55.88775631668876,-4.123428423568879,177,11.332,702
55.861706492993314,-4.1033349964614665,35.0,55.82857385936083,-4.129579652409029,178,10.629,642
55.861706492993314,-4.1033349964614665,35.0,55.879865395443076,-4.36272007519476,179,21.76,1114
55.861706492993314,-4.1033349964614665,35.0,55.87973669437185,-4.215636550296907,180,12.182,767
55.861706492993314,-4.1033349964614665,35.0,55.8162521393249,-4.1868605517933455,181,11.212,659
55.861706492993314,-4.1033349964614665,35.0,55.80755514535402,-4.201625161718038,182,14.54,773
55.861706492993314,-4.1033349964614665,35.0,55.85565398843102,-4.250533808562208,183,13.971,821
55.861706492993314,-4.1033349964614665,35.0,55.929636326069506,-4.381100658166308,184,25.113,1420
55.861706492993314,-4.1033349964614665,35.0,55.879581066995904,-4.21986165885879,185,12.367,801
55.861706492993314,-4.1033349964614665,35.0,55.92647877645629,-4.127886630011083,186,12.575,835
55.861706492993314,-4.1033349964614665,35.0,55.82282427264178,-4.371094162561755,187,23.878,1161
55.861706492993314,-4.1033349964614665,35.0,55.90291353127043,-4.3414180899754955,188,20.42,1269
55.861706492993314,-4.1033349964614665,35.0,55.78437024600116,-4.156926419796477,189,17.911,801
55.861706492993314,-4.1033349964614665,35.0,55.8321542449311,-4.1561720476648265,190,8.208,418
55.861706492993314,-4.1033349964614665,35.0,55.88310705812362,-4.084862107847263,191,6.168,246
55.861706492993314,-4.1033349964614665,35.0,55.85616333886266,-4.110333739241922,192,4.207,314
55.861706492993314,-4.1033349964614665,35.0,55.90185178498145,-4.152652007721208,193,19.272,1203
55.861706492993314,-4.1033349964614665,35.0,55.8837118458465,-4.182392741162416,194,12.036,1452
55.861706492993314,-4.1033349964614665,35.0,55.83086049774818,-4.312434105301623,195,21.781,1065
55.861706492993314,-4.1033349964614665,35.0,55.821849459706755,-4.176208567338996,196,10.092,502
55.861706492993314,-4.1033349964614665,35.0,55.88009750494633,-4.255964552703097,197,14.46,726
55.861706492993314,-4.1033349964614665,35.0,55.87413911675089,-4.369807111055967,198,23.404,989
55.861706492993314,-4.1033349964614665,35.0,55.86354071984154,-4.093406384811447,199,3.494,189
55.87053680163088,-4.148680000506693,36.0,55.8391698042901,-4.214478482526657,0,8.195,773
55.87053680163088,-4.148680000506693,36.0,55.86553667472969,-4.350500876963486,1,19.298,965
55.87053680163088,-4.148680000506693,36.0,55.912892829643965,-4.286410947894997,2,15.684,1925
55.87053680163088,-4.148680000506693,36.0,55.84854019346565,-4.391697428307927,3,18.729,1187
55.87053680163088,-4.148680000506693,36.0,55.79232875093524,-4.310455024670266,4,21.22,1165
55.87053680163088,-4.148680000506693,36.0,55.837143362020576,-4.120043492886959,5,14.916,655
55.87053680163088,-4.148680000506693,36.0,55.84185129809378,-4.283879851305767,6,15.9,915
55.87053680163088,-4.148680000506693,36.0,55.90609664927746,-4.311383718964596,7,14.368,1034
55.87053680163088,-4.148680000506693,36.0,55.7832172019226,-4.31249791159531,8,22.808,1223
55.87053680163088,-4.148680000506693,36.0,55.8177258987159,-4.260489243356555,9,20.843,1051
55.87053680163088,-4.148680000506693,36.0,55.903262790870684,-4.212111703691823,10,8.921,814
55.87053680163088,-4.148680000506693,36.0,55.893978813107424,-4.1413270988368325,11,4.095,499
55.87053680163088,-4.148680000506693,36.0,55.894884622950286,-4.154349650804189,12,6.91,565
55.87053680163088,-4.148680000506693,36.0,55.80680963785043,-4.263605759417426,13,23.281,1318
55.87053680163088,-4.148680000506693,36.0,55.81824312166051,-4.346878846315483,14,18.383,1079
55.87053680163088,-4.148680000506693,36.0,55.84742656229786,-4.269221405976544,15,12.376,803
55.87053680163088,-4.148680000506693,36.0,55.80730424868546,-4.315177272898423,16,18.089,1064
55.87053680163088,-4.148680000506693,36.0,55.83798278877758,-4.260604018644594,17,10.583,864
55.87053680163088,-4.148680000506693,36.0,55.89424631095569,-4.343398240721316,18,14.229,1014
55.87053680163088,-4.148680000506693,36.0,55.83908093533876,-4.223069302141199,19,8.371,822
55.87053680163088,-4.148680000506693,36.0,55.8357731433788,-4.270556349194068,20,13.18,814
55.87053680163088,-4.148680000506693,36.0,55.90309627527835,-4.360750370095284,21,16.262,1249
55.87053680163088,-4.148680000506693,36.0,55.85652103589449,-4.101365743428073,22,5.44,347
55.87053680163088,-4.148680000506693,36.0,55.783736419963375,-4.235306054793451,23,21.754,1228
55.87053680163088,-4.148680000506693,36.0,55.92064824587275,-4.2358362157531895,24,13.282,914
55.87053680163088,-4.148680000506693,36.0,55.907674892744176,-4.2497703459088045,25,12.034,1959
55.87053680163088,-4.148680000506693,36.0,55.919604340921964,-4.226208116301384,26,12.885,926
55.87053680163088,-4.148680000506693,36.0,55.83219148710444,-4.304581930326681,27,17.261,1106
55.87053680163088,-4.148680000506693,36.0,55.79569701419853,-4.1769099124482585,28,17.929,984
55.87053680163088,-4.148680000506693,36.0,55.81260197667657,-4.197841211154324,29,18.551,970
55.87053680163088,-4.148680000506693,36.0,55.826092940761974,-4.176919409292903,30,14.834,797
55.87053680163088,-4.148680000506693,36.0,55.828413149208096,-4.109650878166438,31,12.386,692
55.87053680163088,-4.148680000506693,36.0,55.8999241737755,-4.257993823533507,32,12.133,904
55.87053680163088,-4.148680000506693,36.0,55.892514250678616,-4.340118142906542,33,14.258,1025
55.87053680163088,-4.148680000506693,36.0,55.855241629670886,-4.269936069312288,34,10.22,543
55.87053680163088,-4.148680000506693,36.0,55.877364911629314,-4.109701193625618,35,3.946,283
55.87053680163088,-4.148680000506693,36.0,55.887053111734645,-4.1280531391159245,36,6.144,593
55.87053680163088,-4.148680000506693,36.0,55.89108676863447,-4.105446803942431,37,8.461,759
55.87053680163088,-4.148680000506693,36.0,55.842635153466425,-4.334387903339716,38,15.166,893
55.87053680163088,-4.148680000506693,36.0,55.89197542936556,-4.19614108945253,39,6.705,538
55.87053680163088,-4.148680000506693,36.0,55.825849135803445,-4.321179033230789,40,15.439,1006
55.87053680163088,-4.148680000506693,36.0,55.81864602215581,-4.375055705699034,41,19.412,1088
55.87053680163088,-4.148680000506693,36.0,55.92613065482397,-4.212698358862173,42,12.259,921
55.87053680163088,-4.148680000506693,36.0,55.874439929608144,-4.279689658904073,43,10.061,665
55.87053680163088,-4.148680000506693,36.0,55.81998166828728,-4.245455535821837,44,20.323,956
55.87053680163088,-4.148680000506693,36.0,55.91066980601156,-4.213502644426629,45,10.623,890
55.87053680163088,-4.148680000506693,36.0,55.8404807486866,-4.356656090229781,46,18.818,1161
55.87053680163088,-4.148680000506693,36.0,55.88708229912325,-4.079055837843032,47,6.79,416
55.87053680163088,-4.148680000506693,36.0,55.84510555179576,-4.178720975321847,48,5.788,612
55.87053680163088,-4.148680000506693,36.0,55.84413340760586,-4.085244529493477,49,9.939,880
55.87053680163088,-4.148680000506693,36.0,55.83324217210475,-4.157183908594519,50,12.931,645
55.87053680163088,-4.148680000506693,36.0,55.895753278756494,-4.323131413571223,51,14.0,1087
55.87053680163088,-4.148680000506693,36.0,55.88609925330935,-4.38354364327563,52,20.331,1034
55.87053680163088,-4.148680000506693,36.0,55.86596770908397,-4.338853955125049,53,17.114,914
55.87053680163088,-4.148680000506693,36.0,55.819381988004544,-4.256567679373081,54,21.752,1106
55.87053680163088,-4.148680000506693,36.0,55.919398785577634,-4.298102785445152,55,15.96,1604
55.87053680163088,-4.148680000506693,36.0,55.81052481551728,-4.0780884232687225,56,15.185,1840
55.87053680163088,-4.148680000506693,36.0,55.8411814367945,-4.125490362928665,57,10.467,588
55.87053680163088,-4.148680000506693,36.0,55.844855881791794,-4.151320272286683,58,5.19,546
55.87053680163088,-4.148680000506693,36.0,55.79334532620707,-4.3052187624925375,59,21.551,1171
55.87053680163088,-4.148680000506693,36.0,55.78499644933002,-4.082518262203789,60,17.075,766
55.87053680163088,-4.148680000506693,36.0,55.86482365717543,-4.074666870071637,61,7.706,564
55.87053680163088,-4.148680000506693,36.0,55.910543969585106,-4.384534109666136,62,18.089,1344
55.87053680163088,-4.148680000506693,36.0,55.799715679086134,-4.188568421733812,63,18.257,1175
55.87053680163088,-4.148680000506693,36.0,55.90005630083831,-4.294022887833187,64,13.44,987
55.87053680163088,-4.148680000506693,36.0,55.82573931186619,-4.210157383495828,65,16.608,785
55.87053680163088,-4.148680000506693,36.0,55.88010014610652,-4.288014027401103,66,12.161,956
55.87053680163088,-4.148680000506693,36.0,55.8836463272421,-4.377148406451105,67,20.101,1111
55.87053680163088,-4.148680000506693,36.0,55.80511293548626,-4.195982430231648,68,19.531,1045
55.87053680163088,-4.148680000506693,36.0,55.9265186267864,-4.256321117900257,69,15.498,1019
55.87053680163088,-4.148680000506693,36.0,55.90353118048908,-4.119171950823842,70,9.063,819
55.87053680163088,-4.148680000506693,36.0,55.81502357146685,-4.260984914919316,71,21.2,1085
55.87053680163088,-4.148680000506693,36.0,55.894355058439295,-4.293143876300353,72,12.73,934
55.87053680163088,-4.148680000506693,36.0,55.80246488546192,-4.242274834364847,73,22.464,1182
55.87053680163088,-4.148680000506693,36.0,55.887581813102464,-4.2985753032369685,74,12.342,931
55.87053680163088,-4.148680000506693,36.0,55.928290955083554,-4.295962301582311,75,16.382,1019
55.87053680163088,-4.148680000506693,36.0,55.81096058143004,-4.368797105646974,76,21.069,1170
55.87053680163088,-4.148680000506693,36.0,55.84818750128869,-4.3631808239548375,77,19.804,1013
55.87053680163088,-4.148680000506693,36.0,55.81610352786554,-4.330910795148831,78,17.408,919
55.87053680163088,-4.148680000506693,36.0,55.807034270653475,-4.136077366584948,79,16.955,933
55.87053680163088,-4.148680000506693,36.0,55.86778114631985,-4.233612892312959,80,7.191,529
55.87053680163088,-4.148680000506693,36.0,55.79578956690847,-4.368290459919509,81,26.153,2365
55.87053680163088,-4.148680000506693,36.0,55.897877306124535,-4.077031107370425,82,8.45,1097
55.87053680163088,-4.148680000506693,36.0,55.80721289582252,-4.242612882195534,83,21.687,1133
55.87053680163088,-4.148680000506693,36.0,55.92209393969709,-4.157940141970138,84,8.194,693
55.87053680163088,-4.148680000506693,36.0,55.79188265083702,-4.28147512844989,85,22.413,1227
55.87053680163088,-4.148680000506693,36.0,55.88043814367632,-4.104360473798184,86,3.758,243
55.87053680163088,-4.148680000506693,36.0,55.90345994988174,-4.293652184560058,87,15.157,1060
55.87053680163088,-4.148680000506693,36.0,55.91230525016259,-4.108196424937476,88,9.857,728
55.87053680163088,-4.148680000506693,36.0,55.90569137930351,-4.3852429216612405,89,18.124,1367
55.87053680163088,-4.148680000506693,36.0,55.824402119970216,-4.298242138123909,90,15.875,927
55.87053680163088,-4.148680000506693,36.0,55.887104625653905,-4.201059285828647,91,6.479,613
55.87053680163088,-4.148680000506693,36.0,55.92006797200308,-4.195257422106852,92,10.264,739
55.87053680163088,-4.148680000506693,36.0,55.7944551107823,-4.1683749063061635,93,18.059,1419
55.87053680163088,-4.148680000506693,36.0,55.88003873447475,-4.304350182381346,94,11.675,838
55.87053680163088,-4.148680000506693,36.0,55.88308048053683,-4.2942103285768285,95,11.275,813
55.87053680163088,-4.148680000506693,36.0,55.80779271908626,-4.3234306371549245,96,18.679,1052
55.87053680163088,-4.148680000506693,36.0,55.90123467399992,-4.380968632189907,97,21.277,1513
55.87053680163088,-4.148680000506693,36.0,55.88049231589054,-4.293733205570284,98,11.177,803
55.87053680163088,-4.148680000506693,36.0,55.84697147961761,-4.334108806216461,99,15.28,926
55.87053680163088,-4.148680000506693,36.0,55.83067141211495,-4.195633651932574,100,15.852,799
55.87053680163088,-4.148680000506693,36.0,55.89350845984679,-4.099445363541155,101,7.528,529
55.87053680163088,-4.148680000506693,36.0,55.92592408664018,-4.179171340754611,102,9.535,777
55.87053680163088,-4.148680000506693,36.0,55.84941827409408,-4.169566750359822,103,4.359,492
55.87053680163088,-4.148680000506693,36.0,55.92413375575165,-4.226670311636797,104,13.474,1663
55.87053680163088,-4.148680000506693,36.0,55.88995713457192,-4.285031242761631,105,11.67,837
55.87053680163088,-4.148680000506693,36.0,55.90528066541109,-4.131569818675147,106,5.968,558
55.87053680163088,-4.148680000506693,36.0,55.87850608392288,-4.103517886631066,107,4.089,276
55.87053680163088,-4.148680000506693,36.0,55.80799405798939,-4.284953473560454,108,17.178,1181
55.87053680163088,-4.148680000506693,36.0,55.906815669822045,-4.385279074380807,109,17.435,1282
55.87053680163088,-4.148680000506693,36.0,55.916237634416454,-4.222407816066865,110,12.8,914
55.87053680163088,-4.148680000506693,36.0,55.915798955837815,-4.088621086891774,111,11.395,681
55.87053680163088,-4.148680000506693,36.0,55.827538479175395,-4.350653065976025,112,17.752,1010
55.87053680163088,-4.148680000506693,36.0,55.799515288981674,-4.0866627646338864,113,17.445,879
55.87053680163088,-4.148680000506693,36.0,55.831024245961984,-4.244756518165482,114,18.804,857
55.87053680163088,-4.148680000506693,36.0,55.86754360554833,-4.2143078261423845,115,5.864,515
55.87053680163088,-4.148680000506693,36.0,55.8574985965699,-4.1521224561179935,116,2.971,331
55.87053680163088,-4.148680000506693,36.0,55.88095643501817,-4.32811659177277,117,14.894,895
55.87053680163088,-4.148680000506693,36.0,55.85240433608213,-4.177570445500026,118,4.637,507
55.87053680163088,-4.148680000506693,36.0,55.91169549549074,-4.359708873069638,119,17.826,1317
55.87053680163088,-4.148680000506693,36.0,55.92640787519779,-4.300990956079843,120,16.83,1068
55.87053680163088,-4.148680000506693,36.0,55.84019197366069,-4.205566157974415,121,8.681,871
55.87053680163088,-4.148680000506693,36.0,55.866619942939494,-4.268153778778456,122,9.138,646
55.87053680163088,-4.148680000506693,36.0,55.81327411986783,-4.2587495402872255,123,21.179,1095
55.87053680163088,-4.148680000506693,36.0,55.86022660117776,-4.154711133590585,124,2.188,258
55.87053680163088,-4.148680000506693,36.0,55.831522729053496,-4.370420634377527,125,19.806,1181
55.87053680163088,-4.148680000506693,36.0,55.84074346341779,-4.172411658039648,126,5.51,573
55.87053680163088,-4.148680000506693,36.0,55.8801412435821,-4.258666277618953,127,9.414,661
55.87053680163088,-4.148680000506693,36.0,55.8434159429892,-4.1056733307349536,128,10.723,617
55.87053680163088,-4.148680000506693,36.0,55.83522057783537,-4.25736952395694,129,10.557,865
55.87053680163088,-4.148680000506693,36.0,55.86467774065618,-4.2250953414252415,130,7.084,433
55.87053680163088,-4.148680000506693,36.0,55.8953662249987,-4.231143624453162,131,10.308,725
55.87053680163088,-4.148680000506693,36.0,55.81920459649808,-4.236238450921302,132,20.907,1007
55.87053680163088,-4.148680000506693,36.0,55.900795402502105,-4.206009410292495,133,8.106,705
55.87053680163088,-4.148680000506693,36.0,55.86078490474355,-4.339631469507248,134,17.649,1009
55.87053680163088,-4.148680000506693,36.0,55.924999437053955,-4.191173279124663,135,10.013,729
55.87053680163088,-4.148680000506693,36.0,55.81549096669224,-4.126910343137958,136,15.785,904
55.87053680163088,-4.148680000506693,36.0,55.90135585493081,-4.207622057499793,137,8.105,682
55.87053680163088,-4.148680000506693,36.0,55.845816555475636,-4.129576488296543,138,5.776,529
55.87053680163088,-4.148680000506693,36.0,55.80470047644827,-4.291960781118721,139,17.205,1160
55.87053680163088,-4.148680000506693,36.0,55.89185394491289,-4.179857587296262,140,7.309,481
55.87053680163088,-4.148680000506693,36.0,55.91859399996558,-4.3401659608951215,141,16.692,1167
55.87053680163088,-4.148680000506693,36.0,55.90671476836246,-4.3642865107142725,142,17.913,1289
55.87053680163088,-4.148680000506693,36.0,55.81273399651921,-4.167613047894911,143,15.388,786
55.87053680163088,-4.148680000506693,36.0,55.80939871413575,-4.276056954355674,144,17.086,1146
55.87053680163088,-4.148680000506693,36.0,55.88312869327199,-4.214542892826467,145,6.106,583
55.87053680163088,-4.148680000506693,36.0,55.815340374954424,-4.283514492524949,146,16.08,1031
55.87053680163088,-4.148680000506693,36.0,55.87864379034378,-4.080636908866371,147,7.77,450
55.87053680163088,-4.148680000506693,36.0,55.89423440492952,-4.2418874418647645,148,10.871,809
55.87053680163088,-4.148680000506693,36.0,55.92796852989922,-4.305970400193036,149,16.958,1091
55.87053680163088,-4.148680000506693,36.0,55.92895153496988,-4.082888064137351,150,12.353,689
55.87053680163088,-4.148680000506693,36.0,55.790766759429424,-4.135285962371055,151,19.083,989
55.87053680163088,-4.148680000506693,36.0,55.80808041573422,-4.184105792933229,152,16.867,902
55.87053680163088,-4.148680000506693,36.0,55.7982747224006,-4.3931924101572655,153,21.877,1265
55.87053680163088,-4.148680000506693,36.0,55.81178474630603,-4.337962602706185,154,18.475,1025
55.87053680163088,-4.148680000506693,36.0,55.852972007756,-4.353957895039277,155,16.848,1012
55.87053680163088,-4.148680000506693,36.0,55.797152036890715,-4.311451416173846,156,20.447,1099
55.87053680163088,-4.148680000506693,36.0,55.84839482833289,-4.1889265673730645,157,6.549,648
55.87053680163088,-4.148680000506693,36.0,55.86383954752864,-4.387927326091926,158,22.44,1040
55.87053680163088,-4.148680000506693,36.0,55.807182357875575,-4.140487806234959,159,16.632,908
55.87053680163088,-4.148680000506693,36.0,55.8296607577131,-4.218765551358871,160,16.949,877
55.87053680163088,-4.148680000506693,36.0,55.82699494590622,-4.295404959002084,161,15.911,903
55.87053680163088,-4.148680000506693,36.0,55.861248665443505,-4.307186036515638,162,15.551,938
55.87053680163088,-4.148680000506693,36.0,55.897857165570365,-4.156645648865112,163,8.785,518
55.87053680163088,-4.148680000506693,36.0,55.877747555317356,-4.342792329217214,164,15.492,1001
55.87053680163088,-4.148680000506693,36.0,55.92259641850896,-4.389236283866068,165,20.691,1373
55.87053680163088,-4.148680000506693,36.0,55.92621339590465,-4.2820478996479165,166,15.282,967
55.87053680163088,-4.148680000506693,36.0,55.80660612206145,-4.094012410496262,167,14.77,904
55.87053680163088,-4.148680000506693,36.0,55.84605439624201,-4.09192094471571,168,6.867,324
55.87053680163088,-4.148680000506693,36.0,55.83961965364386,-4.1201104741133365,169,10.074,515
55.87053680163088,-4.148680000506693,36.0,55.85030951683019,-4.217608837338132,170,7.119,692
55.87053680163088,-4.148680000506693,36.0,55.85971342373431,-4.246748195156407,171,7.797,579
55.87053680163088,-4.148680000506693,36.0,55.815747728441636,-4.150792968910081,172,15.502,804
55.87053680163088,-4.148680000506693,36.0,55.80041195127493,-4.3806303679601495,173,21.293,1217
55.87053680163088,-4.148680000506693,36.0,55.85487415463933,-4.092829020720908,174,6.677,325
55.87053680163088,-4.148680000506693,36.0,55.80456076444065,-4.203157873727267,175,19.55,1047
55.87053680163088,-4.148680000506693,36.0,55.84723005082115,-4.330151260440624,176,14.801,870
55.87053680163088,-4.148680000506693,36.0,55.88775631668876,-4.123428423568879,177,6.279,599
55.87053680163088,-4.148680000506693,36.0,55.82857385936083,-4.129579652409029,178,15.392,883
55.87053680163088,-4.148680000506693,36.0,55.879865395443076,-4.36272007519476,179,16.4,1027
55.87053680163088,-4.148680000506693,36.0,55.87973669437185,-4.215636550296907,180,6.822,680
55.87053680163088,-4.148680000506693,36.0,55.8162521393249,-4.1868605517933455,181,15.975,900
55.87053680163088,-4.148680000506693,36.0,55.80755514535402,-4.201625161718038,182,19.303,1014
55.87053680163088,-4.148680000506693,36.0,55.85565398843102,-4.250533808562208,183,8.611,735
55.87053680163088,-4.148680000506693,36.0,55.929636326069506,-4.381100658166308,184,19.753,1333
55.87053680163088,-4.148680000506693,36.0,55.879581066995904,-4.21986165885879,185,7.007,714
55.87053680163088,-4.148680000506693,36.0,55.92647877645629,-4.127886630011083,186,9.371,796
55.87053680163088,-4.148680000506693,36.0,55.82282427264178,-4.371094162561755,187,18.942,1104
55.87053680163088,-4.148680000506693,36.0,55.90291353127043,-4.3414180899754955,188,15.06,1182
55.87053680163088,-4.148680000506693,36.0,55.78437024600116,-4.156926419796477,189,22.674,1042
55.87053680163088,-4.148680000506693,36.0,55.8321542449311,-4.1561720476648265,190,12.971,658
55.87053680163088,-4.148680000506693,36.0,55.88310705812362,-4.084862107847263,191,10.931,487
55.87053680163088,-4.148680000506693,36.0,55.85616333886266,-4.110333739241922,192,5.478,369
55.87053680163088,-4.148680000506693,36.0,55.90185178498145,-4.152652007721208,193,7.823,1073
55.87053680163088,-4.148680000506693,36.0,55.8837118458465,-4.182392741162416,194,3.921,1266
55.87053680163088,-4.148680000506693,36.0,55.83086049774818,-4.312434105301623,195,16.845,1008
55.87053680163088,-4.148680000506693,36.0,55.821849459706755,-4.176208567338996,196,14.855,743
55.87053680163088,-4.148680000506693,36.0,55.88009750494633,-4.255964552703097,197,9.1,639
55.87053680163088,-4.148680000506693,36.0,55.87413911675089,-4.369807111055967,198,18.442,930
55.87053680163088,-4.148680000506693,36.0,55.86354071984154,-4.093406384811447,199,6.094,423
55.80709137037858,-4.096506931601099,37.0,55.8391698042901,-4.214478482526657,0,12.123,888
55.80709137037858,-4.096506931601099,37.0,55.86553667472969,-4.350500876963486,1,24.46,1316
55.80709137037858,-4.096506931601099,37.0,55.912892829643965,-4.286410947894997,2,26.873,2524
55.80709137037858,-4.096506931601099,37.0,55.84854019346565,-4.391697428307927,3,23.891,1538
55.80709137037858,-4.096506931601099,37.0,55.79232875093524,-4.310455024670266,4,26.356,1515
55.80709137037858,-4.096506931601099,37.0,55.837143362020576,-4.120043492886959,5,10.353,707
55.80709137037858,-4.096506931601099,37.0,55.84185129809378,-4.283879851305767,6,16.33,1190
55.80709137037858,-4.096506931601099,37.0,55.90609664927746,-4.311383718964596,7,25.557,1633
55.80709137037858,-4.096506931601099,37.0,55.7832172019226,-4.31249791159531,8,22.313,1557
55.80709137037858,-4.096506931601099,37.0,55.8177258987159,-4.260489243356555,9,16.28,1103
55.80709137037858,-4.096506931601099,37.0,55.903262790870684,-4.212111703691823,10,20.11,1414
55.80709137037858,-4.096506931601099,37.0,55.893978813107424,-4.1413270988368325,11,17.611,1208
55.80709137037858,-4.096506931601099,37.0,55.894884622950286,-4.154349650804189,12,22.476,1108
55.80709137037858,-4.096506931601099,37.0,55.80680963785043,-4.263605759417426,13,18.718,1370
55.80709137037858,-4.096506931601099,37.0,55.81824312166051,-4.346878846315483,14,23.519,1429
55.80709137037858,-4.096506931601099,37.0,55.84742656229786,-4.269221405976544,15,16.695,1209
55.80709137037858,-4.096506931601099,37.0,55.80730424868546,-4.315177272898423,16,23.225,1414
55.80709137037858,-4.096506931601099,37.0,55.83798278877758,-4.260604018644594,17,14.801,1004
55.80709137037858,-4.096506931601099,37.0,55.89424631095569,-4.343398240721316,18,26.276,1566
55.80709137037858,-4.096506931601099,37.0,55.83908093533876,-4.223069302141199,19,13.153,1017
55.80709137037858,-4.096506931601099,37.0,55.8357731433788,-4.270556349194068,20,15.485,1054
55.80709137037858,-4.096506931601099,37.0,55.90309627527835,-4.360750370095284,21,28.309,1801
55.80709137037858,-4.096506931601099,37.0,55.85652103589449,-4.101365743428073,22,9.102,773
55.80709137037858,-4.096506931601099,37.0,55.783736419963375,-4.235306054793451,23,18.818,1266
55.80709137037858,-4.096506931601099,37.0,55.92064824587275,-4.2358362157531895,24,24.471,1514
55.80709137037858,-4.096506931601099,37.0,55.907674892744176,-4.2497703459088045,25,23.223,2559
55.80709137037858,-4.096506931601099,37.0,55.919604340921964,-4.226208116301384,26,29.268,1519
55.80709137037858,-4.096506931601099,37.0,55.83219148710444,-4.304581930326681,27,22.397,1456
55.80709137037858,-4.096506931601099,37.0,55.79569701419853,-4.1769099124482585,28,13.661,980
55.80709137037858,-4.096506931601099,37.0,55.81260197667657,-4.197841211154324,29,13.988,1022
55.80709137037858,-4.096506931601099,37.0,55.826092940761974,-4.176919409292903,30,10.271,849
55.80709137037858,-4.096506931601099,37.0,55.828413149208096,-4.109650878166438,31,4.091,468
55.80709137037858,-4.096506931601099,37.0,55.8999241737755,-4.257993823533507,32,23.322,1504
55.80709137037858,-4.096506931601099,37.0,55.892514250678616,-4.340118142906542,33,26.305,1577
55.80709137037858,-4.096506931601099,37.0,55.855241629670886,-4.269936069312288,34,21.409,1143
55.80709137037858,-4.096506931601099,37.0,55.877364911629314,-4.109701193625618,35,12.402,913
55.80709137037858,-4.096506931601099,37.0,55.887053111734645,-4.1280531391159245,36,20.99,1189
55.80709137037858,-4.096506931601099,37.0,55.89108676863447,-4.105446803942431,37,15.331,1200
55.80709137037858,-4.096506931601099,37.0,55.842635153466425,-4.334387903339716,38,20.328,1244
55.80709137037858,-4.096506931601099,37.0,55.89197542936556,-4.19614108945253,39,17.894,1138
55.80709137037858,-4.096506931601099,37.0,55.825849135803445,-4.321179033230789,40,20.575,1356
55.80709137037858,-4.096506931601099,37.0,55.81864602215581,-4.375055705699034,41,24.548,1438
55.80709137037858,-4.096506931601099,37.0,55.92613065482397,-4.212698358862173,42,28.642,1514
55.80709137037858,-4.096506931601099,37.0,55.874439929608144,-4.279689658904073,43,21.25,1265
55.80709137037858,-4.096506931601099,37.0,55.81998166828728,-4.245455535821837,44,15.76,1008
55.80709137037858,-4.096506931601099,37.0,55.91066980601156,-4.213502644426629,45,29.624,1569
55.80709137037858,-4.096506931601099,37.0,55.8404807486866,-4.356656090229781,46,23.98,1512
55.80709137037858,-4.096506931601099,37.0,55.88708229912325,-4.079055837843032,47,12.961,792
55.80709137037858,-4.096506931601099,37.0,55.84510555179576,-4.178720975321847,48,9.004,821
55.80709137037858,-4.096506931601099,37.0,55.84413340760586,-4.085244529493477,49,5.112,926
55.80709137037858,-4.096506931601099,37.0,55.83324217210475,-4.157183908594519,50,8.368,697
55.80709137037858,-4.096506931601099,37.0,55.895753278756494,-4.323131413571223,51,26.062,1677
55.80709137037858,-4.096506931601099,37.0,55.88609925330935,-4.38354364327563,52,25.493,1385
55.80709137037858,-4.096506931601099,37.0,55.86596770908397,-4.338853955125049,53,22.276,1265
55.80709137037858,-4.096506931601099,37.0,55.819381988004544,-4.256567679373081,54,17.189,1158
55.80709137037858,-4.096506931601099,37.0,55.919398785577634,-4.298102785445152,55,27.149,2204
55.80709137037858,-4.096506931601099,37.0,55.81052481551728,-4.0780884232687225,56,3.186,1323
55.80709137037858,-4.096506931601099,37.0,55.8411814367945,-4.125490362928665,57,5.557,578
55.80709137037858,-4.096506931601099,37.0,55.844855881791794,-4.151320272286683,58,8.836,795
55.80709137037858,-4.096506931601099,37.0,55.79334532620707,-4.3052187624925375,59,21.056,1505
55.80709137037858,-4.096506931601099,37.0,55.78499644933002,-4.082518262203789,60,8.567,714
55.80709137037858,-4.096506931601099,37.0,55.86482365717543,-4.074666870071637,61,7.707,847
55.80709137037858,-4.096506931601099,37.0,55.910543969585106,-4.384534109666136,62,30.136,1866
55.80709137037858,-4.096506931601099,37.0,55.799715679086134,-4.188568421733812,63,15.321,1213
55.80709137037858,-4.096506931601099,37.0,55.90005630083831,-4.294022887833187,64,24.629,1587
55.80709137037858,-4.096506931601099,37.0,55.82573931186619,-4.210157383495828,65,12.045,837
55.80709137037858,-4.096506931601099,37.0,55.88010014610652,-4.288014027401103,66,23.35,1555
55.80709137037858,-4.096506931601099,37.0,55.8836463272421,-4.377148406451105,67,25.263,1462
55.80709137037858,-4.096506931601099,37.0,55.80511293548626,-4.195982430231648,68,15.478,1100
55.80709137037858,-4.096506931601099,37.0,55.9265186267864,-4.256321117900257,69,26.687,1618
55.80709137037858,-4.096506931601099,37.0,55.90353118048908,-4.119171950823842,70,15.933,1260
55.80709137037858,-4.096506931601099,37.0,55.81502357146685,-4.260984914919316,71,16.637,1137
55.80709137037858,-4.096506931601099,37.0,55.894355058439295,-4.293143876300353,72,23.919,1534
55.80709137037858,-4.096506931601099,37.0,55.80246488546192,-4.242274834364847,73,17.901,1234
55.80709137037858,-4.096506931601099,37.0,55.887581813102464,-4.2985753032369685,74,23.531,1530
55.80709137037858,-4.096506931601099,37.0,55.928290955083554,-4.295962301582311,75,27.571,1618
55.80709137037858,-4.096506931601099,37.0,55.81096058143004,-4.368797105646974,76,26.205,1520
55.80709137037858,-4.096506931601099,37.0,55.84818750128869,-4.3631808239548375,77,24.966,1364
55.80709137037858,-4.096506931601099,37.0,55.81610352786554,-4.330910795148831,78,22.544,1269
55.80709137037858,-4.096506931601099,37.0,55.807034270653475,-4.136077366584948,79,9.546,770
55.80709137037858,-4.096506931601099,37.0,55.86778114631985,-4.233612892312959,80,18.38,1129
55.80709137037858,-4.096506931601099,37.0,55.79578956690847,-4.368290459919509,81,31.289,2714
55.80709137037858,-4.096506931601099,37.0,55.897877306124535,-4.077031107370425,82,15.32,1538
55.80709137037858,-4.096506931601099,37.0,55.80721289582252,-4.242612882195534,83,17.124,1185
55.80709137037858,-4.096506931601099,37.0,55.92209393969709,-4.157940141970138,84,24.577,1286
55.80709137037858,-4.096506931601099,37.0,55.79188265083702,-4.28147512844989,85,23.797,1470
55.80709137037858,-4.096506931601099,37.0,55.88043814367632,-4.104360473798184,86,11.712,853
55.80709137037858,-4.096506931601099,37.0,55.90345994988174,-4.293652184560058,87,26.346,1660
55.80709137037858,-4.096506931601099,37.0,55.91230525016259,-4.108196424937476,88,18.613,1162
55.80709137037858,-4.096506931601099,37.0,55.90569137930351,-4.3852429216612405,89,30.171,1889
55.80709137037858,-4.096506931601099,37.0,55.824402119970216,-4.298242138123909,90,21.011,1277
55.80709137037858,-4.096506931601099,37.0,55.887104625653905,-4.201059285828647,91,17.668,1212
55.80709137037858,-4.096506931601099,37.0,55.92006797200308,-4.195257422106852,92,26.647,1332
55.80709137037858,-4.096506931601099,37.0,55.7944551107823,-4.1683749063061635,93,13.924,1410
55.80709137037858,-4.096506931601099,37.0,55.88003873447475,-4.304350182381346,94,22.864,1438
55.80709137037858,-4.096506931601099,37.0,55.88308048053683,-4.2942103285768285,95,22.464,1413
55.80709137037858,-4.096506931601099,37.0,55.80779271908626,-4.3234306371549245,96,23.815,1401
55.80709137037858,-4.096506931601099,37.0,55.90123467399992,-4.380968632189907,97,30.477,2018
55.80709137037858,-4.096506931601099,37.0,55.88049231589054,-4.293733205570284,98,22.366,1403
55.80709137037858,-4.096506931601099,37.0,55.84697147961761,-4.334108806216461,99,20.442,1277
55.80709137037858,-4.096506931601099,37.0,55.83067141211495,-4.195633651932574,100,11.289,851
55.80709137037858,-4.096506931601099,37.0,55.89350845984679,-4.099445363541155,101,14.398,970
55.80709137037858,-4.096506931601099,37.0,55.92592408664018,-4.179171340754611,102,25.918,1370
55.80709137037858,-4.096506931601099,37.0,55.84941827409408,-4.169566750359822,103,9.113,844
55.80709137037858,-4.096506931601099,37.0,55.92413375575165,-4.226670311636797,104,29.857,2257
55.80709137037858,-4.096506931601099,37.0,55.88995713457192,-4.285031242761631,105,22.859,1437
55.80709137037858,-4.096506931601099,37.0,55.90528066541109,-4.131569818675147,106,22.256,1134
55.80709137037858,-4.096506931601099,37.0,55.87850608392288,-4.103517886631066,107,12.043,886
55.80709137037858,-4.096506931601099,37.0,55.80799405798939,-4.284953473560454,108,18.504,1374
55.80709137037858,-4.096506931601099,37.0,55.906815669822045,-4.385279074380807,109,29.482,1804
55.80709137037858,-4.096506931601099,37.0,55.916237634416454,-4.222407816066865,110,29.183,1507
55.80709137037858,-4.096506931601099,37.0,55.915798955837815,-4.088621086891774,111,17.479,1045
55.80709137037858,-4.096506931601099,37.0,55.827538479175395,-4.350653065976025,112,22.888,1360
55.80709137037858,-4.096506931601099,37.0,55.799515288981674,-4.0866627646338864,113,8.406,740
55.80709137037858,-4.096506931601099,37.0,55.831024245961984,-4.244756518165482,114,14.241,909
55.80709137037858,-4.096506931601099,37.0,55.86754360554833,-4.2143078261423845,115,17.053,1115
55.80709137037858,-4.096506931601099,37.0,55.8574985965699,-4.1521224561179935,116,9.511,873
55.80709137037858,-4.096506931601099,37.0,55.88095643501817,-4.32811659177277,117,24.118,1393
55.80709137037858,-4.096506931601099,37.0,55.85240433608213,-4.177570445500026,118,10.045,902
55.80709137037858,-4.096506931601099,37.0,55.91169549549074,-4.359708873069638,119,29.015,1916
55.80709137037858,-4.096506931601099,37.0,55.92640787519779,-4.300990956079843,120,28.019,1667
55.80709137037858,-4.096506931601099,37.0,55.84019197366069,-4.205566157974415,121,12.609,1003
55.80709137037858,-4.096506931601099,37.0,55.866619942939494,-4.268153778778456,122,20.327,1246
55.80709137037858,-4.096506931601099,37.0,55.81327411986783,-4.2587495402872255,123,16.616,1147
55.80709137037858,-4.096506931601099,37.0,55.86022660117776,-4.154711133590585,124,13.382,894
55.80709137037858,-4.096506931601099,37.0,55.831522729053496,-4.370420634377527,125,24.942,1530
55.80709137037858,-4.096506931601099,37.0,55.84074346341779,-4.172411658039648,126,9.349,741
55.80709137037858,-4.096506931601099,37.0,55.8801412435821,-4.258666277618953,127,20.603,1260
55.80709137037858,-4.096506931601099,37.0,55.8434159429892,-4.1056733307349536,128,5.813,607
55.80709137037858,-4.096506931601099,37.0,55.83522057783537,-4.25736952395694,129,14.775,1006
55.80709137037858,-4.096506931601099,37.0,55.86467774065618,-4.2250953414252415,130,18.273,1033
55.80709137037858,-4.096506931601099,37.0,55.8953662249987,-4.231143624453162,131,21.497,1325
55.80709137037858,-4.096506931601099,37.0,55.81920459649808,-4.236238450921302,132,16.344,1059
55.80709137037858,-4.096506931601099,37.0,55.900795402502105,-4.206009410292495,133,19.295,1305
55.80709137037858,-4.096506931601099,37.0,55.86078490474355,-4.339631469507248,134,22.811,1360
55.80709137037858,-4.096506931601099,37.0,55.924999437053955,-4.191173279124663,135,26.396,1322
55.80709137037858,-4.096506931601099,37.0,55.81549096669224,-4.126910343137958,136,7.49,679
55.80709137037858,-4.096506931601099,37.0,55.90135585493081,-4.207622057499793,137,19.294,1282
55.80709137037858,-4.096506931601099,37.0,55.845816555475636,-4.129576488296543,138,7.457,703
55.80709137037858,-4.096506931601099,37.0,55.80470047644827,-4.291960781118721,139,19.51,1433
55.80709137037858,-4.096506931601099,37.0,55.89185394491289,-4.179857587296262,140,18.498,1081
55.80709137037858,-4.096506931601099,37.0,55.91859399996558,-4.3401659608951215,141,27.881,1767
55.80709137037858,-4.096506931601099,37.0,55.90671476836246,-4.3642865107142725,142,29.061,1856
55.80709137037858,-4.096506931601099,37.0,55.81273399651921,-4.167613047894911,143,10.825,838
55.80709137037858,-4.096506931601099,37.0,55.80939871413575,-4.276056954355674,144,17.792,1262
55.80709137037858,-4.096506931601099,37.0,55.88312869327199,-4.214542892826467,145,17.295,1183
55.80709137037858,-4.096506931601099,37.0,55.815340374954424,-4.283514492524949,146,17.962,1279
55.80709137037858,-4.096506931601099,37.0,55.87864379034378,-4.080636908866371,147,13.941,827
55.80709137037858,-4.096506931601099,37.0,55.89423440492952,-4.2418874418647645,148,22.06,1409
55.80709137037858,-4.096506931601099,37.0,55.92796852989922,-4.305970400193036,149,28.147,1690
55.80709137037858,-4.096506931601099,37.0,55.92895153496988,-4.082888064137351,150,18.437,1053
55.80709137037858,-4.096506931601099,37.0,55.790766759429424,-4.135285962371055,151,10.389,780
55.80709137037858,-4.096506931601099,37.0,55.80808041573422,-4.184105792933229,152,12.304,954
55.80709137037858,-4.096506931601099,37.0,55.7982747224006,-4.3931924101572655,153,27.013,1614
55.80709137037858,-4.096506931601099,37.0,55.81178474630603,-4.337962602706185,154,23.611,1375
55.80709137037858,-4.096506931601099,37.0,55.852972007756,-4.353957895039277,155,22.01,1363
55.80709137037858,-4.096506931601099,37.0,55.797152036890715,-4.311451416173846,156,25.583,1449
55.80709137037858,-4.096506931601099,37.0,55.84839482833289,-4.1889265673730645,157,9.765,857
55.80709137037858,-4.096506931601099,37.0,55.86383954752864,-4.387927326091926,158,27.602,1390
55.80709137037858,-4.096506931601099,37.0,55.807182357875575,-4.140487806234959,159,9.757,768
55.80709137037858,-4.096506931601099,37.0,55.8296607577131,-4.218765551358871,160,12.386,929
55.80709137037858,-4.096506931601099,37.0,55.82699494590622,-4.295404959002084,161,21.047,1253
55.80709137037858,-4.096506931601099,37.0,55.861248665443505,-4.307186036515638,162,19.896,1266
55.80709137037858,-4.096506931601099,37.0,55.897857165570365,-4.156645648865112,163,19.974,1118
55.80709137037858,-4.096506931601099,37.0,55.877747555317356,-4.342792329217214,164,24.708,1490
55.80709137037858,-4.096506931601099,37.0,55.92259641850896,-4.389236283866068,165,40.964,1954
55.80709137037858,-4.096506931601099,37.0,55.92621339590465,-4.2820478996479165,166,26.471,1567
55.80709137037858,-4.096506931601099,37.0,55.80660612206145,-4.094012410496262,167,1.563,253
55.80709137037858,-4.096506931601099,37.0,55.84605439624201,-4.09192094471571,168,15.17,896
55.80709137037858,-4.096506931601099,37.0,55.83961965364386,-4.1201104741133365,169,5.164,505
55.80709137037858,-4.096506931601099,37.0,55.85030951683019,-4.217608837338132,170,12.283,967
55.80709137037858,-4.096506931601099,37.0,55.85971342373431,-4.246748195156407,171,18.986,1179
55.80709137037858,-4.096506931601099,37.0,55.815747728441636,-4.150792968910081,172,9.517,874
55.80709137037858,-4.096506931601099,37.0,55.80041195127493,-4.3806303679601495,173,26.429,1567
55.80709137037858,-4.096506931601099,37.0,55.85487415463933,-4.092829020720908,174,7.456,615
55.80709137037858,-4.096506931601099,37.0,55.80456076444065,-4.203157873727267,175,15.969,1120
55.80709137037858,-4.096506931601099,37.0,55.84723005082115,-4.330151260440624,176,19.963,1221
55.80709137037858,-4.096506931601099,37.0,55.88775631668876,-4.123428423568879,177,17.596,1180
55.80709137037858,-4.096506931601099,37.0,55.82857385936083,-4.129579652409029,178,7.097,658
55.80709137037858,-4.096506931601099,37.0,55.879865395443076,-4.36272007519476,179,25.6,1532
55.80709137037858,-4.096506931601099,37.0,55.87973669437185,-4.215636550296907,180,18.011,1279
55.80709137037858,-4.096506931601099,37.0,55.8162521393249,-4.1868605517933455,181,11.412,952
55.80709137037858,-4.096506931601099,37.0,55.80755514535402,-4.201625161718038,182,15.722,1087
55.80709137037858,-4.096506931601099,37.0,55.85565398843102,-4.250533808562208,183,16.454,1193
55.80709137037858,-4.096506931601099,37.0,55.929636326069506,-4.381100658166308,184,41.95,1975
55.80709137037858,-4.096506931601099,37.0,55.879581066995904,-4.21986165885879,185,18.196,1314
55.80709137037858,-4.096506931601099,37.0,55.92647877645629,-4.127886630011083,186,18.839,1315
55.80709137037858,-4.096506931601099,37.0,55.82282427264178,-4.371094162561755,187,24.078,1453
55.80709137037858,-4.096506931601099,37.0,55.90291353127043,-4.3414180899754955,188,27.107,1734
55.80709137037858,-4.096506931601099,37.0,55.78437024600116,-4.156926419796477,189,14.166,990
55.80709137037858,-4.096506931601099,37.0,55.8321542449311,-4.1561720476648265,190,8.408,710
55.80709137037858,-4.096506931601099,37.0,55.88310705812362,-4.084862107847263,191,11.102,709
55.80709137037858,-4.096506931601099,37.0,55.85616333886266,-4.110333739241922,192,9.745,824
55.80709137037858,-4.096506931601099,37.0,55.90185178498145,-4.152652007721208,193,24.206,1666
55.80709137037858,-4.096506931601099,37.0,55.8837118458465,-4.182392741162416,194,17.865,1965
55.80709137037858,-4.096506931601099,37.0,55.83086049774818,-4.312434105301623,195,21.981,1358
55.80709137037858,-4.096506931601099,37.0,55.821849459706755,-4.176208567338996,196,10.292,795
55.80709137037858,-4.096506931601099,37.0,55.88009750494633,-4.255964552703097,197,20.289,1239
55.80709137037858,-4.096506931601099,37.0,55.87413911675089,-4.369807111055967,198,23.604,1281
55.80709137037858,-4.096506931601099,37.0,55.86354071984154,-4.093406384811447,199,8.258,712
55.841024709025795,-4.1122560064286935,38.0,55.8391698042901,-4.214478482526657,0,8.43,540
55.841024709025795,-4.1122560064286935,38.0,55.86553667472969,-4.350500876963486,1,20.767,969
55.841024709025795,-4.1122560064286935,38.0,55.912892829643965,-4.286410947894997,2,23.18,2177
55.841024709025795,-4.1122560064286935,38.0,55.84854019346565,-4.391697428307927,3,20.198,1190
55.841024709025795,-4.1122560064286935,38.0,55.79232875093524,-4.310455024670266,4,22.663,1168
55.841024709025795,-4.1122560064286935,38.0,55.837143362020576,-4.120043492886959,5,6.66,360
55.841024709025795,-4.1122560064286935,38.0,55.84185129809378,-4.283879851305767,6,12.637,843
55.841024709025795,-4.1122560064286935,38.0,55.90609664927746,-4.311383718964596,7,21.864,1286
55.841024709025795,-4.1122560064286935,38.0,55.7832172019226,-4.31249791159531,8,18.62,1209
55.841024709025795,-4.1122560064286935,38.0,55.8177258987159,-4.260489243356555,9,12.587,756
55.841024709025795,-4.1122560064286935,38.0,55.903262790870684,-4.212111703691823,10,16.417,1067
55.841024709025795,-4.1122560064286935,38.0,55.893978813107424,-4.1413270988368325,11,13.918,860
55.841024709025795,-4.1122560064286935,38.0,55.894884622950286,-4.154349650804189,12,18.783,761
55.841024709025795,-4.1122560064286935,38.0,55.80680963785043,-4.263605759417426,13,15.025,1023
55.841024709025795,-4.1122560064286935,38.0,55.81824312166051,-4.346878846315483,14,19.826,1082
55.841024709025795,-4.1122560064286935,38.0,55.84742656229786,-4.269221405976544,15,13.002,861
55.841024709025795,-4.1122560064286935,38.0,55.80730424868546,-4.315177272898423,16,19.532,1067
55.841024709025795,-4.1122560064286935,38.0,55.83798278877758,-4.260604018644594,17,11.108,657
55.841024709025795,-4.1122560064286935,38.0,55.89424631095569,-4.343398240721316,18,22.583,1218
55.841024709025795,-4.1122560064286935,38.0,55.83908093533876,-4.223069302141199,19,9.46,670
55.841024709025795,-4.1122560064286935,38.0,55.8357731433788,-4.270556349194068,20,11.792,707
55.841024709025795,-4.1122560064286935,38.0,55.90309627527835,-4.360750370095284,21,24.616,1454
55.841024709025795,-4.1122560064286935,38.0,55.85652103589449,-4.101365743428073,22,5.409,425
55.841024709025795,-4.1122560064286935,38.0,55.783736419963375,-4.235306054793451,23,13.498,933
55.841024709025795,-4.1122560064286935,38.0,55.92064824587275,-4.2358362157531895,24,20.778,1166
55.841024709025795,-4.1122560064286935,38.0,55.907674892744176,-4.2497703459088045,25,19.53,2211
55.841024709025795,-4.1122560064286935,38.0,55.919604340921964,-4.226208116301384,26,25.575,1172
55.841024709025795,-4.1122560064286935,38.0,55.83219148710444,-4.304581930326681,27,18.704,1108
55.841024709025795,-4.1122560064286935,38.0,55.79569701419853,-4.1769099124482585,28,9.673,689
55.841024709025795,-4.1122560064286935,38.0,55.81260197667657,-4.197841211154324,29,10.295,675
55.841024709025795,-4.1122560064286935,38.0,55.826092940761974,-4.176919409292903,30,6.578,502
55.841024709025795,-4.1122560064286935,38.0,55.828413149208096,-4.109650878166438,31,3.689,329
55.841024709025795,-4.1122560064286935,38.0,55.8999241737755,-4.257993823533507,32,19.629,1156
55.841024709025795,-4.1122560064286935,38.0,55.892514250678616,-4.340118142906542,33,22.612,1230
55.841024709025795,-4.1122560064286935,38.0,55.855241629670886,-4.269936069312288,34,17.716,796
55.841024709025795,-4.1122560064286935,38.0,55.877364911629314,-4.109701193625618,35,11.65,637
55.841024709025795,-4.1122560064286935,38.0,55.887053111734645,-4.1280531391159245,36,17.297,842
55.841024709025795,-4.1122560064286935,38.0,55.89108676863447,-4.105446803942431,37,11.638,852
55.841024709025795,-4.1122560064286935,38.0,55.842635153466425,-4.334387903339716,38,16.635,897
55.841024709025795,-4.1122560064286935,38.0,55.89197542936556,-4.19614108945253,39,14.201,791
55.841024709025795,-4.1122560064286935,38.0,55.825849135803445,-4.321179033230789,40,16.882,1008
55.841024709025795,-4.1122560064286935,38.0,55.81864602215581,-4.375055705699034,41,20.855,1090
55.841024709025795,-4.1122560064286935,38.0,55.92613065482397,-4.212698358862173,42,24.949,1167
55.841024709025795,-4.1122560064286935,38.0,55.874439929608144,-4.279689658904073,43,17.557,918
55.841024709025795,-4.1122560064286935,38.0,55.81998166828728,-4.245455535821837,44,12.067,661
55.841024709025795,-4.1122560064286935,38.0,55.91066980601156,-4.213502644426629,45,25.931,1221
55.841024709025795,-4.1122560064286935,38.0,55.8404807486866,-4.356656090229781,46,20.287,1164
55.841024709025795,-4.1122560064286935,38.0,55.88708229912325,-4.079055837843032,47,9.268,445
55.841024709025795,-4.1122560064286935,38.0,55.84510555179576,-4.178720975321847,48,4.752,442
55.841024709025795,-4.1122560064286935,38.0,55.84413340760586,-4.085244529493477,49,5.717,783
55.841024709025795,-4.1122560064286935,38.0,55.83324217210475,-4.157183908594519,50,4.675,349
55.841024709025795,-4.1122560064286935,38.0,55.895753278756494,-4.323131413571223,51,22.369,1330
55.841024709025795,-4.1122560064286935,38.0,55.88609925330935,-4.38354364327563,52,21.8,1037
55.841024709025795,-4.1122560064286935,38.0,55.86596770908397,-4.338853955125049,53,18.583,918
55.841024709025795,-4.1122560064286935,38.0,55.819381988004544,-4.256567679373081,54,13.496,811
55.841024709025795,-4.1122560064286935,38.0,55.919398785577634,-4.298102785445152,55,23.456,1857
55.841024709025795,-4.1122560064286935,38.0,55.81052481551728,-4.0780884232687225,56,6.488,1476
55.841024709025795,-4.1122560064286935,38.0,55.8411814367945,-4.125490362928665,57,1.305,198
55.841024709025795,-4.1122560064286935,38.0,55.844855881791794,-4.151320272286683,58,4.584,415
55.841024709025795,-4.1122560064286935,38.0,55.79334532620707,-4.3052187624925375,59,17.363,1158
55.841024709025795,-4.1122560064286935,38.0,55.78499644933002,-4.082518262203789,60,10.554,521
55.841024709025795,-4.1122560064286935,38.0,55.86482365717543,-4.074666870071637,61,6.961,619
55.841024709025795,-4.1122560064286935,38.0,55.910543969585106,-4.384534109666136,62,26.443,1518
55.841024709025795,-4.1122560064286935,38.0,55.799715679086134,-4.188568421733812,63,10.001,880
55.841024709025795,-4.1122560064286935,38.0,55.90005630083831,-4.294022887833187,64,20.936,1239
55.841024709025795,-4.1122560064286935,38.0,55.82573931186619,-4.210157383495828,65,8.352,490
55.841024709025795,-4.1122560064286935,38.0,55.88010014610652,-4.288014027401103,66,19.657,1208
55.841024709025795,-4.1122560064286935,38.0,55.8836463272421,-4.377148406451105,67,21.57,1115
55.841024709025795,-4.1122560064286935,38.0,55.80511293548626,-4.195982430231648,68,11.275,750
55.841024709025795,-4.1122560064286935,38.0,55.9265186267864,-4.256321117900257,69,22.994,1271
55.841024709025795,-4.1122560064286935,38.0,55.90353118048908,-4.119171950823842,70,12.24,913
55.841024709025795,-4.1122560064286935,38.0,55.81502357146685,-4.260984914919316,71,12.944,790
55.841024709025795,-4.1122560064286935,38.0,55.894355058439295,-4.293143876300353,72,20.226,1187
55.841024709025795,-4.1122560064286935,38.0,55.80246488546192,-4.242274834364847,73,14.208,887
55.841024709025795,-4.1122560064286935,38.0,55.887581813102464,-4.2985753032369685,74,19.838,1183
55.841024709025795,-4.1122560064286935,38.0,55.928290955083554,-4.295962301582311,75,23.878,1271
55.841024709025795,-4.1122560064286935,38.0,55.81096058143004,-4.368797105646974,76,22.512,1172
55.841024709025795,-4.1122560064286935,38.0,55.84818750128869,-4.3631808239548375,77,21.273,1016
55.841024709025795,-4.1122560064286935,38.0,55.81610352786554,-4.330910795148831,78,18.851,922
55.841024709025795,-4.1122560064286935,38.0,55.807034270653475,-4.136077366584948,79,9.144,631
55.841024709025795,-4.1122560064286935,38.0,55.86778114631985,-4.233612892312959,80,14.687,782
55.841024709025795,-4.1122560064286935,38.0,55.79578956690847,-4.368290459919509,81,27.596,2367
55.841024709025795,-4.1122560064286935,38.0,55.897877306124535,-4.077031107370425,82,11.627,1191
55.841024709025795,-4.1122560064286935,38.0,55.80721289582252,-4.242612882195534,83,13.431,838
55.841024709025795,-4.1122560064286935,38.0,55.92209393969709,-4.157940141970138,84,20.884,939
55.841024709025795,-4.1122560064286935,38.0,55.79188265083702,-4.28147512844989,85,16.398,1081
55.841024709025795,-4.1122560064286935,38.0,55.88043814367632,-4.104360473798184,86,10.96,577
55.841024709025795,-4.1122560064286935,38.0,55.90345994988174,-4.293652184560058,87,22.653,1313
55.841024709025795,-4.1122560064286935,38.0,55.91230525016259,-4.108196424937476,88,14.92,815
55.841024709025795,-4.1122560064286935,38.0,55.90569137930351,-4.3852429216612405,89,26.478,1541
55.841024709025795,-4.1122560064286935,38.0,55.824402119970216,-4.298242138123909,90,17.318,929
55.841024709025795,-4.1122560064286935,38.0,55.887104625653905,-4.201059285828647,91,13.975,865
55.841024709025795,-4.1122560064286935,38.0,55.92006797200308,-4.195257422106852,92,22.954,984
55.841024709025795,-4.1122560064286935,38.0,55.7944551107823,-4.1683749063061635,93,9.803,1123
55.841024709025795,-4.1122560064286935,38.0,55.88003873447475,-4.304350182381346,94,19.171,1091
55.841024709025795,-4.1122560064286935,38.0,55.88308048053683,-4.2942103285768285,95,18.771,1065
55.841024709025795,-4.1122560064286935,38.0,55.80779271908626,-4.3234306371549245,96,20.122,1054
55.841024709025795,-4.1122560064286935,38.0,55.90123467399992,-4.380968632189907,97,26.784,1671
55.841024709025795,-4.1122560064286935,38.0,55.88049231589054,-4.293733205570284,98,18.673,1055
55.841024709025795,-4.1122560064286935,38.0,55.84697147961761,-4.334108806216461,99,16.749,930
55.841024709025795,-4.1122560064286935,38.0,55.83067141211495,-4.195633651932574,100,7.596,504
55.841024709025795,-4.1122560064286935,38.0,55.89350845984679,-4.099445363541155,101,10.705,623
55.841024709025795,-4.1122560064286935,38.0,55.92592408664018,-4.179171340754611,102,22.225,1023
55.841024709025795,-4.1122560064286935,38.0,55.84941827409408,-4.169566750359822,103,4.861,465
55.841024709025795,-4.1122560064286935,38.0,55.92413375575165,-4.226670311636797,104,26.164,1909
55.841024709025795,-4.1122560064286935,38.0,55.88995713457192,-4.285031242761631,105,19.166,1090
55.841024709025795,-4.1122560064286935,38.0,55.90528066541109,-4.131569818675147,106,18.563,787
55.841024709025795,-4.1122560064286935,38.0,55.87850608392288,-4.103517886631066,107,11.291,610
55.841024709025795,-4.1122560064286935,38.0,55.80799405798939,-4.284953473560454,108,14.811,1027
55.841024709025795,-4.1122560064286935,38.0,55.906815669822045,-4.385279074380807,109,25.789,1456
55.841024709025795,-4.1122560064286935,38.0,55.916237634416454,-4.222407816066865,110,25.49,1160
55.841024709025795,-4.1122560064286935,38.0,55.915798955837815,-4.088621086891774,111,13.786,698
55.841024709025795,-4.1122560064286935,38.0,55.827538479175395,-4.350653065976025,112,19.195,1013
55.841024709025795,-4.1122560064286935,38.0,55.799515288981674,-4.0866627646338864,113,8.004,601
55.841024709025795,-4.1122560064286935,38.0,55.831024245961984,-4.244756518165482,114,10.548,562
55.841024709025795,-4.1122560064286935,38.0,55.86754360554833,-4.2143078261423845,115,13.36,767
55.841024709025795,-4.1122560064286935,38.0,55.8574985965699,-4.1521224561179935,116,5.259,494
55.841024709025795,-4.1122560064286935,38.0,55.88095643501817,-4.32811659177277,117,20.425,1045
55.841024709025795,-4.1122560064286935,38.0,55.85240433608213,-4.177570445500026,118,5.793,522
55.841024709025795,-4.1122560064286935,38.0,55.91169549549074,-4.359708873069638,119,25.322,1569
55.841024709025795,-4.1122560064286935,38.0,55.92640787519779,-4.300990956079843,120,24.326,1320
55.841024709025795,-4.1122560064286935,38.0,55.84019197366069,-4.205566157974415,121,8.916,655
55.841024709025795,-4.1122560064286935,38.0,55.866619942939494,-4.268153778778456,122,16.634,899
55.841024709025795,-4.1122560064286935,38.0,55.81327411986783,-4.2587495402872255,123,12.923,800
55.841024709025795,-4.1122560064286935,38.0,55.86022660117776,-4.154711133590585,124,5.612,525
55.841024709025795,-4.1122560064286935,38.0,55.831522729053496,-4.370420634377527,125,21.249,1183
55.841024709025795,-4.1122560064286935,38.0,55.84074346341779,-4.172411658039648,126,4.474,415
55.841024709025795,-4.1122560064286935,38.0,55.8801412435821,-4.258666277618953,127,16.91,913
55.841024709025795,-4.1122560064286935,38.0,55.8434159429892,-4.1056733307349536,128,0.681,91
55.841024709025795,-4.1122560064286935,38.0,55.83522057783537,-4.25736952395694,129,11.082,659
55.841024709025795,-4.1122560064286935,38.0,55.86467774065618,-4.2250953414252415,130,14.58,685
55.841024709025795,-4.1122560064286935,38.0,55.8953662249987,-4.231143624453162,131,17.804,978
55.841024709025795,-4.1122560064286935,38.0,55.81920459649808,-4.236238450921302,132,12.651,711
55.841024709025795,-4.1122560064286935,38.0,55.900795402502105,-4.206009410292495,133,15.602,957
55.841024709025795,-4.1122560064286935,38.0,55.86078490474355,-4.339631469507248,134,19.118,1013
55.841024709025795,-4.1122560064286935,38.0,55.924999437053955,-4.191173279124663,135,22.703,975
55.841024709025795,-4.1122560064286935,38.0,55.81549096669224,-4.126910343137958,136,7.088,540
55.841024709025795,-4.1122560064286935,38.0,55.90135585493081,-4.207622057499793,137,15.601,935
55.841024709025795,-4.1122560064286935,38.0,55.845816555475636,-4.129576488296543,138,3.205,324
55.841024709025795,-4.1122560064286935,38.0,55.80470047644827,-4.291960781118721,139,15.817,1086
55.841024709025795,-4.1122560064286935,38.0,55.89185394491289,-4.179857587296262,140,14.805,734
55.841024709025795,-4.1122560064286935,38.0,55.91859399996558,-4.3401659608951215,141,24.188,1419
55.841024709025795,-4.1122560064286935,38.0,55.90671476836246,-4.3642865107142725,142,25.368,1509
55.841024709025795,-4.1122560064286935,38.0,55.81273399651921,-4.167613047894911,143,7.132,490
55.841024709025795,-4.1122560064286935,38.0,55.80939871413575,-4.276056954355674,144,14.099,915
55.841024709025795,-4.1122560064286935,38.0,55.88312869327199,-4.214542892826467,145,13.602,836
55.841024709025795,-4.1122560064286935,38.0,55.815340374954424,-4.283514492524949,146,14.269,932
55.841024709025795,-4.1122560064286935,38.0,55.87864379034378,-4.080636908866371,147,10.248,480
55.841024709025795,-4.1122560064286935,38.0,55.89423440492952,-4.2418874418647645,148,18.367,1062
55.841024709025795,-4.1122560064286935,38.0,55.92796852989922,-4.305970400193036,149,24.454,1343
55.841024709025795,-4.1122560064286935,38.0,55.92895153496988,-4.082888064137351,150,14.744,706
55.841024709025795,-4.1122560064286935,38.0,55.790766759429424,-4.135285962371055,151,9.987,640
55.841024709025795,-4.1122560064286935,38.0,55.80808041573422,-4.184105792933229,152,8.611,607
55.841024709025795,-4.1122560064286935,38.0,55.7982747224006,-4.3931924101572655,153,23.32,1267
55.841024709025795,-4.1122560064286935,38.0,55.81178474630603,-4.337962602706185,154,19.918,1028
55.841024709025795,-4.1122560064286935,38.0,55.852972007756,-4.353957895039277,155,18.317,1016
55.841024709025795,-4.1122560064286935,38.0,55.797152036890715,-4.311451416173846,156,21.89,1102
55.841024709025795,-4.1122560064286935,38.0,55.84839482833289,-4.1889265673730645,157,5.513,478
55.841024709025795,-4.1122560064286935,38.0,55.86383954752864,-4.387927326091926,158,23.909,1043
55.841024709025795,-4.1122560064286935,38.0,55.807182357875575,-4.140487806234959,159,9.355,629
55.841024709025795,-4.1122560064286935,38.0,55.8296607577131,-4.218765551358871,160,8.693,581
55.841024709025795,-4.1122560064286935,38.0,55.82699494590622,-4.295404959002084,161,17.354,906
55.841024709025795,-4.1122560064286935,38.0,55.861248665443505,-4.307186036515638,162,16.203,919
55.841024709025795,-4.1122560064286935,38.0,55.897857165570365,-4.156645648865112,163,16.281,770
55.841024709025795,-4.1122560064286935,38.0,55.877747555317356,-4.342792329217214,164,21.015,1142
55.841024709025795,-4.1122560064286935,38.0,55.92259641850896,-4.389236283866068,165,37.271,1606
55.841024709025795,-4.1122560064286935,38.0,55.92621339590465,-4.2820478996479165,166,22.778,1220
55.841024709025795,-4.1122560064286935,38.0,55.80660612206145,-4.094012410496262,167,6.073,541
55.841024709025795,-4.1122560064286935,38.0,55.84605439624201,-4.09192094471571,168,11.477,548
55.841024709025795,-4.1122560064286935,38.0,55.83961965364386,-4.1201104741133365,169,1.444,150
55.841024709025795,-4.1122560064286935,38.0,55.85030951683019,-4.217608837338132,170,8.59,619
55.841024709025795,-4.1122560064286935,38.0,55.85971342373431,-4.246748195156407,171,15.293,832
55.841024709025795,-4.1122560064286935,38.0,55.815747728441636,-4.150792968910081,172,7.246,509
55.841024709025795,-4.1122560064286935,38.0,55.80041195127493,-4.3806303679601495,173,22.736,1220
55.841024709025795,-4.1122560064286935,38.0,55.85487415463933,-4.092829020720908,174,5.932,380
55.841024709025795,-4.1122560064286935,38.0,55.80456076444065,-4.203157873727267,175,11.294,751
55.841024709025795,-4.1122560064286935,38.0,55.84723005082115,-4.330151260440624,176,16.27,874
55.841024709025795,-4.1122560064286935,38.0,55.88775631668876,-4.123428423568879,177,13.903,833
55.841024709025795,-4.1122560064286935,38.0,55.82857385936083,-4.129579652409029,178,6.695,519
55.841024709025795,-4.1122560064286935,38.0,55.879865395443076,-4.36272007519476,179,21.907,1185
55.841024709025795,-4.1122560064286935,38.0,55.87973669437185,-4.215636550296907,180,14.318,932
55.841024709025795,-4.1122560064286935,38.0,55.8162521393249,-4.1868605517933455,181,7.719,604
55.841024709025795,-4.1122560064286935,38.0,55.80755514535402,-4.201625161718038,182,11.047,718
55.841024709025795,-4.1122560064286935,38.0,55.85565398843102,-4.250533808562208,183,12.761,845
55.841024709025795,-4.1122560064286935,38.0,55.929636326069506,-4.381100658166308,184,38.257,1627
55.841024709025795,-4.1122560064286935,38.0,55.879581066995904,-4.21986165885879,185,14.503,966
55.841024709025795,-4.1122560064286935,38.0,55.92647877645629,-4.127886630011083,186,15.146,967
55.841024709025795,-4.1122560064286935,38.0,55.82282427264178,-4.371094162561755,187,20.385,1106
55.841024709025795,-4.1122560064286935,38.0,55.90291353127043,-4.3414180899754955,188,23.414,1387
55.841024709025795,-4.1122560064286935,38.0,55.78437024600116,-4.156926419796477,189,16.153,796
55.841024709025795,-4.1122560064286935,38.0,55.8321542449311,-4.1561720476648265,190,4.715,363
55.841024709025795,-4.1122560064286935,38.0,55.88310705812362,-4.084862107847263,191,7.409,362
55.841024709025795,-4.1122560064286935,38.0,55.85616333886266,-4.110333739241922,192,6.052,477
55.841024709025795,-4.1122560064286935,38.0,55.90185178498145,-4.152652007721208,193,20.513,1319
55.841024709025795,-4.1122560064286935,38.0,55.8837118458465,-4.182392741162416,194,14.172,1617
55.841024709025795,-4.1122560064286935,38.0,55.83086049774818,-4.312434105301623,195,18.288,1011
55.841024709025795,-4.1122560064286935,38.0,55.821849459706755,-4.176208567338996,196,6.599,447
55.841024709025795,-4.1122560064286935,38.0,55.88009750494633,-4.255964552703097,197,16.596,892
55.841024709025795,-4.1122560064286935,38.0,55.87413911675089,-4.369807111055967,198,19.911,934
55.841024709025795,-4.1122560064286935,38.0,55.86354071984154,-4.093406384811447,199,7.512,484
55.85975775387884,-4.127852757287837,39.0,55.8391698042901,-4.214478482526657,0,9.579,799
55.85975775387884,-4.127852757287837,39.0,55.86553667472969,-4.350500876963486,1,20.772,1038
55.85975775387884,-4.127852757287837,39.0,55.912892829643965,-4.286410947894997,2,17.158,1998
55.85975775387884,-4.127852757287837,39.0,55.84854019346565,-4.391697428307927,3,20.203,1260
55.85975775387884,-4.127852757287837,39.0,55.79232875093524,-4.310455024670266,4,22.694,1238
55.85975775387884,-4.127852757287837,39.0,55.837143362020576,-4.120043492886959,5,7.775,591
55.85975775387884,-4.127852757287837,39.0,55.84185129809378,-4.283879851305767,6,17.374,989
55.85975775387884,-4.127852757287837,39.0,55.90609664927746,-4.311383718964596,7,15.842,1107
55.85975775387884,-4.127852757287837,39.0,55.7832172019226,-4.31249791159531,8,24.282,1296
55.85975775387884,-4.127852757287837,39.0,55.8177258987159,-4.260489243356555,9,13.736,1014
55.85975775387884,-4.127852757287837,39.0,55.903262790870684,-4.212111703691823,10,10.395,887
55.85975775387884,-4.127852757287837,39.0,55.893978813107424,-4.1413270988368325,11,8.324,661
55.85975775387884,-4.127852757287837,39.0,55.894884622950286,-4.154349650804189,12,13.006,685
55.85975775387884,-4.127852757287837,39.0,55.80680963785043,-4.263605759417426,13,16.174,1281
55.85975775387884,-4.127852757287837,39.0,55.81824312166051,-4.346878846315483,14,19.857,1152
55.85975775387884,-4.127852757287837,39.0,55.84742656229786,-4.269221405976544,15,13.85,876
55.85975775387884,-4.127852757287837,39.0,55.80730424868546,-4.315177272898423,16,19.563,1137
55.85975775387884,-4.127852757287837,39.0,55.83798278877758,-4.260604018644594,17,12.257,915
55.85975775387884,-4.127852757287837,39.0,55.89424631095569,-4.343398240721316,18,15.703,1087
55.85975775387884,-4.127852757287837,39.0,55.83908093533876,-4.223069302141199,19,8.345,854
55.85975775387884,-4.127852757287837,39.0,55.8357731433788,-4.270556349194068,20,14.654,887
55.85975775387884,-4.127852757287837,39.0,55.90309627527835,-4.360750370095284,21,17.736,1322
55.85975775387884,-4.127852757287837,39.0,55.85652103589449,-4.101365743428073,22,2.636,285
55.85975775387884,-4.127852757287837,39.0,55.783736419963375,-4.235306054793451,23,14.432,1126
55.85975775387884,-4.127852757287837,39.0,55.92064824587275,-4.2358362157531895,24,14.756,987
55.85975775387884,-4.127852757287837,39.0,55.907674892744176,-4.2497703459088045,25,13.508,2032
55.85975775387884,-4.127852757287837,39.0,55.919604340921964,-4.226208116301384,26,12.602,948
55.85975775387884,-4.127852757287837,39.0,55.83219148710444,-4.304581930326681,27,18.735,1179
55.85975775387884,-4.127852757287837,39.0,55.79569701419853,-4.1769099124482585,28,10.607,882
55.85975775387884,-4.127852757287837,39.0,55.81260197667657,-4.197841211154324,29,11.444,933
55.85975775387884,-4.127852757287837,39.0,55.826092940761974,-4.176919409292903,30,7.703,735
55.85975775387884,-4.127852757287837,39.0,55.828413149208096,-4.109650878166438,31,7.728,651
55.85975775387884,-4.127852757287837,39.0,55.8999241737755,-4.257993823533507,32,13.607,977
55.85975775387884,-4.127852757287837,39.0,55.892514250678616,-4.340118142906542,33,15.732,1098
55.85975775387884,-4.127852757287837,39.0,55.855241629670886,-4.269936069312288,34,11.694,617
55.85975775387884,-4.127852757287837,39.0,55.877364911629314,-4.109701193625618,35,5.521,486
55.85975775387884,-4.127852757287837,39.0,55.887053111734645,-4.1280531391159245,36,10.373,755
55.85975775387884,-4.127852757287837,39.0,55.89108676863447,-4.105446803942431,37,10.832,919
55.85975775387884,-4.127852757287837,39.0,55.842635153466425,-4.334387903339716,38,16.64,966
55.85975775387884,-4.127852757287837,39.0,55.89197542936556,-4.19614108945253,39,8.179,611
55.85975775387884,-4.127852757287837,39.0,55.825849135803445,-4.321179033230789,40,16.913,1079
55.85975775387884,-4.127852757287837,39.0,55.81864602215581,-4.375055705699034,41,20.886,1161
55.85975775387884,-4.127852757287837,39.0,55.92613065482397,-4.212698358862173,42,12.466,970
55.85975775387884,-4.127852757287837,39.0,55.874439929608144,-4.279689658904073,43,11.535,738
55.85975775387884,-4.127852757287837,39.0,55.81998166828728,-4.245455535821837,44,13.216,919
55.85975775387884,-4.127852757287837,39.0,55.91066980601156,-4.213502644426629,45,12.097,963
55.85975775387884,-4.127852757287837,39.0,55.8404807486866,-4.356656090229781,46,20.292,1234
55.85975775387884,-4.127852757287837,39.0,55.88708229912325,-4.079055837843032,47,8.462,511
55.85975775387884,-4.127852757287837,39.0,55.84510555179576,-4.178720975321847,48,5.206,564
55.85975775387884,-4.127852757287837,39.0,55.84413340760586,-4.085244529493477,49,8.325,916
55.85975775387884,-4.127852757287837,39.0,55.83324217210475,-4.157183908594519,50,5.609,543
55.85975775387884,-4.127852757287837,39.0,55.895753278756494,-4.323131413571223,51,15.474,1160
55.85975775387884,-4.127852757287837,39.0,55.88609925330935,-4.38354364327563,52,21.805,1107
55.85975775387884,-4.127852757287837,39.0,55.86596770908397,-4.338853955125049,53,18.588,987
55.85975775387884,-4.127852757287837,39.0,55.819381988004544,-4.256567679373081,54,14.645,1069
55.85975775387884,-4.127852757287837,39.0,55.919398785577634,-4.298102785445152,55,17.434,1677
55.85975775387884,-4.127852757287837,39.0,55.81052481551728,-4.0780884232687225,56,10.527,1798
55.85975775387884,-4.127852757287837,39.0,55.8411814367945,-4.125490362928665,57,3.982,401
55.85975775387884,-4.127852757287837,39.0,55.844855881791794,-4.151320272286683,58,4.608,498
55.85975775387884,-4.127852757287837,39.0,55.79334532620707,-4.3052187624925375,59,23.025,1245
55.85975775387884,-4.127852757287837,39.0,55.78499644933002,-4.082518262203789,60,15.461,802
55.85975775387884,-4.127852757287837,39.0,55.86482365717543,-4.074666870071637,61,6.092,600
55.85975775387884,-4.127852757287837,39.0,55.910543969585106,-4.384534109666136,62,19.563,1417
55.85975775387884,-4.127852757287837,39.0,55.799715679086134,-4.188568421733812,63,10.935,1073
55.85975775387884,-4.127852757287837,39.0,55.90005630083831,-4.294022887833187,64,14.914,1060
55.85975775387884,-4.127852757287837,39.0,55.82573931186619,-4.210157383495828,65,9.501,748
55.85975775387884,-4.127852757287837,39.0,55.88010014610652,-4.288014027401103,66,13.635,1029
55.85975775387884,-4.127852757287837,39.0,55.8836463272421,-4.377148406451105,67,21.575,1184
55.85975775387884,-4.127852757287837,39.0,55.80511293548626,-4.195982430231648,68,10.759,928
55.85975775387884,-4.127852757287837,39.0,55.9265186267864,-4.256321117900257,69,16.972,1092
55.85975775387884,-4.127852757287837,39.0,55.90353118048908,-4.119171950823842,70,11.434,979
55.85975775387884,-4.127852757287837,39.0,55.81502357146685,-4.260984914919316,71,14.093,1048
55.85975775387884,-4.127852757287837,39.0,55.894355058439295,-4.293143876300353,72,14.204,1008
55.85975775387884,-4.127852757287837,39.0,55.80246488546192,-4.242274834364847,73,15.357,1145
55.85975775387884,-4.127852757287837,39.0,55.887581813102464,-4.2985753032369685,74,13.816,1004
55.85975775387884,-4.127852757287837,39.0,55.928290955083554,-4.295962301582311,75,17.856,1092
55.85975775387884,-4.127852757287837,39.0,55.81096058143004,-4.368797105646974,76,22.543,1243
55.85975775387884,-4.127852757287837,39.0,55.84818750128869,-4.3631808239548375,77,21.278,1086
55.85975775387884,-4.127852757287837,39.0,55.81610352786554,-4.330910795148831,78,18.882,993
55.85975775387884,-4.127852757287837,39.0,55.807034270653475,-4.136077366584948,79,9.633,831
55.85975775387884,-4.127852757287837,39.0,55.86778114631985,-4.233612892312959,80,8.665,603
55.85975775387884,-4.127852757287837,39.0,55.79578956690847,-4.368290459919509,81,27.627,2438
55.85975775387884,-4.127852757287837,39.0,55.897877306124535,-4.077031107370425,82,10.821,1257
55.85975775387884,-4.127852757287837,39.0,55.80721289582252,-4.242612882195534,83,14.58,1096
55.85975775387884,-4.127852757287837,39.0,55.92209393969709,-4.157940141970138,84,12.423,855
55.85975775387884,-4.127852757287837,39.0,55.79188265083702,-4.28147512844989,85,23.887,1300
55.85975775387884,-4.127852757287837,39.0,55.88043814367632,-4.104360473798184,86,5.333,446
55.85975775387884,-4.127852757287837,39.0,55.90345994988174,-4.293652184560058,87,16.631,1134
55.85975775387884,-4.127852757287837,39.0,55.91230525016259,-4.108196424937476,88,14.114,881
55.85975775387884,-4.127852757287837,39.0,55.90569137930351,-4.3852429216612405,89,19.598,1440
55.85975775387884,-4.127852757287837,39.0,55.824402119970216,-4.298242138123909,90,17.349,1000
55.85975775387884,-4.127852757287837,39.0,55.887104625653905,-4.201059285828647,91,7.953,686
55.85975775387884,-4.127852757287837,39.0,55.92006797200308,-4.195257422106852,92,13.254,833
55.85975775387884,-4.127852757287837,39.0,55.7944551107823,-4.1683749063061635,93,10.737,1317
55.85975775387884,-4.127852757287837,39.0,55.88003873447475,-4.304350182381346,94,13.149,911
55.85975775387884,-4.127852757287837,39.0,55.88308048053683,-4.2942103285768285,95,12.749,886
55.85975775387884,-4.127852757287837,39.0,55.80779271908626,-4.3234306371549245,96,20.153,1125
55.85975775387884,-4.127852757287837,39.0,55.90123467399992,-4.380968632189907,97,22.751,1586
55.85975775387884,-4.127852757287837,39.0,55.88049231589054,-4.293733205570284,98,12.651,876
55.85975775387884,-4.127852757287837,39.0,55.84697147961761,-4.334108806216461,99,16.754,999
55.85975775387884,-4.127852757287837,39.0,55.83067141211495,-4.195633651932574,100,8.745,762
55.85975775387884,-4.127852757287837,39.0,55.89350845984679,-4.099445363541155,101,9.899,689
55.85975775387884,-4.127852757287837,39.0,55.92592408664018,-4.179171340754611,102,12.525,871
55.85975775387884,-4.127852757287837,39.0,55.84941827409408,-4.169566750359822,103,3.777,445
55.85975775387884,-4.127852757287837,39.0,55.92413375575165,-4.226670311636797,104,13.681,1712
55.85975775387884,-4.127852757287837,39.0,55.88995713457192,-4.285031242761631,105,13.144,910
55.85975775387884,-4.127852757287837,39.0,55.90528066541109,-4.131569818675147,106,12.218,683
55.85975775387884,-4.127852757287837,39.0,55.87850608392288,-4.103517886631066,107,5.664,479
55.85975775387884,-4.127852757287837,39.0,55.80799405798939,-4.284953473560454,108,18.652,1255
55.85975775387884,-4.127852757287837,39.0,55.906815669822045,-4.385279074380807,109,18.909,1355
55.85975775387884,-4.127852757287837,39.0,55.916237634416454,-4.222407816066865,110,12.517,936
55.85975775387884,-4.127852757287837,39.0,55.915798955837815,-4.088621086891774,111,12.98,764
55.85975775387884,-4.127852757287837,39.0,55.827538479175395,-4.350653065976025,112,19.226,1083
55.85975775387884,-4.127852757287837,39.0,55.799515288981674,-4.0866627646338864,113,15.831,915
55.85975775387884,-4.127852757287837,39.0,55.831024245961984,-4.244756518165482,114,11.697,820
55.85975775387884,-4.127852757287837,39.0,55.86754360554833,-4.2143078261423845,115,7.338,588
55.85975775387884,-4.127852757287837,39.0,55.8574985965699,-4.1521224561179935,116,2.035,299
55.85975775387884,-4.127852757287837,39.0,55.88095643501817,-4.32811659177277,117,16.368,968
55.85975775387884,-4.127852757287837,39.0,55.85240433608213,-4.177570445500026,118,4.055,459
55.85975775387884,-4.127852757287837,39.0,55.91169549549074,-4.359708873069638,119,19.3,1390
55.85975775387884,-4.127852757287837,39.0,55.92640787519779,-4.300990956079843,120,18.304,1141
55.85975775387884,-4.127852757287837,39.0,55.84019197366069,-4.205566157974415,121,10.065,914
55.85975775387884,-4.127852757287837,39.0,55.866619942939494,-4.268153778778456,122,10.612,719
55.85975775387884,-4.127852757287837,39.0,55.81327411986783,-4.2587495402872255,123,14.072,1058
55.85975775387884,-4.127852757287837,39.0,55.86022660117776,-4.154711133590585,124,2.47,261
55.85975775387884,-4.127852757287837,39.0,55.831522729053496,-4.370420634377527,125,21.28,1254
55.85975775387884,-4.127852757287837,39.0,55.84074346341779,-4.172411658039648,126,4.928,525
55.85975775387884,-4.127852757287837,39.0,55.8801412435821,-4.258666277618953,127,10.888,734
55.85975775387884,-4.127852757287837,39.0,55.8434159429892,-4.1056733307349536,128,5.593,518
55.85975775387884,-4.127852757287837,39.0,55.83522057783537,-4.25736952395694,129,12.231,917
55.85975775387884,-4.127852757287837,39.0,55.86467774065618,-4.2250953414252415,130,8.558,506
55.85975775387884,-4.127852757287837,39.0,55.8953662249987,-4.231143624453162,131,11.782,799
55.85975775387884,-4.127852757287837,39.0,55.81920459649808,-4.236238450921302,132,13.8,970
55.85975775387884,-4.127852757287837,39.0,55.900795402502105,-4.206009410292495,133,9.58,778
55.85975775387884,-4.127852757287837,39.0,55.86078490474355,-4.339631469507248,134,19.123,1082
55.85975775387884,-4.127852757287837,39.0,55.924999437053955,-4.191173279124663,135,13.003,824
55.85975775387884,-4.127852757287837,39.0,55.81549096669224,-4.126910343137958,136,9.702,827
55.85975775387884,-4.127852757287837,39.0,55.90135585493081,-4.207622057499793,137,9.579,755
55.85975775387884,-4.127852757287837,39.0,55.845816555475636,-4.129576488296543,138,2.83,343
55.85975775387884,-4.127852757287837,39.0,55.80470047644827,-4.291960781118721,139,18.679,1233
55.85975775387884,-4.127852757287837,39.0,55.89185394491289,-4.179857587296262,140,8.783,555
55.85975775387884,-4.127852757287837,39.0,55.91859399996558,-4.3401659608951215,141,18.166,1240
55.85975775387884,-4.127852757287837,39.0,55.90671476836246,-4.3642865107142725,142,19.387,1362
55.85975775387884,-4.127852757287837,39.0,55.81273399651921,-4.167613047894911,143,8.066,684
55.85975775387884,-4.127852757287837,39.0,55.80939871413575,-4.276056954355674,144,15.248,1173
55.85975775387884,-4.127852757287837,39.0,55.88312869327199,-4.214542892826467,145,7.58,656
55.85975775387884,-4.127852757287837,39.0,55.815340374954424,-4.283514492524949,146,17.554,1104
55.85975775387884,-4.127852757287837,39.0,55.87864379034378,-4.080636908866371,147,9.442,546
55.85975775387884,-4.127852757287837,39.0,55.89423440492952,-4.2418874418647645,148,12.345,882
55.85975775387884,-4.127852757287837,39.0,55.92796852989922,-4.305970400193036,149,18.432,1164
55.85975775387884,-4.127852757287837,39.0,55.92895153496988,-4.082888064137351,150,13.938,772
55.85975775387884,-4.127852757287837,39.0,55.790766759429424,-4.135285962371055,151,11.761,887
55.85975775387884,-4.127852757287837,39.0,55.80808041573422,-4.184105792933229,152,9.545,800
55.85975775387884,-4.127852757287837,39.0,55.7982747224006,-4.3931924101572655,153,23.351,1338
55.85975775387884,-4.127852757287837,39.0,55.81178474630603,-4.337962602706185,154,19.949,1098
55.85975775387884,-4.127852757287837,39.0,55.852972007756,-4.353957895039277,155,18.322,1085
55.85975775387884,-4.127852757287837,39.0,55.797152036890715,-4.311451416173846,156,21.921,1173
55.85975775387884,-4.127852757287837,39.0,55.84839482833289,-4.1889265673730645,157,5.967,600
55.85975775387884,-4.127852757287837,39.0,55.86383954752864,-4.387927326091926,158,23.914,1113
55.85975775387884,-4.127852757287837,39.0,55.807182357875575,-4.140487806234959,159,9.31,806
55.85975775387884,-4.127852757287837,39.0,55.8296607577131,-4.218765551358871,160,9.842,840
55.85975775387884,-4.127852757287837,39.0,55.82699494590622,-4.295404959002084,161,17.385,977
55.85975775387884,-4.127852757287837,39.0,55.861248665443505,-4.307186036515638,162,17.025,1011
55.85975775387884,-4.127852757287837,39.0,55.897857165570365,-4.156645648865112,163,10.259,591
55.85975775387884,-4.127852757287837,39.0,55.877747555317356,-4.342792329217214,164,16.966,1074
55.85975775387884,-4.127852757287837,39.0,55.92259641850896,-4.389236283866068,165,22.165,1446
55.85975775387884,-4.127852757287837,39.0,55.92621339590465,-4.2820478996479165,166,16.756,1040
55.85975775387884,-4.127852757287837,39.0,55.80660612206145,-4.094012410496262,167,10.112,863
55.85975775387884,-4.127852757287837,39.0,55.84605439624201,-4.09192094471571,168,5.253,359
55.85975775387884,-4.127852757287837,39.0,55.83961965364386,-4.1201104741133365,169,4.436,391
55.85975775387884,-4.127852757287837,39.0,55.85030951683019,-4.217608837338132,170,7.4,750
55.85975775387884,-4.127852757287837,39.0,55.85971342373431,-4.246748195156407,171,9.271,653
55.85975775387884,-4.127852757287837,39.0,55.815747728441636,-4.150792968910081,172,8.18,703
55.85975775387884,-4.127852757287837,39.0,55.80041195127493,-4.3806303679601495,173,22.767,1290
55.85975775387884,-4.127852757287837,39.0,55.85487415463933,-4.092829020720908,174,5.063,360
55.85975775387884,-4.127852757287837,39.0,55.80456076444065,-4.203157873727267,175,11.25,948
55.85975775387884,-4.127852757287837,39.0,55.84723005082115,-4.330151260440624,176,16.275,943
55.85975775387884,-4.127852757287837,39.0,55.88775631668876,-4.123428423568879,177,10.508,761
55.85975775387884,-4.127852757287837,39.0,55.82857385936083,-4.129579652409029,178,10.734,841
55.85975775387884,-4.127852757287837,39.0,55.879865395443076,-4.36272007519476,179,17.874,1100
55.85975775387884,-4.127852757287837,39.0,55.87973669437185,-4.215636550296907,180,8.296,753
55.85975775387884,-4.127852757287837,39.0,55.8162521393249,-4.1868605517933455,181,8.653,798
55.85975775387884,-4.127852757287837,39.0,55.80755514535402,-4.201625161718038,182,11.003,915
55.85975775387884,-4.127852757287837,39.0,55.85565398843102,-4.250533808562208,183,10.085,808
55.85975775387884,-4.127852757287837,39.0,55.929636326069506,-4.381100658166308,184,21.227,1406
55.85975775387884,-4.127852757287837,39.0,55.879581066995904,-4.21986165885879,185,8.481,787
55.85975775387884,-4.127852757287837,39.0,55.92647877645629,-4.127886630011083,186,15.621,922
55.85975775387884,-4.127852757287837,39.0,55.82282427264178,-4.371094162561755,187,20.416,1177
55.85975775387884,-4.127852757287837,39.0,55.90291353127043,-4.3414180899754955,188,16.534,1255
55.85975775387884,-4.127852757287837,39.0,55.78437024600116,-4.156926419796477,189,12.506,972
55.85975775387884,-4.127852757287837,39.0,55.8321542449311,-4.1561720476648265,190,5.649,557
55.85975775387884,-4.127852757287837,39.0,55.88310705812362,-4.084862107847263,191,6.603,428
55.85975775387884,-4.127852757287837,39.0,55.85616333886266,-4.110333739241922,192,2.137,285
55.85975775387884,-4.127852757287837,39.0,55.90185178498145,-4.152652007721208,193,12.052,1235
55.85975775387884,-4.127852757287837,39.0,55.8837118458465,-4.182392741162416,194,8.15,1438
55.85975775387884,-4.127852757287837,39.0,55.83086049774818,-4.312434105301623,195,18.319,1081
55.85975775387884,-4.127852757287837,39.0,55.821849459706755,-4.176208567338996,196,7.533,641
55.85975775387884,-4.127852757287837,39.0,55.88009750494633,-4.255964552703097,197,10.574,712
55.85975775387884,-4.127852757287837,39.0,55.87413911675089,-4.369807111055967,198,19.916,1003
55.85975775387884,-4.127852757287837,39.0,55.86354071984154,-4.093406384811447,199,3.293,403
55.80788577289115,-4.3660994145364045,40.0,55.8391698042901,-4.214478482526657,0,17.184,979
55.80788577289115,-4.3660994145364045,40.0,55.86553667472969,-4.350500876963486,1,9.628,794
55.80788577289115,-4.3660994145364045,40.0,55.912892829643965,-4.286410947894997,2,20.352,2187
55.80788577289115,-4.3660994145364045,40.0,55.84854019346565,-4.391697428307927,3,7.136,653
55.80788577289115,-4.3660994145364045,40.0,55.79232875093524,-4.310455024670266,4,4.592,432
55.80788577289115,-4.3660994145364045,40.0,55.837143362020576,-4.120043492886959,5,20.883,991
55.80788577289115,-4.3660994145364045,40.0,55.84185129809378,-4.283879851305767,6,7.625,633
55.80788577289115,-4.3660994145364045,40.0,55.90609664927746,-4.311383718964596,7,17.737,1195
55.80788577289115,-4.3660994145364045,40.0,55.7832172019226,-4.31249791159531,8,6.18,490
55.80788577289115,-4.3660994145364045,40.0,55.8177258987159,-4.260489243356555,9,8.058,720
55.80788577289115,-4.3660994145364045,40.0,55.903262790870684,-4.212111703691823,10,19.718,1262
55.80788577289115,-4.3660994145364045,40.0,55.893978813107424,-4.1413270988368325,11,21.458,1269
55.80788577289115,-4.3660994145364045,40.0,55.894884622950286,-4.154349650804189,12,23.843,1168
55.80788577289115,-4.3660994145364045,40.0,55.80680963785043,-4.263605759417426,13,8.408,790
55.80788577289115,-4.3660994145364045,40.0,55.81824312166051,-4.346878846315483,14,2.321,331
55.80788577289115,-4.3660994145364045,40.0,55.84742656229786,-4.269221405976544,15,9.21,840
55.80788577289115,-4.3660994145364045,40.0,55.80730424868546,-4.315177272898423,16,3.949,364
55.80788577289115,-4.3660994145364045,40.0,55.83798278877758,-4.260604018644594,17,8.241,813
55.80788577289115,-4.3660994145364045,40.0,55.89424631095569,-4.343398240721316,18,13.39,1112
55.80788577289115,-4.3660994145364045,40.0,55.83908093533876,-4.223069302141199,19,14.775,1010
55.80788577289115,-4.3660994145364045,40.0,55.8357731433788,-4.270556349194068,20,7.364,633
55.80788577289115,-4.3660994145364045,40.0,55.90309627527835,-4.360750370095284,21,15.423,1347
55.80788577289115,-4.3660994145364045,40.0,55.85652103589449,-4.101365743428073,22,24.006,1212
55.80788577289115,-4.3660994145364045,40.0,55.783736419963375,-4.235306054793451,23,19.107,868
55.80788577289115,-4.3660994145364045,40.0,55.92064824587275,-4.2358362157531895,24,20.843,1243
55.80788577289115,-4.3660994145364045,40.0,55.907674892744176,-4.2497703459088045,25,19.595,2288
55.80788577289115,-4.3660994145364045,40.0,55.919604340921964,-4.226208116301384,26,20.767,1254
55.80788577289115,-4.3660994145364045,40.0,55.83219148710444,-4.304581930326681,27,6.62,610
55.80788577289115,-4.3660994145364045,40.0,55.79569701419853,-4.1769099124482585,28,26.099,1203
55.80788577289115,-4.3660994145364045,40.0,55.81260197667657,-4.197841211154324,29,19.01,1131
55.80788577289115,-4.3660994145364045,40.0,55.826092940761974,-4.176919409292903,30,17.54,1063
55.80788577289115,-4.3660994145364045,40.0,55.828413149208096,-4.109650878166438,31,24.344,1253
55.80788577289115,-4.3660994145364045,40.0,55.8999241737755,-4.257993823533507,32,16.801,1174
55.80788577289115,-4.3660994145364045,40.0,55.892514250678616,-4.340118142906542,33,13.419,1124
55.80788577289115,-4.3660994145364045,40.0,55.855241629670886,-4.269936069312288,34,12.834,800
55.80788577289115,-4.3660994145364045,40.0,55.877364911629314,-4.109701193625618,35,24.407,1313
55.80788577289115,-4.3660994145364045,40.0,55.887053111734645,-4.1280531391159245,36,24.709,1279
55.80788577289115,-4.3660994145364045,40.0,55.89108676863447,-4.105446803942431,37,26.442,1585
55.80788577289115,-4.3660994145364045,40.0,55.842635153466425,-4.334387903339716,38,5.262,575
55.80788577289115,-4.3660994145364045,40.0,55.89197542936556,-4.19614108945253,39,20.716,1113
55.80788577289115,-4.3660994145364045,40.0,55.825849135803445,-4.321179033230789,40,6.599,531
55.80788577289115,-4.3660994145364045,40.0,55.81864602215581,-4.375055705699034,41,1.848,199
55.80788577289115,-4.3660994145364045,40.0,55.92613065482397,-4.212698358862173,42,21.229,1307
55.80788577289115,-4.3660994145364045,40.0,55.874439929608144,-4.279689658904073,43,13.441,841
55.80788577289115,-4.3660994145364045,40.0,55.81998166828728,-4.245455535821837,44,8.994,822
55.80788577289115,-4.3660994145364045,40.0,55.91066980601156,-4.213502644426629,45,20.181,1258
55.80788577289115,-4.3660994145364045,40.0,55.8404807486866,-4.356656090229781,46,4.724,489
55.80788577289115,-4.3660994145364045,40.0,55.88708229912325,-4.079055837843032,47,29.675,1334
55.80788577289115,-4.3660994145364045,40.0,55.84510555179576,-4.178720975321847,48,19.205,1079
55.80788577289115,-4.3660994145364045,40.0,55.84413340760586,-4.085244529493477,49,26.372,1708
55.80788577289115,-4.3660994145364045,40.0,55.83324217210475,-4.157183908594519,50,19.067,1076
55.80788577289115,-4.3660994145364045,40.0,55.895753278756494,-4.323131413571223,51,13.176,1223
55.80788577289115,-4.3660994145364045,40.0,55.88609925330935,-4.38354364327563,52,10.661,862
55.80788577289115,-4.3660994145364045,40.0,55.86596770908397,-4.338853955125049,53,9.39,812
55.80788577289115,-4.3660994145364045,40.0,55.819381988004544,-4.256567679373081,54,8.124,714
55.80788577289115,-4.3660994145364045,40.0,55.919398785577634,-4.298102785445152,55,20.628,1867
55.80788577289115,-4.3660994145364045,40.0,55.81052481551728,-4.0780884232687225,56,27.143,2401
55.80788577289115,-4.3660994145364045,40.0,55.8411814367945,-4.125490362928665,57,22.425,1149
55.80788577289115,-4.3660994145364045,40.0,55.844855881791794,-4.151320272286683,58,20.057,1129
55.80788577289115,-4.3660994145364045,40.0,55.79334532620707,-4.3052187624925375,59,4.923,438
55.80788577289115,-4.3660994145364045,40.0,55.78499644933002,-4.082518262203789,60,28.766,1319
55.80788577289115,-4.3660994145364045,40.0,55.86482365717543,-4.074666870071637,61,26.272,1429
55.80788577289115,-4.3660994145364045,40.0,55.910543969585106,-4.384534109666136,62,23.838,1375
55.80788577289115,-4.3660994145364045,40.0,55.799715679086134,-4.188568421733812,63,13.293,1231
55.80788577289115,-4.3660994145364045,40.0,55.90005630083831,-4.294022887833187,64,16.809,1149
55.80788577289115,-4.3660994145364045,40.0,55.82573931186619,-4.210157383495828,65,17.067,945
55.80788577289115,-4.3660994145364045,40.0,55.88010014610652,-4.288014027401103,66,15.53,1117
55.80788577289115,-4.3660994145364045,40.0,55.8836463272421,-4.377148406451105,67,10.431,939
55.80788577289115,-4.3660994145364045,40.0,55.80511293548626,-4.195982430231648,68,14.776,1180
55.80788577289115,-4.3660994145364045,40.0,55.9265186267864,-4.256321117900257,69,20.166,1281
55.80788577289115,-4.3660994145364045,40.0,55.90353118048908,-4.119171950823842,70,25.605,1521
55.80788577289115,-4.3660994145364045,40.0,55.81502357146685,-4.260984914919316,71,7.769,697
55.80788577289115,-4.3660994145364045,40.0,55.894355058439295,-4.293143876300353,72,16.099,1096
55.80788577289115,-4.3660994145364045,40.0,55.80246488546192,-4.242274834364847,73,11.201,958
55.80788577289115,-4.3660994145364045,40.0,55.887581813102464,-4.2985753032369685,74,15.711,1093
55.80788577289115,-4.3660994145364045,40.0,55.928290955083554,-4.295962301582311,75,21.05,1282
55.80788577289115,-4.3660994145364045,40.0,55.81096058143004,-4.368797105646974,76,0.378,52
55.80788577289115,-4.3660994145364045,40.0,55.84818750128869,-4.3631808239548375,77,6.478,604
55.80788577289115,-4.3660994145364045,40.0,55.81610352786554,-4.330910795148831,78,3.145,297
55.80788577289115,-4.3660994145364045,40.0,55.807034270653475,-4.136077366584948,79,28.251,1312
55.80788577289115,-4.3660994145364045,40.0,55.86778114631985,-4.233612892312959,80,15.292,924
55.80788577289115,-4.3660994145364045,40.0,55.79578956690847,-4.368290459919509,81,3.338,1331
55.80788577289115,-4.3660994145364045,40.0,55.897877306124535,-4.077031107370425,82,28.233,2052
55.80788577289115,-4.3660994145364045,40.0,55.80721289582252,-4.242612882195534,83,11.578,985
55.80788577289115,-4.3660994145364045,40.0,55.92209393969709,-4.157940141970138,84,25.376,1319
55.80788577289115,-4.3660994145364045,40.0,55.79188265083702,-4.28147512844989,85,5.785,493
55.80788577289115,-4.3660994145364045,40.0,55.88043814367632,-4.104360473798184,86,24.219,1273
55.80788577289115,-4.3660994145364045,40.0,55.90345994988174,-4.293652184560058,87,17.278,1194
55.80788577289115,-4.3660994145364045,40.0,55.91230525016259,-4.108196424937476,88,26.873,1466
55.80788577289115,-4.3660994145364045,40.0,55.90569137930351,-4.3852429216612405,89,24.081,1414
55.80788577289115,-4.3660994145364045,40.0,55.824402119970216,-4.298242138123909,90,5.429,498
55.80788577289115,-4.3660994145364045,40.0,55.887104625653905,-4.201059285828647,91,18.428,1262
55.80788577289115,-4.3660994145364045,40.0,55.92006797200308,-4.195257422106852,92,22.075,1285
55.80788577289115,-4.3660994145364045,40.0,55.7944551107823,-4.1683749063061635,93,26.246,1635
55.80788577289115,-4.3660994145364045,40.0,55.88003873447475,-4.304350182381346,94,15.27,997
55.80788577289115,-4.3660994145364045,40.0,55.88308048053683,-4.2942103285768285,95,14.87,972
55.80788577289115,-4.3660994145364045,40.0,55.80779271908626,-4.3234306371549245,96,3.411,334
55.80788577289115,-4.3660994145364045,40.0,55.90123467399992,-4.380968632189907,97,25.279,1627
55.80788577289115,-4.3660994145364045,40.0,55.88049231589054,-4.293733205570284,98,14.772,962
55.80788577289115,-4.3660994145364045,40.0,55.84697147961761,-4.334108806216461,99,7.243,699
55.80788577289115,-4.3660994145364045,40.0,55.83067141211495,-4.195633651932574,100,16.35,942
55.80788577289115,-4.3660994145364045,40.0,55.89350845984679,-4.099445363541155,101,26.257,1417
55.80788577289115,-4.3660994145364045,40.0,55.92592408664018,-4.179171340754611,102,26.717,1402
55.80788577289115,-4.3660994145364045,40.0,55.84941827409408,-4.169566750359822,103,19.91,1145
55.80788577289115,-4.3660994145364045,40.0,55.92413375575165,-4.226670311636797,104,22.444,2049
55.80788577289115,-4.3660994145364045,40.0,55.88995713457192,-4.285031242761631,105,15.039,999
55.80788577289115,-4.3660994145364045,40.0,55.90528066541109,-4.131569818675147,106,23.055,1166
55.80788577289115,-4.3660994145364045,40.0,55.87850608392288,-4.103517886631066,107,24.55,1306
55.80788577289115,-4.3660994145364045,40.0,55.80799405798939,-4.284953473560454,108,6.421,623
55.80788577289115,-4.3660994145364045,40.0,55.906815669822045,-4.385279074380807,109,23.862,1367
55.80788577289115,-4.3660994145364045,40.0,55.916237634416454,-4.222407816066865,110,20.682,1242
55.80788577289115,-4.3660994145364045,40.0,55.915798955837815,-4.088621086891774,111,29.957,1497
55.80788577289115,-4.3660994145364045,40.0,55.827538479175395,-4.350653065976025,112,3.877,390
55.80788577289115,-4.3660994145364045,40.0,55.799515288981674,-4.0866627646338864,113,29.533,1463
55.80788577289115,-4.3660994145364045,40.0,55.831024245961984,-4.244756518165482,114,13.816,847
55.80788577289115,-4.3660994145364045,40.0,55.86754360554833,-4.2143078261423845,115,16.632,1040
55.80788577289115,-4.3660994145364045,40.0,55.8574985965699,-4.1521224561179935,116,21.213,1255
55.80788577289115,-4.3660994145364045,40.0,55.88095643501817,-4.32811659177277,117,11.232,939
55.80788577289115,-4.3660994145364045,40.0,55.85240433608213,-4.177570445500026,118,20.074,1196
55.80788577289115,-4.3660994145364045,40.0,55.91169549549074,-4.359708873069638,119,21.195,1478
55.80788577289115,-4.3660994145364045,40.0,55.92640787519779,-4.300990956079843,120,21.498,1331
55.80788577289115,-4.3660994145364045,40.0,55.84019197366069,-4.205566157974415,121,17.67,1094
55.80788577289115,-4.3660994145364045,40.0,55.866619942939494,-4.268153778778456,122,13.594,964
55.80788577289115,-4.3660994145364045,40.0,55.81327411986783,-4.2587495402872255,123,8.448,768
55.80788577289115,-4.3660994145364045,40.0,55.86022660117776,-4.154711133590585,124,21.133,1183
55.80788577289115,-4.3660994145364045,40.0,55.831522729053496,-4.370420634377527,125,4.011,451
55.80788577289115,-4.3660994145364045,40.0,55.84074346341779,-4.172411658039648,126,18.278,999
55.80788577289115,-4.3660994145364045,40.0,55.8801412435821,-4.258666277618953,127,14.638,990
55.80788577289115,-4.3660994145364045,40.0,55.8434159429892,-4.1056733307349536,128,22.681,1178
55.80788577289115,-4.3660994145364045,40.0,55.83522057783537,-4.25736952395694,129,8.293,799
55.80788577289115,-4.3660994145364045,40.0,55.86467774065618,-4.2250953414252415,130,15.416,876
55.80788577289115,-4.3660994145364045,40.0,55.8953662249987,-4.231143624453162,131,17.869,1054
55.80788577289115,-4.3660994145364045,40.0,55.81920459649808,-4.236238450921302,132,9.578,872
55.80788577289115,-4.3660994145364045,40.0,55.900795402502105,-4.206009410292495,133,20.036,1249
55.80788577289115,-4.3660994145364045,40.0,55.86078490474355,-4.339631469507248,134,9.064,898
55.80788577289115,-4.3660994145364045,40.0,55.924999437053955,-4.191173279124663,135,22.326,1294
55.80788577289115,-4.3660994145364045,40.0,55.81549096669224,-4.126910343137958,136,29.308,1400
55.80788577289115,-4.3660994145364045,40.0,55.90135585493081,-4.207622057499793,137,20.035,1226
55.80788577289115,-4.3660994145364045,40.0,55.845816555475636,-4.129576488296543,138,21.43,1219
55.80788577289115,-4.3660994145364045,40.0,55.80470047644827,-4.291960781118721,139,5.979,579
55.80788577289115,-4.3660994145364045,40.0,55.89185394491289,-4.179857587296262,140,19.62,1037
55.80788577289115,-4.3660994145364045,40.0,55.91859399996558,-4.3401659608951215,141,20.061,1329
55.80788577289115,-4.3660994145364045,40.0,55.90671476836246,-4.3642865107142725,142,16.175,1403
55.80788577289115,-4.3660994145364045,40.0,55.81273399651921,-4.167613047894911,143,18.823,1125
55.80788577289115,-4.3660994145364045,40.0,55.80939871413575,-4.276056954355674,144,7.084,623
55.80788577289115,-4.3660994145364045,40.0,55.88312869327199,-4.214542892826467,145,17.44,1081
55.80788577289115,-4.3660994145364045,40.0,55.815340374954424,-4.283514492524949,146,6.078,508
55.80788577289115,-4.3660994145364045,40.0,55.87864379034378,-4.080636908866371,147,30.655,1369
55.80788577289115,-4.3660994145364045,40.0,55.89423440492952,-4.2418874418647645,148,18.432,1138
55.80788577289115,-4.3660994145364045,40.0,55.92796852989922,-4.305970400193036,149,21.626,1354
55.80788577289115,-4.3660994145364045,40.0,55.92895153496988,-4.082888064137351,150,30.327,1446
55.80788577289115,-4.3660994145364045,40.0,55.790766759429424,-4.135285962371055,151,26.058,1207
55.80788577289115,-4.3660994145364045,40.0,55.80808041573422,-4.184105792933229,152,14.392,1116
55.80788577289115,-4.3660994145364045,40.0,55.7982747224006,-4.3931924101572655,153,2.26,197
55.80788577289115,-4.3660994145364045,40.0,55.81178474630603,-4.337962602706185,154,2.078,198
55.80788577289115,-4.3660994145364045,40.0,55.852972007756,-4.353957895039277,155,6.691,716
55.80788577289115,-4.3660994145364045,40.0,55.797152036890715,-4.311451416173846,156,3.819,366
55.80788577289115,-4.3660994145364045,40.0,55.84839482833289,-4.1889265673730645,157,19.856,1113
55.80788577289115,-4.3660994145364045,40.0,55.86383954752864,-4.387927326091926,158,9.75,741
55.80788577289115,-4.3660994145364045,40.0,55.807182357875575,-4.140487806234959,159,28.462,1310
55.80788577289115,-4.3660994145364045,40.0,55.8296607577131,-4.218765551358871,160,15.236,1003
55.80788577289115,-4.3660994145364045,40.0,55.82699494590622,-4.295404959002084,161,6.001,496
55.80788577289115,-4.3660994145364045,40.0,55.861248665443505,-4.307186036515638,162,9.748,763
55.80788577289115,-4.3660994145364045,40.0,55.897857165570365,-4.156645648865112,163,21.096,1074
55.80788577289115,-4.3660994145364045,40.0,55.877747555317356,-4.342792329217214,164,11.822,1036
55.80788577289115,-4.3660994145364045,40.0,55.92259641850896,-4.389236283866068,165,22.739,1374
55.80788577289115,-4.3660994145364045,40.0,55.92621339590465,-4.2820478996479165,166,19.95,1230
55.80788577289115,-4.3660994145364045,40.0,55.80660612206145,-4.094012410496262,167,26.728,1466
55.80788577289115,-4.3660994145364045,40.0,55.84605439624201,-4.09192094471571,168,25.433,1189
55.80788577289115,-4.3660994145364045,40.0,55.83961965364386,-4.1201104741133365,169,22.032,1076
55.80788577289115,-4.3660994145364045,40.0,55.85030951683019,-4.217608837338132,170,15.324,1044
55.80788577289115,-4.3660994145364045,40.0,55.85971342373431,-4.246748195156407,171,15.785,975
55.80788577289115,-4.3660994145364045,40.0,55.815747728441636,-4.150792968910081,172,19.321,1186
55.80788577289115,-4.3660994145364045,40.0,55.80041195127493,-4.3806303679601495,173,1.676,150
55.80788577289115,-4.3660994145364045,40.0,55.85487415463933,-4.092829020720908,174,25.243,1190
55.80788577289115,-4.3660994145364045,40.0,55.80456076444065,-4.203157873727267,175,15.267,1200
55.80788577289115,-4.3660994145364045,40.0,55.84723005082115,-4.330151260440624,176,7.433,680
55.80788577289115,-4.3660994145364045,40.0,55.88775631668876,-4.123428423568879,177,24.844,1285
55.80788577289115,-4.3660994145364045,40.0,55.82857385936083,-4.129579652409029,178,21.843,1373
55.80788577289115,-4.3660994145364045,40.0,55.879865395443076,-4.36272007519476,179,12.714,1079
55.80788577289115,-4.3660994145364045,40.0,55.87973669437185,-4.215636550296907,180,16.727,1092
55.80788577289115,-4.3660994145364045,40.0,55.8162521393249,-4.1868605517933455,181,18.203,1096
55.80788577289115,-4.3660994145364045,40.0,55.80755514535402,-4.201625161718038,182,15.02,1167
55.80788577289115,-4.3660994145364045,40.0,55.85565398843102,-4.250533808562208,183,12.283,894
55.80788577289115,-4.3660994145364045,40.0,55.929636326069506,-4.381100658166308,184,23.725,1395
55.80788577289115,-4.3660994145364045,40.0,55.879581066995904,-4.21986165885879,185,16.368,1073
55.80788577289115,-4.3660994145364045,40.0,55.92647877645629,-4.127886630011083,186,26.458,1405
55.80788577289115,-4.3660994145364045,40.0,55.82282427264178,-4.371094162561755,187,3.147,374
55.80788577289115,-4.3660994145364045,40.0,55.90291353127043,-4.3414180899754955,188,14.221,1281
55.80788577289115,-4.3660994145364045,40.0,55.78437024600116,-4.156926419796477,189,24.744,1200
55.80788577289115,-4.3660994145364045,40.0,55.8321542449311,-4.1561720476648265,190,19.107,1090
55.80788577289115,-4.3660994145364045,40.0,55.88310705812362,-4.084862107847263,191,27.816,1250
55.80788577289115,-4.3660994145364045,40.0,55.85616333886266,-4.110333739241922,192,24.044,1234
55.80788577289115,-4.3660994145364045,40.0,55.90185178498145,-4.152652007721208,193,25.005,1698
55.80788577289115,-4.3660994145364045,40.0,55.8837118458465,-4.182392741162416,194,21.284,2046
55.80788577289115,-4.3660994145364045,40.0,55.83086049774818,-4.312434105301623,195,6.204,512
55.80788577289115,-4.3660994145364045,40.0,55.821849459706755,-4.176208567338996,196,17.951,1060
55.80788577289115,-4.3660994145364045,40.0,55.88009750494633,-4.255964552703097,197,14.324,969
55.80788577289115,-4.3660994145364045,40.0,55.87413911675089,-4.369807111055967,198,8.772,758
55.80788577289115,-4.3660994145364045,40.0,55.86354071984154,-4.093406384811447,199,24.66,1288
55.82364037936684,-4.304256435859074,41.0,55.8391698042901,-4.214478482526657,0,12.663,821
55.82364037936684,-4.304256435859074,41.0,55.86553667472969,-4.350500876963486,1,10.04,714
55.82364037936684,-4.304256435859074,41.0,55.912892829643965,-4.286410947894997,2,15.831,2030
55.82364037936684,-4.304256435859074,41.0,55.84854019346565,-4.391697428307927,3,9.05,808
55.82364037936684,-4.304256435859074,41.0,55.79232875093524,-4.310455024670266,4,4.841,462
55.82364037936684,-4.304256435859074,41.0,55.837143362020576,-4.120043492886959,5,16.362,833
55.82364037936684,-4.304256435859074,41.0,55.84185129809378,-4.283879851305767,6,3.0,331
55.82364037936684,-4.304256435859074,41.0,55.90609664927746,-4.311383718964596,7,13.216,1038
55.82364037936684,-4.304256435859074,41.0,55.7832172019226,-4.31249791159531,8,5.721,490
55.82364037936684,-4.304256435859074,41.0,55.8177258987159,-4.260489243356555,9,3.773,434
55.82364037936684,-4.304256435859074,41.0,55.903262790870684,-4.212111703691823,10,15.197,1104
55.82364037936684,-4.304256435859074,41.0,55.893978813107424,-4.1413270988368325,11,16.937,1112
55.82364037936684,-4.304256435859074,41.0,55.894884622950286,-4.154349650804189,12,19.322,1010
55.82364037936684,-4.304256435859074,41.0,55.80680963785043,-4.263605759417426,13,4.255,511
55.82364037936684,-4.304256435859074,41.0,55.81824312166051,-4.346878846315483,14,4.399,456
55.82364037936684,-4.304256435859074,41.0,55.84742656229786,-4.269221405976544,15,4.585,510
55.82364037936684,-4.304256435859074,41.0,55.80730424868546,-4.315177272898423,16,2.289,239
55.82364037936684,-4.304256435859074,41.0,55.83798278877758,-4.260604018644594,17,3.616,482
55.82364037936684,-4.304256435859074,41.0,55.89424631095569,-4.343398240721316,18,11.856,963
55.82364037936684,-4.304256435859074,41.0,55.83908093533876,-4.223069302141199,19,10.254,852
55.82364037936684,-4.304256435859074,41.0,55.8357731433788,-4.270556349194068,20,2.739,303
55.82364037936684,-4.304256435859074,41.0,55.90309627527835,-4.360750370095284,21,13.889,1198
55.82364037936684,-4.304256435859074,41.0,55.85652103589449,-4.101365743428073,22,19.485,1055
55.82364037936684,-4.304256435859074,41.0,55.783736419963375,-4.235306054793451,23,9.612,821
55.82364037936684,-4.304256435859074,41.0,55.92064824587275,-4.2358362157531895,24,16.322,1085
55.82364037936684,-4.304256435859074,41.0,55.907674892744176,-4.2497703459088045,25,15.074,2130
55.82364037936684,-4.304256435859074,41.0,55.919604340921964,-4.226208116301384,26,16.246,1097
55.82364037936684,-4.304256435859074,41.0,55.83219148710444,-4.304581930326681,27,1.995,279
55.82364037936684,-4.304256435859074,41.0,55.79569701419853,-4.1769099124482585,28,11.018,1037
55.82364037936684,-4.304256435859074,41.0,55.81260197667657,-4.197841211154324,29,8.52,903
55.82364037936684,-4.304256435859074,41.0,55.826092940761974,-4.176919409292903,30,13.019,906
55.82364037936684,-4.304256435859074,41.0,55.828413149208096,-4.109650878166438,31,19.823,1096
55.82364037936684,-4.304256435859074,41.0,55.8999241737755,-4.257993823533507,32,12.28,1017
55.82364037936684,-4.304256435859074,41.0,55.892514250678616,-4.340118142906542,33,11.885,975
55.82364037936684,-4.304256435859074,41.0,55.855241629670886,-4.269936069312288,34,8.313,642
55.82364037936684,-4.304256435859074,41.0,55.877364911629314,-4.109701193625618,35,19.886,1155
55.82364037936684,-4.304256435859074,41.0,55.887053111734645,-4.1280531391159245,36,20.188,1122
55.82364037936684,-4.304256435859074,41.0,55.89108676863447,-4.105446803942431,37,21.921,1428
55.82364037936684,-4.304256435859074,41.0,55.842635153466425,-4.334387903339716,38,4.661,480
55.82364037936684,-4.304256435859074,41.0,55.89197542936556,-4.19614108945253,39,16.195,955
55.82364037936684,-4.304256435859074,41.0,55.825849135803445,-4.321179033230789,40,1.974,201
55.82364037936684,-4.304256435859074,41.0,55.81864602215581,-4.375055705699034,41,5.428,465
55.82364037936684,-4.304256435859074,41.0,55.92613065482397,-4.212698358862173,42,16.708,1149
55.82364037936684,-4.304256435859074,41.0,55.874439929608144,-4.279689658904073,43,8.92,684
55.82364037936684,-4.304256435859074,41.0,55.81998166828728,-4.245455535821837,44,4.709,536
55.82364037936684,-4.304256435859074,41.0,55.91066980601156,-4.213502644426629,45,15.66,1100
55.82364037936684,-4.304256435859074,41.0,55.8404807486866,-4.356656090229781,46,5.543,576
55.82364037936684,-4.304256435859074,41.0,55.88708229912325,-4.079055837843032,47,25.154,1176
55.82364037936684,-4.304256435859074,41.0,55.84510555179576,-4.178720975321847,48,14.684,921
55.82364037936684,-4.304256435859074,41.0,55.84413340760586,-4.085244529493477,49,21.851,1551
55.82364037936684,-4.304256435859074,41.0,55.83324217210475,-4.157183908594519,50,14.546,918
55.82364037936684,-4.304256435859074,41.0,55.895753278756494,-4.323131413571223,51,11.642,1074
55.82364037936684,-4.304256435859074,41.0,55.88609925330935,-4.38354364327563,52,11.073,782
55.82364037936684,-4.304256435859074,41.0,55.86596770908397,-4.338853955125049,53,7.856,662
55.82364037936684,-4.304256435859074,41.0,55.819381988004544,-4.256567679373081,54,3.839,428
55.82364037936684,-4.304256435859074,41.0,55.919398785577634,-4.298102785445152,55,16.107,1710
55.82364037936684,-4.304256435859074,41.0,55.81052481551728,-4.0780884232687225,56,22.622,2243
55.82364037936684,-4.304256435859074,41.0,55.8411814367945,-4.125490362928665,57,17.904,991
55.82364037936684,-4.304256435859074,41.0,55.844855881791794,-4.151320272286683,58,15.536,972
55.82364037936684,-4.304256435859074,41.0,55.79334532620707,-4.3052187624925375,59,4.464,444
55.82364037936684,-4.304256435859074,41.0,55.78499644933002,-4.082518262203789,60,26.345,1242
55.82364037936684,-4.304256435859074,41.0,55.86482365717543,-4.074666870071637,61,21.751,1272
55.82364037936684,-4.304256435859074,41.0,55.910543969585106,-4.384534109666136,62,15.716,1263
55.82364037936684,-4.304256435859074,41.0,55.799715679086134,-4.188568421733812,63,11.529,1189
55.82364037936684,-4.304256435859074,41.0,55.90005630083831,-4.294022887833187,64,12.288,991
55.82364037936684,-4.304256435859074,41.0,55.82573931186619,-4.210157383495828,65,12.546,788
55.82364037936684,-4.304256435859074,41.0,55.88010014610652,-4.288014027401103,66,11.009,960
55.82364037936684,-4.304256435859074,41.0,55.8836463272421,-4.377148406451105,67,10.843,859
55.82364037936684,-4.304256435859074,41.0,55.80511293548626,-4.195982430231648,68,9.245,936
55.82364037936684,-4.304256435859074,41.0,55.9265186267864,-4.256321117900257,69,15.645,1124
55.82364037936684,-4.304256435859074,41.0,55.90353118048908,-4.119171950823842,70,21.084,1363
55.82364037936684,-4.304256435859074,41.0,55.81502357146685,-4.260984914919316,71,3.484,411
55.82364037936684,-4.304256435859074,41.0,55.894355058439295,-4.293143876300353,72,11.578,939
55.82364037936684,-4.304256435859074,41.0,55.80246488546192,-4.242274834364847,73,6.507,712
55.82364037936684,-4.304256435859074,41.0,55.887581813102464,-4.2985753032369685,74,11.19,935
55.82364037936684,-4.304256435859074,41.0,55.928290955083554,-4.295962301582311,75,16.529,1124
55.82364037936684,-4.304256435859074,41.0,55.81096058143004,-4.368797105646974,76,5.531,525
55.82364037936684,-4.304256435859074,41.0,55.84818750128869,-4.3631808239548375,77,8.289,710
55.82364037936684,-4.304256435859074,41.0,55.81610352786554,-4.330910795148831,78,2.629,213
55.82364037936684,-4.304256435859074,41.0,55.807034270653475,-4.136077366584948,79,16.253,1157
55.82364037936684,-4.304256435859074,41.0,55.86778114631985,-4.233612892312959,80,10.771,767
55.82364037936684,-4.304256435859074,41.0,55.79578956690847,-4.368290459919509,81,8.247,1767
55.82364037936684,-4.304256435859074,41.0,55.897877306124535,-4.077031107370425,82,23.712,1894
55.82364037936684,-4.304256435859074,41.0,55.80721289582252,-4.242612882195534,83,5.73,663
55.82364037936684,-4.304256435859074,41.0,55.92209393969709,-4.157940141970138,84,20.855,1161
55.82364037936684,-4.304256435859074,41.0,55.79188265083702,-4.28147512844989,85,5.326,493
55.82364037936684,-4.304256435859074,41.0,55.88043814367632,-4.104360473798184,86,19.698,1115
55.82364037936684,-4.304256435859074,41.0,55.90345994988174,-4.293652184560058,87,12.757,1037
55.82364037936684,-4.304256435859074,41.0,55.91230525016259,-4.108196424937476,88,22.352,1309
55.82364037936684,-4.304256435859074,41.0,55.90569137930351,-4.3852429216612405,89,15.751,1286
55.82364037936684,-4.304256435859074,41.0,55.824402119970216,-4.298242138123909,90,1.34,189
55.82364037936684,-4.304256435859074,41.0,55.887104625653905,-4.201059285828647,91,13.907,1104
55.82364037936684,-4.304256435859074,41.0,55.92006797200308,-4.195257422106852,92,17.554,1127
55.82364037936684,-4.304256435859074,41.0,55.7944551107823,-4.1683749063061635,93,11.148,1471
55.82364037936684,-4.304256435859074,41.0,55.88003873447475,-4.304350182381346,94,10.749,840
55.82364037936684,-4.304256435859074,41.0,55.88308048053683,-4.2942103285768285,95,10.349,814
55.82364037936684,-4.304256435859074,41.0,55.80779271908626,-4.3234306371549245,96,3.248,282
55.82364037936684,-4.304256435859074,41.0,55.90123467399992,-4.380968632189907,97,16.057,1415
55.82364037936684,-4.304256435859074,41.0,55.88049231589054,-4.293733205570284,98,10.251,805
55.82364037936684,-4.304256435859074,41.0,55.84697147961761,-4.334108806216461,99,4.972,556
55.82364037936684,-4.304256435859074,41.0,55.83067141211495,-4.195633651932574,100,11.829,785
55.82364037936684,-4.304256435859074,41.0,55.89350845984679,-4.099445363541155,101,21.736,1260
55.82364037936684,-4.304256435859074,41.0,55.92592408664018,-4.179171340754611,102,22.196,1245
55.82364037936684,-4.304256435859074,41.0,55.84941827409408,-4.169566750359822,103,15.389,987
55.82364037936684,-4.304256435859074,41.0,55.92413375575165,-4.226670311636797,104,17.923,1892
55.82364037936684,-4.304256435859074,41.0,55.88995713457192,-4.285031242761631,105,10.518,841
55.82364037936684,-4.304256435859074,41.0,55.90528066541109,-4.131569818675147,106,18.534,1009
55.82364037936684,-4.304256435859074,41.0,55.87850608392288,-4.103517886631066,107,20.029,1148
55.82364037936684,-4.304256435859074,41.0,55.80799405798939,-4.284953473560454,108,2.891,388
55.82364037936684,-4.304256435859074,41.0,55.906815669822045,-4.385279074380807,109,15.062,1201
55.82364037936684,-4.304256435859074,41.0,55.916237634416454,-4.222407816066865,110,16.161,1085
55.82364037936684,-4.304256435859074,41.0,55.915798955837815,-4.088621086891774,111,25.436,1340
55.82364037936684,-4.304256435859074,41.0,55.827538479175395,-4.350653065976025,112,3.768,387
55.82364037936684,-4.304256435859074,41.0,55.799515288981674,-4.0866627646338864,113,26.715,1355
55.82364037936684,-4.304256435859074,41.0,55.831024245961984,-4.244756518165482,114,5.052,623
55.82364037936684,-4.304256435859074,41.0,55.86754360554833,-4.2143078261423845,115,12.111,882
55.82364037936684,-4.304256435859074,41.0,55.8574985965699,-4.1521224561179935,116,16.692,1098
55.82364037936684,-4.304256435859074,41.0,55.88095643501817,-4.32811659177277,117,9.698,790
55.82364037936684,-4.304256435859074,41.0,55.85240433608213,-4.177570445500026,118,15.553,1038
55.82364037936684,-4.304256435859074,41.0,55.91169549549074,-4.359708873069638,119,16.674,1321
55.82364037936684,-4.304256435859074,41.0,55.92640787519779,-4.300990956079843,120,16.977,1173
55.82364037936684,-4.304256435859074,41.0,55.84019197366069,-4.205566157974415,121,13.149,936
55.82364037936684,-4.304256435859074,41.0,55.866619942939494,-4.268153778778456,122,9.073,806
55.82364037936684,-4.304256435859074,41.0,55.81327411986783,-4.2587495402872255,123,4.163,482
55.82364037936684,-4.304256435859074,41.0,55.86022660117776,-4.154711133590585,124,16.612,1026
55.82364037936684,-4.304256435859074,41.0,55.831522729053496,-4.370420634377527,125,5.822,557
55.82364037936684,-4.304256435859074,41.0,55.84074346341779,-4.172411658039648,126,13.757,841
55.82364037936684,-4.304256435859074,41.0,55.8801412435821,-4.258666277618953,127,10.117,832
55.82364037936684,-4.304256435859074,41.0,55.8434159429892,-4.1056733307349536,128,18.16,1020
55.82364037936684,-4.304256435859074,41.0,55.83522057783537,-4.25736952395694,129,3.668,469
55.82364037936684,-4.304256435859074,41.0,55.86467774065618,-4.2250953414252415,130,10.895,719
55.82364037936684,-4.304256435859074,41.0,55.8953662249987,-4.231143624453162,131,13.348,897
55.82364037936684,-4.304256435859074,41.0,55.81920459649808,-4.236238450921302,132,5.293,586
55.82364037936684,-4.304256435859074,41.0,55.900795402502105,-4.206009410292495,133,15.515,1091
55.82364037936684,-4.304256435859074,41.0,55.86078490474355,-4.339631469507248,134,8.391,757
55.82364037936684,-4.304256435859074,41.0,55.924999437053955,-4.191173279124663,135,17.805,1137
55.82364037936684,-4.304256435859074,41.0,55.81549096669224,-4.126910343137958,136,17.244,1203
55.82364037936684,-4.304256435859074,41.0,55.90135585493081,-4.207622057499793,137,15.514,1069
55.82364037936684,-4.304256435859074,41.0,55.845816555475636,-4.129576488296543,138,16.909,1062
55.82364037936684,-4.304256435859074,41.0,55.80470047644827,-4.291960781118721,139,2.918,366
55.82364037936684,-4.304256435859074,41.0,55.89185394491289,-4.179857587296262,140,15.099,880
55.82364037936684,-4.304256435859074,41.0,55.91859399996558,-4.3401659608951215,141,15.54,1171
55.82364037936684,-4.304256435859074,41.0,55.90671476836246,-4.3642865107142725,142,14.641,1254
55.82364037936684,-4.304256435859074,41.0,55.81273399651921,-4.167613047894911,143,14.302,967
55.82364037936684,-4.304256435859074,41.0,55.80939871413575,-4.276056954355674,144,2.799,345
55.82364037936684,-4.304256435859074,41.0,55.88312869327199,-4.214542892826467,145,12.919,923
55.82364037936684,-4.304256435859074,41.0,55.815340374954424,-4.283514492524949,146,1.793,222
55.82364037936684,-4.304256435859074,41.0,55.87864379034378,-4.080636908866371,147,26.134,1211
55.82364037936684,-4.304256435859074,41.0,55.89423440492952,-4.2418874418647645,148,13.911,980
55.82364037936684,-4.304256435859074,41.0,55.92796852989922,-4.305970400193036,149,17.105,1196
55.82364037936684,-4.304256435859074,41.0,55.92895153496988,-4.082888064137351,150,25.806,1289
55.82364037936684,-4.304256435859074,41.0,55.790766759429424,-4.135285962371055,151,13.573,1112
55.82364037936684,-4.304256435859074,41.0,55.80808041573422,-4.184105792933229,152,9.546,945
55.82364037936684,-4.304256435859074,41.0,55.7982747224006,-4.3931924101572655,153,7.169,633
55.82364037936684,-4.304256435859074,41.0,55.81178474630603,-4.337962602706185,154,3.044,258
55.82364037936684,-4.304256435859074,41.0,55.852972007756,-4.353957895039277,155,6.34,707
55.82364037936684,-4.304256435859074,41.0,55.797152036890715,-4.311451416173846,156,4.068,396
55.82364037936684,-4.304256435859074,41.0,55.84839482833289,-4.1889265673730645,157,15.335,956
55.82364037936684,-4.304256435859074,41.0,55.86383954752864,-4.387927326091926,158,13.182,788
55.82364037936684,-4.304256435859074,41.0,55.807182357875575,-4.140487806234959,159,15.93,1132
55.82364037936684,-4.304256435859074,41.0,55.8296607577131,-4.218765551358871,160,6.692,810
55.82364037936684,-4.304256435859074,41.0,55.82699494590622,-4.295404959002084,161,1.376,166
55.82364037936684,-4.304256435859074,41.0,55.861248665443505,-4.307186036515638,162,5.235,581
55.82364037936684,-4.304256435859074,41.0,55.897857165570365,-4.156645648865112,163,16.575,916
55.82364037936684,-4.304256435859074,41.0,55.877747555317356,-4.342792329217214,164,10.288,887
55.82364037936684,-4.304256435859074,41.0,55.92259641850896,-4.389236283866068,165,26.544,1351
55.82364037936684,-4.304256435859074,41.0,55.92621339590465,-4.2820478996479165,166,15.429,1073
55.82364037936684,-4.304256435859074,41.0,55.80660612206145,-4.094012410496262,167,22.207,1308
55.82364037936684,-4.304256435859074,41.0,55.84605439624201,-4.09192094471571,168,20.912,1031
55.82364037936684,-4.304256435859074,41.0,55.83961965364386,-4.1201104741133365,169,17.511,918
55.82364037936684,-4.304256435859074,41.0,55.85030951683019,-4.217608837338132,170,10.803,887
55.82364037936684,-4.304256435859074,41.0,55.85971342373431,-4.246748195156407,171,11.264,817
55.82364037936684,-4.304256435859074,41.0,55.815747728441636,-4.150792968910081,172,14.8,1029
55.82364037936684,-4.304256435859074,41.0,55.80041195127493,-4.3806303679601495,173,6.585,585
55.82364037936684,-4.304256435859074,41.0,55.85487415463933,-4.092829020720908,174,20.722,1032
55.82364037936684,-4.304256435859074,41.0,55.80456076444065,-4.203157873727267,175,9.264,938
55.82364037936684,-4.304256435859074,41.0,55.84723005082115,-4.330151260440624,176,4.86,525
55.82364037936684,-4.304256435859074,41.0,55.88775631668876,-4.123428423568879,177,20.323,1128
55.82364037936684,-4.304256435859074,41.0,55.82857385936083,-4.129579652409029,178,17.322,1216
55.82364037936684,-4.304256435859074,41.0,55.879865395443076,-4.36272007519476,179,11.18,929
55.82364037936684,-4.304256435859074,41.0,55.87973669437185,-4.215636550296907,180,12.206,934
55.82364037936684,-4.304256435859074,41.0,55.8162521393249,-4.1868605517933455,181,9.017,935
55.82364037936684,-4.304256435859074,41.0,55.80755514535402,-4.201625161718038,182,8.499,886
55.82364037936684,-4.304256435859074,41.0,55.85565398843102,-4.250533808562208,183,5.598,731
55.82364037936684,-4.304256435859074,41.0,55.929636326069506,-4.381100658166308,184,27.53,1372
55.82364037936684,-4.304256435859074,41.0,55.879581066995904,-4.21986165885879,185,11.847,915
55.82364037936684,-4.304256435859074,41.0,55.92647877645629,-4.127886630011083,186,21.937,1247
55.82364037936684,-4.304256435859074,41.0,55.82282427264178,-4.371094162561755,187,4.958,480
55.82364037936684,-4.304256435859074,41.0,55.90291353127043,-4.3414180899754955,188,12.687,1132
55.82364037936684,-4.304256435859074,41.0,55.78437024600116,-4.156926419796477,189,12.917,1127
55.82364037936684,-4.304256435859074,41.0,55.8321542449311,-4.1561720476648265,190,14.586,932
55.82364037936684,-4.304256435859074,41.0,55.88310705812362,-4.084862107847263,191,23.295,1093
55.82364037936684,-4.304256435859074,41.0,55.85616333886266,-4.110333739241922,192,19.523,1076
55.82364037936684,-4.304256435859074,41.0,55.90185178498145,-4.152652007721208,193,20.484,1541
55.82364037936684,-4.304256435859074,41.0,55.8837118458465,-4.182392741162416,194,16.763,1889
55.82364037936684,-4.304256435859074,41.0,55.83086049774818,-4.312434105301623,195,1.579,193
55.82364037936684,-4.304256435859074,41.0,55.821849459706755,-4.176208567338996,196,13.43,903
55.82364037936684,-4.304256435859074,41.0,55.88009750494633,-4.255964552703097,197,9.803,811
55.82364037936684,-4.304256435859074,41.0,55.87413911675089,-4.369807111055967,198,9.184,678
55.82364037936684,-4.304256435859074,41.0,55.86354071984154,-4.093406384811447,199,20.139,1130
55.899976761489455,-4.31236215790728,42.0,55.8391698042901,-4.214478482526657,0,15.368,1167
55.899976761489455,-4.31236215790728,42.0,55.86553667472969,-4.350500876963486,1,8.787,850
55.899976761489455,-4.31236215790728,42.0,55.912892829643965,-4.286410947894997,2,6.681,1419
55.899976761489455,-4.31236215790728,42.0,55.84854019346565,-4.391697428307927,3,12.872,1203
55.899976761489455,-4.31236215790728,42.0,55.79232875093524,-4.310455024670266,4,18.482,1299
55.899976761489455,-4.31236215790728,42.0,55.837143362020576,-4.120043492886959,5,19.067,1180
55.899976761489455,-4.31236215790728,42.0,55.84185129809378,-4.283879851305767,6,13.162,1049
55.899976761489455,-4.31236215790728,42.0,55.90609664927746,-4.311383718964596,7,0.981,230
55.899976761489455,-4.31236215790728,42.0,55.7832172019226,-4.31249791159531,8,20.07,1357
55.899976761489455,-4.31236215790728,42.0,55.8177258987159,-4.260489243356555,9,14.039,1229
55.899976761489455,-4.31236215790728,42.0,55.903262790870684,-4.212111703691823,10,12.322,931
55.899976761489455,-4.31236215790728,42.0,55.893978813107424,-4.1413270988368325,11,18.498,1213
55.899976761489455,-4.31236215790728,42.0,55.894884622950286,-4.154349650804189,12,18.09,1082
55.899976761489455,-4.31236215790728,42.0,55.80680963785043,-4.263605759417426,13,15.804,1454
55.899976761489455,-4.31236215790728,42.0,55.81824312166051,-4.346878846315483,14,15.645,1213
55.899976761489455,-4.31236215790728,42.0,55.84742656229786,-4.269221405976544,15,9.638,936
55.899976761489455,-4.31236215790728,42.0,55.80730424868546,-4.315177272898423,16,15.351,1198
55.899976761489455,-4.31236215790728,42.0,55.83798278877758,-4.260604018644594,17,10.42,1046
55.899976761489455,-4.31236215790728,42.0,55.89424631095569,-4.343398240721316,18,4.957,513
55.899976761489455,-4.31236215790728,42.0,55.83908093533876,-4.223069302141199,19,12.959,1198
55.899976761489455,-4.31236215790728,42.0,55.8357731433788,-4.270556349194068,20,10.442,947
55.899976761489455,-4.31236215790728,42.0,55.90309627527835,-4.360750370095284,21,4.495,522
55.899976761489455,-4.31236215790728,42.0,55.85652103589449,-4.101365743428073,22,17.389,1097
55.899976761489455,-4.31236215790728,42.0,55.783736419963375,-4.235306054793451,23,18.099,1520
55.899976761489455,-4.31236215790728,42.0,55.92064824587275,-4.2358362157531895,24,9.033,570
55.899976761489455,-4.31236215790728,42.0,55.907674892744176,-4.2497703459088045,25,12.649,2013
55.899976761489455,-4.31236215790728,42.0,55.919604340921964,-4.226208116301384,26,11.461,772
55.899976761489455,-4.31236215790728,42.0,55.83219148710444,-4.304581930326681,27,14.523,1239
55.899976761489455,-4.31236215790728,42.0,55.79569701419853,-4.1769099124482585,28,19.783,1452
55.899976761489455,-4.31236215790728,42.0,55.81260197667657,-4.197841211154324,29,17.194,1319
55.899976761489455,-4.31236215790728,42.0,55.826092940761974,-4.176919409292903,30,15.724,1252
55.899976761489455,-4.31236215790728,42.0,55.828413149208096,-4.109650878166438,31,24.335,1442
55.899976761489455,-4.31236215790728,42.0,55.8999241737755,-4.257993823533507,32,7.117,651
55.899976761489455,-4.31236215790728,42.0,55.892514250678616,-4.340118142906542,33,4.986,518
55.899976761489455,-4.31236215790728,42.0,55.855241629670886,-4.269936069312288,34,7.482,677
55.899976761489455,-4.31236215790728,42.0,55.877364911629314,-4.109701193625618,35,17.79,1197
55.899976761489455,-4.31236215790728,42.0,55.887053111734645,-4.1280531391159245,36,18.956,1193
55.899976761489455,-4.31236215790728,42.0,55.89108676863447,-4.105446803942431,37,20.689,1500
55.899976761489455,-4.31236215790728,42.0,55.842635153466425,-4.334387903339716,38,10.65,1006
55.899976761489455,-4.31236215790728,42.0,55.89197542936556,-4.19614108945253,39,14.58,1035
55.899976761489455,-4.31236215790728,42.0,55.825849135803445,-4.321179033230789,40,12.701,1139
55.899976761489455,-4.31236215790728,42.0,55.81864602215581,-4.375055705699034,41,16.674,1221
55.899976761489455,-4.31236215790728,42.0,55.92613065482397,-4.212698358862173,42,12.089,843
55.899976761489455,-4.31236215790728,42.0,55.874439929608144,-4.279689658904073,43,5.662,632
55.899976761489455,-4.31236215790728,42.0,55.81998166828728,-4.245455535821837,44,13.519,1135
55.899976761489455,-4.31236215790728,42.0,55.91066980601156,-4.213502644426629,45,11.161,801
55.899976761489455,-4.31236215790728,42.0,55.8404807486866,-4.356656090229781,46,12.961,1177
55.899976761489455,-4.31236215790728,42.0,55.88708229912325,-4.079055837843032,47,27.285,1433
55.899976761489455,-4.31236215790728,42.0,55.84510555179576,-4.178720975321847,48,13.666,1254
55.899976761489455,-4.31236215790728,42.0,55.84413340760586,-4.085244529493477,49,21.888,1630
55.899976761489455,-4.31236215790728,42.0,55.83324217210475,-4.157183908594519,50,17.251,1265
55.899976761489455,-4.31236215790728,42.0,55.895753278756494,-4.323131413571223,51,4.121,459
55.899976761489455,-4.31236215790728,42.0,55.88609925330935,-4.38354364327563,52,13.652,1034
55.899976761489455,-4.31236215790728,42.0,55.86596770908397,-4.338853955125049,53,7.918,774
55.899976761489455,-4.31236215790728,42.0,55.819381988004544,-4.256567679373081,54,14.948,1285
55.899976761489455,-4.31236215790728,42.0,55.919398785577634,-4.298102785445152,55,6.957,1099
55.899976761489455,-4.31236215790728,42.0,55.81052481551728,-4.0780884232687225,56,27.134,2589
55.899976761489455,-4.31236215790728,42.0,55.8411814367945,-4.125490362928665,57,22.416,1337
55.899976761489455,-4.31236215790728,42.0,55.844855881791794,-4.151320272286683,58,18.241,1318
55.899976761489455,-4.31236215790728,42.0,55.79334532620707,-4.3052187624925375,59,18.813,1305
55.899976761489455,-4.31236215790728,42.0,55.78499644933002,-4.082518262203789,60,29.024,1516
55.899976761489455,-4.31236215790728,42.0,55.86482365717543,-4.074666870071637,61,19.655,1314
55.899976761489455,-4.31236215790728,42.0,55.910543969585106,-4.384534109666136,62,6.254,690
55.899976761489455,-4.31236215790728,42.0,55.799715679086134,-4.188568421733812,63,19.765,1611
55.899976761489455,-4.31236215790728,42.0,55.90005630083831,-4.294022887833187,64,2.455,298
55.899976761489455,-4.31236215790728,42.0,55.82573931186619,-4.210157383495828,65,15.251,1134
55.899976761489455,-4.31236215790728,42.0,55.88010014610652,-4.288014027401103,66,4.061,519
55.899976761489455,-4.31236215790728,42.0,55.8836463272421,-4.377148406451105,67,13.422,1112
55.899976761489455,-4.31236215790728,42.0,55.80511293548626,-4.195982430231648,68,18.174,1394
55.899976761489455,-4.31236215790728,42.0,55.9265186267864,-4.256321117900257,69,7.931,557
55.899976761489455,-4.31236215790728,42.0,55.90353118048908,-4.119171950823842,70,19.357,1415
55.899976761489455,-4.31236215790728,42.0,55.81502357146685,-4.260984914919316,71,14.396,1264
55.899976761489455,-4.31236215790728,42.0,55.894355058439295,-4.293143876300353,72,2.896,341
55.899976761489455,-4.31236215790728,42.0,55.80246488546192,-4.242274834364847,73,15.66,1360
55.899976761489455,-4.31236215790728,42.0,55.887581813102464,-4.2985753032369685,74,3.398,429
55.899976761489455,-4.31236215790728,42.0,55.928290955083554,-4.295962301582311,75,4.391,395
55.899976761489455,-4.31236215790728,42.0,55.81096058143004,-4.368797105646974,76,18.331,1303
55.899976761489455,-4.31236215790728,42.0,55.84818750128869,-4.3631808239548375,77,13.125,1013
55.899976761489455,-4.31236215790728,42.0,55.81610352786554,-4.330910795148831,78,14.67,1053
55.899976761489455,-4.31236215790728,42.0,55.807034270653475,-4.136077366584948,79,18.958,1503
55.899976761489455,-4.31236215790728,42.0,55.86778114631985,-4.233612892312959,80,8.675,809
55.899976761489455,-4.31236215790728,42.0,55.79578956690847,-4.368290459919509,81,23.415,2498
55.899976761489455,-4.31236215790728,42.0,55.897877306124535,-4.077031107370425,82,22.48,1966
55.899976761489455,-4.31236215790728,42.0,55.80721289582252,-4.242612882195534,83,14.883,1312
55.899976761489455,-4.31236215790728,42.0,55.92209393969709,-4.157940141970138,84,16.143,1032
55.899976761489455,-4.31236215790728,42.0,55.79188265083702,-4.28147512844989,85,19.675,1360
55.899976761489455,-4.31236215790728,42.0,55.88043814367632,-4.104360473798184,86,17.602,1157
55.899976761489455,-4.31236215790728,42.0,55.90345994988174,-4.293652184560058,87,2.525,315
55.899976761489455,-4.31236215790728,42.0,55.91230525016259,-4.108196424937476,88,20.381,1324
55.899976761489455,-4.31236215790728,42.0,55.90569137930351,-4.3852429216612405,89,7.727,793
55.899976761489455,-4.31236215790728,42.0,55.824402119970216,-4.298242138123909,90,13.137,1061
55.899976761489455,-4.31236215790728,42.0,55.887104625653905,-4.201059285828647,91,14.781,1134
55.899976761489455,-4.31236215790728,42.0,55.92006797200308,-4.195257422106852,92,11.531,775
55.899976761489455,-4.31236215790728,42.0,55.7944551107823,-4.1683749063061635,93,19.913,1887
55.899976761489455,-4.31236215790728,42.0,55.88003873447475,-4.304350182381346,94,4.372,544
55.899976761489455,-4.31236215790728,42.0,55.88308048053683,-4.2942103285768285,95,4.079,534
55.899976761489455,-4.31236215790728,42.0,55.80779271908626,-4.3234306371549245,96,15.941,1185
55.899976761489455,-4.31236215790728,42.0,55.90123467399992,-4.380968632189907,97,12.139,1108
55.899976761489455,-4.31236215790728,42.0,55.88049231589054,-4.293733205570284,98,4.732,569
55.899976761489455,-4.31236215790728,42.0,55.84697147961761,-4.334108806216461,99,10.24,940
55.899976761489455,-4.31236215790728,42.0,55.83067141211495,-4.195633651932574,100,14.534,1131
55.899976761489455,-4.31236215790728,42.0,55.89350845984679,-4.099445363541155,101,20.504,1331
55.899976761489455,-4.31236215790728,42.0,55.92592408664018,-4.179171340754611,102,13.702,919
55.899976761489455,-4.31236215790728,42.0,55.84941827409408,-4.169566750359822,103,13.452,1239
55.899976761489455,-4.31236215790728,42.0,55.92413375575165,-4.226670311636797,104,13.304,1585
55.899976761489455,-4.31236215790728,42.0,55.88995713457192,-4.285031242761631,105,3.054,342
55.899976761489455,-4.31236215790728,42.0,55.90528066541109,-4.131569818675147,106,16.719,1052
55.899976761489455,-4.31236215790728,42.0,55.87850608392288,-4.103517886631066,107,17.933,1190
55.899976761489455,-4.31236215790728,42.0,55.80799405798939,-4.284953473560454,108,14.44,1315
55.899976761489455,-4.31236215790728,42.0,55.906815669822045,-4.385279074380807,109,7.038,708
55.899976761489455,-4.31236215790728,42.0,55.916237634416454,-4.222407816066865,110,11.213,755
55.899976761489455,-4.31236215790728,42.0,55.915798955837815,-4.088621086891774,111,21.099,1359
55.899976761489455,-4.31236215790728,42.0,55.827538479175395,-4.350653065976025,112,15.014,1144
55.899976761489455,-4.31236215790728,42.0,55.799515288981674,-4.0866627646338864,113,29.394,1629
55.899976761489455,-4.31236215790728,42.0,55.831024245961984,-4.244756518165482,114,12.0,1036
55.899976761489455,-4.31236215790728,42.0,55.86754360554833,-4.2143078261423845,115,10.015,924
55.899976761489455,-4.31236215790728,42.0,55.8574985965699,-4.1521224561179935,116,15.299,1141
55.899976761489455,-4.31236215790728,42.0,55.88095643501817,-4.32811659177277,117,5.201,558
55.899976761489455,-4.31236215790728,42.0,55.85240433608213,-4.177570445500026,118,12.737,1111
55.899976761489455,-4.31236215790728,42.0,55.91169549549074,-4.359708873069638,119,4.439,513
55.899976761489455,-4.31236215790728,42.0,55.92640787519779,-4.300990956079843,120,4.199,415
55.899976761489455,-4.31236215790728,42.0,55.84019197366069,-4.205566157974415,121,13.155,1288
55.899976761489455,-4.31236215790728,42.0,55.866619942939494,-4.268153778778456,122,6.5,763
55.899976761489455,-4.31236215790728,42.0,55.81327411986783,-4.2587495402872255,123,14.375,1273
55.899976761489455,-4.31236215790728,42.0,55.86022660117776,-4.154711133590585,124,14.516,1068
55.899976761489455,-4.31236215790728,42.0,55.831522729053496,-4.370420634377527,125,12.966,1184
55.899976761489455,-4.31236215790728,42.0,55.84074346341779,-4.172411658039648,126,16.462,1187
55.899976761489455,-4.31236215790728,42.0,55.8801412435821,-4.258666277618953,127,6.279,628
55.899976761489455,-4.31236215790728,42.0,55.8434159429892,-4.1056733307349536,128,22.672,1366
55.899976761489455,-4.31236215790728,42.0,55.83522057783537,-4.25736952395694,129,11.059,1074
55.899976761489455,-4.31236215790728,42.0,55.86467774065618,-4.2250953414252415,130,8.799,761
55.899976761489455,-4.31236215790728,42.0,55.8953662249987,-4.231143624453162,131,8.271,792
55.899976761489455,-4.31236215790728,42.0,55.81920459649808,-4.236238450921302,132,14.103,1185
55.899976761489455,-4.31236215790728,42.0,55.900795402502105,-4.206009410292495,133,13.135,1011
55.899976761489455,-4.31236215790728,42.0,55.86078490474355,-4.339631469507248,134,8.453,869
55.899976761489455,-4.31236215790728,42.0,55.924999437053955,-4.191173279124663,135,11.782,785
55.899976761489455,-4.31236215790728,42.0,55.81549096669224,-4.126910343137958,136,19.949,1550
55.899976761489455,-4.31236215790728,42.0,55.90135585493081,-4.207622057499793,137,13.024,974
55.899976761489455,-4.31236215790728,42.0,55.845816555475636,-4.129576488296543,138,18.489,1309
55.899976761489455,-4.31236215790728,42.0,55.80470047644827,-4.291960781118721,139,14.467,1293
55.899976761489455,-4.31236215790728,42.0,55.89185394491289,-4.179857587296262,140,13.003,922
55.899976761489455,-4.31236215790728,42.0,55.91859399996558,-4.3401659608951215,141,3.305,364
55.899976761489455,-4.31236215790728,42.0,55.90671476836246,-4.3642865107142725,142,4.526,485
55.899976761489455,-4.31236215790728,42.0,55.81273399651921,-4.167613047894911,143,17.007,1314
55.899976761489455,-4.31236215790728,42.0,55.80939871413575,-4.276056954355674,144,14.348,1279
55.899976761489455,-4.31236215790728,42.0,55.88312869327199,-4.214542892826467,145,8.322,930
55.899976761489455,-4.31236215790728,42.0,55.815340374954424,-4.283514492524949,146,13.342,1164
55.899976761489455,-4.31236215790728,42.0,55.87864379034378,-4.080636908866371,147,28.198,1456
55.899976761489455,-4.31236215790728,42.0,55.89423440492952,-4.2418874418647645,148,7.758,764
55.899976761489455,-4.31236215790728,42.0,55.92796852989922,-4.305970400193036,149,4.327,438
55.899976761489455,-4.31236215790728,42.0,55.92895153496988,-4.082888064137351,150,19.667,1291
55.899976761489455,-4.31236215790728,42.0,55.790766759429424,-4.135285962371055,151,22.338,1528
55.899976761489455,-4.31236215790728,42.0,55.80808041573422,-4.184105792933229,152,17.968,1325
55.899976761489455,-4.31236215790728,42.0,55.7982747224006,-4.3931924101572655,153,19.139,1398
55.899976761489455,-4.31236215790728,42.0,55.81178474630603,-4.337962602706185,154,15.737,1159
55.899976761489455,-4.31236215790728,42.0,55.852972007756,-4.353957895039277,155,9.774,968
55.899976761489455,-4.31236215790728,42.0,55.797152036890715,-4.311451416173846,156,17.709,1233
55.899976761489455,-4.31236215790728,42.0,55.84839482833289,-4.1889265673730645,157,12.481,1129
55.899976761489455,-4.31236215790728,42.0,55.86383954752864,-4.387927326091926,158,15.761,1040
55.899976761489455,-4.31236215790728,42.0,55.807182357875575,-4.140487806234959,159,18.635,1478
55.899976761489455,-4.31236215790728,42.0,55.8296607577131,-4.218765551358871,160,13.42,1192
55.899976761489455,-4.31236215790728,42.0,55.82699494590622,-4.295404959002084,161,13.173,1037
55.899976761489455,-4.31236215790728,42.0,55.861248665443505,-4.307186036515638,162,8.594,840
55.899976761489455,-4.31236215790728,42.0,55.897857165570365,-4.156645648865112,163,14.479,958
55.899976761489455,-4.31236215790728,42.0,55.877747555317356,-4.342792329217214,164,6.758,765
55.899976761489455,-4.31236215790728,42.0,55.92259641850896,-4.389236283866068,165,7.304,569
55.899976761489455,-4.31236215790728,42.0,55.92621339590465,-4.2820478996479165,166,4.977,409
55.899976761489455,-4.31236215790728,42.0,55.80660612206145,-4.094012410496262,167,26.719,1654
55.899976761489455,-4.31236215790728,42.0,55.84605439624201,-4.09192094471571,168,18.816,1073
55.899976761489455,-4.31236215790728,42.0,55.83961965364386,-4.1201104741133365,169,22.023,1264
55.899976761489455,-4.31236215790728,42.0,55.85030951683019,-4.217608837338132,170,11.231,1045
55.899976761489455,-4.31236215790728,42.0,55.85971342373431,-4.246748195156407,171,9.168,859
55.899976761489455,-4.31236215790728,42.0,55.815747728441636,-4.150792968910081,172,17.505,1375
55.899976761489455,-4.31236215790728,42.0,55.80041195127493,-4.3806303679601495,173,18.555,1351
55.899976761489455,-4.31236215790728,42.0,55.85487415463933,-4.092829020720908,174,18.626,1074
55.899976761489455,-4.31236215790728,42.0,55.80456076444065,-4.203157873727267,175,18.193,1396
55.899976761489455,-4.31236215790728,42.0,55.84723005082115,-4.330151260440624,176,10.43,921
55.899976761489455,-4.31236215790728,42.0,55.88775631668876,-4.123428423568879,177,19.091,1199
55.899976761489455,-4.31236215790728,42.0,55.82857385936083,-4.129579652409029,178,20.027,1562
55.899976761489455,-4.31236215790728,42.0,55.879865395443076,-4.36272007519476,179,7.305,803
55.899976761489455,-4.31236215790728,42.0,55.87973669437185,-4.215636550296907,180,9.237,955
55.899976761489455,-4.31236215790728,42.0,55.8162521393249,-4.1868605517933455,181,16.387,1285
55.899976761489455,-4.31236215790728,42.0,55.80755514535402,-4.201625161718038,182,17.946,1362
55.899976761489455,-4.31236215790728,42.0,55.85565398843102,-4.250533808562208,183,8.646,936
55.899976761489455,-4.31236215790728,42.0,55.929636326069506,-4.381100658166308,184,6.366,529
55.899976761489455,-4.31236215790728,42.0,55.879581066995904,-4.21986165885879,185,8.26,894
55.899976761489455,-4.31236215790728,42.0,55.92647877645629,-4.127886630011083,186,17.947,1241
55.899976761489455,-4.31236215790728,42.0,55.82282427264178,-4.371094162561755,187,16.204,1237
55.899976761489455,-4.31236215790728,42.0,55.90291353127043,-4.3414180899754955,188,5.654,582
55.899976761489455,-4.31236215790728,42.0,55.78437024600116,-4.156926419796477,189,21.682,1542
55.899976761489455,-4.31236215790728,42.0,55.8321542449311,-4.1561720476648265,190,17.291,1278
55.899976761489455,-4.31236215790728,42.0,55.88310705812362,-4.084862107847263,191,22.88,1236
55.899976761489455,-4.31236215790728,42.0,55.85616333886266,-4.110333739241922,192,17.427,1118
55.899976761489455,-4.31236215790728,42.0,55.90185178498145,-4.152652007721208,193,17.761,1475
55.899976761489455,-4.31236215790728,42.0,55.8837118458465,-4.182392741162416,194,14.667,1931
55.899976761489455,-4.31236215790728,42.0,55.83086049774818,-4.312434105301623,195,14.107,1142
55.899976761489455,-4.31236215790728,42.0,55.821849459706755,-4.176208567338996,196,16.135,1249
55.899976761489455,-4.31236215790728,42.0,55.88009750494633,-4.255964552703097,197,6.113,613
55.899976761489455,-4.31236215790728,42.0,55.87413911675089,-4.369807111055967,198,11.763,931
55.899976761489455,-4.31236215790728,42.0,55.86354071984154,-4.093406384811447,199,18.043,1172
55.90181611868781,-4.319439509317814,43.0,55.8391698042901,-4.214478482526657,0,15.566,1190
55.90181611868781,-4.319439509317814,43.0,55.86553667472969,-4.350500876963486,1,8.985,873
55.90181611868781,-4.319439509317814,43.0,55.912892829643965,-4.286410947894997,2,6.879,1442
55.90181611868781,-4.319439509317814,43.0,55.84854019346565,-4.391697428307927,3,13.07,1225
55.90181611868781,-4.319439509317814,43.0,55.79232875093524,-4.310455024670266,4,18.68,1321
55.90181611868781,-4.319439509317814,43.0,55.837143362020576,-4.120043492886959,5,19.265,1202
55.90181611868781,-4.319439509317814,43.0,55.84185129809378,-4.283879851305767,6,13.36,1071
55.90181611868781,-4.319439509317814,43.0,55.90609664927746,-4.311383718964596,7,1.179,252
55.90181611868781,-4.319439509317814,43.0,55.7832172019226,-4.31249791159531,8,20.268,1379
55.90181611868781,-4.319439509317814,43.0,55.8177258987159,-4.260489243356555,9,14.237,1251
55.90181611868781,-4.319439509317814,43.0,55.903262790870684,-4.212111703691823,10,12.52,954
55.90181611868781,-4.319439509317814,43.0,55.893978813107424,-4.1413270988368325,11,18.696,1235
55.90181611868781,-4.319439509317814,43.0,55.894884622950286,-4.154349650804189,12,18.288,1104
55.90181611868781,-4.319439509317814,43.0,55.80680963785043,-4.263605759417426,13,16.002,1476
55.90181611868781,-4.319439509317814,43.0,55.81824312166051,-4.346878846315483,14,15.843,1235
55.90181611868781,-4.319439509317814,43.0,55.84742656229786,-4.269221405976544,15,9.836,958
55.90181611868781,-4.319439509317814,43.0,55.80730424868546,-4.315177272898423,16,15.549,1220
55.90181611868781,-4.319439509317814,43.0,55.83798278877758,-4.260604018644594,17,10.618,1068
55.90181611868781,-4.319439509317814,43.0,55.89424631095569,-4.343398240721316,18,5.155,535
55.90181611868781,-4.319439509317814,43.0,55.83908093533876,-4.223069302141199,19,13.157,1221
55.90181611868781,-4.319439509317814,43.0,55.8357731433788,-4.270556349194068,20,10.64,970
55.90181611868781,-4.319439509317814,43.0,55.90309627527835,-4.360750370095284,21,4.693,544
55.90181611868781,-4.319439509317814,43.0,55.85652103589449,-4.101365743428073,22,17.587,1119
55.90181611868781,-4.319439509317814,43.0,55.783736419963375,-4.235306054793451,23,18.297,1542
55.90181611868781,-4.319439509317814,43.0,55.92064824587275,-4.2358362157531895,24,9.231,592
55.90181611868781,-4.319439509317814,43.0,55.907674892744176,-4.2497703459088045,25,12.847,2035
55.90181611868781,-4.319439509317814,43.0,55.919604340921964,-4.226208116301384,26,11.659,795
55.90181611868781,-4.319439509317814,43.0,55.83219148710444,-4.304581930326681,27,14.721,1262
55.90181611868781,-4.319439509317814,43.0,55.79569701419853,-4.1769099124482585,28,19.981,1474
55.90181611868781,-4.319439509317814,43.0,55.81260197667657,-4.197841211154324,29,17.392,1342
55.90181611868781,-4.319439509317814,43.0,55.826092940761974,-4.176919409292903,30,15.922,1274
55.90181611868781,-4.319439509317814,43.0,55.828413149208096,-4.109650878166438,31,24.533,1464
55.90181611868781,-4.319439509317814,43.0,55.8999241737755,-4.257993823533507,32,7.315,673
55.90181611868781,-4.319439509317814,43.0,55.892514250678616,-4.340118142906542,33,5.184,540
55.90181611868781,-4.319439509317814,43.0,55.855241629670886,-4.269936069312288,34,7.68,699
55.90181611868781,-4.319439509317814,43.0,55.877364911629314,-4.109701193625618,35,17.988,1219
55.90181611868781,-4.319439509317814,43.0,55.887053111734645,-4.1280531391159245,36,19.154,1216
55.90181611868781,-4.319439509317814,43.0,55.89108676863447,-4.105446803942431,37,20.887,1522
55.90181611868781,-4.319439509317814,43.0,55.842635153466425,-4.334387903339716,38,10.848,1028
55.90181611868781,-4.319439509317814,43.0,55.89197542936556,-4.19614108945253,39,14.778,1057
55.90181611868781,-4.319439509317814,43.0,55.825849135803445,-4.321179033230789,40,12.899,1162
55.90181611868781,-4.319439509317814,43.0,55.81864602215581,-4.375055705699034,41,16.872,1244
55.90181611868781,-4.319439509317814,43.0,55.92613065482397,-4.212698358862173,42,12.287,865
55.90181611868781,-4.319439509317814,43.0,55.874439929608144,-4.279689658904073,43,5.86,655
55.90181611868781,-4.319439509317814,43.0,55.81998166828728,-4.245455535821837,44,13.717,1157
55.90181611868781,-4.319439509317814,43.0,55.91066980601156,-4.213502644426629,45,11.359,823
55.90181611868781,-4.319439509317814,43.0,55.8404807486866,-4.356656090229781,46,13.159,1200
55.90181611868781,-4.319439509317814,43.0,55.88708229912325,-4.079055837843032,47,27.483,1455
55.90181611868781,-4.319439509317814,43.0,55.84510555179576,-4.178720975321847,48,13.864,1276
55.90181611868781,-4.319439509317814,43.0,55.84413340760586,-4.085244529493477,49,22.086,1652
55.90181611868781,-4.319439509317814,43.0,55.83324217210475,-4.157183908594519,50,17.449,1287
55.90181611868781,-4.319439509317814,43.0,55.895753278756494,-4.323131413571223,51,4.319,481
55.90181611868781,-4.319439509317814,43.0,55.88609925330935,-4.38354364327563,52,13.85,1057
55.90181611868781,-4.319439509317814,43.0,55.86596770908397,-4.338853955125049,53,8.116,796
55.90181611868781,-4.319439509317814,43.0,55.819381988004544,-4.256567679373081,54,15.146,1307
55.90181611868781,-4.319439509317814,43.0,55.919398785577634,-4.298102785445152,55,7.155,1121
55.90181611868781,-4.319439509317814,43.0,55.81052481551728,-4.0780884232687225,56,27.332,2611
55.90181611868781,-4.319439509317814,43.0,55.8411814367945,-4.125490362928665,57,22.614,1359
55.90181611868781,-4.319439509317814,43.0,55.844855881791794,-4.151320272286683,58,18.439,1340
55.90181611868781,-4.319439509317814,43.0,55.79334532620707,-4.3052187624925375,59,19.011,1327
55.90181611868781,-4.319439509317814,43.0,55.78499644933002,-4.082518262203789,60,29.222,1538
55.90181611868781,-4.319439509317814,43.0,55.86482365717543,-4.074666870071637,61,19.853,1336
55.90181611868781,-4.319439509317814,43.0,55.910543969585106,-4.384534109666136,62,6.452,712
55.90181611868781,-4.319439509317814,43.0,55.799715679086134,-4.188568421733812,63,19.963,1633
55.90181611868781,-4.319439509317814,43.0,55.90005630083831,-4.294022887833187,64,2.653,320
55.90181611868781,-4.319439509317814,43.0,55.82573931186619,-4.210157383495828,65,15.449,1156
55.90181611868781,-4.319439509317814,43.0,55.88010014610652,-4.288014027401103,66,4.259,541
55.90181611868781,-4.319439509317814,43.0,55.8836463272421,-4.377148406451105,67,13.62,1134
55.90181611868781,-4.319439509317814,43.0,55.80511293548626,-4.195982430231648,68,18.372,1416
55.90181611868781,-4.319439509317814,43.0,55.9265186267864,-4.256321117900257,69,8.129,579
55.90181611868781,-4.319439509317814,43.0,55.90353118048908,-4.119171950823842,70,19.555,1437
55.90181611868781,-4.319439509317814,43.0,55.81502357146685,-4.260984914919316,71,14.594,1286
55.90181611868781,-4.319439509317814,43.0,55.894355058439295,-4.293143876300353,72,3.094,363
55.90181611868781,-4.319439509317814,43.0,55.80246488546192,-4.242274834364847,73,15.858,1382
55.90181611868781,-4.319439509317814,43.0,55.887581813102464,-4.2985753032369685,74,3.596,451
55.90181611868781,-4.319439509317814,43.0,55.928290955083554,-4.295962301582311,75,4.589,417
55.90181611868781,-4.319439509317814,43.0,55.81096058143004,-4.368797105646974,76,18.529,1326
55.90181611868781,-4.319439509317814,43.0,55.84818750128869,-4.3631808239548375,77,13.323,1036
55.90181611868781,-4.319439509317814,43.0,55.81610352786554,-4.330910795148831,78,14.868,1075
55.90181611868781,-4.319439509317814,43.0,55.807034270653475,-4.136077366584948,79,19.156,1525
55.90181611868781,-4.319439509317814,43.0,55.86778114631985,-4.233612892312959,80,8.873,831
55.90181611868781,-4.319439509317814,43.0,55.79578956690847,-4.368290459919509,81,23.613,2520
55.90181611868781,-4.319439509317814,43.0,55.897877306124535,-4.077031107370425,82,22.678,1988
55.90181611868781,-4.319439509317814,43.0,55.80721289582252,-4.242612882195534,83,15.081,1334
55.90181611868781,-4.319439509317814,43.0,55.92209393969709,-4.157940141970138,84,16.341,1054
55.90181611868781,-4.319439509317814,43.0,55.79188265083702,-4.28147512844989,85,19.873,1382
55.90181611868781,-4.319439509317814,43.0,55.88043814367632,-4.104360473798184,86,17.8,1179
55.90181611868781,-4.319439509317814,43.0,55.90345994988174,-4.293652184560058,87,2.723,337
55.90181611868781,-4.319439509317814,43.0,55.91230525016259,-4.108196424937476,88,20.579,1346
55.90181611868781,-4.319439509317814,43.0,55.90569137930351,-4.3852429216612405,89,7.925,816
55.90181611868781,-4.319439509317814,43.0,55.824402119970216,-4.298242138123909,90,13.335,1083
55.90181611868781,-4.319439509317814,43.0,55.887104625653905,-4.201059285828647,91,14.979,1156
55.90181611868781,-4.319439509317814,43.0,55.92006797200308,-4.195257422106852,92,11.729,798
55.90181611868781,-4.319439509317814,43.0,55.7944551107823,-4.1683749063061635,93,20.111,1909
55.90181611868781,-4.319439509317814,43.0,55.88003873447475,-4.304350182381346,94,4.57,566
55.90181611868781,-4.319439509317814,43.0,55.88308048053683,-4.2942103285768285,95,4.277,556
55.90181611868781,-4.319439509317814,43.0,55.80779271908626,-4.3234306371549245,96,16.139,1207
55.90181611868781,-4.319439509317814,43.0,55.90123467399992,-4.380968632189907,97,12.337,1130
55.90181611868781,-4.319439509317814,43.0,55.88049231589054,-4.293733205570284,98,4.93,591
55.90181611868781,-4.319439509317814,43.0,55.84697147961761,-4.334108806216461,99,10.438,962
55.90181611868781,-4.319439509317814,43.0,55.83067141211495,-4.195633651932574,100,14.732,1153
55.90181611868781,-4.319439509317814,43.0,55.89350845984679,-4.099445363541155,101,20.702,1353
55.90181611868781,-4.319439509317814,43.0,55.92592408664018,-4.179171340754611,102,13.9,941
55.90181611868781,-4.319439509317814,43.0,55.84941827409408,-4.169566750359822,103,13.65,1261
55.90181611868781,-4.319439509317814,43.0,55.92413375575165,-4.226670311636797,104,13.502,1608
55.90181611868781,-4.319439509317814,43.0,55.88995713457192,-4.285031242761631,105,3.252,364
55.90181611868781,-4.319439509317814,43.0,55.90528066541109,-4.131569818675147,106,16.917,1074
55.90181611868781,-4.319439509317814,43.0,55.87850608392288,-4.103517886631066,107,18.131,1212
55.90181611868781,-4.319439509317814,43.0,55.80799405798939,-4.284953473560454,108,14.638,1337
55.90181611868781,-4.319439509317814,43.0,55.906815669822045,-4.385279074380807,109,7.236,731
55.90181611868781,-4.319439509317814,43.0,55.916237634416454,-4.222407816066865,110,11.411,777
55.90181611868781,-4.319439509317814,43.0,55.915798955837815,-4.088621086891774,111,21.297,1381
55.90181611868781,-4.319439509317814,43.0,55.827538479175395,-4.350653065976025,112,15.212,1166
55.90181611868781,-4.319439509317814,43.0,55.799515288981674,-4.0866627646338864,113,29.592,1651
55.90181611868781,-4.319439509317814,43.0,55.831024245961984,-4.244756518165482,114,12.198,1058
55.90181611868781,-4.319439509317814,43.0,55.86754360554833,-4.2143078261423845,115,10.213,946
55.90181611868781,-4.319439509317814,43.0,55.8574985965699,-4.1521224561179935,116,15.497,1163
55.90181611868781,-4.319439509317814,43.0,55.88095643501817,-4.32811659177277,117,5.399,580
55.90181611868781,-4.319439509317814,43.0,55.85240433608213,-4.177570445500026,118,12.935,1133
55.90181611868781,-4.319439509317814,43.0,55.91169549549074,-4.359708873069638,119,4.637,535
55.90181611868781,-4.319439509317814,43.0,55.92640787519779,-4.300990956079843,120,4.397,438
55.90181611868781,-4.319439509317814,43.0,55.84019197366069,-4.205566157974415,121,13.353,1310
55.90181611868781,-4.319439509317814,43.0,55.866619942939494,-4.268153778778456,122,6.698,785
55.90181611868781,-4.319439509317814,43.0,55.81327411986783,-4.2587495402872255,123,14.573,1296
55.90181611868781,-4.319439509317814,43.0,55.86022660117776,-4.154711133590585,124,14.714,1090
55.90181611868781,-4.319439509317814,43.0,55.831522729053496,-4.370420634377527,125,13.164,1206
55.90181611868781,-4.319439509317814,43.0,55.84074346341779,-4.172411658039648,126,16.66,1210
55.90181611868781,-4.319439509317814,43.0,55.8801412435821,-4.258666277618953,127,6.477,650
55.90181611868781,-4.319439509317814,43.0,55.8434159429892,-4.1056733307349536,128,22.87,1388
55.90181611868781,-4.319439509317814,43.0,55.83522057783537,-4.25736952395694,129,11.257,1096
55.90181611868781,-4.319439509317814,43.0,55.86467774065618,-4.2250953414252415,130,8.997,783
55.90181611868781,-4.319439509317814,43.0,55.8953662249987,-4.231143624453162,131,8.469,814
55.90181611868781,-4.319439509317814,43.0,55.81920459649808,-4.236238450921302,132,14.301,1207
55.90181611868781,-4.319439509317814,43.0,55.900795402502105,-4.206009410292495,133,13.333,1033
55.90181611868781,-4.319439509317814,43.0,55.86078490474355,-4.339631469507248,134,8.651,891
55.90181611868781,-4.319439509317814,43.0,55.924999437053955,-4.191173279124663,135,11.98,807
55.90181611868781,-4.319439509317814,43.0,55.81549096669224,-4.126910343137958,136,20.147,1572
55.90181611868781,-4.319439509317814,43.0,55.90135585493081,-4.207622057499793,137,13.222,996
55.90181611868781,-4.319439509317814,43.0,55.845816555475636,-4.129576488296543,138,18.687,1331
55.90181611868781,-4.319439509317814,43.0,55.80470047644827,-4.291960781118721,139,14.665,1315
55.90181611868781,-4.319439509317814,43.0,55.89185394491289,-4.179857587296262,140,13.201,944
55.90181611868781,-4.319439509317814,43.0,55.91859399996558,-4.3401659608951215,141,3.503,387
55.90181611868781,-4.319439509317814,43.0,55.90671476836246,-4.3642865107142725,142,4.724,507
55.90181611868781,-4.319439509317814,43.0,55.81273399651921,-4.167613047894911,143,17.205,1336
55.90181611868781,-4.319439509317814,43.0,55.80939871413575,-4.276056954355674,144,14.546,1301
55.90181611868781,-4.319439509317814,43.0,55.88312869327199,-4.214542892826467,145,8.52,952
55.90181611868781,-4.319439509317814,43.0,55.815340374954424,-4.283514492524949,146,13.54,1187
55.90181611868781,-4.319439509317814,43.0,55.87864379034378,-4.080636908866371,147,28.396,1478
55.90181611868781,-4.319439509317814,43.0,55.89423440492952,-4.2418874418647645,148,7.956,786
55.90181611868781,-4.319439509317814,43.0,55.92796852989922,-4.305970400193036,149,4.525,461
55.90181611868781,-4.319439509317814,43.0,55.92895153496988,-4.082888064137351,150,19.865,1313
55.90181611868781,-4.319439509317814,43.0,55.790766759429424,-4.135285962371055,151,22.536,1550
55.90181611868781,-4.319439509317814,43.0,55.80808041573422,-4.184105792933229,152,18.166,1348
55.90181611868781,-4.319439509317814,43.0,55.7982747224006,-4.3931924101572655,153,19.337,1420
55.90181611868781,-4.319439509317814,43.0,55.81178474630603,-4.337962602706185,154,15.935,1181
55.90181611868781,-4.319439509317814,43.0,55.852972007756,-4.353957895039277,155,9.972,990
55.90181611868781,-4.319439509317814,43.0,55.797152036890715,-4.311451416173846,156,17.907,1255
55.90181611868781,-4.319439509317814,43.0,55.84839482833289,-4.1889265673730645,157,12.679,1151
55.90181611868781,-4.319439509317814,43.0,55.86383954752864,-4.387927326091926,158,15.959,1062
55.90181611868781,-4.319439509317814,43.0,55.807182357875575,-4.140487806234959,159,18.833,1500
55.90181611868781,-4.319439509317814,43.0,55.8296607577131,-4.218765551358871,160,13.618,1214
55.90181611868781,-4.319439509317814,43.0,55.82699494590622,-4.295404959002084,161,13.371,1059
55.90181611868781,-4.319439509317814,43.0,55.861248665443505,-4.307186036515638,162,8.792,863
55.90181611868781,-4.319439509317814,43.0,55.897857165570365,-4.156645648865112,163,14.677,981
55.90181611868781,-4.319439509317814,43.0,55.877747555317356,-4.342792329217214,164,6.956,787
55.90181611868781,-4.319439509317814,43.0,55.92259641850896,-4.389236283866068,165,7.502,591
55.90181611868781,-4.319439509317814,43.0,55.92621339590465,-4.2820478996479165,166,5.175,432
55.90181611868781,-4.319439509317814,43.0,55.80660612206145,-4.094012410496262,167,26.917,1676
55.90181611868781,-4.319439509317814,43.0,55.84605439624201,-4.09192094471571,168,19.014,1096
55.90181611868781,-4.319439509317814,43.0,55.83961965364386,-4.1201104741133365,169,22.221,1286
55.90181611868781,-4.319439509317814,43.0,55.85030951683019,-4.217608837338132,170,11.429,1067
55.90181611868781,-4.319439509317814,43.0,55.85971342373431,-4.246748195156407,171,9.366,881
55.90181611868781,-4.319439509317814,43.0,55.815747728441636,-4.150792968910081,172,17.703,1397
55.90181611868781,-4.319439509317814,43.0,55.80041195127493,-4.3806303679601495,173,18.753,1373
55.90181611868781,-4.319439509317814,43.0,55.85487415463933,-4.092829020720908,174,18.824,1097
55.90181611868781,-4.319439509317814,43.0,55.80456076444065,-4.203157873727267,175,18.391,1418
55.90181611868781,-4.319439509317814,43.0,55.84723005082115,-4.330151260440624,176,10.628,943
55.90181611868781,-4.319439509317814,43.0,55.88775631668876,-4.123428423568879,177,19.289,1222
55.90181611868781,-4.319439509317814,43.0,55.82857385936083,-4.129579652409029,178,20.225,1584
55.90181611868781,-4.319439509317814,43.0,55.879865395443076,-4.36272007519476,179,7.503,825
55.90181611868781,-4.319439509317814,43.0,55.87973669437185,-4.215636550296907,180,9.435,977
55.90181611868781,-4.319439509317814,43.0,55.8162521393249,-4.1868605517933455,181,16.585,1307
55.90181611868781,-4.319439509317814,43.0,55.80755514535402,-4.201625161718038,182,18.144,1385
55.90181611868781,-4.319439509317814,43.0,55.85565398843102,-4.250533808562208,183,8.844,958
55.90181611868781,-4.319439509317814,43.0,55.929636326069506,-4.381100658166308,184,6.564,551
55.90181611868781,-4.319439509317814,43.0,55.879581066995904,-4.21986165885879,185,8.458,917
55.90181611868781,-4.319439509317814,43.0,55.92647877645629,-4.127886630011083,186,18.145,1263
55.90181611868781,-4.319439509317814,43.0,55.82282427264178,-4.371094162561755,187,16.402,1259
55.90181611868781,-4.319439509317814,43.0,55.90291353127043,-4.3414180899754955,188,5.852,604
55.90181611868781,-4.319439509317814,43.0,55.78437024600116,-4.156926419796477,189,21.88,1564
55.90181611868781,-4.319439509317814,43.0,55.8321542449311,-4.1561720476648265,190,17.489,1301
55.90181611868781,-4.319439509317814,43.0,55.88310705812362,-4.084862107847263,191,23.078,1259
55.90181611868781,-4.319439509317814,43.0,55.85616333886266,-4.110333739241922,192,17.625,1140
55.90181611868781,-4.319439509317814,43.0,55.90185178498145,-4.152652007721208,193,17.959,1498
55.90181611868781,-4.319439509317814,43.0,55.8837118458465,-4.182392741162416,194,14.865,1953
55.90181611868781,-4.319439509317814,43.0,55.83086049774818,-4.312434105301623,195,14.305,1164
55.90181611868781,-4.319439509317814,43.0,55.821849459706755,-4.176208567338996,196,16.333,1271
55.90181611868781,-4.319439509317814,43.0,55.88009750494633,-4.255964552703097,197,6.311,635
55.90181611868781,-4.319439509317814,43.0,55.87413911675089,-4.369807111055967,198,11.961,953
55.90181611868781,-4.319439509317814,43.0,55.86354071984154,-4.093406384811447,199,18.241,1194
55.78679377875845,-4.343712557213575,44.0,55.8391698042901,-4.214478482526657,0,18.644,977
55.78679377875845,-4.343712557213575,44.0,55.86553667472969,-4.350500876963486,1,16.013,895
55.78679377875845,-4.343712557213575,44.0,55.912892829643965,-4.286410947894997,2,21.812,2186
55.78679377875845,-4.343712557213575,44.0,55.84854019346565,-4.391697428307927,3,11.575,856
55.78679377875845,-4.343712557213575,44.0,55.79232875093524,-4.310455024670266,4,4.475,350
55.78679377875845,-4.343712557213575,44.0,55.837143362020576,-4.120043492886959,5,22.343,989
55.78679377875845,-4.343712557213575,44.0,55.84185129809378,-4.283879851305767,6,10.824,647
55.78679377875845,-4.343712557213575,44.0,55.90609664927746,-4.311383718964596,7,19.197,1194
55.78679377875845,-4.343712557213575,44.0,55.7832172019226,-4.31249791159531,8,3.406,288
55.78679377875845,-4.343712557213575,44.0,55.8177258987159,-4.260489243356555,9,8.305,737
55.78679377875845,-4.343712557213575,44.0,55.903262790870684,-4.212111703691823,10,21.178,1260
55.78679377875845,-4.343712557213575,44.0,55.893978813107424,-4.1413270988368325,11,22.918,1268
55.78679377875845,-4.343712557213575,44.0,55.894884622950286,-4.154349650804189,12,25.303,1166
55.78679377875845,-4.343712557213575,44.0,55.80680963785043,-4.263605759417426,13,7.535,698
55.78679377875845,-4.343712557213575,44.0,55.81824312166051,-4.346878846315483,14,6.76,534
55.78679377875845,-4.343712557213575,44.0,55.84742656229786,-4.269221405976544,15,9.782,849
55.78679377875845,-4.343712557213575,44.0,55.80730424868546,-4.315177272898423,16,3.076,272
55.78679377875845,-4.343712557213575,44.0,55.83798278877758,-4.260604018644594,17,8.5,835
55.78679377875845,-4.343712557213575,44.0,55.89424631095569,-4.343398240721316,18,17.829,1144
55.78679377875845,-4.343712557213575,44.0,55.83908093533876,-4.223069302141199,19,16.235,1008
55.78679377875845,-4.343712557213575,44.0,55.8357731433788,-4.270556349194068,20,7.623,656
55.78679377875845,-4.343712557213575,44.0,55.90309627527835,-4.360750370095284,21,19.862,1379
55.78679377875845,-4.343712557213575,44.0,55.85652103589449,-4.101365743428073,22,25.466,1211
55.78679377875845,-4.343712557213575,44.0,55.783736419963375,-4.235306054793451,23,9.198,729
55.78679377875845,-4.343712557213575,44.0,55.92064824587275,-4.2358362157531895,24,22.303,1241
55.78679377875845,-4.343712557213575,44.0,55.907674892744176,-4.2497703459088045,25,21.055,2286
55.78679377875845,-4.343712557213575,44.0,55.919604340921964,-4.226208116301384,26,22.227,1253
55.78679377875845,-4.343712557213575,44.0,55.83219148710444,-4.304581930326681,27,6.879,632
55.78679377875845,-4.343712557213575,44.0,55.79569701419853,-4.1769099124482585,28,14.721,1102
55.78679377875845,-4.343712557213575,44.0,55.81260197667657,-4.197841211154324,29,14.646,1139
55.78679377875845,-4.343712557213575,44.0,55.826092940761974,-4.176919409292903,30,19.0,1062
55.78679377875845,-4.343712557213575,44.0,55.828413149208096,-4.109650878166438,31,25.804,1252
55.78679377875845,-4.343712557213575,44.0,55.8999241737755,-4.257993823533507,32,18.261,1173
55.78679377875845,-4.343712557213575,44.0,55.892514250678616,-4.340118142906542,33,17.858,1156
55.78679377875845,-4.343712557213575,44.0,55.855241629670886,-4.269936069312288,34,14.294,798
55.78679377875845,-4.343712557213575,44.0,55.877364911629314,-4.109701193625618,35,25.867,1311
55.78679377875845,-4.343712557213575,44.0,55.887053111734645,-4.1280531391159245,36,26.169,1278
55.78679377875845,-4.343712557213575,44.0,55.89108676863447,-4.105446803942431,37,27.902,1584
55.78679377875845,-4.343712557213575,44.0,55.842635153466425,-4.334387903339716,38,10.634,661
55.78679377875845,-4.343712557213575,44.0,55.89197542936556,-4.19614108945253,39,22.176,1111
55.78679377875845,-4.343712557213575,44.0,55.825849135803445,-4.321179033230789,40,6.858,554
55.78679377875845,-4.343712557213575,44.0,55.81864602215581,-4.375055705699034,41,6.887,462
55.78679377875845,-4.343712557213575,44.0,55.92613065482397,-4.212698358862173,42,22.689,1305
55.78679377875845,-4.343712557213575,44.0,55.874439929608144,-4.279689658904073,43,14.901,840
55.78679377875845,-4.343712557213575,44.0,55.81998166828728,-4.245455535821837,44,9.241,839
55.78679377875845,-4.343712557213575,44.0,55.91066980601156,-4.213502644426629,45,21.641,1256
55.78679377875845,-4.343712557213575,44.0,55.8404807486866,-4.356656090229781,46,8.781,665
55.78679377875845,-4.343712557213575,44.0,55.88708229912325,-4.079055837843032,47,31.135,1332
55.78679377875845,-4.343712557213575,44.0,55.84510555179576,-4.178720975321847,48,20.665,1077
55.78679377875845,-4.343712557213575,44.0,55.84413340760586,-4.085244529493477,49,27.832,1707
55.78679377875845,-4.343712557213575,44.0,55.83324217210475,-4.157183908594519,50,20.527,1074
55.78679377875845,-4.343712557213575,44.0,55.895753278756494,-4.323131413571223,51,17.615,1255
55.78679377875845,-4.343712557213575,44.0,55.88609925330935,-4.38354364327563,52,17.046,963
55.78679377875845,-4.343712557213575,44.0,55.86596770908397,-4.338853955125049,53,13.829,843
55.78679377875845,-4.343712557213575,44.0,55.819381988004544,-4.256567679373081,54,8.371,732
55.78679377875845,-4.343712557213575,44.0,55.919398785577634,-4.298102785445152,55,22.088,1866
55.78679377875845,-4.343712557213575,44.0,55.81052481551728,-4.0780884232687225,56,28.603,2399
55.78679377875845,-4.343712557213575,44.0,55.8411814367945,-4.125490362928665,57,23.885,1147
55.78679377875845,-4.343712557213575,44.0,55.844855881791794,-4.151320272286683,58,21.517,1128
55.78679377875845,-4.343712557213575,44.0,55.79334532620707,-4.3052187624925375,59,4.565,337
55.78679377875845,-4.343712557213575,44.0,55.78499644933002,-4.082518262203789,60,24.43,1277
55.78679377875845,-4.343712557213575,44.0,55.86482365717543,-4.074666870071637,61,27.732,1428
55.78679377875845,-4.343712557213575,44.0,55.910543969585106,-4.384534109666136,62,21.689,1444
55.78679377875845,-4.343712557213575,44.0,55.799715679086134,-4.188568421733812,63,12.42,1138
55.78679377875845,-4.343712557213575,44.0,55.90005630083831,-4.294022887833187,64,18.269,1147
55.78679377875845,-4.343712557213575,44.0,55.82573931186619,-4.210157383495828,65,18.527,944
55.78679377875845,-4.343712557213575,44.0,55.88010014610652,-4.288014027401103,66,16.99,1116
55.78679377875845,-4.343712557213575,44.0,55.8836463272421,-4.377148406451105,67,16.816,1040
55.78679377875845,-4.343712557213575,44.0,55.80511293548626,-4.195982430231648,68,13.903,1088
55.78679377875845,-4.343712557213575,44.0,55.9265186267864,-4.256321117900257,69,21.626,1280
55.78679377875845,-4.343712557213575,44.0,55.90353118048908,-4.119171950823842,70,27.065,1519
55.78679377875845,-4.343712557213575,44.0,55.81502357146685,-4.260984914919316,71,8.627,722
55.78679377875845,-4.343712557213575,44.0,55.894355058439295,-4.293143876300353,72,17.559,1095
55.78679377875845,-4.343712557213575,44.0,55.80246488546192,-4.242274834364847,73,10.328,866
55.78679377875845,-4.343712557213575,44.0,55.887581813102464,-4.2985753032369685,74,17.171,1091
55.78679377875845,-4.343712557213575,44.0,55.928290955083554,-4.295962301582311,75,22.51,1280
55.78679377875845,-4.343712557213575,44.0,55.81096058143004,-4.368797105646974,76,6.052,436
55.78679377875845,-4.343712557213575,44.0,55.84818750128869,-4.3631808239548375,77,10.917,807
55.78679377875845,-4.343712557213575,44.0,55.81610352786554,-4.330910795148831,78,4.904,415
55.78679377875845,-4.343712557213575,44.0,55.807034270653475,-4.136077366584948,79,23.915,1270
55.78679377875845,-4.343712557213575,44.0,55.86778114631985,-4.233612892312959,80,16.752,923
55.78679377875845,-4.343712557213575,44.0,55.79578956690847,-4.368290459919509,81,5.247,1382
55.78679377875845,-4.343712557213575,44.0,55.897877306124535,-4.077031107370425,82,29.693,2050
55.78679377875845,-4.343712557213575,44.0,55.80721289582252,-4.242612882195534,83,10.705,893
55.78679377875845,-4.343712557213575,44.0,55.92209393969709,-4.157940141970138,84,26.836,1317
55.78679377875845,-4.343712557213575,44.0,55.79188265083702,-4.28147512844989,85,4.912,401
55.78679377875845,-4.343712557213575,44.0,55.88043814367632,-4.104360473798184,86,25.679,1271
55.78679377875845,-4.343712557213575,44.0,55.90345994988174,-4.293652184560058,87,18.738,1193
55.78679377875845,-4.343712557213575,44.0,55.91230525016259,-4.108196424937476,88,28.333,1465
55.78679377875845,-4.343712557213575,44.0,55.90569137930351,-4.3852429216612405,89,21.724,1467
55.78679377875845,-4.343712557213575,44.0,55.824402119970216,-4.298242138123909,90,5.676,515
55.78679377875845,-4.343712557213575,44.0,55.887104625653905,-4.201059285828647,91,19.888,1260
55.78679377875845,-4.343712557213575,44.0,55.92006797200308,-4.195257422106852,92,23.535,1283
55.78679377875845,-4.343712557213575,44.0,55.7944551107823,-4.1683749063061635,93,14.851,1536
55.78679377875845,-4.343712557213575,44.0,55.88003873447475,-4.304350182381346,94,16.73,996
55.78679377875845,-4.343712557213575,44.0,55.88308048053683,-4.2942103285768285,95,16.33,970
55.78679377875845,-4.343712557213575,44.0,55.80779271908626,-4.3234306371549245,96,3.524,319
55.78679377875845,-4.343712557213575,44.0,55.90123467399992,-4.380968632189907,97,22.03,1596
55.78679377875845,-4.343712557213575,44.0,55.88049231589054,-4.293733205570284,98,16.232,961
55.78679377875845,-4.343712557213575,44.0,55.84697147961761,-4.334108806216461,99,10.945,737
55.78679377875845,-4.343712557213575,44.0,55.83067141211495,-4.195633651932574,100,17.81,941
55.78679377875845,-4.343712557213575,44.0,55.89350845984679,-4.099445363541155,101,27.717,1416
55.78679377875845,-4.343712557213575,44.0,55.92592408664018,-4.179171340754611,102,28.177,1401
55.78679377875845,-4.343712557213575,44.0,55.84941827409408,-4.169566750359822,103,21.37,1143
55.78679377875845,-4.343712557213575,44.0,55.92413375575165,-4.226670311636797,104,23.904,2048
55.78679377875845,-4.343712557213575,44.0,55.88995713457192,-4.285031242761631,105,16.499,998
55.78679377875845,-4.343712557213575,44.0,55.90528066541109,-4.131569818675147,106,24.515,1165
55.78679377875845,-4.343712557213575,44.0,55.87850608392288,-4.103517886631066,107,26.01,1304
55.78679377875845,-4.343712557213575,44.0,55.80799405798939,-4.284953473560454,108,5.548,530
55.78679377875845,-4.343712557213575,44.0,55.906815669822045,-4.385279074380807,109,21.035,1382
55.78679377875845,-4.343712557213575,44.0,55.916237634416454,-4.222407816066865,110,22.142,1241
55.78679377875845,-4.343712557213575,44.0,55.915798955837815,-4.088621086891774,111,31.417,1496
55.78679377875845,-4.343712557213575,44.0,55.827538479175395,-4.350653065976025,112,7.006,476
55.78679377875845,-4.343712557213575,44.0,55.799515288981674,-4.0866627646338864,113,25.197,1422
55.78679377875845,-4.343712557213575,44.0,55.831024245961984,-4.244756518165482,114,15.276,845
55.78679377875845,-4.343712557213575,44.0,55.86754360554833,-4.2143078261423845,115,18.092,1038
55.78679377875845,-4.343712557213575,44.0,55.8574985965699,-4.1521224561179935,116,22.673,1254
55.78679377875845,-4.343712557213575,44.0,55.88095643501817,-4.32811659177277,117,15.671,971
55.78679377875845,-4.343712557213575,44.0,55.85240433608213,-4.177570445500026,118,21.534,1194
55.78679377875845,-4.343712557213575,44.0,55.91169549549074,-4.359708873069638,119,22.655,1477
55.78679377875845,-4.343712557213575,44.0,55.92640787519779,-4.300990956079843,120,22.958,1329
55.78679377875845,-4.343712557213575,44.0,55.84019197366069,-4.205566157974415,121,19.13,1092
55.78679377875845,-4.343712557213575,44.0,55.866619942939494,-4.268153778778456,122,15.054,962
55.78679377875845,-4.343712557213575,44.0,55.81327411986783,-4.2587495402872255,123,8.695,785
55.78679377875845,-4.343712557213575,44.0,55.86022660117776,-4.154711133590585,124,22.593,1182
55.78679377875845,-4.343712557213575,44.0,55.831522729053496,-4.370420634377527,125,8.45,654
55.78679377875845,-4.343712557213575,44.0,55.84074346341779,-4.172411658039648,126,19.738,997
55.78679377875845,-4.343712557213575,44.0,55.8801412435821,-4.258666277618953,127,16.098,988
55.78679377875845,-4.343712557213575,44.0,55.8434159429892,-4.1056733307349536,128,24.141,1176
55.78679377875845,-4.343712557213575,44.0,55.83522057783537,-4.25736952395694,129,8.552,822
55.78679377875845,-4.343712557213575,44.0,55.86467774065618,-4.2250953414252415,130,16.876,875
55.78679377875845,-4.343712557213575,44.0,55.8953662249987,-4.231143624453162,131,19.329,1053
55.78679377875845,-4.343712557213575,44.0,55.81920459649808,-4.236238450921302,132,9.825,890
55.78679377875845,-4.343712557213575,44.0,55.900795402502105,-4.206009410292495,133,21.496,1248
55.78679377875845,-4.343712557213575,44.0,55.86078490474355,-4.339631469507248,134,14.364,938
55.78679377875845,-4.343712557213575,44.0,55.924999437053955,-4.191173279124663,135,23.786,1293
55.78679377875845,-4.343712557213575,44.0,55.81549096669224,-4.126910343137958,136,24.972,1359
55.78679377875845,-4.343712557213575,44.0,55.90135585493081,-4.207622057499793,137,21.495,1225
55.78679377875845,-4.343712557213575,44.0,55.845816555475636,-4.129576488296543,138,22.89,1218
55.78679377875845,-4.343712557213575,44.0,55.80470047644827,-4.291960781118721,139,5.106,487
55.78679377875845,-4.343712557213575,44.0,55.89185394491289,-4.179857587296262,140,21.08,1036
55.78679377875845,-4.343712557213575,44.0,55.91859399996558,-4.3401659608951215,141,21.521,1327
55.78679377875845,-4.343712557213575,44.0,55.90671476836246,-4.3642865107142725,142,20.614,1435
55.78679377875845,-4.343712557213575,44.0,55.81273399651921,-4.167613047894911,143,14.722,1120
55.78679377875845,-4.343712557213575,44.0,55.80939871413575,-4.276056954355674,144,6.423,576
55.78679377875845,-4.343712557213575,44.0,55.88312869327199,-4.214542892826467,145,18.9,1079
55.78679377875845,-4.343712557213575,44.0,55.815340374954424,-4.283514492524949,146,5.805,521
55.78679377875845,-4.343712557213575,44.0,55.87864379034378,-4.080636908866371,147,32.115,1367
55.78679377875845,-4.343712557213575,44.0,55.89423440492952,-4.2418874418647645,148,19.892,1136
55.78679377875845,-4.343712557213575,44.0,55.92796852989922,-4.305970400193036,149,23.086,1352
55.78679377875845,-4.343712557213575,44.0,55.92895153496988,-4.082888064137351,150,31.787,1445
55.78679377875845,-4.343712557213575,44.0,55.790766759429424,-4.135285962371055,151,21.722,1166
55.78679377875845,-4.343712557213575,44.0,55.80808041573422,-4.184105792933229,152,13.519,1024
55.78679377875845,-4.343712557213575,44.0,55.7982747224006,-4.3931924101572655,153,6.57,453
55.78679377875845,-4.343712557213575,44.0,55.81178474630603,-4.337962602706185,154,4.838,337
55.78679377875845,-4.343712557213575,44.0,55.852972007756,-4.353957895039277,155,12.313,888
55.78679377875845,-4.343712557213575,44.0,55.797152036890715,-4.311451416173846,156,2.946,274
55.78679377875845,-4.343712557213575,44.0,55.84839482833289,-4.1889265673730645,157,21.316,1112
55.78679377875845,-4.343712557213575,44.0,55.86383954752864,-4.387927326091926,158,14.189,944
55.78679377875845,-4.343712557213575,44.0,55.807182357875575,-4.140487806234959,159,16.552,1237
55.78679377875845,-4.343712557213575,44.0,55.8296607577131,-4.218765551358871,160,16.696,1001
55.78679377875845,-4.343712557213575,44.0,55.82699494590622,-4.295404959002084,161,6.26,519
55.78679377875845,-4.343712557213575,44.0,55.861248665443505,-4.307186036515638,162,11.208,762
55.78679377875845,-4.343712557213575,44.0,55.897857165570365,-4.156645648865112,163,22.556,1072
55.78679377875845,-4.343712557213575,44.0,55.877747555317356,-4.342792329217214,164,16.261,1068
55.78679377875845,-4.343712557213575,44.0,55.92259641850896,-4.389236283866068,165,32.517,1532
55.78679377875845,-4.343712557213575,44.0,55.92621339590465,-4.2820478996479165,166,21.41,1229
55.78679377875845,-4.343712557213575,44.0,55.80660612206145,-4.094012410496262,167,28.188,1464
55.78679377875845,-4.343712557213575,44.0,55.84605439624201,-4.09192094471571,168,26.893,1187
55.78679377875845,-4.343712557213575,44.0,55.83961965364386,-4.1201104741133365,169,23.492,1074
55.78679377875845,-4.343712557213575,44.0,55.85030951683019,-4.217608837338132,170,16.784,1043
55.78679377875845,-4.343712557213575,44.0,55.85971342373431,-4.246748195156407,171,17.245,973
55.78679377875845,-4.343712557213575,44.0,55.815747728441636,-4.150792968910081,172,20.781,1185
55.78679377875845,-4.343712557213575,44.0,55.80041195127493,-4.3806303679601495,173,5.247,341
55.78679377875845,-4.343712557213575,44.0,55.85487415463933,-4.092829020720908,174,26.703,1188
55.78679377875845,-4.343712557213575,44.0,55.80456076444065,-4.203157873727267,175,14.394,1108
55.78679377875845,-4.343712557213575,44.0,55.84723005082115,-4.330151260440624,176,10.833,706
55.78679377875845,-4.343712557213575,44.0,55.88775631668876,-4.123428423568879,177,26.304,1284
55.78679377875845,-4.343712557213575,44.0,55.82857385936083,-4.129579652409029,178,23.303,1372
55.78679377875845,-4.343712557213575,44.0,55.879865395443076,-4.36272007519476,179,17.153,1110
55.78679377875845,-4.343712557213575,44.0,55.87973669437185,-4.215636550296907,180,18.187,1090
55.78679377875845,-4.343712557213575,44.0,55.8162521393249,-4.1868605517933455,181,14.901,1144
55.78679377875845,-4.343712557213575,44.0,55.80755514535402,-4.201625161718038,182,14.147,1075
55.78679377875845,-4.343712557213575,44.0,55.85565398843102,-4.250533808562208,183,13.743,893
55.78679377875845,-4.343712557213575,44.0,55.929636326069506,-4.381100658166308,184,33.503,1553
55.78679377875845,-4.343712557213575,44.0,55.879581066995904,-4.21986165885879,185,17.828,1071
55.78679377875845,-4.343712557213575,44.0,55.92647877645629,-4.127886630011083,186,27.918,1403
55.78679377875845,-4.343712557213575,44.0,55.82282427264178,-4.371094162561755,187,7.586,577
55.78679377875845,-4.343712557213575,44.0,55.90291353127043,-4.3414180899754955,188,18.66,1313
55.78679377875845,-4.343712557213575,44.0,55.78437024600116,-4.156926419796477,189,20.408,1158
55.78679377875845,-4.343712557213575,44.0,55.8321542449311,-4.1561720476648265,190,20.567,1088
55.78679377875845,-4.343712557213575,44.0,55.88310705812362,-4.084862107847263,191,29.276,1249
55.78679377875845,-4.343712557213575,44.0,55.85616333886266,-4.110333739241922,192,25.504,1232
55.78679377875845,-4.343712557213575,44.0,55.90185178498145,-4.152652007721208,193,26.465,1697
55.78679377875845,-4.343712557213575,44.0,55.8837118458465,-4.182392741162416,194,22.744,2045
55.78679377875845,-4.343712557213575,44.0,55.83086049774818,-4.312434105301623,195,6.463,535
55.78679377875845,-4.343712557213575,44.0,55.821849459706755,-4.176208567338996,196,19.411,1059
55.78679377875845,-4.343712557213575,44.0,55.88009750494633,-4.255964552703097,197,15.784,967
55.78679377875845,-4.343712557213575,44.0,55.87413911675089,-4.369807111055967,198,15.157,859
55.78679377875845,-4.343712557213575,44.0,55.86354071984154,-4.093406384811447,199,26.12,1286
55.87182320198518,-4.279381918179244,45.0,55.8391698042901,-4.214478482526657,0,10.014,729
55.87182320198518,-4.279381918179244,45.0,55.86553667472969,-4.350500876963486,1,11.206,660
55.87182320198518,-4.279381918179244,45.0,55.912892829643965,-4.286410947894997,2,9.072,1583
55.87182320198518,-4.279381918179244,45.0,55.84854019346565,-4.391697428307927,3,10.637,882
55.87182320198518,-4.279381918179244,45.0,55.79232875093524,-4.310455024670266,4,13.128,860
55.87182320198518,-4.279381918179244,45.0,55.837143362020576,-4.120043492886959,5,13.713,741
55.87182320198518,-4.279381918179244,45.0,55.84185129809378,-4.283879851305767,6,7.808,610
55.87182320198518,-4.279381918179244,45.0,55.90609664927746,-4.311383718964596,7,5.672,564
55.87182320198518,-4.279381918179244,45.0,55.7832172019226,-4.31249791159531,8,14.716,918
55.87182320198518,-4.279381918179244,45.0,55.8177258987159,-4.260489243356555,9,8.685,791
55.87182320198518,-4.279381918179244,45.0,55.903262790870684,-4.212111703691823,10,8.485,721
55.87182320198518,-4.279381918179244,45.0,55.893978813107424,-4.1413270988368325,11,10.225,728
55.87182320198518,-4.279381918179244,45.0,55.894884622950286,-4.154349650804189,12,12.61,627
55.87182320198518,-4.279381918179244,45.0,55.80680963785043,-4.263605759417426,13,10.45,1015
55.87182320198518,-4.279381918179244,45.0,55.81824312166051,-4.346878846315483,14,10.291,774
55.87182320198518,-4.279381918179244,45.0,55.84742656229786,-4.269221405976544,15,4.284,498
55.87182320198518,-4.279381918179244,45.0,55.80730424868546,-4.315177272898423,16,9.997,759
55.87182320198518,-4.279381918179244,45.0,55.83798278877758,-4.260604018644594,17,5.066,608
55.87182320198518,-4.279381918179244,45.0,55.89424631095569,-4.343398240721316,18,5.089,523
55.87182320198518,-4.279381918179244,45.0,55.83908093533876,-4.223069302141199,19,7.605,760
55.87182320198518,-4.279381918179244,45.0,55.8357731433788,-4.270556349194068,20,5.088,509
55.87182320198518,-4.279381918179244,45.0,55.90309627527835,-4.360750370095284,21,7.122,758
55.87182320198518,-4.279381918179244,45.0,55.85652103589449,-4.101365743428073,22,12.773,671
55.87182320198518,-4.279381918179244,45.0,55.783736419963375,-4.235306054793451,23,12.745,1082
55.87182320198518,-4.279381918179244,45.0,55.92064824587275,-4.2358362157531895,24,9.988,690
55.87182320198518,-4.279381918179244,45.0,55.907674892744176,-4.2497703459088045,25,8.362,1747
55.87182320198518,-4.279381918179244,45.0,55.919604340921964,-4.226208116301384,26,9.534,713
55.87182320198518,-4.279381918179244,45.0,55.83219148710444,-4.304581930326681,27,9.169,801
55.87182320198518,-4.279381918179244,45.0,55.79569701419853,-4.1769099124482585,28,14.429,1014
55.87182320198518,-4.279381918179244,45.0,55.81260197667657,-4.197841211154324,29,11.84,881
55.87182320198518,-4.279381918179244,45.0,55.826092940761974,-4.176919409292903,30,10.37,814
55.87182320198518,-4.279381918179244,45.0,55.828413149208096,-4.109650878166438,31,19.719,1016
55.87182320198518,-4.279381918179244,45.0,55.8999241737755,-4.257993823533507,32,5.521,570
55.87182320198518,-4.279381918179244,45.0,55.892514250678616,-4.340118142906542,33,5.118,534
55.87182320198518,-4.279381918179244,45.0,55.855241629670886,-4.269936069312288,34,2.128,238
55.87182320198518,-4.279381918179244,45.0,55.877364911629314,-4.109701193625618,35,13.174,772
55.87182320198518,-4.279381918179244,45.0,55.887053111734645,-4.1280531391159245,36,13.476,738
55.87182320198518,-4.279381918179244,45.0,55.89108676863447,-4.105446803942431,37,15.209,1044
55.87182320198518,-4.279381918179244,45.0,55.842635153466425,-4.334387903339716,38,7.074,588
55.87182320198518,-4.279381918179244,45.0,55.89197542936556,-4.19614108945253,39,9.483,572
55.87182320198518,-4.279381918179244,45.0,55.825849135803445,-4.321179033230789,40,7.347,701
55.87182320198518,-4.279381918179244,45.0,55.81864602215581,-4.375055705699034,41,11.32,783
55.87182320198518,-4.279381918179244,45.0,55.92613065482397,-4.212698358862173,42,9.996,766
55.87182320198518,-4.279381918179244,45.0,55.874439929608144,-4.279689658904073,43,0.396,95
55.87182320198518,-4.279381918179244,45.0,55.81998166828728,-4.245455535821837,44,8.165,696
55.87182320198518,-4.279381918179244,45.0,55.91066980601156,-4.213502644426629,45,8.948,717
55.87182320198518,-4.279381918179244,45.0,55.8404807486866,-4.356656090229781,46,10.726,856
55.87182320198518,-4.279381918179244,45.0,55.88708229912325,-4.079055837843032,47,16.018,904
55.87182320198518,-4.279381918179244,45.0,55.84510555179576,-4.178720975321847,48,12.035,829
55.87182320198518,-4.279381918179244,45.0,55.84413340760586,-4.085244529493477,49,17.272,1204
55.87182320198518,-4.279381918179244,45.0,55.83324217210475,-4.157183908594519,50,11.897,826
55.87182320198518,-4.279381918179244,45.0,55.895753278756494,-4.323131413571223,51,4.86,597
55.87182320198518,-4.279381918179244,45.0,55.88609925330935,-4.38354364327563,52,12.239,729
55.87182320198518,-4.279381918179244,45.0,55.86596770908397,-4.338853955125049,53,5.71,598
55.87182320198518,-4.279381918179244,45.0,55.819381988004544,-4.256567679373081,54,9.594,846
55.87182320198518,-4.279381918179244,45.0,55.919398785577634,-4.298102785445152,55,9.348,1263
55.87182320198518,-4.279381918179244,45.0,55.81052481551728,-4.0780884232687225,56,22.518,2164
55.87182320198518,-4.279381918179244,45.0,55.8411814367945,-4.125490362928665,57,17.8,912
55.87182320198518,-4.279381918179244,45.0,55.844855881791794,-4.151320272286683,58,12.887,880
55.87182320198518,-4.279381918179244,45.0,55.79334532620707,-4.3052187624925375,59,13.459,866
55.87182320198518,-4.279381918179244,45.0,55.78499644933002,-4.082518262203789,60,24.408,1090
55.87182320198518,-4.279381918179244,45.0,55.86482365717543,-4.074666870071637,61,15.039,888
55.87182320198518,-4.279381918179244,45.0,55.910543969585106,-4.384534109666136,62,8.949,823
55.87182320198518,-4.279381918179244,45.0,55.799715679086134,-4.188568421733812,63,14.411,1172
55.87182320198518,-4.279381918179244,45.0,55.90005630083831,-4.294022887833187,64,4.744,499
55.87182320198518,-4.279381918179244,45.0,55.82573931186619,-4.210157383495828,65,9.897,695
55.87182320198518,-4.279381918179244,45.0,55.88010014610652,-4.288014027401103,66,2.795,451
55.87182320198518,-4.279381918179244,45.0,55.8836463272421,-4.377148406451105,67,12.009,806
55.87182320198518,-4.279381918179244,45.0,55.80511293548626,-4.195982430231648,68,12.82,955
55.87182320198518,-4.279381918179244,45.0,55.9265186267864,-4.256321117900257,69,8.886,677
55.87182320198518,-4.279381918179244,45.0,55.90353118048908,-4.119171950823842,70,14.372,980
55.87182320198518,-4.279381918179244,45.0,55.81502357146685,-4.260984914919316,71,9.042,825
55.87182320198518,-4.279381918179244,45.0,55.894355058439295,-4.293143876300353,72,4.034,446
55.87182320198518,-4.279381918179244,45.0,55.80246488546192,-4.242274834364847,73,10.306,922
55.87182320198518,-4.279381918179244,45.0,55.887581813102464,-4.2985753032369685,74,3.418,437
55.87182320198518,-4.279381918179244,45.0,55.928290955083554,-4.295962301582311,75,9.77,678
55.87182320198518,-4.279381918179244,45.0,55.81096058143004,-4.368797105646974,76,12.977,865
55.87182320198518,-4.279381918179244,45.0,55.84818750128869,-4.3631808239548375,77,11.712,708
55.87182320198518,-4.279381918179244,45.0,55.81610352786554,-4.330910795148831,78,9.316,614
55.87182320198518,-4.279381918179244,45.0,55.807034270653475,-4.136077366584948,79,13.604,1064
55.87182320198518,-4.279381918179244,45.0,55.86778114631985,-4.233612892312959,80,4.059,383
55.87182320198518,-4.279381918179244,45.0,55.79578956690847,-4.368290459919509,81,18.061,2060
55.87182320198518,-4.279381918179244,45.0,55.897877306124535,-4.077031107370425,82,17.0,1511
55.87182320198518,-4.279381918179244,45.0,55.80721289582252,-4.242612882195534,83,9.529,873
55.87182320198518,-4.279381918179244,45.0,55.92209393969709,-4.157940141970138,84,14.143,778
55.87182320198518,-4.279381918179244,45.0,55.79188265083702,-4.28147512844989,85,14.321,922
55.87182320198518,-4.279381918179244,45.0,55.88043814367632,-4.104360473798184,86,12.986,732
55.87182320198518,-4.279381918179244,45.0,55.90345994988174,-4.293652184560058,87,5.213,544
55.87182320198518,-4.279381918179244,45.0,55.91230525016259,-4.108196424937476,88,15.64,925
55.87182320198518,-4.279381918179244,45.0,55.90569137930351,-4.3852429216612405,89,8.984,846
55.87182320198518,-4.279381918179244,45.0,55.824402119970216,-4.298242138123909,90,7.783,622
55.87182320198518,-4.279381918179244,45.0,55.887104625653905,-4.201059285828647,91,7.195,721
55.87182320198518,-4.279381918179244,45.0,55.92006797200308,-4.195257422106852,92,10.842,744
55.87182320198518,-4.279381918179244,45.0,55.7944551107823,-4.1683749063061635,93,14.559,1448
55.87182320198518,-4.279381918179244,45.0,55.88003873447475,-4.304350182381346,94,2.535,317
55.87182320198518,-4.279381918179244,45.0,55.88308048053683,-4.2942103285768285,95,2.135,292
55.87182320198518,-4.279381918179244,45.0,55.80779271908626,-4.3234306371549245,96,10.587,747
55.87182320198518,-4.279381918179244,45.0,55.90123467399992,-4.380968632189907,97,11.078,1082
55.87182320198518,-4.279381918179244,45.0,55.88049231589054,-4.293733205570284,98,2.037,282
55.87182320198518,-4.279381918179244,45.0,55.84697147961761,-4.334108806216461,99,7.188,621
55.87182320198518,-4.279381918179244,45.0,55.83067141211495,-4.195633651932574,100,9.18,693
55.87182320198518,-4.279381918179244,45.0,55.89350845984679,-4.099445363541155,101,15.024,876
55.87182320198518,-4.279381918179244,45.0,55.92592408664018,-4.179171340754611,102,15.484,861
55.87182320198518,-4.279381918179244,45.0,55.84941827409408,-4.169566750359822,103,8.836,814
55.87182320198518,-4.279381918179244,45.0,55.92413375575165,-4.226670311636797,104,11.211,1508
55.87182320198518,-4.279381918179244,45.0,55.88995713457192,-4.285031242761631,105,2.974,349
55.87182320198518,-4.279381918179244,45.0,55.90528066541109,-4.131569818675147,106,11.822,625
55.87182320198518,-4.279381918179244,45.0,55.87850608392288,-4.103517886631066,107,13.317,765
55.87182320198518,-4.279381918179244,45.0,55.80799405798939,-4.284953473560454,108,9.086,876
55.87182320198518,-4.279381918179244,45.0,55.906815669822045,-4.385279074380807,109,8.295,761
55.87182320198518,-4.279381918179244,45.0,55.916237634416454,-4.222407816066865,110,9.449,701
55.87182320198518,-4.279381918179244,45.0,55.915798955837815,-4.088621086891774,111,18.724,956
55.87182320198518,-4.279381918179244,45.0,55.827538479175395,-4.350653065976025,112,9.66,705
55.87182320198518,-4.279381918179244,45.0,55.799515288981674,-4.0866627646338864,113,24.778,1203
55.87182320198518,-4.279381918179244,45.0,55.831024245961984,-4.244756518165482,114,6.646,597
55.87182320198518,-4.279381918179244,45.0,55.86754360554833,-4.2143078261423845,115,5.399,499
55.87182320198518,-4.279381918179244,45.0,55.8574985965699,-4.1521224561179935,116,10.683,715
55.87182320198518,-4.279381918179244,45.0,55.88095643501817,-4.32811659177277,117,4.695,464
55.87182320198518,-4.279381918179244,45.0,55.85240433608213,-4.177570445500026,118,8.121,686
55.87182320198518,-4.279381918179244,45.0,55.91169549549074,-4.359708873069638,119,9.156,848
55.87182320198518,-4.279381918179244,45.0,55.92640787519779,-4.300990956079843,120,10.218,727
55.87182320198518,-4.279381918179244,45.0,55.84019197366069,-4.205566157974415,121,10.5,844
55.87182320198518,-4.279381918179244,45.0,55.866619942939494,-4.268153778778456,122,1.744,333
55.87182320198518,-4.279381918179244,45.0,55.81327411986783,-4.2587495402872255,123,9.021,835
55.87182320198518,-4.279381918179244,45.0,55.86022660117776,-4.154711133590585,124,9.9,642
55.87182320198518,-4.279381918179244,45.0,55.831522729053496,-4.370420634377527,125,11.714,876
55.87182320198518,-4.279381918179244,45.0,55.84074346341779,-4.172411658039648,126,11.108,749
55.87182320198518,-4.279381918179244,45.0,55.8801412435821,-4.258666277618953,127,3.358,386
55.87182320198518,-4.279381918179244,45.0,55.8434159429892,-4.1056733307349536,128,18.056,941
55.87182320198518,-4.279381918179244,45.0,55.83522057783537,-4.25736952395694,129,5.705,635
55.87182320198518,-4.279381918179244,45.0,55.86467774065618,-4.2250953414252415,130,4.183,335
55.87182320198518,-4.279381918179244,45.0,55.8953662249987,-4.231143624453162,131,6.636,513
55.87182320198518,-4.279381918179244,45.0,55.81920459649808,-4.236238450921302,132,8.749,747
55.87182320198518,-4.279381918179244,45.0,55.900795402502105,-4.206009410292495,133,8.803,708
55.87182320198518,-4.279381918179244,45.0,55.86078490474355,-4.339631469507248,134,6.245,693
55.87182320198518,-4.279381918179244,45.0,55.924999437053955,-4.191173279124663,135,11.093,753
55.87182320198518,-4.279381918179244,45.0,55.81549096669224,-4.126910343137958,136,14.595,1111
55.87182320198518,-4.279381918179244,45.0,55.90135585493081,-4.207622057499793,137,8.802,686
55.87182320198518,-4.279381918179244,45.0,55.845816555475636,-4.129576488296543,138,13.873,884
55.87182320198518,-4.279381918179244,45.0,55.80470047644827,-4.291960781118721,139,9.113,855
55.87182320198518,-4.279381918179244,45.0,55.89185394491289,-4.179857587296262,140,8.387,496
55.87182320198518,-4.279381918179244,45.0,55.91859399996558,-4.3401659608951215,141,8.022,699
55.87182320198518,-4.279381918179244,45.0,55.90671476836246,-4.3642865107142725,142,7.874,813
55.87182320198518,-4.279381918179244,45.0,55.81273399651921,-4.167613047894911,143,11.653,875
55.87182320198518,-4.279381918179244,45.0,55.80939871413575,-4.276056954355674,144,8.994,841
55.87182320198518,-4.279381918179244,45.0,55.88312869327199,-4.214542892826467,145,6.207,540
55.87182320198518,-4.279381918179244,45.0,55.815340374954424,-4.283514492524949,146,7.988,726
55.87182320198518,-4.279381918179244,45.0,55.87864379034378,-4.080636908866371,147,16.998,939
55.87182320198518,-4.279381918179244,45.0,55.89423440492952,-4.2418874418647645,148,7.199,597
55.87182320198518,-4.279381918179244,45.0,55.92796852989922,-4.305970400193036,149,10.346,750
55.87182320198518,-4.279381918179244,45.0,55.92895153496988,-4.082888064137351,150,19.094,906
55.87182320198518,-4.279381918179244,45.0,55.790766759429424,-4.135285962371055,151,16.984,1089
55.87182320198518,-4.279381918179244,45.0,55.80808041573422,-4.184105792933229,152,12.614,887
55.87182320198518,-4.279381918179244,45.0,55.7982747224006,-4.3931924101572655,153,13.785,960
55.87182320198518,-4.279381918179244,45.0,55.81178474630603,-4.337962602706185,154,10.383,720
55.87182320198518,-4.279381918179244,45.0,55.852972007756,-4.353957895039277,155,8.756,707
55.87182320198518,-4.279381918179244,45.0,55.797152036890715,-4.311451416173846,156,12.355,794
55.87182320198518,-4.279381918179244,45.0,55.84839482833289,-4.1889265673730645,157,7.865,703
55.87182320198518,-4.279381918179244,45.0,55.86383954752864,-4.387927326091926,158,14.348,734
55.87182320198518,-4.279381918179244,45.0,55.807182357875575,-4.140487806234959,159,13.281,1040
55.87182320198518,-4.279381918179244,45.0,55.8296607577131,-4.218765551358871,160,8.066,753
55.87182320198518,-4.279381918179244,45.0,55.82699494590622,-4.295404959002084,161,7.819,598
55.87182320198518,-4.279381918179244,45.0,55.861248665443505,-4.307186036515638,162,7.459,633
55.87182320198518,-4.279381918179244,45.0,55.897857165570365,-4.156645648865112,163,9.863,533
55.87182320198518,-4.279381918179244,45.0,55.877747555317356,-4.342792329217214,164,5.293,570
55.87182320198518,-4.279381918179244,45.0,55.92259641850896,-4.389236283866068,165,12.021,905
55.87182320198518,-4.279381918179244,45.0,55.92621339590465,-4.2820478996479165,166,8.67,626
55.87182320198518,-4.279381918179244,45.0,55.80660612206145,-4.094012410496262,167,22.103,1229
55.87182320198518,-4.279381918179244,45.0,55.84605439624201,-4.09192094471571,168,14.2,648
55.87182320198518,-4.279381918179244,45.0,55.83961965364386,-4.1201104741133365,169,17.407,839
55.87182320198518,-4.279381918179244,45.0,55.85030951683019,-4.217608837338132,170,6.615,620
55.87182320198518,-4.279381918179244,45.0,55.85971342373431,-4.246748195156407,171,4.552,434
55.87182320198518,-4.279381918179244,45.0,55.815747728441636,-4.150792968910081,172,12.151,936
55.87182320198518,-4.279381918179244,45.0,55.80041195127493,-4.3806303679601495,173,13.201,912
55.87182320198518,-4.279381918179244,45.0,55.85487415463933,-4.092829020720908,174,14.01,649
55.87182320198518,-4.279381918179244,45.0,55.80456076444065,-4.203157873727267,175,12.839,957
55.87182320198518,-4.279381918179244,45.0,55.84723005082115,-4.330151260440624,176,6.709,565
55.87182320198518,-4.279381918179244,45.0,55.88775631668876,-4.123428423568879,177,13.611,744
55.87182320198518,-4.279381918179244,45.0,55.82857385936083,-4.129579652409029,178,14.673,1124
55.87182320198518,-4.279381918179244,45.0,55.879865395443076,-4.36272007519476,179,6.201,596
55.87182320198518,-4.279381918179244,45.0,55.87973669437185,-4.215636550296907,180,5.494,551
55.87182320198518,-4.279381918179244,45.0,55.8162521393249,-4.1868605517933455,181,11.033,846
55.87182320198518,-4.279381918179244,45.0,55.80755514535402,-4.201625161718038,182,12.592,924
55.87182320198518,-4.279381918179244,45.0,55.85565398843102,-4.250533808562208,183,3.275,463
55.87182320198518,-4.279381918179244,45.0,55.929636326069506,-4.381100658166308,184,11.083,864
55.87182320198518,-4.279381918179244,45.0,55.879581066995904,-4.21986165885879,185,5.135,532
55.87182320198518,-4.279381918179244,45.0,55.92647877645629,-4.127886630011083,186,15.225,864
55.87182320198518,-4.279381918179244,45.0,55.82282427264178,-4.371094162561755,187,10.85,799
55.87182320198518,-4.279381918179244,45.0,55.90291353127043,-4.3414180899754955,188,5.92,692
55.87182320198518,-4.279381918179244,45.0,55.78437024600116,-4.156926419796477,189,16.328,1104
55.87182320198518,-4.279381918179244,45.0,55.8321542449311,-4.1561720476648265,190,11.937,840
55.87182320198518,-4.279381918179244,45.0,55.88310705812362,-4.084862107847263,191,18.264,811
55.87182320198518,-4.279381918179244,45.0,55.85616333886266,-4.110333739241922,192,12.811,693
55.87182320198518,-4.279381918179244,45.0,55.90185178498145,-4.152652007721208,193,13.772,1157
55.87182320198518,-4.279381918179244,45.0,55.8837118458465,-4.182392741162416,194,10.051,1505
55.87182320198518,-4.279381918179244,45.0,55.83086049774818,-4.312434105301623,195,8.753,703
55.87182320198518,-4.279381918179244,45.0,55.821849459706755,-4.176208567338996,196,10.781,810
55.87182320198518,-4.279381918179244,45.0,55.88009750494633,-4.255964552703097,197,3.044,365
55.87182320198518,-4.279381918179244,45.0,55.87413911675089,-4.369807111055967,198,10.35,625
55.87182320198518,-4.279381918179244,45.0,55.86354071984154,-4.093406384811447,199,13.427,747
55.865106306204346,-4.145444185895703,46.0,55.8391698042901,-4.214478482526657,0,8.053,783
55.865106306204346,-4.145444185895703,46.0,55.86553667472969,-4.350500876963486,1,19.156,975
55.865106306204346,-4.145444185895703,46.0,55.912892829643965,-4.286410947894997,2,15.542,1934
55.865106306204346,-4.145444185895703,46.0,55.84854019346565,-4.391697428307927,3,18.587,1196
55.865106306204346,-4.145444185895703,46.0,55.79232875093524,-4.310455024670266,4,21.078,1175
55.865106306204346,-4.145444185895703,46.0,55.837143362020576,-4.120043492886959,5,7.521,659
55.865106306204346,-4.145444185895703,46.0,55.84185129809378,-4.283879851305767,6,15.758,925
55.865106306204346,-4.145444185895703,46.0,55.90609664927746,-4.311383718964596,7,14.226,1043
55.865106306204346,-4.145444185895703,46.0,55.7832172019226,-4.31249791159531,8,22.666,1233
55.865106306204346,-4.145444185895703,46.0,55.8177258987159,-4.260489243356555,9,13.482,1080
55.865106306204346,-4.145444185895703,46.0,55.903262790870684,-4.212111703691823,10,8.779,824
55.865106306204346,-4.145444185895703,46.0,55.893978813107424,-4.1413270988368325,11,6.708,600
55.865106306204346,-4.145444185895703,46.0,55.894884622950286,-4.154349650804189,12,11.39,622
55.865106306204346,-4.145444185895703,46.0,55.80680963785043,-4.263605759417426,13,15.92,1348
55.865106306204346,-4.145444185895703,46.0,55.81824312166051,-4.346878846315483,14,18.241,1089
55.865106306204346,-4.145444185895703,46.0,55.84742656229786,-4.269221405976544,15,12.234,812
55.865106306204346,-4.145444185895703,46.0,55.80730424868546,-4.315177272898423,16,17.947,1074
55.865106306204346,-4.145444185895703,46.0,55.83798278877758,-4.260604018644594,17,10.441,873
55.865106306204346,-4.145444185895703,46.0,55.89424631095569,-4.343398240721316,18,14.087,1023
55.865106306204346,-4.145444185895703,46.0,55.83908093533876,-4.223069302141199,19,8.229,832
55.865106306204346,-4.145444185895703,46.0,55.8357731433788,-4.270556349194068,20,13.038,824
55.865106306204346,-4.145444185895703,46.0,55.90309627527835,-4.360750370095284,21,16.12,1289
55.865106306204346,-4.145444185895703,46.0,55.85652103589449,-4.101365743428073,22,5.669,409
55.865106306204346,-4.145444185895703,46.0,55.783736419963375,-4.235306054793451,23,14.178,1195
55.865106306204346,-4.145444185895703,46.0,55.92064824587275,-4.2358362157531895,24,13.14,924
55.865106306204346,-4.145444185895703,46.0,55.907674892744176,-4.2497703459088045,25,11.892,1969
55.865106306204346,-4.145444185895703,46.0,55.919604340921964,-4.226208116301384,26,10.986,884
55.865106306204346,-4.145444185895703,46.0,55.83219148710444,-4.304581930326681,27,17.119,1116
55.865106306204346,-4.145444185895703,46.0,55.79569701419853,-4.1769099124482585,28,10.353,951
55.865106306204346,-4.145444185895703,46.0,55.81260197667657,-4.197841211154324,29,10.195,1002
55.865106306204346,-4.145444185895703,46.0,55.826092940761974,-4.176919409292903,30,7.449,802
55.865106306204346,-4.145444185895703,46.0,55.828413149208096,-4.109650878166438,31,12.615,754
55.865106306204346,-4.145444185895703,46.0,55.8999241737755,-4.257993823533507,32,11.991,914
55.865106306204346,-4.145444185895703,46.0,55.892514250678616,-4.340118142906542,33,14.116,1035
55.865106306204346,-4.145444185895703,46.0,55.855241629670886,-4.269936069312288,34,10.078,553
55.865106306204346,-4.145444185895703,46.0,55.877364911629314,-4.109701193625618,35,5.748,521
55.865106306204346,-4.145444185895703,46.0,55.887053111734645,-4.1280531391159245,36,8.757,694
55.865106306204346,-4.145444185895703,46.0,55.89108676863447,-4.105446803942431,37,10.263,973
55.865106306204346,-4.145444185895703,46.0,55.842635153466425,-4.334387903339716,38,15.024,903
55.865106306204346,-4.145444185895703,46.0,55.89197542936556,-4.19614108945253,39,6.563,548
55.865106306204346,-4.145444185895703,46.0,55.825849135803445,-4.321179033230789,40,15.297,1016
55.865106306204346,-4.145444185895703,46.0,55.81864602215581,-4.375055705699034,41,19.27,1098
55.865106306204346,-4.145444185895703,46.0,55.92613065482397,-4.212698358862173,42,10.85,906
55.865106306204346,-4.145444185895703,46.0,55.874439929608144,-4.279689658904073,43,9.919,675
55.865106306204346,-4.145444185895703,46.0,55.81998166828728,-4.245455535821837,44,12.962,986
55.865106306204346,-4.145444185895703,46.0,55.91066980601156,-4.213502644426629,45,10.481,899
55.865106306204346,-4.145444185895703,46.0,55.8404807486866,-4.356656090229781,46,18.676,1170
55.865106306204346,-4.145444185895703,46.0,55.88708229912325,-4.079055837843032,47,8.592,630
55.865106306204346,-4.145444185895703,46.0,55.84510555179576,-4.178720975321847,48,5.189,578
55.865106306204346,-4.145444185895703,46.0,55.84413340760586,-4.085244529493477,49,10.168,942
55.865106306204346,-4.145444185895703,46.0,55.83324217210475,-4.157183908594519,50,5.355,611
55.865106306204346,-4.145444185895703,46.0,55.895753278756494,-4.323131413571223,51,13.858,1097
55.865106306204346,-4.145444185895703,46.0,55.88609925330935,-4.38354364327563,52,20.189,1043
55.865106306204346,-4.145444185895703,46.0,55.86596770908397,-4.338853955125049,53,16.972,924
55.865106306204346,-4.145444185895703,46.0,55.819381988004544,-4.256567679373081,54,12.801,1119
55.865106306204346,-4.145444185895703,46.0,55.919398785577634,-4.298102785445152,55,15.818,1614
55.865106306204346,-4.145444185895703,46.0,55.81052481551728,-4.0780884232687225,56,15.414,1902
55.865106306204346,-4.145444185895703,46.0,55.8411814367945,-4.125490362928665,57,6.329,576
55.865106306204346,-4.145444185895703,46.0,55.844855881791794,-4.151320272286683,58,4.591,512
55.865106306204346,-4.145444185895703,46.0,55.79334532620707,-4.3052187624925375,59,21.409,1181
55.865106306204346,-4.145444185895703,46.0,55.78499644933002,-4.082518262203789,60,17.304,828
55.865106306204346,-4.145444185895703,46.0,55.86482365717543,-4.074666870071637,61,7.935,626
55.865106306204346,-4.145444185895703,46.0,55.910543969585106,-4.384534109666136,62,17.947,1353
55.865106306204346,-4.145444185895703,46.0,55.799715679086134,-4.188568421733812,63,10.681,1142
55.865106306204346,-4.145444185895703,46.0,55.90005630083831,-4.294022887833187,64,13.298,997
55.865106306204346,-4.145444185895703,46.0,55.82573931186619,-4.210157383495828,65,9.247,814
55.865106306204346,-4.145444185895703,46.0,55.88010014610652,-4.288014027401103,66,12.019,965
55.865106306204346,-4.145444185895703,46.0,55.8836463272421,-4.377148406451105,67,19.959,1121
55.865106306204346,-4.145444185895703,46.0,55.80511293548626,-4.195982430231648,68,10.505,997
55.865106306204346,-4.145444185895703,46.0,55.9265186267864,-4.256321117900257,69,15.356,1028
55.865106306204346,-4.145444185895703,46.0,55.90353118048908,-4.119171950823842,70,9.653,933
55.865106306204346,-4.145444185895703,46.0,55.81502357146685,-4.260984914919316,71,13.839,1115
55.865106306204346,-4.145444185895703,46.0,55.894355058439295,-4.293143876300353,72,12.588,944
55.865106306204346,-4.145444185895703,46.0,55.80246488546192,-4.242274834364847,73,15.103,1211
55.865106306204346,-4.145444185895703,46.0,55.887581813102464,-4.2985753032369685,74,12.2,940
55.865106306204346,-4.145444185895703,46.0,55.928290955083554,-4.295962301582311,75,16.24,1029
55.865106306204346,-4.145444185895703,46.0,55.81096058143004,-4.368797105646974,76,20.927,1180
55.865106306204346,-4.145444185895703,46.0,55.84818750128869,-4.3631808239548375,77,19.662,1022
55.865106306204346,-4.145444185895703,46.0,55.81610352786554,-4.330910795148831,78,17.266,929
55.865106306204346,-4.145444185895703,46.0,55.807034270653475,-4.136077366584948,79,9.379,899
55.865106306204346,-4.145444185895703,46.0,55.86778114631985,-4.233612892312959,80,7.049,539
55.865106306204346,-4.145444185895703,46.0,55.79578956690847,-4.368290459919509,81,26.011,2374
55.865106306204346,-4.145444185895703,46.0,55.897877306124535,-4.077031107370425,82,10.252,1312
55.865106306204346,-4.145444185895703,46.0,55.80721289582252,-4.242612882195534,83,14.326,1163
55.865106306204346,-4.145444185895703,46.0,55.92209393969709,-4.157940141970138,84,10.807,792
55.865106306204346,-4.145444185895703,46.0,55.79188265083702,-4.28147512844989,85,22.271,1236
55.865106306204346,-4.145444185895703,46.0,55.88043814367632,-4.104360473798184,86,5.56,481
55.865106306204346,-4.145444185895703,46.0,55.90345994988174,-4.293652184560058,87,15.015,1070
55.865106306204346,-4.145444185895703,46.0,55.91230525016259,-4.108196424937476,88,10.921,878
55.865106306204346,-4.145444185895703,46.0,55.90569137930351,-4.3852429216612405,89,17.982,1376
55.865106306204346,-4.145444185895703,46.0,55.824402119970216,-4.298242138123909,90,15.733,937
55.865106306204346,-4.145444185895703,46.0,55.887104625653905,-4.201059285828647,91,6.337,622
55.865106306204346,-4.145444185895703,46.0,55.92006797200308,-4.195257422106852,92,11.638,770
55.865106306204346,-4.145444185895703,46.0,55.7944551107823,-4.1683749063061635,93,10.483,1385
55.865106306204346,-4.145444185895703,46.0,55.88003873447475,-4.304350182381346,94,11.533,848
55.865106306204346,-4.145444185895703,46.0,55.88308048053683,-4.2942103285768285,95,11.133,823
55.865106306204346,-4.145444185895703,46.0,55.80779271908626,-4.3234306371549245,96,18.537,1061
55.865106306204346,-4.145444185895703,46.0,55.90123467399992,-4.380968632189907,97,21.135,1522
55.865106306204346,-4.145444185895703,46.0,55.88049231589054,-4.293733205570284,98,11.035,813
55.865106306204346,-4.145444185895703,46.0,55.84697147961761,-4.334108806216461,99,15.138,936
55.865106306204346,-4.145444185895703,46.0,55.83067141211495,-4.195633651932574,100,8.491,829
55.865106306204346,-4.145444185895703,46.0,55.89350845984679,-4.099445363541155,101,9.33,744
55.865106306204346,-4.145444185895703,46.0,55.92592408664018,-4.179171340754611,102,10.909,808
55.865106306204346,-4.145444185895703,46.0,55.84941827409408,-4.169566750359822,103,3.76,459
55.865106306204346,-4.145444185895703,46.0,55.92413375575165,-4.226670311636797,104,12.065,1649
55.865106306204346,-4.145444185895703,46.0,55.88995713457192,-4.285031242761631,105,11.528,847
55.865106306204346,-4.145444185895703,46.0,55.90528066541109,-4.131569818675147,106,10.602,620
55.865106306204346,-4.145444185895703,46.0,55.87850608392288,-4.103517886631066,107,5.891,514
55.865106306204346,-4.145444185895703,46.0,55.80799405798939,-4.284953473560454,108,17.036,1191
55.865106306204346,-4.145444185895703,46.0,55.906815669822045,-4.385279074380807,109,17.293,1291
55.865106306204346,-4.145444185895703,46.0,55.916237634416454,-4.222407816066865,110,10.901,873
55.865106306204346,-4.145444185895703,46.0,55.915798955837815,-4.088621086891774,111,13.197,896
55.865106306204346,-4.145444185895703,46.0,55.827538479175395,-4.350653065976025,112,17.61,1020
55.865106306204346,-4.145444185895703,46.0,55.799515288981674,-4.0866627646338864,113,17.674,941
55.865106306204346,-4.145444185895703,46.0,55.831024245961984,-4.244756518165482,114,11.443,887
55.865106306204346,-4.145444185895703,46.0,55.86754360554833,-4.2143078261423845,115,5.722,525
55.865106306204346,-4.145444185895703,46.0,55.8574985965699,-4.1521224561179935,116,2.372,297
55.865106306204346,-4.145444185895703,46.0,55.88095643501817,-4.32811659177277,117,14.752,905
55.865106306204346,-4.145444185895703,46.0,55.85240433608213,-4.177570445500026,118,4.038,473
55.865106306204346,-4.145444185895703,46.0,55.91169549549074,-4.359708873069638,119,17.684,1326
55.865106306204346,-4.145444185895703,46.0,55.92640787519779,-4.300990956079843,120,16.688,1077
55.865106306204346,-4.145444185895703,46.0,55.84019197366069,-4.205566157974415,121,8.539,881
55.865106306204346,-4.145444185895703,46.0,55.866619942939494,-4.268153778778456,122,8.996,656
55.865106306204346,-4.145444185895703,46.0,55.81327411986783,-4.2587495402872255,123,13.818,1124
55.865106306204346,-4.145444185895703,46.0,55.86022660117776,-4.154711133590585,124,1.589,225
55.865106306204346,-4.145444185895703,46.0,55.831522729053496,-4.370420634377527,125,19.664,1190
55.865106306204346,-4.145444185895703,46.0,55.84074346341779,-4.172411658039648,126,4.911,539
55.865106306204346,-4.145444185895703,46.0,55.8801412435821,-4.258666277618953,127,9.272,670
55.865106306204346,-4.145444185895703,46.0,55.8434159429892,-4.1056733307349536,128,10.952,679
55.865106306204346,-4.145444185895703,46.0,55.83522057783537,-4.25736952395694,129,10.415,875
55.865106306204346,-4.145444185895703,46.0,55.86467774065618,-4.2250953414252415,130,6.942,443
55.865106306204346,-4.145444185895703,46.0,55.8953662249987,-4.231143624453162,131,10.166,735
55.865106306204346,-4.145444185895703,46.0,55.81920459649808,-4.236238450921302,132,13.546,1036
55.865106306204346,-4.145444185895703,46.0,55.900795402502105,-4.206009410292495,133,7.964,715
55.865106306204346,-4.145444185895703,46.0,55.86078490474355,-4.339631469507248,134,17.507,1019
55.865106306204346,-4.145444185895703,46.0,55.924999437053955,-4.191173279124663,135,11.387,760
55.865106306204346,-4.145444185895703,46.0,55.81549096669224,-4.126910343137958,136,9.448,896
55.865106306204346,-4.145444185895703,46.0,55.90135585493081,-4.207622057499793,137,7.963,692
55.865106306204346,-4.145444185895703,46.0,55.845816555475636,-4.129576488296543,138,5.177,495
55.865106306204346,-4.145444185895703,46.0,55.80470047644827,-4.291960781118721,139,17.063,1169
55.865106306204346,-4.145444185895703,46.0,55.89185394491289,-4.179857587296262,140,7.167,491
55.865106306204346,-4.145444185895703,46.0,55.91859399996558,-4.3401659608951215,141,16.55,1177
55.865106306204346,-4.145444185895703,46.0,55.90671476836246,-4.3642865107142725,142,17.771,1298
55.865106306204346,-4.145444185895703,46.0,55.81273399651921,-4.167613047894911,143,7.812,752
55.865106306204346,-4.145444185895703,46.0,55.80939871413575,-4.276056954355674,144,16.944,1155
55.865106306204346,-4.145444185895703,46.0,55.88312869327199,-4.214542892826467,145,5.964,593
55.865106306204346,-4.145444185895703,46.0,55.815340374954424,-4.283514492524949,146,15.938,1041
55.865106306204346,-4.145444185895703,46.0,55.87864379034378,-4.080636908866371,147,9.572,665
55.865106306204346,-4.145444185895703,46.0,55.89423440492952,-4.2418874418647645,148,10.729,819
55.865106306204346,-4.145444185895703,46.0,55.92796852989922,-4.305970400193036,149,16.816,1100
55.865106306204346,-4.145444185895703,46.0,55.92895153496988,-4.082888064137351,150,14.155,904
55.865106306204346,-4.145444185895703,46.0,55.790766759429424,-4.135285962371055,151,11.507,955
55.865106306204346,-4.145444185895703,46.0,55.80808041573422,-4.184105792933229,152,9.291,869
55.865106306204346,-4.145444185895703,46.0,55.7982747224006,-4.3931924101572655,153,21.735,1274
55.865106306204346,-4.145444185895703,46.0,55.81178474630603,-4.337962602706185,154,18.333,1035
55.865106306204346,-4.145444185895703,46.0,55.852972007756,-4.353957895039277,155,16.706,1022
55.865106306204346,-4.145444185895703,46.0,55.797152036890715,-4.311451416173846,156,20.305,1109
55.865106306204346,-4.145444185895703,46.0,55.84839482833289,-4.1889265673730645,157,5.95,614
55.865106306204346,-4.145444185895703,46.0,55.86383954752864,-4.387927326091926,158,22.298,1049
55.865106306204346,-4.145444185895703,46.0,55.807182357875575,-4.140487806234959,159,9.056,874
55.865106306204346,-4.145444185895703,46.0,55.8296607577131,-4.218765551358871,160,9.588,906
55.865106306204346,-4.145444185895703,46.0,55.82699494590622,-4.295404959002084,161,15.769,913
55.865106306204346,-4.145444185895703,46.0,55.861248665443505,-4.307186036515638,162,15.409,948
55.865106306204346,-4.145444185895703,46.0,55.897857165570365,-4.156645648865112,163,8.643,528
55.865106306204346,-4.145444185895703,46.0,55.877747555317356,-4.342792329217214,164,15.35,1011
55.865106306204346,-4.145444185895703,46.0,55.92259641850896,-4.389236283866068,165,20.549,1383
55.865106306204346,-4.145444185895703,46.0,55.92621339590465,-4.2820478996479165,166,15.14,977
55.865106306204346,-4.145444185895703,46.0,55.80660612206145,-4.094012410496262,167,14.999,967
55.865106306204346,-4.145444185895703,46.0,55.84605439624201,-4.09192094471571,168,7.096,386
55.865106306204346,-4.145444185895703,46.0,55.83961965364386,-4.1201104741133365,169,6.783,567
55.865106306204346,-4.145444185895703,46.0,55.85030951683019,-4.217608837338132,170,6.977,701
55.865106306204346,-4.145444185895703,46.0,55.85971342373431,-4.246748195156407,171,7.655,589
55.865106306204346,-4.145444185895703,46.0,55.815747728441636,-4.150792968910081,172,7.926,771
55.865106306204346,-4.145444185895703,46.0,55.80041195127493,-4.3806303679601495,173,21.151,1227
55.865106306204346,-4.145444185895703,46.0,55.85487415463933,-4.092829020720908,174,6.906,387
55.865106306204346,-4.145444185895703,46.0,55.80456076444065,-4.203157873727267,175,10.996,1017
55.865106306204346,-4.145444185895703,46.0,55.84723005082115,-4.330151260440624,176,14.659,880
55.865106306204346,-4.145444185895703,46.0,55.88775631668876,-4.123428423568879,177,8.892,700
55.865106306204346,-4.145444185895703,46.0,55.82857385936083,-4.129579652409029,178,15.621,945
55.865106306204346,-4.145444185895703,46.0,55.879865395443076,-4.36272007519476,179,16.258,1036
55.865106306204346,-4.145444185895703,46.0,55.87973669437185,-4.215636550296907,180,6.68,689
55.865106306204346,-4.145444185895703,46.0,55.8162521393249,-4.1868605517933455,181,8.399,866
55.865106306204346,-4.145444185895703,46.0,55.80755514535402,-4.201625161718038,182,10.749,983
55.865106306204346,-4.145444185895703,46.0,55.85565398843102,-4.250533808562208,183,8.469,744
55.865106306204346,-4.145444185895703,46.0,55.929636326069506,-4.381100658166308,184,19.611,1342
55.865106306204346,-4.145444185895703,46.0,55.879581066995904,-4.21986165885879,185,6.865,724
55.865106306204346,-4.145444185895703,46.0,55.92647877645629,-4.127886630011083,186,14.005,859
55.865106306204346,-4.145444185895703,46.0,55.82282427264178,-4.371094162561755,187,18.8,1113
55.865106306204346,-4.145444185895703,46.0,55.90291353127043,-4.3414180899754955,188,14.918,1192
55.865106306204346,-4.145444185895703,46.0,55.78437024600116,-4.156926419796477,189,12.252,1041
55.865106306204346,-4.145444185895703,46.0,55.8321542449311,-4.1561720476648265,190,5.395,625
55.865106306204346,-4.145444185895703,46.0,55.88310705812362,-4.084862107847263,191,11.16,549
55.865106306204346,-4.145444185895703,46.0,55.85616333886266,-4.110333739241922,192,5.707,431
55.865106306204346,-4.145444185895703,46.0,55.90185178498145,-4.152652007721208,193,10.436,1171
55.865106306204346,-4.145444185895703,46.0,55.8837118458465,-4.182392741162416,194,4.458,1378
55.865106306204346,-4.145444185895703,46.0,55.83086049774818,-4.312434105301623,195,16.703,1018
55.865106306204346,-4.145444185895703,46.0,55.821849459706755,-4.176208567338996,196,7.279,709
55.865106306204346,-4.145444185895703,46.0,55.88009750494633,-4.255964552703097,197,8.958,649
55.865106306204346,-4.145444185895703,46.0,55.87413911675089,-4.369807111055967,198,18.3,940
55.865106306204346,-4.145444185895703,46.0,55.86354071984154,-4.093406384811447,199,6.323,485
55.88130736360907,-4.250014335624131,47.0,55.8391698042901,-4.214478482526657,0,7.944,828
55.88130736360907,-4.250014335624131,47.0,55.86553667472969,-4.350500876963486,1,13.18,841
55.88130736360907,-4.250014335624131,47.0,55.912892829643965,-4.286410947894997,2,6.371,1380
55.88130736360907,-4.250014335624131,47.0,55.84854019346565,-4.391697428307927,3,12.611,1062
55.88130736360907,-4.250014335624131,47.0,55.79232875093524,-4.310455024670266,4,15.102,1041
55.88130736360907,-4.250014335624131,47.0,55.837143362020576,-4.120043492886959,5,15.687,921
55.88130736360907,-4.250014335624131,47.0,55.84185129809378,-4.283879851305767,6,9.782,791
55.88130736360907,-4.250014335624131,47.0,55.90609664927746,-4.311383718964596,7,6.308,648
55.88130736360907,-4.250014335624131,47.0,55.7832172019226,-4.31249791159531,8,16.69,1099
55.88130736360907,-4.250014335624131,47.0,55.8177258987159,-4.260489243356555,9,10.659,971
55.88130736360907,-4.250014335624131,47.0,55.903262790870684,-4.212111703691823,10,5.932,682
55.88130736360907,-4.250014335624131,47.0,55.893978813107424,-4.1413270988368325,11,10.116,792
55.88130736360907,-4.250014335624131,47.0,55.894884622950286,-4.154349650804189,12,12.501,691
55.88130736360907,-4.250014335624131,47.0,55.80680963785043,-4.263605759417426,13,12.424,1195
55.88130736360907,-4.250014335624131,47.0,55.81824312166051,-4.346878846315483,14,12.265,955
55.88130736360907,-4.250014335624131,47.0,55.84742656229786,-4.269221405976544,15,6.258,678
55.88130736360907,-4.250014335624131,47.0,55.80730424868546,-4.315177272898423,16,11.971,939
55.88130736360907,-4.250014335624131,47.0,55.83798278877758,-4.260604018644594,17,7.229,782
55.88130736360907,-4.250014335624131,47.0,55.89424631095569,-4.343398240721316,18,7.649,821
55.88130736360907,-4.250014335624131,47.0,55.83908093533876,-4.223069302141199,19,7.48,849
55.88130736360907,-4.250014335624131,47.0,55.8357731433788,-4.270556349194068,20,7.062,689
55.88130736360907,-4.250014335624131,47.0,55.90309627527835,-4.360750370095284,21,12.966,989
55.88130736360907,-4.250014335624131,47.0,55.85652103589449,-4.101365743428073,22,12.664,735
55.88130736360907,-4.250014335624131,47.0,55.783736419963375,-4.235306054793451,23,14.719,1262
55.88130736360907,-4.250014335624131,47.0,55.92064824587275,-4.2358362157531895,24,7.287,479
55.88130736360907,-4.250014335624131,47.0,55.907674892744176,-4.2497703459088045,25,5.809,1708
55.88130736360907,-4.250014335624131,47.0,55.919604340921964,-4.226208116301384,26,9.715,681
55.88130736360907,-4.250014335624131,47.0,55.83219148710444,-4.304581930326681,27,11.143,981
55.88130736360907,-4.250014335624131,47.0,55.79569701419853,-4.1769099124482585,28,16.403,1194
55.88130736360907,-4.250014335624131,47.0,55.81260197667657,-4.197841211154324,29,13.814,1061
55.88130736360907,-4.250014335624131,47.0,55.826092940761974,-4.176919409292903,30,12.344,994
55.88130736360907,-4.250014335624131,47.0,55.828413149208096,-4.109650878166438,31,19.61,1080
55.88130736360907,-4.250014335624131,47.0,55.8999241737755,-4.257993823533507,32,2.82,359
55.88130736360907,-4.250014335624131,47.0,55.892514250678616,-4.340118142906542,33,7.678,832
55.88130736360907,-4.250014335624131,47.0,55.855241629670886,-4.269936069312288,34,4.102,419
55.88130736360907,-4.250014335624131,47.0,55.877364911629314,-4.109701193625618,35,13.065,836
55.88130736360907,-4.250014335624131,47.0,55.887053111734645,-4.1280531391159245,36,13.367,802
55.88130736360907,-4.250014335624131,47.0,55.89108676863447,-4.105446803942431,37,15.1,1108
55.88130736360907,-4.250014335624131,47.0,55.842635153466425,-4.334387903339716,38,9.048,769
55.88130736360907,-4.250014335624131,47.0,55.89197542936556,-4.19614108945253,39,9.374,635
55.88130736360907,-4.250014335624131,47.0,55.825849135803445,-4.321179033230789,40,9.321,881
55.88130736360907,-4.250014335624131,47.0,55.81864602215581,-4.375055705699034,41,13.294,963
55.88130736360907,-4.250014335624131,47.0,55.92613065482397,-4.212698358862173,42,10.343,752
55.88130736360907,-4.250014335624131,47.0,55.874439929608144,-4.279689658904073,43,3.652,504
55.88130736360907,-4.250014335624131,47.0,55.81998166828728,-4.245455535821837,44,10.139,876
55.88130736360907,-4.250014335624131,47.0,55.91066980601156,-4.213502644426629,45,6.395,678
55.88130736360907,-4.250014335624131,47.0,55.8404807486866,-4.356656090229781,46,12.7,1036
55.88130736360907,-4.250014335624131,47.0,55.88708229912325,-4.079055837843032,47,15.909,968
55.88130736360907,-4.250014335624131,47.0,55.84510555179576,-4.178720975321847,48,8.941,892
55.88130736360907,-4.250014335624131,47.0,55.84413340760586,-4.085244529493477,49,17.163,1268
55.88130736360907,-4.250014335624131,47.0,55.83324217210475,-4.157183908594519,50,20.155,1033
55.88130736360907,-4.250014335624131,47.0,55.895753278756494,-4.323131413571223,51,6.81,769
55.88130736360907,-4.250014335624131,47.0,55.88609925330935,-4.38354364327563,52,14.213,909
55.88130736360907,-4.250014335624131,47.0,55.86596770908397,-4.338853955125049,53,10.996,790
55.88130736360907,-4.250014335624131,47.0,55.819381988004544,-4.256567679373081,54,9.589,1027
55.88130736360907,-4.250014335624131,47.0,55.919398785577634,-4.298102785445152,55,6.647,1059
55.88130736360907,-4.250014335624131,47.0,55.81052481551728,-4.0780884232687225,56,22.409,2227
55.88130736360907,-4.250014335624131,47.0,55.8411814367945,-4.125490362928665,57,17.691,976
55.88130736360907,-4.250014335624131,47.0,55.844855881791794,-4.151320272286683,58,12.793,993
55.88130736360907,-4.250014335624131,47.0,55.79334532620707,-4.3052187624925375,59,15.433,1047
55.88130736360907,-4.250014335624131,47.0,55.78499644933002,-4.082518262203789,60,24.299,1154
55.88130736360907,-4.250014335624131,47.0,55.86482365717543,-4.074666870071637,61,14.93,952
55.88130736360907,-4.250014335624131,47.0,55.910543969585106,-4.384534109666136,62,15.398,1124
55.88130736360907,-4.250014335624131,47.0,55.799715679086134,-4.188568421733812,63,16.385,1353
55.88130736360907,-4.250014335624131,47.0,55.90005630083831,-4.294022887833187,64,6.629,587
55.88130736360907,-4.250014335624131,47.0,55.82573931186619,-4.210157383495828,65,11.871,876
55.88130736360907,-4.250014335624131,47.0,55.88010014610652,-4.288014027401103,66,4.101,582
55.88130736360907,-4.250014335624131,47.0,55.8836463272421,-4.377148406451105,67,13.983,987
55.88130736360907,-4.250014335624131,47.0,55.80511293548626,-4.195982430231648,68,14.794,1136
55.88130736360907,-4.250014335624131,47.0,55.9265186267864,-4.256321117900257,69,6.185,473
55.88130736360907,-4.250014335624131,47.0,55.90353118048908,-4.119171950823842,70,14.263,1044
55.88130736360907,-4.250014335624131,47.0,55.81502357146685,-4.260984914919316,71,11.016,1005
55.88130736360907,-4.250014335624131,47.0,55.894355058439295,-4.293143876300353,72,4.67,530
55.88130736360907,-4.250014335624131,47.0,55.80246488546192,-4.242274834364847,73,12.28,1102
55.88130736360907,-4.250014335624131,47.0,55.887581813102464,-4.2985753032369685,74,4.282,526
55.88130736360907,-4.250014335624131,47.0,55.928290955083554,-4.295962301582311,75,7.069,466
55.88130736360907,-4.250014335624131,47.0,55.81096058143004,-4.368797105646974,76,14.951,1045
55.88130736360907,-4.250014335624131,47.0,55.84818750128869,-4.3631808239548375,77,13.686,888
55.88130736360907,-4.250014335624131,47.0,55.81610352786554,-4.330910795148831,78,11.29,795
55.88130736360907,-4.250014335624131,47.0,55.807034270653475,-4.136077366584948,79,15.578,1245
55.88130736360907,-4.250014335624131,47.0,55.86778114631985,-4.233612892312959,80,3.95,447
55.88130736360907,-4.250014335624131,47.0,55.79578956690847,-4.368290459919509,81,20.035,2240
55.88130736360907,-4.250014335624131,47.0,55.897877306124535,-4.077031107370425,82,16.891,1575
55.88130736360907,-4.250014335624131,47.0,55.80721289582252,-4.242612882195534,83,11.503,1054
55.88130736360907,-4.250014335624131,47.0,55.92209393969709,-4.157940141970138,84,14.034,842
55.88130736360907,-4.250014335624131,47.0,55.79188265083702,-4.28147512844989,85,16.295,1102
55.88130736360907,-4.250014335624131,47.0,55.88043814367632,-4.104360473798184,86,12.877,795
55.88130736360907,-4.250014335624131,47.0,55.90345994988174,-4.293652184560058,87,5.844,508
55.88130736360907,-4.250014335624131,47.0,55.91230525016259,-4.108196424937476,88,15.531,989
55.88130736360907,-4.250014335624131,47.0,55.90569137930351,-4.3852429216612405,89,16.334,1200
55.88130736360907,-4.250014335624131,47.0,55.824402119970216,-4.298242138123909,90,9.757,802
55.88130736360907,-4.250014335624131,47.0,55.887104625653905,-4.201059285828647,91,5.622,724
55.88130736360907,-4.250014335624131,47.0,55.92006797200308,-4.195257422106852,92,11.189,730
55.88130736360907,-4.250014335624131,47.0,55.7944551107823,-4.1683749063061635,93,16.533,1628
55.88130736360907,-4.250014335624131,47.0,55.88003873447475,-4.304350182381346,94,5.095,615
55.88130736360907,-4.250014335624131,47.0,55.88308048053683,-4.2942103285768285,95,4.119,566
55.88130736360907,-4.250014335624131,47.0,55.80779271908626,-4.3234306371549245,96,12.561,927
55.88130736360907,-4.250014335624131,47.0,55.90123467399992,-4.380968632189907,97,19.112,1468
55.88130736360907,-4.250014335624131,47.0,55.88049231589054,-4.293733205570284,98,4.597,580
55.88130736360907,-4.250014335624131,47.0,55.84697147961761,-4.334108806216461,99,9.162,802
55.88130736360907,-4.250014335624131,47.0,55.83067141211495,-4.195633651932574,100,11.154,873
55.88130736360907,-4.250014335624131,47.0,55.89350845984679,-4.099445363541155,101,14.915,940
55.88130736360907,-4.250014335624131,47.0,55.92592408664018,-4.179171340754611,102,13.36,874
55.88130736360907,-4.250014335624131,47.0,55.84941827409408,-4.169566750359822,103,8.727,877
55.88130736360907,-4.250014335624131,47.0,55.92413375575165,-4.226670311636797,104,11.558,1494
55.88130736360907,-4.250014335624131,47.0,55.88995713457192,-4.285031242761631,105,3.61,464
55.88130736360907,-4.250014335624131,47.0,55.90528066541109,-4.131569818675147,106,11.713,689
55.88130736360907,-4.250014335624131,47.0,55.87850608392288,-4.103517886631066,107,13.208,828
55.88130736360907,-4.250014335624131,47.0,55.80799405798939,-4.284953473560454,108,11.06,1057
55.88130736360907,-4.250014335624131,47.0,55.906815669822045,-4.385279074380807,109,10.855,1059
55.88130736360907,-4.250014335624131,47.0,55.916237634416454,-4.222407816066865,110,9.467,663
55.88130736360907,-4.250014335624131,47.0,55.915798955837815,-4.088621086891774,111,18.615,1020
55.88130736360907,-4.250014335624131,47.0,55.827538479175395,-4.350653065976025,112,11.634,886
55.88130736360907,-4.250014335624131,47.0,55.799515288981674,-4.0866627646338864,113,24.669,1267
55.88130736360907,-4.250014335624131,47.0,55.831024245961984,-4.244756518165482,114,8.62,777
55.88130736360907,-4.250014335624131,47.0,55.86754360554833,-4.2143078261423845,115,5.29,562
55.88130736360907,-4.250014335624131,47.0,55.8574985965699,-4.1521224561179935,116,10.574,779
55.88130736360907,-4.250014335624131,47.0,55.88095643501817,-4.32811659177277,117,7.891,797
55.88130736360907,-4.250014335624131,47.0,55.85240433608213,-4.177570445500026,118,8.012,749
55.88130736360907,-4.250014335624131,47.0,55.91169549549074,-4.359708873069638,119,12.91,980
55.88130736360907,-4.250014335624131,47.0,55.92640787519779,-4.300990956079843,120,7.517,515
55.88130736360907,-4.250014335624131,47.0,55.84019197366069,-4.205566157974415,121,8.43,926
55.88130736360907,-4.250014335624131,47.0,55.866619942939494,-4.268153778778456,122,3.291,557
55.88130736360907,-4.250014335624131,47.0,55.81327411986783,-4.2587495402872255,123,10.995,1015
55.88130736360907,-4.250014335624131,47.0,55.86022660117776,-4.154711133590585,124,9.791,706
55.88130736360907,-4.250014335624131,47.0,55.831522729053496,-4.370420634377527,125,13.688,1056
55.88130736360907,-4.250014335624131,47.0,55.84074346341779,-4.172411658039648,126,10.011,939
55.88130736360907,-4.250014335624131,47.0,55.8801412435821,-4.258666277618953,127,0.824,173
55.88130736360907,-4.250014335624131,47.0,55.8434159429892,-4.1056733307349536,128,17.947,1004
55.88130736360907,-4.250014335624131,47.0,55.83522057783537,-4.25736952395694,129,7.203,783
55.88130736360907,-4.250014335624131,47.0,55.86467774065618,-4.2250953414252415,130,4.074,399
55.88130736360907,-4.250014335624131,47.0,55.8953662249987,-4.231143624453162,131,4.083,474
55.88130736360907,-4.250014335624131,47.0,55.81920459649808,-4.236238450921302,132,10.723,927
55.88130736360907,-4.250014335624131,47.0,55.900795402502105,-4.206009410292495,133,6.25,669
55.88130736360907,-4.250014335624131,47.0,55.86078490474355,-4.339631469507248,134,11.531,884
55.88130736360907,-4.250014335624131,47.0,55.924999437053955,-4.191173279124663,135,11.44,739
55.88130736360907,-4.250014335624131,47.0,55.81549096669224,-4.126910343137958,136,23.009,1292
55.88130736360907,-4.250014335624131,47.0,55.90135585493081,-4.207622057499793,137,6.249,647
55.88130736360907,-4.250014335624131,47.0,55.845816555475636,-4.129576488296543,138,13.764,947
55.88130736360907,-4.250014335624131,47.0,55.80470047644827,-4.291960781118721,139,11.087,1035
55.88130736360907,-4.250014335624131,47.0,55.89185394491289,-4.179857587296262,140,8.278,560
55.88130736360907,-4.250014335624131,47.0,55.91859399996558,-4.3401659608951215,141,10.278,725
55.88130736360907,-4.250014335624131,47.0,55.90671476836246,-4.3642865107142725,142,12.997,952
55.88130736360907,-4.250014335624131,47.0,55.81273399651921,-4.167613047894911,143,13.627,1055
55.88130736360907,-4.250014335624131,47.0,55.80939871413575,-4.276056954355674,144,10.968,1021
55.88130736360907,-4.250014335624131,47.0,55.88312869327199,-4.214542892826467,145,4.675,541
55.88130736360907,-4.250014335624131,47.0,55.815340374954424,-4.283514492524949,146,9.962,906
55.88130736360907,-4.250014335624131,47.0,55.87864379034378,-4.080636908866371,147,16.889,1002
55.88130736360907,-4.250014335624131,47.0,55.89423440492952,-4.2418874418647645,148,2.292,442
55.88130736360907,-4.250014335624131,47.0,55.92796852989922,-4.305970400193036,149,7.645,538
55.88130736360907,-4.250014335624131,47.0,55.92895153496988,-4.082888064137351,150,18.985,969
55.88130736360907,-4.250014335624131,47.0,55.790766759429424,-4.135285962371055,151,18.958,1270
55.88130736360907,-4.250014335624131,47.0,55.80808041573422,-4.184105792933229,152,14.588,1067
55.88130736360907,-4.250014335624131,47.0,55.7982747224006,-4.3931924101572655,153,15.759,1140
55.88130736360907,-4.250014335624131,47.0,55.81178474630603,-4.337962602706185,154,12.357,901
55.88130736360907,-4.250014335624131,47.0,55.852972007756,-4.353957895039277,155,10.73,888
55.88130736360907,-4.250014335624131,47.0,55.797152036890715,-4.311451416173846,156,14.329,975
55.88130736360907,-4.250014335624131,47.0,55.84839482833289,-4.1889265673730645,157,7.756,767
55.88130736360907,-4.250014335624131,47.0,55.86383954752864,-4.387927326091926,158,16.322,915
55.88130736360907,-4.250014335624131,47.0,55.807182357875575,-4.140487806234959,159,15.255,1220
55.88130736360907,-4.250014335624131,47.0,55.8296607577131,-4.218765551358871,160,10.04,934
55.88130736360907,-4.250014335624131,47.0,55.82699494590622,-4.295404959002084,161,9.793,779
55.88130736360907,-4.250014335624131,47.0,55.861248665443505,-4.307186036515638,162,9.433,814
55.88130736360907,-4.250014335624131,47.0,55.897857165570365,-4.156645648865112,163,9.754,597
55.88130736360907,-4.250014335624131,47.0,55.877747555317356,-4.342792329217214,164,8.489,903
55.88130736360907,-4.250014335624131,47.0,55.92259641850896,-4.389236283866068,165,14.277,929
55.88130736360907,-4.250014335624131,47.0,55.92621339590465,-4.2820478996479165,166,5.969,415
55.88130736360907,-4.250014335624131,47.0,55.80660612206145,-4.094012410496262,167,21.994,1292
55.88130736360907,-4.250014335624131,47.0,55.84605439624201,-4.09192094471571,168,14.091,712
55.88130736360907,-4.250014335624131,47.0,55.83961965364386,-4.1201104741133365,169,17.298,903
55.88130736360907,-4.250014335624131,47.0,55.85030951683019,-4.217608837338132,170,6.506,683
55.88130736360907,-4.250014335624131,47.0,55.85971342373431,-4.246748195156407,171,4.443,497
55.88130736360907,-4.250014335624131,47.0,55.815747728441636,-4.150792968910081,172,14.125,1117
55.88130736360907,-4.250014335624131,47.0,55.80041195127493,-4.3806303679601495,173,15.175,1093
55.88130736360907,-4.250014335624131,47.0,55.85487415463933,-4.092829020720908,174,13.901,713
55.88130736360907,-4.250014335624131,47.0,55.80456076444065,-4.203157873727267,175,14.813,1138
55.88130736360907,-4.250014335624131,47.0,55.84723005082115,-4.330151260440624,176,8.683,745
55.88130736360907,-4.250014335624131,47.0,55.88775631668876,-4.123428423568879,177,13.502,808
55.88130736360907,-4.250014335624131,47.0,55.82857385936083,-4.129579652409029,178,22.616,1270
55.88130736360907,-4.250014335624131,47.0,55.879865395443076,-4.36272007519476,179,9.397,929
55.88130736360907,-4.250014335624131,47.0,55.87973669437185,-4.215636550296907,180,3.962,553
55.88130736360907,-4.250014335624131,47.0,55.8162521393249,-4.1868605517933455,181,13.007,1027
55.88130736360907,-4.250014335624131,47.0,55.80755514535402,-4.201625161718038,182,14.566,1104
55.88130736360907,-4.250014335624131,47.0,55.85565398843102,-4.250533808562208,183,5.257,652
55.88130736360907,-4.250014335624131,47.0,55.929636326069506,-4.381100658166308,184,13.339,889
55.88130736360907,-4.250014335624131,47.0,55.879581066995904,-4.21986165885879,185,3.603,533
55.88130736360907,-4.250014335624131,47.0,55.92647877645629,-4.127886630011083,186,15.116,927
55.88130736360907,-4.250014335624131,47.0,55.82282427264178,-4.371094162561755,187,12.824,979
55.88130736360907,-4.250014335624131,47.0,55.90291353127043,-4.3414180899754955,188,8.343,892
55.88130736360907,-4.250014335624131,47.0,55.78437024600116,-4.156926419796477,189,18.302,1284
55.88130736360907,-4.250014335624131,47.0,55.8321542449311,-4.1561720476648265,190,20.195,1046
55.88130736360907,-4.250014335624131,47.0,55.88310705812362,-4.084862107847263,191,18.155,875
55.88130736360907,-4.250014335624131,47.0,55.85616333886266,-4.110333739241922,192,12.702,757
55.88130736360907,-4.250014335624131,47.0,55.90185178498145,-4.152652007721208,193,9.947,1224
55.88130736360907,-4.250014335624131,47.0,55.8837118458465,-4.182392741162416,194,9.942,1569
55.88130736360907,-4.250014335624131,47.0,55.83086049774818,-4.312434105301623,195,10.727,884
55.88130736360907,-4.250014335624131,47.0,55.821849459706755,-4.176208567338996,196,12.755,991
55.88130736360907,-4.250014335624131,47.0,55.88009750494633,-4.255964552703097,197,0.72,171
55.88130736360907,-4.250014335624131,47.0,55.87413911675089,-4.369807111055967,198,12.324,806
55.88130736360907,-4.250014335624131,47.0,55.86354071984154,-4.093406384811447,199,13.318,810
55.81834799144513,-4.275883599035522,48.0,55.8391698042901,-4.214478482526657,0,7.232,744
55.81834799144513,-4.275883599035522,48.0,55.86553667472969,-4.350500876963486,1,11.568,908
55.81834799144513,-4.275883599035522,48.0,55.912892829643965,-4.286410947894997,2,15.44,2110
55.81834799144513,-4.275883599035522,48.0,55.84854019346565,-4.391697428307927,3,10.6,963
55.81834799144513,-4.275883599035522,48.0,55.79232875093524,-4.310455024670266,4,4.621,460
55.81834799144513,-4.275883599035522,48.0,55.837143362020576,-4.120043492886959,5,12.698,827
55.81834799144513,-4.275883599035522,48.0,55.84185129809378,-4.283879851305767,6,3.956,477
55.81834799144513,-4.275883599035522,48.0,55.90609664927746,-4.311383718964596,7,12.825,1118
55.81834799144513,-4.275883599035522,48.0,55.7832172019226,-4.31249791159531,8,5.473,466
55.81834799144513,-4.275883599035522,48.0,55.8177258987159,-4.260489243356555,9,1.386,233
55.81834799144513,-4.275883599035522,48.0,55.903262790870684,-4.212111703691823,10,14.829,1237
55.81834799144513,-4.275883599035522,48.0,55.893978813107424,-4.1413270988368325,11,16.569,1245
55.81834799144513,-4.275883599035522,48.0,55.894884622950286,-4.154349650804189,12,18.954,1143
55.81834799144513,-4.275883599035522,48.0,55.80680963785043,-4.263605759417426,13,2.764,357
55.81834799144513,-4.275883599035522,48.0,55.81824312166051,-4.346878846315483,14,5.949,611
55.81834799144513,-4.275883599035522,48.0,55.84742656229786,-4.269221405976544,15,4.697,474
55.81834799144513,-4.275883599035522,48.0,55.80730424868546,-4.315177272898423,16,3.434,376
55.81834799144513,-4.275883599035522,48.0,55.83798278877758,-4.260604018644594,17,3.728,479
55.81834799144513,-4.275883599035522,48.0,55.89424631095569,-4.343398240721316,18,13.415,980
55.81834799144513,-4.275883599035522,48.0,55.83908093533876,-4.223069302141199,19,6.589,798
55.81834799144513,-4.275883599035522,48.0,55.8357731433788,-4.270556349194068,20,2.851,300
55.81834799144513,-4.275883599035522,48.0,55.90309627527835,-4.360750370095284,21,15.448,1215
55.81834799144513,-4.275883599035522,48.0,55.85652103589449,-4.101365743428073,22,17.631,1150
55.81834799144513,-4.275883599035522,48.0,55.783736419963375,-4.235306054793451,23,6.918,671
55.81834799144513,-4.275883599035522,48.0,55.92064824587275,-4.2358362157531895,24,16.356,1216
55.81834799144513,-4.275883599035522,48.0,55.907674892744176,-4.2497703459088045,25,14.706,2263
55.81834799144513,-4.275883599035522,48.0,55.919604340921964,-4.226208116301384,26,15.878,1230
55.81834799144513,-4.275883599035522,48.0,55.83219148710444,-4.304581930326681,27,3.523,474
55.81834799144513,-4.275883599035522,48.0,55.79569701419853,-4.1769099124482585,28,8.99,836
55.81834799144513,-4.275883599035522,48.0,55.81260197667657,-4.197841211154324,29,6.492,703
55.81834799144513,-4.275883599035522,48.0,55.826092940761974,-4.176919409292903,30,8.209,894
55.81834799144513,-4.275883599035522,48.0,55.828413149208096,-4.109650878166438,31,16.159,1090
55.81834799144513,-4.275883599035522,48.0,55.8999241737755,-4.257993823533507,32,11.889,1096
55.81834799144513,-4.275883599035522,48.0,55.892514250678616,-4.340118142906542,33,13.444,992
55.81834799144513,-4.275883599035522,48.0,55.855241629670886,-4.269936069312288,34,7.524,688
55.81834799144513,-4.275883599035522,48.0,55.877364911629314,-4.109701193625618,35,23.872,1362
55.81834799144513,-4.275883599035522,48.0,55.887053111734645,-4.1280531391159245,36,19.82,1255
55.81834799144513,-4.275883599035522,48.0,55.89108676863447,-4.105446803942431,37,23.86,1577
55.81834799144513,-4.275883599035522,48.0,55.842635153466425,-4.334387903339716,38,6.189,674
55.81834799144513,-4.275883599035522,48.0,55.89197542936556,-4.19614108945253,39,15.827,1088
55.81834799144513,-4.275883599035522,48.0,55.825849135803445,-4.321179033230789,40,3.502,395
55.81834799144513,-4.275883599035522,48.0,55.81864602215581,-4.375055705699034,41,6.978,619
55.81834799144513,-4.275883599035522,48.0,55.92613065482397,-4.212698358862173,42,16.34,1282
55.81834799144513,-4.275883599035522,48.0,55.874439929608144,-4.279689658904073,43,8.084,746
55.81834799144513,-4.275883599035522,48.0,55.81998166828728,-4.245455535821837,44,2.681,335
55.81834799144513,-4.275883599035522,48.0,55.91066980601156,-4.213502644426629,45,15.292,1233
55.81834799144513,-4.275883599035522,48.0,55.8404807486866,-4.356656090229781,46,7.093,731
55.81834799144513,-4.275883599035522,48.0,55.88708229912325,-4.079055837843032,47,21.49,1170
55.81834799144513,-4.275883599035522,48.0,55.84510555179576,-4.178720975321847,48,11.02,915
55.81834799144513,-4.275883599035522,48.0,55.84413340760586,-4.085244529493477,49,18.187,1544
55.81834799144513,-4.275883599035522,48.0,55.83324217210475,-4.157183908594519,50,10.882,912
55.81834799144513,-4.275883599035522,48.0,55.895753278756494,-4.323131413571223,51,13.201,1091
55.81834799144513,-4.275883599035522,48.0,55.88609925330935,-4.38354364327563,52,12.601,976
55.81834799144513,-4.275883599035522,48.0,55.86596770908397,-4.338853955125049,53,9.384,857
55.81834799144513,-4.275883599035522,48.0,55.819381988004544,-4.256567679373081,54,1.452,227
55.81834799144513,-4.275883599035522,48.0,55.919398785577634,-4.298102785445152,55,15.716,1789
55.81834799144513,-4.275883599035522,48.0,55.81052481551728,-4.0780884232687225,56,18.958,2237
55.81834799144513,-4.275883599035522,48.0,55.8411814367945,-4.125490362928665,57,14.24,985
55.81834799144513,-4.275883599035522,48.0,55.844855881791794,-4.151320272286683,58,11.872,965
55.81834799144513,-4.275883599035522,48.0,55.79334532620707,-4.3052187624925375,59,4.216,421
55.81834799144513,-4.275883599035522,48.0,55.78499644933002,-4.082518262203789,60,16.184,1125
55.81834799144513,-4.275883599035522,48.0,55.86482365717543,-4.074666870071637,61,19.183,1344
55.81834799144513,-4.275883599035522,48.0,55.910543969585106,-4.384534109666136,62,17.275,1280
55.81834799144513,-4.275883599035522,48.0,55.799715679086134,-4.188568421733812,63,9.501,989
55.81834799144513,-4.275883599035522,48.0,55.90005630083831,-4.294022887833187,64,11.897,1071
55.81834799144513,-4.275883599035522,48.0,55.82573931186619,-4.210157383495828,65,5.709,631
55.81834799144513,-4.275883599035522,48.0,55.88010014610652,-4.288014027401103,66,10.618,1039
55.81834799144513,-4.275883599035522,48.0,55.8836463272421,-4.377148406451105,67,12.371,1054
55.81834799144513,-4.275883599035522,48.0,55.80511293548626,-4.195982430231648,68,7.217,736
55.81834799144513,-4.275883599035522,48.0,55.9265186267864,-4.256321117900257,69,15.254,1204
55.81834799144513,-4.275883599035522,48.0,55.90353118048908,-4.119171950823842,70,20.716,1497
55.81834799144513,-4.275883599035522,48.0,55.81502357146685,-4.260984914919316,71,1.564,230
55.81834799144513,-4.275883599035522,48.0,55.894355058439295,-4.293143876300353,72,11.187,1018
55.81834799144513,-4.275883599035522,48.0,55.80246488546192,-4.242274834364847,73,4.479,511
55.81834799144513,-4.275883599035522,48.0,55.887581813102464,-4.2985753032369685,74,10.799,1015
55.81834799144513,-4.275883599035522,48.0,55.928290955083554,-4.295962301582311,75,16.138,1204
55.81834799144513,-4.275883599035522,48.0,55.81096058143004,-4.368797105646974,76,7.081,680
55.81834799144513,-4.275883599035522,48.0,55.84818750128869,-4.3631808239548375,77,9.839,865
55.81834799144513,-4.275883599035522,48.0,55.81610352786554,-4.330910795148831,78,4.179,368
55.81834799144513,-4.275883599035522,48.0,55.807034270653475,-4.136077366584948,79,13.738,1017
55.81834799144513,-4.275883599035522,48.0,55.86778114631985,-4.233612892312959,80,10.403,900
55.81834799144513,-4.275883599035522,48.0,55.79578956690847,-4.368290459919509,81,12.371,1926
55.81834799144513,-4.275883599035522,48.0,55.897877306124535,-4.077031107370425,82,23.849,1916
55.81834799144513,-4.275883599035522,48.0,55.80721289582252,-4.242612882195534,83,3.702,463
55.81834799144513,-4.275883599035522,48.0,55.92209393969709,-4.157940141970138,84,20.487,1294
55.81834799144513,-4.275883599035522,48.0,55.79188265083702,-4.28147512844989,85,4.137,415
55.81834799144513,-4.275883599035522,48.0,55.88043814367632,-4.104360473798184,86,23.182,1302
55.81834799144513,-4.275883599035522,48.0,55.90345994988174,-4.293652184560058,87,12.366,1116
55.81834799144513,-4.275883599035522,48.0,55.91230525016259,-4.108196424937476,88,21.984,1442
55.81834799144513,-4.275883599035522,48.0,55.90569137930351,-4.3852429216612405,89,17.31,1303
55.81834799144513,-4.275883599035522,48.0,55.824402119970216,-4.298242138123909,90,1.776,252
55.81834799144513,-4.275883599035522,48.0,55.887104625653905,-4.201059285828647,91,13.539,1238
55.81834799144513,-4.275883599035522,48.0,55.92006797200308,-4.195257422106852,92,17.186,1260
55.81834799144513,-4.275883599035522,48.0,55.7944551107823,-4.1683749063061635,93,9.12,1270
55.81834799144513,-4.275883599035522,48.0,55.88003873447475,-4.304350182381346,94,10.354,962
55.81834799144513,-4.275883599035522,48.0,55.88308048053683,-4.2942103285768285,95,9.954,937
55.81834799144513,-4.275883599035522,48.0,55.80779271908626,-4.3234306371549245,96,4.034,445
55.81834799144513,-4.275883599035522,48.0,55.90123467399992,-4.380968632189907,97,17.64,1425
55.81834799144513,-4.275883599035522,48.0,55.88049231589054,-4.293733205570284,98,9.856,927
55.81834799144513,-4.275883599035522,48.0,55.84697147961761,-4.334108806216461,99,6.5,750
55.81834799144513,-4.275883599035522,48.0,55.83067141211495,-4.195633651932574,100,8.165,778
55.81834799144513,-4.275883599035522,48.0,55.89350845984679,-4.099445363541155,101,22.927,1348
55.81834799144513,-4.275883599035522,48.0,55.92592408664018,-4.179171340754611,102,21.828,1378
55.81834799144513,-4.275883599035522,48.0,55.84941827409408,-4.169566750359822,103,11.725,981
55.81834799144513,-4.275883599035522,48.0,55.92413375575165,-4.226670311636797,104,17.555,2025
55.81834799144513,-4.275883599035522,48.0,55.88995713457192,-4.285031242761631,105,10.127,921
55.81834799144513,-4.275883599035522,48.0,55.90528066541109,-4.131569818675147,106,18.166,1142
55.81834799144513,-4.275883599035522,48.0,55.87850608392288,-4.103517886631066,107,23.513,1335
55.81834799144513,-4.275883599035522,48.0,55.80799405798939,-4.284953473560454,108,1.594,234
55.81834799144513,-4.275883599035522,48.0,55.906815669822045,-4.385279074380807,109,16.621,1218
55.81834799144513,-4.275883599035522,48.0,55.916237634416454,-4.222407816066865,110,15.793,1218
55.81834799144513,-4.275883599035522,48.0,55.915798955837815,-4.088621086891774,111,26.008,1423
55.81834799144513,-4.275883599035522,48.0,55.827538479175395,-4.350653065976025,112,5.318,542
55.81834799144513,-4.275883599035522,48.0,55.799515288981674,-4.0866627646338864,113,16.743,1242
55.81834799144513,-4.275883599035522,48.0,55.831024245961984,-4.244756518165482,114,4.008,458
55.81834799144513,-4.275883599035522,48.0,55.86754360554833,-4.2143078261423845,115,11.743,1015
55.81834799144513,-4.275883599035522,48.0,55.8574985965699,-4.1521224561179935,116,13.028,1091
55.81834799144513,-4.275883599035522,48.0,55.88095643501817,-4.32811659177277,117,11.257,807
55.81834799144513,-4.275883599035522,48.0,55.85240433608213,-4.177570445500026,118,11.889,1032
55.81834799144513,-4.275883599035522,48.0,55.91169549549074,-4.359708873069638,119,17.433,1407
55.81834799144513,-4.275883599035522,48.0,55.92640787519779,-4.300990956079843,120,16.586,1253
55.81834799144513,-4.275883599035522,48.0,55.84019197366069,-4.205566157974415,121,7.718,859
55.81834799144513,-4.275883599035522,48.0,55.866619942939494,-4.268153778778456,122,7.877,827
55.81834799144513,-4.275883599035522,48.0,55.81327411986783,-4.2587495402872255,123,2.135,282
55.81834799144513,-4.275883599035522,48.0,55.86022660117776,-4.154711133590585,124,13.381,1122
55.81834799144513,-4.275883599035522,48.0,55.831522729053496,-4.370420634377527,125,7.372,712
55.81834799144513,-4.275883599035522,48.0,55.84074346341779,-4.172411658039648,126,10.093,835
55.81834799144513,-4.275883599035522,48.0,55.8801412435821,-4.258666277618953,127,9.726,912
55.81834799144513,-4.275883599035522,48.0,55.8434159429892,-4.1056733307349536,128,14.496,1014
55.81834799144513,-4.275883599035522,48.0,55.83522057783537,-4.25736952395694,129,3.78,466
55.81834799144513,-4.275883599035522,48.0,55.86467774065618,-4.2250953414252415,130,10.527,852
55.81834799144513,-4.275883599035522,48.0,55.8953662249987,-4.231143624453162,131,12.98,1030
55.81834799144513,-4.275883599035522,48.0,55.81920459649808,-4.236238450921302,132,3.265,386
55.81834799144513,-4.275883599035522,48.0,55.900795402502105,-4.206009410292495,133,15.147,1225
55.81834799144513,-4.275883599035522,48.0,55.86078490474355,-4.339631469507248,134,9.919,952
55.81834799144513,-4.275883599035522,48.0,55.924999437053955,-4.191173279124663,135,17.437,1270
55.81834799144513,-4.275883599035522,48.0,55.81549096669224,-4.126910343137958,136,14.795,1105
55.81834799144513,-4.275883599035522,48.0,55.90135585493081,-4.207622057499793,137,15.146,1202
55.81834799144513,-4.275883599035522,48.0,55.845816555475636,-4.129576488296543,138,13.245,1056
55.81834799144513,-4.275883599035522,48.0,55.80470047644827,-4.291960781118721,139,2.67,342
55.81834799144513,-4.275883599035522,48.0,55.89185394491289,-4.179857587296262,140,14.731,1013
55.81834799144513,-4.275883599035522,48.0,55.91859399996558,-4.3401659608951215,141,16.299,1257
55.81834799144513,-4.275883599035522,48.0,55.90671476836246,-4.3642865107142725,142,16.2,1271
55.81834799144513,-4.275883599035522,48.0,55.81273399651921,-4.167613047894911,143,8.721,842
55.81834799144513,-4.275883599035522,48.0,55.80939871413575,-4.276056954355674,144,1.308,182
55.81834799144513,-4.275883599035522,48.0,55.88312869327199,-4.214542892826467,145,12.551,1056
55.81834799144513,-4.275883599035522,48.0,55.815340374954424,-4.283514492524949,146,1.052,142
55.81834799144513,-4.275883599035522,48.0,55.87864379034378,-4.080636908866371,147,22.47,1205
55.81834799144513,-4.275883599035522,48.0,55.89423440492952,-4.2418874418647645,148,13.543,1114
55.81834799144513,-4.275883599035522,48.0,55.92796852989922,-4.305970400193036,149,16.714,1276
55.81834799144513,-4.275883599035522,48.0,55.92895153496988,-4.082888064137351,150,26.966,1431
55.81834799144513,-4.275883599035522,48.0,55.790766759429424,-4.135285962371055,151,11.545,912
55.81834799144513,-4.275883599035522,48.0,55.80808041573422,-4.184105792933229,152,7.518,744
55.81834799144513,-4.275883599035522,48.0,55.7982747224006,-4.3931924101572655,153,8.719,787
55.81834799144513,-4.275883599035522,48.0,55.81178474630603,-4.337962602706185,154,4.594,413
55.81834799144513,-4.275883599035522,48.0,55.852972007756,-4.353957895039277,155,7.868,901
55.81834799144513,-4.275883599035522,48.0,55.797152036890715,-4.311451416173846,156,4.506,454
55.81834799144513,-4.275883599035522,48.0,55.84839482833289,-4.1889265673730645,157,11.671,949
55.81834799144513,-4.275883599035522,48.0,55.86383954752864,-4.387927326091926,158,14.71,982
55.81834799144513,-4.275883599035522,48.0,55.807182357875575,-4.140487806234959,159,10.821,971
55.81834799144513,-4.275883599035522,48.0,55.8296607577131,-4.218765551358871,160,5.643,633
55.81834799144513,-4.275883599035522,48.0,55.82699494590622,-4.295404959002084,161,1.843,241
55.81834799144513,-4.275883599035522,48.0,55.861248665443505,-4.307186036515638,162,6.763,775
55.81834799144513,-4.275883599035522,48.0,55.897857165570365,-4.156645648865112,163,16.207,1049
55.81834799144513,-4.275883599035522,48.0,55.877747555317356,-4.342792329217214,164,11.855,913
55.81834799144513,-4.275883599035522,48.0,55.92259641850896,-4.389236283866068,165,20.298,1463
55.81834799144513,-4.275883599035522,48.0,55.92621339590465,-4.2820478996479165,166,15.038,1152
55.81834799144513,-4.275883599035522,48.0,55.80660612206145,-4.094012410496262,167,18.543,1302
55.81834799144513,-4.275883599035522,48.0,55.84605439624201,-4.09192094471571,168,20.544,1164
55.81834799144513,-4.275883599035522,48.0,55.83961965364386,-4.1201104741133365,169,13.847,912
55.81834799144513,-4.275883599035522,48.0,55.85030951683019,-4.217608837338132,170,7.138,832
55.81834799144513,-4.275883599035522,48.0,55.85971342373431,-4.246748195156407,171,7.643,826
55.81834799144513,-4.275883599035522,48.0,55.815747728441636,-4.150792968910081,172,9.99,1017
55.81834799144513,-4.275883599035522,48.0,55.80041195127493,-4.3806303679601495,173,8.135,740
55.81834799144513,-4.275883599035522,48.0,55.85487415463933,-4.092829020720908,174,18.154,1105
55.81834799144513,-4.275883599035522,48.0,55.80456076444065,-4.203157873727267,175,7.236,737
55.81834799144513,-4.275883599035522,48.0,55.84723005082115,-4.330151260440624,176,6.388,719
55.81834799144513,-4.275883599035522,48.0,55.88775631668876,-4.123428423568879,177,19.955,1261
55.81834799144513,-4.275883599035522,48.0,55.82857385936083,-4.129579652409029,178,12.512,1204
55.81834799144513,-4.275883599035522,48.0,55.879865395443076,-4.36272007519476,179,12.763,939
55.81834799144513,-4.275883599035522,48.0,55.87973669437185,-4.215636550296907,180,11.838,1068
55.81834799144513,-4.275883599035522,48.0,55.8162521393249,-4.1868605517933455,181,6.989,734
55.81834799144513,-4.275883599035522,48.0,55.80755514535402,-4.201625161718038,182,6.471,685
55.81834799144513,-4.275883599035522,48.0,55.85565398843102,-4.250533808562208,183,5.71,695
55.81834799144513,-4.275883599035522,48.0,55.929636326069506,-4.381100658166308,184,19.36,1423
55.81834799144513,-4.275883599035522,48.0,55.879581066995904,-4.21986165885879,185,11.479,1048
55.81834799144513,-4.275883599035522,48.0,55.92647877645629,-4.127886630011083,186,21.569,1380
55.81834799144513,-4.275883599035522,48.0,55.82282427264178,-4.371094162561755,187,6.508,635
55.81834799144513,-4.275883599035522,48.0,55.90291353127043,-4.3414180899754955,188,14.246,1149
55.81834799144513,-4.275883599035522,48.0,55.78437024600116,-4.156926419796477,189,10.889,926
55.81834799144513,-4.275883599035522,48.0,55.8321542449311,-4.1561720476648265,190,10.922,926
55.81834799144513,-4.275883599035522,48.0,55.88310705812362,-4.084862107847263,191,19.631,1087
55.81834799144513,-4.275883599035522,48.0,55.85616333886266,-4.110333739241922,192,18.274,1202
55.81834799144513,-4.275883599035522,48.0,55.90185178498145,-4.152652007721208,193,20.116,1674
55.81834799144513,-4.275883599035522,48.0,55.8837118458465,-4.182392741162416,194,16.395,2022
55.81834799144513,-4.275883599035522,48.0,55.83086049774818,-4.312434105301623,195,3.107,376
55.81834799144513,-4.275883599035522,48.0,55.821849459706755,-4.176208567338996,196,8.62,891
55.81834799144513,-4.275883599035522,48.0,55.88009750494633,-4.255964552703097,197,9.412,891
55.81834799144513,-4.275883599035522,48.0,55.87413911675089,-4.369807111055967,198,10.712,873
55.81834799144513,-4.275883599035522,48.0,55.86354071984154,-4.093406384811447,199,19.734,1209
55.90146418981345,-4.22157506604706,49.0,55.8391698042901,-4.214478482526657,0,9.956,938
55.90146418981345,-4.22157506604706,49.0,55.86553667472969,-4.350500876963486,1,17.925,1035
55.90146418981345,-4.22157506604706,49.0,55.912892829643965,-4.286410947894997,2,7.169,1409
55.90146418981345,-4.22157506604706,49.0,55.84854019346565,-4.391697428307927,3,17.356,1257
55.90146418981345,-4.22157506604706,49.0,55.79232875093524,-4.310455024670266,4,19.847,1235
55.90146418981345,-4.22157506604706,49.0,55.837143362020576,-4.120043492886959,5,20.432,1116
55.90146418981345,-4.22157506604706,49.0,55.84185129809378,-4.283879851305767,6,14.527,985
55.90146418981345,-4.22157506604706,49.0,55.90609664927746,-4.311383718964596,7,11.101,754
55.90146418981345,-4.22157506604706,49.0,55.7832172019226,-4.31249791159531,8,21.435,1293
55.90146418981345,-4.22157506604706,49.0,55.8177258987159,-4.260489243356555,9,11.782,1122
55.90146418981345,-4.22157506604706,49.0,55.903262790870684,-4.212111703691823,10,0.805,136
55.90146418981345,-4.22157506604706,49.0,55.893978813107424,-4.1413270988368325,11,10.91,763
55.90146418981345,-4.22157506604706,49.0,55.894884622950286,-4.154349650804189,12,10.502,632
55.90146418981345,-4.22157506604706,49.0,55.80680963785043,-4.263605759417426,13,13.623,1382
55.90146418981345,-4.22157506604706,49.0,55.81824312166051,-4.346878846315483,14,17.01,1149
55.90146418981345,-4.22157506604706,49.0,55.84742656229786,-4.269221405976544,15,11.003,873
55.90146418981345,-4.22157506604706,49.0,55.80730424868546,-4.315177272898423,16,16.716,1134
55.90146418981345,-4.22157506604706,49.0,55.83798278877758,-4.260604018644594,17,9.152,897
55.90146418981345,-4.22157506604706,49.0,55.89424631095569,-4.343398240721316,18,14.226,1017
55.90146418981345,-4.22157506604706,49.0,55.83908093533876,-4.223069302141199,19,9.403,965
55.90146418981345,-4.22157506604706,49.0,55.8357731433788,-4.270556349194068,20,11.807,884
55.90146418981345,-4.22157506604706,49.0,55.90309627527835,-4.360750370095284,21,13.764,1026
55.90146418981345,-4.22157506604706,49.0,55.85652103589449,-4.101365743428073,22,14.52,898
55.90146418981345,-4.22157506604706,49.0,55.783736419963375,-4.235306054793451,23,15.842,1413
55.90146418981345,-4.22157506604706,49.0,55.92064824587275,-4.2358362157531895,24,2.711,282
55.90146418981345,-4.22157506604706,49.0,55.907674892744176,-4.2497703459088045,25,1.927,1363
55.90146418981345,-4.22157506604706,49.0,55.919604340921964,-4.226208116301384,26,2.635,295
55.90146418981345,-4.22157506604706,49.0,55.83219148710444,-4.304581930326681,27,15.888,1176
55.90146418981345,-4.22157506604706,49.0,55.79569701419853,-4.1769099124482585,28,16.047,1357
55.90146418981345,-4.22157506604706,49.0,55.81260197667657,-4.197841211154324,29,13.458,1225
55.90146418981345,-4.22157506604706,49.0,55.826092940761974,-4.176919409292903,30,17.089,1189
55.90146418981345,-4.22157506604706,49.0,55.828413149208096,-4.109650878166438,31,21.466,1243
55.90146418981345,-4.22157506604706,49.0,55.8999241737755,-4.257993823533507,32,8.862,618
55.90146418981345,-4.22157506604706,49.0,55.892514250678616,-4.340118142906542,33,14.255,1022
55.90146418981345,-4.22157506604706,49.0,55.855241629670886,-4.269936069312288,34,8.847,613
55.90146418981345,-4.22157506604706,49.0,55.877364911629314,-4.109701193625618,35,14.921,999
55.90146418981345,-4.22157506604706,49.0,55.887053111734645,-4.1280531391159245,36,11.368,744
55.90146418981345,-4.22157506604706,49.0,55.89108676863447,-4.105446803942431,37,13.101,1050
55.90146418981345,-4.22157506604706,49.0,55.842635153466425,-4.334387903339716,38,13.793,963
55.90146418981345,-4.22157506604706,49.0,55.89197542936556,-4.19614108945253,39,2.791,344
55.90146418981345,-4.22157506604706,49.0,55.825849135803445,-4.321179033230789,40,14.066,1076
55.90146418981345,-4.22157506604706,49.0,55.81864602215581,-4.375055705699034,41,18.039,1158
55.90146418981345,-4.22157506604706,49.0,55.92613065482397,-4.212698358862173,42,3.097,348
55.90146418981345,-4.22157506604706,49.0,55.874439929608144,-4.279689658904073,43,8.688,735
55.90146418981345,-4.22157506604706,49.0,55.81998166828728,-4.245455535821837,44,11.262,1027
55.90146418981345,-4.22157506604706,49.0,55.91066980601156,-4.213502644426629,45,2.049,299
55.90146418981345,-4.22157506604706,49.0,55.8404807486866,-4.356656090229781,46,17.445,1231
55.90146418981345,-4.22157506604706,49.0,55.88708229912325,-4.079055837843032,47,17.467,946
55.90146418981345,-4.22157506604706,49.0,55.84510555179576,-4.178720975321847,48,10.864,1007
55.90146418981345,-4.22157506604706,49.0,55.84413340760586,-4.085244529493477,49,19.019,1431
55.90146418981345,-4.22157506604706,49.0,55.83324217210475,-4.157183908594519,50,12.986,1155
55.90146418981345,-4.22157506604706,49.0,55.895753278756494,-4.323131413571223,51,13.39,963
55.90146418981345,-4.22157506604706,49.0,55.88609925330935,-4.38354364327563,52,18.958,1104
55.90146418981345,-4.22157506604706,49.0,55.86596770908397,-4.338853955125049,53,15.741,984
55.90146418981345,-4.22157506604706,49.0,55.819381988004544,-4.256567679373081,54,11.512,1143
55.90146418981345,-4.22157506604706,49.0,55.919398785577634,-4.298102785445152,55,7.445,1088
55.90146418981345,-4.22157506604706,49.0,55.81052481551728,-4.0780884232687225,56,24.265,2391
55.90146418981345,-4.22157506604706,49.0,55.8411814367945,-4.125490362928665,57,19.547,1139
55.90146418981345,-4.22157506604706,49.0,55.844855881791794,-4.151320272286683,58,12.691,1125
55.90146418981345,-4.22157506604706,49.0,55.79334532620707,-4.3052187624925375,59,20.178,1241
55.90146418981345,-4.22157506604706,49.0,55.78499644933002,-4.082518262203789,60,26.155,1317
55.90146418981345,-4.22157506604706,49.0,55.86482365717543,-4.074666870071637,61,16.786,1115
55.90146418981345,-4.22157506604706,49.0,55.910543969585106,-4.384534109666136,62,16.196,1161
55.90146418981345,-4.22157506604706,49.0,55.799715679086134,-4.188568421733812,63,16.029,1516
55.90146418981345,-4.22157506604706,49.0,55.90005630083831,-4.294022887833187,64,9.017,679
55.90146418981345,-4.22157506604706,49.0,55.82573931186619,-4.210157383495828,65,11.515,1039
55.90146418981345,-4.22157506604706,49.0,55.88010014610652,-4.288014027401103,66,7.626,821
55.90146418981345,-4.22157506604706,49.0,55.8836463272421,-4.377148406451105,67,18.728,1181
55.90146418981345,-4.22157506604706,49.0,55.80511293548626,-4.195982430231648,68,14.438,1299
55.90146418981345,-4.22157506604706,49.0,55.9265186267864,-4.256321117900257,69,4.937,412
55.90146418981345,-4.22157506604706,49.0,55.90353118048908,-4.119171950823842,70,11.769,966
55.90146418981345,-4.22157506604706,49.0,55.81502357146685,-4.260984914919316,71,12.139,1156
55.90146418981345,-4.22157506604706,49.0,55.894355058439295,-4.293143876300353,72,10.065,764
55.90146418981345,-4.22157506604706,49.0,55.80246488546192,-4.242274834364847,73,13.403,1253
55.90146418981345,-4.22157506604706,49.0,55.887581813102464,-4.2985753032369685,74,7.807,796
55.90146418981345,-4.22157506604706,49.0,55.928290955083554,-4.295962301582311,75,7.867,503
55.90146418981345,-4.22157506604706,49.0,55.81096058143004,-4.368797105646974,76,19.696,1240
55.90146418981345,-4.22157506604706,49.0,55.84818750128869,-4.3631808239548375,77,18.431,1083
55.90146418981345,-4.22157506604706,49.0,55.81610352786554,-4.330910795148831,78,16.035,989
55.90146418981345,-4.22157506604706,49.0,55.807034270653475,-4.136077366584948,79,17.01,1443
55.90146418981345,-4.22157506604706,49.0,55.86778114631985,-4.233612892312959,80,5.216,509
55.90146418981345,-4.22157506604706,49.0,55.79578956690847,-4.368290459919509,81,24.78,2435
55.90146418981345,-4.22157506604706,49.0,55.897877306124535,-4.077031107370425,82,14.892,1516
55.90146418981345,-4.22157506604706,49.0,55.80721289582252,-4.242612882195534,83,12.626,1204
55.90146418981345,-4.22157506604706,49.0,55.92209393969709,-4.157940141970138,84,8.555,582
55.90146418981345,-4.22157506604706,49.0,55.79188265083702,-4.28147512844989,85,21.04,1297
55.90146418981345,-4.22157506604706,49.0,55.88043814367632,-4.104360473798184,86,14.733,959
55.90146418981345,-4.22157506604706,49.0,55.90345994988174,-4.293652184560058,87,8.232,600
55.90146418981345,-4.22157506604706,49.0,55.91230525016259,-4.108196424937476,88,12.793,874
55.90146418981345,-4.22157506604706,49.0,55.90569137930351,-4.3852429216612405,89,17.132,1237
55.90146418981345,-4.22157506604706,49.0,55.824402119970216,-4.298242138123909,90,14.502,997
55.90146418981345,-4.22157506604706,49.0,55.887104625653905,-4.201059285828647,91,2.992,443
55.90146418981345,-4.22157506604706,49.0,55.92006797200308,-4.195257422106852,92,3.943,326
55.90146418981345,-4.22157506604706,49.0,55.7944551107823,-4.1683749063061635,93,16.177,1792
55.90146418981345,-4.22157506604706,49.0,55.88003873447475,-4.304350182381346,94,8.62,885
55.90146418981345,-4.22157506604706,49.0,55.88308048053683,-4.2942103285768285,95,7.644,836
55.90146418981345,-4.22157506604706,49.0,55.80779271908626,-4.3234306371549245,96,17.306,1122
55.90146418981345,-4.22157506604706,49.0,55.90123467399992,-4.380968632189907,97,19.91,1504
55.90146418981345,-4.22157506604706,49.0,55.88049231589054,-4.293733205570284,98,8.122,850
55.90146418981345,-4.22157506604706,49.0,55.84697147961761,-4.334108806216461,99,13.907,996
55.90146418981345,-4.22157506604706,49.0,55.83067141211495,-4.195633651932574,100,15.899,1068
55.90146418981345,-4.22157506604706,49.0,55.89350845984679,-4.099445363541155,101,12.916,882
55.90146418981345,-4.22157506604706,49.0,55.92592408664018,-4.179171340754611,102,6.114,470
55.90146418981345,-4.22157506604706,49.0,55.84941827409408,-4.169566750359822,103,10.65,993
55.90146418981345,-4.22157506604706,49.0,55.92413375575165,-4.226670311636797,104,4.312,1090
55.90146418981345,-4.22157506604706,49.0,55.88995713457192,-4.285031242761631,105,7.135,702
55.90146418981345,-4.22157506604706,49.0,55.90528066541109,-4.131569818675147,106,9.131,602
55.90146418981345,-4.22157506604706,49.0,55.87850608392288,-4.103517886631066,107,15.064,992
55.90146418981345,-4.22157506604706,49.0,55.80799405798939,-4.284953473560454,108,15.805,1251
55.90146418981345,-4.22157506604706,49.0,55.906815669822045,-4.385279074380807,109,16.913,1191
55.90146418981345,-4.22157506604706,49.0,55.916237634416454,-4.222407816066865,110,2.55,283
55.90146418981345,-4.22157506604706,49.0,55.915798955837815,-4.088621086891774,111,13.511,909
55.90146418981345,-4.22157506604706,49.0,55.827538479175395,-4.350653065976025,112,16.379,1080
55.90146418981345,-4.22157506604706,49.0,55.799515288981674,-4.0866627646338864,113,26.525,1430
55.90146418981345,-4.22157506604706,49.0,55.831024245961984,-4.244756518165482,114,9.863,936
55.90146418981345,-4.22157506604706,49.0,55.86754360554833,-4.2143078261423845,115,6.457,679
55.90146418981345,-4.22157506604706,49.0,55.8574985965699,-4.1521224561179935,116,12.43,942
55.90146418981345,-4.22157506604706,49.0,55.88095643501817,-4.32811659177277,117,13.521,965
55.90146418981345,-4.22157506604706,49.0,55.85240433608213,-4.177570445500026,118,9.935,864
55.90146418981345,-4.22157506604706,49.0,55.91169549549074,-4.359708873069638,119,13.708,1017
55.90146418981345,-4.22157506604706,49.0,55.92640787519779,-4.300990956079843,120,8.315,552
55.90146418981345,-4.22157506604706,49.0,55.84019197366069,-4.205566157974415,121,10.442,1036
55.90146418981345,-4.22157506604706,49.0,55.866619942939494,-4.268153778778456,122,7.765,716
55.90146418981345,-4.22157506604706,49.0,55.81327411986783,-4.2587495402872255,123,12.118,1166
55.90146418981345,-4.22157506604706,49.0,55.86022660117776,-4.154711133590585,124,11.647,869
55.90146418981345,-4.22157506604706,49.0,55.831522729053496,-4.370420634377527,125,18.433,1251
55.90146418981345,-4.22157506604706,49.0,55.84074346341779,-4.172411658039648,126,11.934,1054
55.90146418981345,-4.22157506604706,49.0,55.8801412435821,-4.258666277618953,127,5.616,561
55.90146418981345,-4.22157506604706,49.0,55.8434159429892,-4.1056733307349536,128,19.803,1168
55.90146418981345,-4.22157506604706,49.0,55.83522057783537,-4.25736952395694,129,9.126,898
55.90146418981345,-4.22157506604706,49.0,55.86467774065618,-4.2250953414252415,130,5.997,525
55.90146418981345,-4.22157506604706,49.0,55.8953662249987,-4.231143624453162,131,1.853,239
55.90146418981345,-4.22157506604706,49.0,55.81920459649808,-4.236238450921302,132,11.846,1078
55.90146418981345,-4.22157506604706,49.0,55.900795402502105,-4.206009410292495,133,1.99,340
55.90146418981345,-4.22157506604706,49.0,55.86078490474355,-4.339631469507248,134,16.276,1079
55.90146418981345,-4.22157506604706,49.0,55.924999437053955,-4.191173279124663,135,4.194,335
55.90146418981345,-4.22157506604706,49.0,55.81549096669224,-4.126910343137958,136,24.865,1455
55.90146418981345,-4.22157506604706,49.0,55.90135585493081,-4.207622057499793,137,1.879,303
55.90146418981345,-4.22157506604706,49.0,55.845816555475636,-4.129576488296543,138,15.62,1111
55.90146418981345,-4.22157506604706,49.0,55.80470047644827,-4.291960781118721,139,15.832,1230
55.90146418981345,-4.22157506604706,49.0,55.89185394491289,-4.179857587296262,140,4.025,455
55.90146418981345,-4.22157506604706,49.0,55.91859399996558,-4.3401659608951215,141,11.076,762
55.90146418981345,-4.22157506604706,49.0,55.90671476836246,-4.3642865107142725,142,13.795,989
55.90146418981345,-4.22157506604706,49.0,55.81273399651921,-4.167613047894911,143,18.372,1250
55.90146418981345,-4.22157506604706,49.0,55.80939871413575,-4.276056954355674,144,15.713,1216
55.90146418981345,-4.22157506604706,49.0,55.88312869327199,-4.214542892826467,145,3.815,481
55.90146418981345,-4.22157506604706,49.0,55.815340374954424,-4.283514492524949,146,14.707,1101
55.90146418981345,-4.22157506604706,49.0,55.87864379034378,-4.080636908866371,147,18.38,969
55.90146418981345,-4.22157506604706,49.0,55.89423440492952,-4.2418874418647645,148,2.416,337
55.90146418981345,-4.22157506604706,49.0,55.92796852989922,-4.305970400193036,149,8.443,575
55.90146418981345,-4.22157506604706,49.0,55.92895153496988,-4.082888064137351,150,12.675,851
55.90146418981345,-4.22157506604706,49.0,55.790766759429424,-4.135285962371055,151,18.602,1433
55.90146418981345,-4.22157506604706,49.0,55.80808041573422,-4.184105792933229,152,14.232,1231
55.90146418981345,-4.22157506604706,49.0,55.7982747224006,-4.3931924101572655,153,20.504,1335
55.90146418981345,-4.22157506604706,49.0,55.81178474630603,-4.337962602706185,154,17.102,1095
55.90146418981345,-4.22157506604706,49.0,55.852972007756,-4.353957895039277,155,15.475,1082
55.90146418981345,-4.22157506604706,49.0,55.797152036890715,-4.311451416173846,156,19.074,1169
55.90146418981345,-4.22157506604706,49.0,55.84839482833289,-4.1889265673730645,157,9.679,882
55.90146418981345,-4.22157506604706,49.0,55.86383954752864,-4.387927326091926,158,21.067,1109
55.90146418981345,-4.22157506604706,49.0,55.807182357875575,-4.140487806234959,159,16.687,1418
55.90146418981345,-4.22157506604706,49.0,55.8296607577131,-4.218765551358871,160,10.845,1073
55.90146418981345,-4.22157506604706,49.0,55.82699494590622,-4.295404959002084,161,14.538,973
55.90146418981345,-4.22157506604706,49.0,55.861248665443505,-4.307186036515638,162,14.178,1008
55.90146418981345,-4.22157506604706,49.0,55.897857165570365,-4.156645648865112,163,5.562,507
55.90146418981345,-4.22157506604706,49.0,55.877747555317356,-4.342792329217214,164,14.119,1071
55.90146418981345,-4.22157506604706,49.0,55.92259641850896,-4.389236283866068,165,15.075,966
55.90146418981345,-4.22157506604706,49.0,55.92621339590465,-4.2820478996479165,166,6.767,451
55.90146418981345,-4.22157506604706,49.0,55.80660612206145,-4.094012410496262,167,23.85,1455
55.90146418981345,-4.22157506604706,49.0,55.84605439624201,-4.09192094471571,168,15.947,875
55.90146418981345,-4.22157506604706,49.0,55.83961965364386,-4.1201104741133365,169,19.154,1066
55.90146418981345,-4.22157506604706,49.0,55.85030951683019,-4.217608837338132,170,8.429,799
55.90146418981345,-4.22157506604706,49.0,55.85971342373431,-4.246748195156407,171,6.366,612
55.90146418981345,-4.22157506604706,49.0,55.815747728441636,-4.150792968910081,172,15.557,1315
55.90146418981345,-4.22157506604706,49.0,55.80041195127493,-4.3806303679601495,173,19.92,1287
55.90146418981345,-4.22157506604706,49.0,55.85487415463933,-4.092829020720908,174,15.757,876
55.90146418981345,-4.22157506604706,49.0,55.80456076444065,-4.203157873727267,175,14.457,1301
55.90146418981345,-4.22157506604706,49.0,55.84723005082115,-4.330151260440624,176,13.428,940
55.90146418981345,-4.22157506604706,49.0,55.88775631668876,-4.123428423568879,177,11.503,750
55.90146418981345,-4.22157506604706,49.0,55.82857385936083,-4.129579652409029,178,24.472,1434
55.90146418981345,-4.22157506604706,49.0,55.879865395443076,-4.36272007519476,179,15.027,1097
55.90146418981345,-4.22157506604706,49.0,55.87973669437185,-4.215636550296907,180,3.976,529
55.90146418981345,-4.22157506604706,49.0,55.8162521393249,-4.1868605517933455,181,13.599,1213
55.90146418981345,-4.22157506604706,49.0,55.80755514535402,-4.201625161718038,182,14.21,1268
55.90146418981345,-4.22157506604706,49.0,55.85565398843102,-4.250533808562208,183,7.18,768
55.90146418981345,-4.22157506604706,49.0,55.929636326069506,-4.381100658166308,184,14.137,926
55.90146418981345,-4.22157506604706,49.0,55.879581066995904,-4.21986165885879,185,3.703,480
55.90146418981345,-4.22157506604706,49.0,55.92647877645629,-4.127886630011083,186,10.359,791
55.90146418981345,-4.22157506604706,49.0,55.82282427264178,-4.371094162561755,187,17.569,1174
55.90146418981345,-4.22157506604706,49.0,55.90291353127043,-4.3414180899754955,188,14.923,1086
55.90146418981345,-4.22157506604706,49.0,55.78437024600116,-4.156926419796477,189,17.946,1447
55.90146418981345,-4.22157506604706,49.0,55.8321542449311,-4.1561720476648265,190,13.026,1169
55.90146418981345,-4.22157506604706,49.0,55.88310705812362,-4.084862107847263,191,20.011,1038
55.90146418981345,-4.22157506604706,49.0,55.85616333886266,-4.110333739241922,192,14.558,920
55.90146418981345,-4.22157506604706,49.0,55.90185178498145,-4.152652007721208,193,6.106,907
55.90146418981345,-4.22157506604706,49.0,55.8837118458465,-4.182392741162416,194,7.969,1609
55.90146418981345,-4.22157506604706,49.0,55.83086049774818,-4.312434105301623,195,15.472,1078
55.90146418981345,-4.22157506604706,49.0,55.821849459706755,-4.176208567338996,196,17.5,1185
55.90146418981345,-4.22157506604706,49.0,55.88009750494633,-4.255964552703097,197,5.512,556
55.90146418981345,-4.22157506604706,49.0,55.87413911675089,-4.369807111055967,198,17.069,1000
55.90146418981345,-4.22157506604706,49.0,55.86354071984154,-4.093406384811447,199,15.174,974
55.81065656502988,-4.161823773893909,50.0,55.8391698042901,-4.214478482526657,0,6.893,592
55.81065656502988,-4.161823773893909,50.0,55.86553667472969,-4.350500876963486,1,18.31,1100
55.81065656502988,-4.161823773893909,50.0,55.912892829643965,-4.286410947894997,2,20.41,2514
55.81065656502988,-4.161823773893909,50.0,55.84854019346565,-4.391697428307927,3,17.741,1321
55.81065656502988,-4.161823773893909,50.0,55.79232875093524,-4.310455024670266,4,12.422,998
55.81065656502988,-4.161823773893909,50.0,55.837143362020576,-4.120043492886959,5,6.44,472
55.81065656502988,-4.161823773893909,50.0,55.84185129809378,-4.283879851305767,6,10.18,973
55.81065656502988,-4.161823773893909,50.0,55.90609664927746,-4.311383718964596,7,22.455,1589
55.81065656502988,-4.161823773893909,50.0,55.7832172019226,-4.31249791159531,8,12.752,975
55.81065656502988,-4.161823773893909,50.0,55.8177258987159,-4.260489243356555,9,8.321,732
55.81065656502988,-4.161823773893909,50.0,55.903262790870684,-4.212111703691823,10,22.381,1437
55.81065656502988,-4.161823773893909,50.0,55.893978813107424,-4.1413270988368325,11,19.882,1231
55.81065656502988,-4.161823773893909,50.0,55.894884622950286,-4.154349650804189,12,24.747,1132
55.81065656502988,-4.161823773893909,50.0,55.80680963785043,-4.263605759417426,13,12.303,1056
55.81065656502988,-4.161823773893909,50.0,55.81824312166051,-4.346878846315483,14,17.369,1212
55.81065656502988,-4.161823773893909,50.0,55.84742656229786,-4.269221405976544,15,10.545,992
55.81065656502988,-4.161823773893909,50.0,55.80730424868546,-4.315177272898423,16,14.059,1131
55.81065656502988,-4.161823773893909,50.0,55.83798278877758,-4.260604018644594,17,8.651,788
55.81065656502988,-4.161823773893909,50.0,55.89424631095569,-4.343398240721316,18,20.126,1349
55.81065656502988,-4.161823773893909,50.0,55.83908093533876,-4.223069302141199,19,7.923,722
55.81065656502988,-4.161823773893909,50.0,55.8357731433788,-4.270556349194068,20,9.335,838
55.81065656502988,-4.161823773893909,50.0,55.90309627527835,-4.360750370095284,21,22.159,1584
55.81065656502988,-4.161823773893909,50.0,55.85652103589449,-4.101365743428073,22,11.373,796
55.81065656502988,-4.161823773893909,50.0,55.783736419963375,-4.235306054793451,23,6.801,514
55.81065656502988,-4.161823773893909,50.0,55.92064824587275,-4.2358362157531895,24,18.008,1504
55.81065656502988,-4.161823773893909,50.0,55.907674892744176,-4.2497703459088045,25,16.76,2549
55.81065656502988,-4.161823773893909,50.0,55.919604340921964,-4.226208116301384,26,31.539,1542
55.81065656502988,-4.161823773893909,50.0,55.83219148710444,-4.304581930326681,27,16.247,1239
55.81065656502988,-4.161823773893909,50.0,55.79569701419853,-4.1769099124482585,28,2.976,256
55.81065656502988,-4.161823773893909,50.0,55.81260197667657,-4.197841211154324,29,3.772,388
55.81065656502988,-4.161823773893909,50.0,55.826092940761974,-4.176919409292903,30,4.425,553
55.81065656502988,-4.161823773893909,50.0,55.828413149208096,-4.109650878166438,31,7.823,583
55.81065656502988,-4.161823773893909,50.0,55.8999241737755,-4.257993823533507,32,16.859,1494
55.81065656502988,-4.161823773893909,50.0,55.892514250678616,-4.340118142906542,33,20.155,1361
55.81065656502988,-4.161823773893909,50.0,55.855241629670886,-4.269936069312288,34,23.68,1166
55.81065656502988,-4.161823773893909,50.0,55.877364911629314,-4.109701193625618,35,17.614,1007
55.81065656502988,-4.161823773893909,50.0,55.887053111734645,-4.1280531391159245,36,23.261,1212
55.81065656502988,-4.161823773893909,50.0,55.89108676863447,-4.105446803942431,37,17.602,1223
55.81065656502988,-4.161823773893909,50.0,55.842635153466425,-4.334387903339716,38,14.178,1027
55.81065656502988,-4.161823773893909,50.0,55.89197542936556,-4.19614108945253,39,20.165,1161
55.81065656502988,-4.161823773893909,50.0,55.825849135803445,-4.321179033230789,40,14.425,1139
55.81065656502988,-4.161823773893909,50.0,55.81864602215581,-4.375055705699034,41,18.398,1221
55.81065656502988,-4.161823773893909,50.0,55.92613065482397,-4.212698358862173,42,30.913,1538
55.81065656502988,-4.161823773893909,50.0,55.874439929608144,-4.279689658904073,43,17.962,1263
55.81065656502988,-4.161823773893909,50.0,55.81998166828728,-4.245455535821837,44,7.181,599
55.81065656502988,-4.161823773893909,50.0,55.91066980601156,-4.213502644426629,45,31.895,1592
55.81065656502988,-4.161823773893909,50.0,55.8404807486866,-4.356656090229781,46,17.83,1295
55.81065656502988,-4.161823773893909,50.0,55.88708229912325,-4.079055837843032,47,15.232,816
55.81065656502988,-4.161823773893909,50.0,55.84510555179576,-4.178720975321847,48,5.774,588
55.81065656502988,-4.161823773893909,50.0,55.84413340760586,-4.085244529493477,49,11.674,1228
55.81065656502988,-4.161823773893909,50.0,55.83324217210475,-4.157183908594519,50,3.886,399
55.81065656502988,-4.161823773893909,50.0,55.895753278756494,-4.323131413571223,51,19.912,1460
55.81065656502988,-4.161823773893909,50.0,55.88609925330935,-4.38354364327563,52,19.343,1168
55.81065656502988,-4.161823773893909,50.0,55.86596770908397,-4.338853955125049,53,16.126,1048
55.81065656502988,-4.161823773893909,50.0,55.819381988004544,-4.256567679373081,54,9.23,793
55.81065656502988,-4.161823773893909,50.0,55.919398785577634,-4.298102785445152,55,20.686,2194
55.81065656502988,-4.161823773893909,50.0,55.81052481551728,-4.0780884232687225,56,12.456,1881
55.81065656502988,-4.161823773893909,50.0,55.8411814367945,-4.125490362928665,57,6.31,603
55.81065656502988,-4.161823773893909,50.0,55.844855881791794,-4.151320272286683,58,5.606,561
55.81065656502988,-4.161823773893909,50.0,55.79334532620707,-4.3052187624925375,59,12.017,959
55.81065656502988,-4.161823773893909,50.0,55.78499644933002,-4.082518262203789,60,10.17,545
55.81065656502988,-4.161823773893909,50.0,55.86482365717543,-4.074666870071637,61,12.925,989
55.81065656502988,-4.161823773893909,50.0,55.910543969585106,-4.384534109666136,62,23.986,1649
55.81065656502988,-4.161823773893909,50.0,55.799715679086134,-4.188568421733812,63,3.304,447
55.81065656502988,-4.161823773893909,50.0,55.90005630083831,-4.294022887833187,64,21.33,1571
55.81065656502988,-4.161823773893909,50.0,55.82573931186619,-4.210157383495828,65,5.062,432
55.81065656502988,-4.161823773893909,50.0,55.88010014610652,-4.288014027401103,66,20.051,1539
55.81065656502988,-4.161823773893909,50.0,55.8836463272421,-4.377148406451105,67,19.113,1245
55.81065656502988,-4.161823773893909,50.0,55.80511293548626,-4.195982430231648,68,3.461,335
55.81065656502988,-4.161823773893909,50.0,55.9265186267864,-4.256321117900257,69,20.224,1608
55.81065656502988,-4.161823773893909,50.0,55.90353118048908,-4.119171950823842,70,18.204,1283
55.81065656502988,-4.161823773893909,50.0,55.81502357146685,-4.260984914919316,71,8.678,767
55.81065656502988,-4.161823773893909,50.0,55.894355058439295,-4.293143876300353,72,20.62,1518
55.81065656502988,-4.161823773893909,50.0,55.80246488546192,-4.242274834364847,73,8.208,655
55.81065656502988,-4.161823773893909,50.0,55.887581813102464,-4.2985753032369685,74,20.232,1515
55.81065656502988,-4.161823773893909,50.0,55.928290955083554,-4.295962301582311,75,21.108,1609
55.81065656502988,-4.161823773893909,50.0,55.81096058143004,-4.368797105646974,76,16.356,1347
55.81065656502988,-4.161823773893909,50.0,55.84818750128869,-4.3631808239548375,77,18.816,1147
55.81065656502988,-4.161823773893909,50.0,55.81610352786554,-4.330910795148831,78,16.394,1052
55.81065656502988,-4.161823773893909,50.0,55.807034270653475,-4.136077366584948,79,1.85,173
55.81065656502988,-4.161823773893909,50.0,55.86778114631985,-4.233612892312959,80,20.651,1152
55.81065656502988,-4.161823773893909,50.0,55.79578956690847,-4.368290459919509,81,25.918,2440
55.81065656502988,-4.161823773893909,50.0,55.897877306124535,-4.077031107370425,82,17.591,1561
55.81065656502988,-4.161823773893909,50.0,55.80721289582252,-4.242612882195534,83,8.598,675
55.81065656502988,-4.161823773893909,50.0,55.92209393969709,-4.157940141970138,84,26.848,1310
55.81065656502988,-4.161823773893909,50.0,55.79188265083702,-4.28147512844989,85,10.164,797
55.81065656502988,-4.161823773893909,50.0,55.88043814367632,-4.104360473798184,86,16.924,947
55.81065656502988,-4.161823773893909,50.0,55.90345994988174,-4.293652184560058,87,19.883,1650
55.81065656502988,-4.161823773893909,50.0,55.91230525016259,-4.108196424937476,88,20.884,1185
55.81065656502988,-4.161823773893909,50.0,55.90569137930351,-4.3852429216612405,89,24.021,1672
55.81065656502988,-4.161823773893909,50.0,55.824402119970216,-4.298242138123909,90,14.861,1060
55.81065656502988,-4.161823773893909,50.0,55.887104625653905,-4.201059285828647,91,19.939,1235
55.81065656502988,-4.161823773893909,50.0,55.92006797200308,-4.195257422106852,92,28.918,1355
55.81065656502988,-4.161823773893909,50.0,55.7944551107823,-4.1683749063061635,93,3.106,691
55.81065656502988,-4.161823773893909,50.0,55.88003873447475,-4.304350182381346,94,19.791,1419
55.81065656502988,-4.161823773893909,50.0,55.88308048053683,-4.2942103285768285,95,19.391,1394
55.81065656502988,-4.161823773893909,50.0,55.80779271908626,-4.3234306371549245,96,14.507,1177
55.81065656502988,-4.161823773893909,50.0,55.90123467399992,-4.380968632189907,97,24.327,1801
55.81065656502988,-4.161823773893909,50.0,55.88049231589054,-4.293733205570284,98,19.293,1384
55.81065656502988,-4.161823773893909,50.0,55.84697147961761,-4.334108806216461,99,14.292,1061
55.81065656502988,-4.161823773893909,50.0,55.83067141211495,-4.195633651932574,100,5.122,595
55.81065656502988,-4.161823773893909,50.0,55.89350845984679,-4.099445363541155,101,16.669,993
55.81065656502988,-4.161823773893909,50.0,55.92592408664018,-4.179171340754611,102,28.189,1393
55.81065656502988,-4.161823773893909,50.0,55.84941827409408,-4.169566750359822,103,5.883,610
55.81065656502988,-4.161823773893909,50.0,55.92413375575165,-4.226670311636797,104,32.128,2280
55.81065656502988,-4.161823773893909,50.0,55.88995713457192,-4.285031242761631,105,19.56,1421
55.81065656502988,-4.161823773893909,50.0,55.90528066541109,-4.131569818675147,106,24.527,1157
55.81065656502988,-4.161823773893909,50.0,55.87850608392288,-4.103517886631066,107,17.255,980
55.81065656502988,-4.161823773893909,50.0,55.80799405798939,-4.284953473560454,108,10.545,1003
55.81065656502988,-4.161823773893909,50.0,55.906815669822045,-4.385279074380807,109,23.332,1587
55.81065656502988,-4.161823773893909,50.0,55.916237634416454,-4.222407816066865,110,31.454,1531
55.81065656502988,-4.161823773893909,50.0,55.915798955837815,-4.088621086891774,111,19.75,1069
55.81065656502988,-4.161823773893909,50.0,55.827538479175395,-4.350653065976025,112,16.738,1143
55.81065656502988,-4.161823773893909,50.0,55.799515288981674,-4.0866627646338864,113,6.093,471
55.81065656502988,-4.161823773893909,50.0,55.831024245961984,-4.244756518165482,114,8.091,692
55.81065656502988,-4.161823773893909,50.0,55.86754360554833,-4.2143078261423845,115,19.324,1138
55.81065656502988,-4.161823773893909,50.0,55.8574985965699,-4.1521224561179935,116,6.762,687
55.81065656502988,-4.161823773893909,50.0,55.88095643501817,-4.32811659177277,117,17.968,1176
55.81065656502988,-4.161823773893909,50.0,55.85240433608213,-4.177570445500026,118,6.815,668
55.81065656502988,-4.161823773893909,50.0,55.91169549549074,-4.359708873069638,119,24.144,1775
55.81065656502988,-4.161823773893909,50.0,55.92640787519779,-4.300990956079843,120,21.556,1658
55.81065656502988,-4.161823773893909,50.0,55.84019197366069,-4.205566157974415,121,7.379,707
55.81065656502988,-4.161823773893909,50.0,55.866619942939494,-4.268153778778456,122,22.598,1269
55.81065656502988,-4.161823773893909,50.0,55.81327411986783,-4.2587495402872255,123,8.657,777
55.81065656502988,-4.161823773893909,50.0,55.86022660117776,-4.154711133590585,124,7.115,718
55.81065656502988,-4.161823773893909,50.0,55.831522729053496,-4.370420634377527,125,18.792,1314
55.81065656502988,-4.161823773893909,50.0,55.84074346341779,-4.172411658039648,126,5.263,537
55.81065656502988,-4.161823773893909,50.0,55.8801412435821,-4.258666277618953,127,22.874,1283
55.81065656502988,-4.161823773893909,50.0,55.8434159429892,-4.1056733307349536,128,8.238,659
55.81065656502988,-4.161823773893909,50.0,55.83522057783537,-4.25736952395694,129,8.625,789
55.81065656502988,-4.161823773893909,50.0,55.86467774065618,-4.2250953414252415,130,10.447,954
55.81065656502988,-4.161823773893909,50.0,55.8953662249987,-4.231143624453162,131,15.034,1315
55.81065656502988,-4.161823773893909,50.0,55.81920459649808,-4.236238450921302,132,6.597,548
55.81065656502988,-4.161823773893909,50.0,55.900795402502105,-4.206009410292495,133,21.566,1328
55.81065656502988,-4.161823773893909,50.0,55.86078490474355,-4.339631469507248,134,16.661,1143
55.81065656502988,-4.161823773893909,50.0,55.924999437053955,-4.191173279124663,135,28.667,1346
55.81065656502988,-4.161823773893909,50.0,55.81549096669224,-4.126910343137958,136,4.145,335
55.81065656502988,-4.161823773893909,50.0,55.90135585493081,-4.207622057499793,137,21.565,1305
55.81065656502988,-4.161823773893909,50.0,55.845816555475636,-4.129576488296543,138,6.979,649
55.81065656502988,-4.161823773893909,50.0,55.80470047644827,-4.291960781118721,139,13.252,1113
55.81065656502988,-4.161823773893909,50.0,55.89185394491289,-4.179857587296262,140,20.769,1104
55.81065656502988,-4.161823773893909,50.0,55.91859399996558,-4.3401659608951215,141,23.01,1626
55.81065656502988,-4.161823773893909,50.0,55.90671476836246,-4.3642865107142725,142,22.911,1640
55.81065656502988,-4.161823773893909,50.0,55.81273399651921,-4.167613047894911,143,2.07,188
55.81065656502988,-4.161823773893909,50.0,55.80939871413575,-4.276056954355674,144,9.833,892
55.81065656502988,-4.161823773893909,50.0,55.88312869327199,-4.214542892826467,145,19.566,1206
55.81065656502988,-4.161823773893909,50.0,55.815340374954424,-4.283514492524949,146,10.003,909
55.81065656502988,-4.161823773893909,50.0,55.87864379034378,-4.080636908866371,147,16.212,850
55.81065656502988,-4.161823773893909,50.0,55.89423440492952,-4.2418874418647645,148,15.597,1399
55.81065656502988,-4.161823773893909,50.0,55.92796852989922,-4.305970400193036,149,21.684,1681
55.81065656502988,-4.161823773893909,50.0,55.92895153496988,-4.082888064137351,150,20.708,1077
55.81065656502988,-4.161823773893909,50.0,55.790766759429424,-4.135285962371055,151,3.931,258
55.81065656502988,-4.161823773893909,50.0,55.80808041573422,-4.184105792933229,152,2.613,231
55.81065656502988,-4.161823773893909,50.0,55.7982747224006,-4.3931924101572655,153,17.994,1455
55.81065656502988,-4.161823773893909,50.0,55.81178474630603,-4.337962602706185,154,17.461,1158
55.81065656502988,-4.161823773893909,50.0,55.852972007756,-4.353957895039277,155,15.86,1146
55.81065656502988,-4.161823773893909,50.0,55.797152036890715,-4.311451416173846,156,12.307,991
55.81065656502988,-4.161823773893909,50.0,55.84839482833289,-4.1889265673730645,157,6.535,624
55.81065656502988,-4.161823773893909,50.0,55.86383954752864,-4.387927326091926,158,21.452,1174
55.81065656502988,-4.161823773893909,50.0,55.807182357875575,-4.140487806234959,159,1.527,148
55.81065656502988,-4.161823773893909,50.0,55.8296607577131,-4.218765551358871,160,5.974,555
55.81065656502988,-4.161823773893909,50.0,55.82699494590622,-4.295404959002084,161,14.897,1036
55.81065656502988,-4.161823773893909,50.0,55.861248665443505,-4.307186036515638,162,13.746,1050
55.81065656502988,-4.161823773893909,50.0,55.897857165570365,-4.156645648865112,163,22.245,1141
55.81065656502988,-4.161823773893909,50.0,55.877747555317356,-4.342792329217214,164,18.558,1273
55.81065656502988,-4.161823773893909,50.0,55.92259641850896,-4.389236283866068,165,34.814,1737
55.81065656502988,-4.161823773893909,50.0,55.92621339590465,-4.2820478996479165,166,20.008,1557
55.81065656502988,-4.161823773893909,50.0,55.80660612206145,-4.094012410496262,167,11.971,921
55.81065656502988,-4.161823773893909,50.0,55.84605439624201,-4.09192094471571,168,17.441,919
55.81065656502988,-4.161823773893909,50.0,55.83961965364386,-4.1201104741133365,169,7.589,558
55.81065656502988,-4.161823773893909,50.0,55.85030951683019,-4.217608837338132,170,8.197,763
55.81065656502988,-4.161823773893909,50.0,55.85971342373431,-4.246748195156407,171,10.624,999
55.81065656502988,-4.161823773893909,50.0,55.815747728441636,-4.150792968910081,172,1.626,260
55.81065656502988,-4.161823773893909,50.0,55.80041195127493,-4.3806303679601495,173,26.292,1417
55.81065656502988,-4.161823773893909,50.0,55.85487415463933,-4.092829020720908,174,11.896,750
55.81065656502988,-4.161823773893909,50.0,55.80456076444065,-4.203157873727267,175,3.952,355
55.81065656502988,-4.161823773893909,50.0,55.84723005082115,-4.330151260440624,176,13.813,1004
55.81065656502988,-4.161823773893909,50.0,55.88775631668876,-4.123428423568879,177,19.867,1203
55.81065656502988,-4.161823773893909,50.0,55.82857385936083,-4.129579652409029,178,6.218,509
55.81065656502988,-4.161823773893909,50.0,55.879865395443076,-4.36272007519476,179,19.45,1315
55.81065656502988,-4.161823773893909,50.0,55.87973669437185,-4.215636550296907,180,20.282,1302
55.81065656502988,-4.161823773893909,50.0,55.8162521393249,-4.1868605517933455,181,2.716,358
55.81065656502988,-4.161823773893909,50.0,55.80755514535402,-4.201625161718038,182,3.705,322
55.81065656502988,-4.161823773893909,50.0,55.85565398843102,-4.250533808562208,183,10.304,976
55.81065656502988,-4.161823773893909,50.0,55.929636326069506,-4.381100658166308,184,35.8,1758
55.81065656502988,-4.161823773893909,50.0,55.879581066995904,-4.21986165885879,185,13.533,1334
55.81065656502988,-4.161823773893909,50.0,55.92647877645629,-4.127886630011083,186,21.11,1338
55.81065656502988,-4.161823773893909,50.0,55.82282427264178,-4.371094162561755,187,17.928,1237
55.81065656502988,-4.161823773893909,50.0,55.90291353127043,-4.3414180899754955,188,20.957,1518
55.81065656502988,-4.161823773893909,50.0,55.78437024600116,-4.156926419796477,189,4.875,346
55.81065656502988,-4.161823773893909,50.0,55.8321542449311,-4.1561720476648265,190,3.926,413
55.81065656502988,-4.161823773893909,50.0,55.88310705812362,-4.084862107847263,191,13.373,732
55.81065656502988,-4.161823773893909,50.0,55.85616333886266,-4.110333739241922,192,8.932,854
55.81065656502988,-4.161823773893909,50.0,55.90185178498145,-4.152652007721208,193,26.477,1689
55.81065656502988,-4.161823773893909,50.0,55.8837118458465,-4.182392741162416,194,20.136,1988
55.81065656502988,-4.161823773893909,50.0,55.83086049774818,-4.312434105301623,195,15.831,1141
55.81065656502988,-4.161823773893909,50.0,55.821849459706755,-4.176208567338996,196,2.515,325
55.81065656502988,-4.161823773893909,50.0,55.88009750494633,-4.255964552703097,197,22.56,1262
55.81065656502988,-4.161823773893909,50.0,55.87413911675089,-4.369807111055967,198,17.454,1064
55.81065656502988,-4.161823773893909,50.0,55.86354071984154,-4.093406384811447,199,13.476,854
55.791636604208385,-4.307671097366103,51.0,55.8391698042901,-4.214478482526657,0,11.033,1006
55.791636604208385,-4.307671097366103,51.0,55.86553667472969,-4.350500876963486,1,15.745,963
55.791636604208385,-4.307671097366103,51.0,55.912892829643965,-4.286410947894997,2,21.544,2254
55.791636604208385,-4.307671097366103,51.0,55.84854019346565,-4.391697428307927,3,10.956,901
55.791636604208385,-4.307671097366103,51.0,55.79232875093524,-4.310455024670266,4,0.195,32
55.791636604208385,-4.307671097366103,51.0,55.837143362020576,-4.120043492886959,5,22.075,1057
55.791636604208385,-4.307671097366103,51.0,55.84185129809378,-4.283879851305767,6,7.347,602
55.791636604208385,-4.307671097366103,51.0,55.90609664927746,-4.311383718964596,7,18.929,1262
55.791636604208385,-4.307671097366103,51.0,55.7832172019226,-4.31249791159531,8,1.087,104
55.791636604208385,-4.307671097366103,51.0,55.8177258987159,-4.260489243356555,9,5.546,496
55.791636604208385,-4.307671097366103,51.0,55.903262790870684,-4.212111703691823,10,20.91,1328
55.791636604208385,-4.307671097366103,51.0,55.893978813107424,-4.1413270988368325,11,22.65,1336
55.791636604208385,-4.307671097366103,51.0,55.894884622950286,-4.154349650804189,12,25.035,1234
55.791636604208385,-4.307671097366103,51.0,55.80680963785043,-4.263605759417426,13,4.758,457
55.791636604208385,-4.307671097366103,51.0,55.81824312166051,-4.346878846315483,14,6.141,579
55.791636604208385,-4.307671097366103,51.0,55.84742656229786,-4.269221405976544,15,7.63,622
55.791636604208385,-4.307671097366103,51.0,55.80730424868546,-4.315177272898423,16,3.136,264
55.791636604208385,-4.307671097366103,51.0,55.83798278877758,-4.260604018644594,17,6.661,628
55.791636604208385,-4.307671097366103,51.0,55.89424631095569,-4.343398240721316,18,16.348,1129
55.791636604208385,-4.307671097366103,51.0,55.83908093533876,-4.223069302141199,19,10.39,1060
55.791636604208385,-4.307671097366103,51.0,55.8357731433788,-4.270556349194068,20,5.784,448
55.791636604208385,-4.307671097366103,51.0,55.90309627527835,-4.360750370095284,21,18.381,1364
55.791636604208385,-4.307671097366103,51.0,55.85652103589449,-4.101365743428073,22,25.198,1279
55.791636604208385,-4.307671097366103,51.0,55.783736419963375,-4.235306054793451,23,6.421,488
55.791636604208385,-4.307671097366103,51.0,55.92064824587275,-4.2358362157531895,24,22.035,1309
55.791636604208385,-4.307671097366103,51.0,55.907674892744176,-4.2497703459088045,25,20.787,2354
55.791636604208385,-4.307671097366103,51.0,55.919604340921964,-4.226208116301384,26,21.959,1321
55.791636604208385,-4.307671097366103,51.0,55.83219148710444,-4.304581930326681,27,6.342,579
55.791636604208385,-4.307671097366103,51.0,55.79569701419853,-4.1769099124482585,28,11.944,861
55.791636604208385,-4.307671097366103,51.0,55.81260197667657,-4.197841211154324,29,11.869,898
55.791636604208385,-4.307671097366103,51.0,55.826092940761974,-4.176919409292903,30,18.732,1130
55.791636604208385,-4.307671097366103,51.0,55.828413149208096,-4.109650878166438,31,22.004,1344
55.791636604208385,-4.307671097366103,51.0,55.8999241737755,-4.257993823533507,32,17.993,1241
55.791636604208385,-4.307671097366103,51.0,55.892514250678616,-4.340118142906542,33,16.377,1140
55.791636604208385,-4.307671097366103,51.0,55.855241629670886,-4.269936069312288,34,10.457,837
55.791636604208385,-4.307671097366103,51.0,55.877364911629314,-4.109701193625618,35,25.599,1379
55.791636604208385,-4.307671097366103,51.0,55.887053111734645,-4.1280531391159245,36,25.901,1346
55.791636604208385,-4.307671097366103,51.0,55.89108676863447,-4.105446803942431,37,27.634,1652
55.791636604208385,-4.307671097366103,51.0,55.842635153466425,-4.334387903339716,38,10.366,729
55.791636604208385,-4.307671097366103,51.0,55.89197542936556,-4.19614108945253,39,21.908,1179
55.791636604208385,-4.307671097366103,51.0,55.825849135803445,-4.321179033230789,40,6.321,500
55.791636604208385,-4.307671097366103,51.0,55.81864602215581,-4.375055705699034,41,6.268,507
55.791636604208385,-4.307671097366103,51.0,55.92613065482397,-4.212698358862173,42,22.421,1373
55.791636604208385,-4.307671097366103,51.0,55.874439929608144,-4.279689658904073,43,14.633,908
55.791636604208385,-4.307671097366103,51.0,55.81998166828728,-4.245455535821837,44,6.482,597
55.791636604208385,-4.307671097366103,51.0,55.91066980601156,-4.213502644426629,45,21.373,1324
55.791636604208385,-4.307671097366103,51.0,55.8404807486866,-4.356656090229781,46,8.544,737
55.791636604208385,-4.307671097366103,51.0,55.88708229912325,-4.079055837843032,47,30.867,1400
55.791636604208385,-4.307671097366103,51.0,55.84510555179576,-4.178720975321847,48,20.397,1145
55.791636604208385,-4.307671097366103,51.0,55.84413340760586,-4.085244529493477,49,27.564,1775
55.791636604208385,-4.307671097366103,51.0,55.83324217210475,-4.157183908594519,50,14.925,1123
55.791636604208385,-4.307671097366103,51.0,55.895753278756494,-4.323131413571223,51,16.134,1240
55.791636604208385,-4.307671097366103,51.0,55.88609925330935,-4.38354364327563,52,16.778,1031
55.791636604208385,-4.307671097366103,51.0,55.86596770908397,-4.338853955125049,53,13.561,911
55.791636604208385,-4.307671097366103,51.0,55.819381988004544,-4.256567679373081,54,5.612,490
55.791636604208385,-4.307671097366103,51.0,55.919398785577634,-4.298102785445152,55,21.82,1934
55.791636604208385,-4.307671097366103,51.0,55.81052481551728,-4.0780884232687225,56,28.218,2526
55.791636604208385,-4.307671097366103,51.0,55.8411814367945,-4.125490362928665,57,23.617,1215
55.791636604208385,-4.307671097366103,51.0,55.844855881791794,-4.151320272286683,58,21.249,1196
55.791636604208385,-4.307671097366103,51.0,55.79334532620707,-4.3052187624925375,59,0.309,30
55.791636604208385,-4.307671097366103,51.0,55.78499644933002,-4.082518262203789,60,18.411,1033
55.791636604208385,-4.307671097366103,51.0,55.86482365717543,-4.074666870071637,61,27.464,1496
55.791636604208385,-4.307671097366103,51.0,55.910543969585106,-4.384534109666136,62,20.208,1429
55.791636604208385,-4.307671097366103,51.0,55.799715679086134,-4.188568421733812,63,9.643,898
55.791636604208385,-4.307671097366103,51.0,55.90005630083831,-4.294022887833187,64,18.001,1215
55.791636604208385,-4.307671097366103,51.0,55.82573931186619,-4.210157383495828,65,13.159,942
55.791636604208385,-4.307671097366103,51.0,55.88010014610652,-4.288014027401103,66,16.722,1184
55.791636604208385,-4.307671097366103,51.0,55.8836463272421,-4.377148406451105,67,16.548,1108
55.791636604208385,-4.307671097366103,51.0,55.80511293548626,-4.195982430231648,68,11.126,847
55.791636604208385,-4.307671097366103,51.0,55.9265186267864,-4.256321117900257,69,21.358,1348
55.791636604208385,-4.307671097366103,51.0,55.90353118048908,-4.119171950823842,70,26.797,1587
55.791636604208385,-4.307671097366103,51.0,55.81502357146685,-4.260984914919316,71,5.85,481
55.791636604208385,-4.307671097366103,51.0,55.894355058439295,-4.293143876300353,72,17.291,1163
55.791636604208385,-4.307671097366103,51.0,55.80246488546192,-4.242274834364847,73,7.551,625
55.791636604208385,-4.307671097366103,51.0,55.887581813102464,-4.2985753032369685,74,16.903,1159
55.791636604208385,-4.307671097366103,51.0,55.928290955083554,-4.295962301582311,75,22.242,1348
55.791636604208385,-4.307671097366103,51.0,55.81096058143004,-4.368797105646974,76,5.433,481
55.791636604208385,-4.307671097366103,51.0,55.84818750128869,-4.3631808239548375,77,10.298,851
55.791636604208385,-4.307671097366103,51.0,55.81610352786554,-4.330910795148831,78,4.964,407
55.791636604208385,-4.307671097366103,51.0,55.807034270653475,-4.136077366584948,79,16.692,1041
55.791636604208385,-4.307671097366103,51.0,55.86778114631985,-4.233612892312959,80,16.484,991
55.791636604208385,-4.307671097366103,51.0,55.79578956690847,-4.368290459919509,81,7.985,1564
55.791636604208385,-4.307671097366103,51.0,55.897877306124535,-4.077031107370425,82,29.425,2118
55.791636604208385,-4.307671097366103,51.0,55.80721289582252,-4.242612882195534,83,7.928,652
55.791636604208385,-4.307671097366103,51.0,55.92209393969709,-4.157940141970138,84,26.568,1385
55.791636604208385,-4.307671097366103,51.0,55.79188265083702,-4.28147512844989,85,2.135,160
55.791636604208385,-4.307671097366103,51.0,55.88043814367632,-4.104360473798184,86,25.411,1339
55.791636604208385,-4.307671097366103,51.0,55.90345994988174,-4.293652184560058,87,18.47,1261
55.791636604208385,-4.307671097366103,51.0,55.91230525016259,-4.108196424937476,88,28.065,1533
55.791636604208385,-4.307671097366103,51.0,55.90569137930351,-4.3852429216612405,89,20.243,1452
55.791636604208385,-4.307671097366103,51.0,55.824402119970216,-4.298242138123909,90,4.709,420
55.791636604208385,-4.307671097366103,51.0,55.887104625653905,-4.201059285828647,91,19.62,1328
55.791636604208385,-4.307671097366103,51.0,55.92006797200308,-4.195257422106852,92,23.267,1351
55.791636604208385,-4.307671097366103,51.0,55.7944551107823,-4.1683749063061635,93,12.074,1295
55.791636604208385,-4.307671097366103,51.0,55.88003873447475,-4.304350182381346,94,16.462,1064
55.791636604208385,-4.307671097366103,51.0,55.88308048053683,-4.2942103285768285,95,16.062,1038
55.791636604208385,-4.307671097366103,51.0,55.80779271908626,-4.3234306371549245,96,3.584,311
55.791636604208385,-4.307671097366103,51.0,55.90123467399992,-4.380968632189907,97,20.573,1574
55.791636604208385,-4.307671097366103,51.0,55.88049231589054,-4.293733205570284,98,15.964,1029
55.791636604208385,-4.307671097366103,51.0,55.84697147961761,-4.334108806216461,99,10.677,805
55.791636604208385,-4.307671097366103,51.0,55.83067141211495,-4.195633651932574,100,17.542,1009
55.791636604208385,-4.307671097366103,51.0,55.89350845984679,-4.099445363541155,101,27.449,1484
55.791636604208385,-4.307671097366103,51.0,55.92592408664018,-4.179171340754611,102,27.909,1469
55.791636604208385,-4.307671097366103,51.0,55.84941827409408,-4.169566750359822,103,21.102,1211
55.791636604208385,-4.307671097366103,51.0,55.92413375575165,-4.226670311636797,104,23.636,2116
55.791636604208385,-4.307671097366103,51.0,55.88995713457192,-4.285031242761631,105,16.231,1066
55.791636604208385,-4.307671097366103,51.0,55.90528066541109,-4.131569818675147,106,24.247,1233
55.791636604208385,-4.307671097366103,51.0,55.87850608392288,-4.103517886631066,107,25.742,1372
55.791636604208385,-4.307671097366103,51.0,55.80799405798939,-4.284953473560454,108,2.771,290
55.791636604208385,-4.307671097366103,51.0,55.906815669822045,-4.385279074380807,109,19.554,1367
55.791636604208385,-4.307671097366103,51.0,55.916237634416454,-4.222407816066865,110,21.874,1309
55.791636604208385,-4.307671097366103,51.0,55.915798955837815,-4.088621086891774,111,31.149,1564
55.791636604208385,-4.307671097366103,51.0,55.827538479175395,-4.350653065976025,112,6.738,544
55.791636604208385,-4.307671097366103,51.0,55.799515288981674,-4.0866627646338864,113,19.178,1177
55.791636604208385,-4.307671097366103,51.0,55.831024245961984,-4.244756518165482,114,7.809,720
55.791636604208385,-4.307671097366103,51.0,55.86754360554833,-4.2143078261423845,115,17.824,1106
55.791636604208385,-4.307671097366103,51.0,55.8574985965699,-4.1521224561179935,116,22.405,1322
55.791636604208385,-4.307671097366103,51.0,55.88095643501817,-4.32811659177277,117,14.19,956
55.791636604208385,-4.307671097366103,51.0,55.85240433608213,-4.177570445500026,118,21.266,1262
55.791636604208385,-4.307671097366103,51.0,55.91169549549074,-4.359708873069638,119,22.387,1545
55.791636604208385,-4.307671097366103,51.0,55.92640787519779,-4.300990956079843,120,22.69,1397
55.791636604208385,-4.307671097366103,51.0,55.84019197366069,-4.205566157974415,121,11.519,1121
55.791636604208385,-4.307671097366103,51.0,55.866619942939494,-4.268153778778456,122,10.81,976
55.791636604208385,-4.307671097366103,51.0,55.81327411986783,-4.2587495402872255,123,5.936,544
55.791636604208385,-4.307671097366103,51.0,55.86022660117776,-4.154711133590585,124,22.325,1250
55.791636604208385,-4.307671097366103,51.0,55.831522729053496,-4.370420634377527,125,7.831,698
55.791636604208385,-4.307671097366103,51.0,55.84074346341779,-4.172411658039648,126,19.47,1065
55.791636604208385,-4.307671097366103,51.0,55.8801412435821,-4.258666277618953,127,15.83,1056
55.791636604208385,-4.307671097366103,51.0,55.8434159429892,-4.1056733307349536,128,23.873,1244
55.791636604208385,-4.307671097366103,51.0,55.83522057783537,-4.25736952395694,129,6.713,614
55.791636604208385,-4.307671097366103,51.0,55.86467774065618,-4.2250953414252415,130,16.608,943
55.791636604208385,-4.307671097366103,51.0,55.8953662249987,-4.231143624453162,131,19.061,1121
55.791636604208385,-4.307671097366103,51.0,55.81920459649808,-4.236238450921302,132,7.066,648
55.791636604208385,-4.307671097366103,51.0,55.900795402502105,-4.206009410292495,133,21.228,1316
55.791636604208385,-4.307671097366103,51.0,55.86078490474355,-4.339631469507248,134,14.096,1006
55.791636604208385,-4.307671097366103,51.0,55.924999437053955,-4.191173279124663,135,23.518,1361
55.791636604208385,-4.307671097366103,51.0,55.81549096669224,-4.126910343137958,136,17.749,1130
55.791636604208385,-4.307671097366103,51.0,55.90135585493081,-4.207622057499793,137,21.227,1293
55.791636604208385,-4.307671097366103,51.0,55.845816555475636,-4.129576488296543,138,22.622,1286
55.791636604208385,-4.307671097366103,51.0,55.80470047644827,-4.291960781118721,139,2.329,246
55.791636604208385,-4.307671097366103,51.0,55.89185394491289,-4.179857587296262,140,20.812,1104
55.791636604208385,-4.307671097366103,51.0,55.91859399996558,-4.3401659608951215,141,21.253,1395
55.791636604208385,-4.307671097366103,51.0,55.90671476836246,-4.3642865107142725,142,19.133,1419
55.791636604208385,-4.307671097366103,51.0,55.81273399651921,-4.167613047894911,143,11.945,879
55.791636604208385,-4.307671097366103,51.0,55.80939871413575,-4.276056954355674,144,3.646,335
55.791636604208385,-4.307671097366103,51.0,55.88312869327199,-4.214542892826467,145,18.632,1147
55.791636604208385,-4.307671097366103,51.0,55.815340374954424,-4.283514492524949,146,3.566,290
55.791636604208385,-4.307671097366103,51.0,55.87864379034378,-4.080636908866371,147,31.847,1435
55.791636604208385,-4.307671097366103,51.0,55.89423440492952,-4.2418874418647645,148,19.624,1204
55.791636604208385,-4.307671097366103,51.0,55.92796852989922,-4.305970400193036,149,22.818,1420
55.791636604208385,-4.307671097366103,51.0,55.92895153496988,-4.082888064137351,150,31.519,1513
55.791636604208385,-4.307671097366103,51.0,55.790766759429424,-4.135285962371055,151,14.499,936
55.791636604208385,-4.307671097366103,51.0,55.80808041573422,-4.184105792933229,152,10.742,783
55.791636604208385,-4.307671097366103,51.0,55.7982747224006,-4.3931924101572655,153,7.071,588
55.791636604208385,-4.307671097366103,51.0,55.81178474630603,-4.337962602706185,154,4.219,381
55.791636604208385,-4.307671097366103,51.0,55.852972007756,-4.353957895039277,155,10.511,964
55.791636604208385,-4.307671097366103,51.0,55.797152036890715,-4.311451416173846,156,1.384,125
55.791636604208385,-4.307671097366103,51.0,55.84839482833289,-4.1889265673730645,157,21.048,1180
55.791636604208385,-4.307671097366103,51.0,55.86383954752864,-4.387927326091926,158,13.57,988
55.791636604208385,-4.307671097366103,51.0,55.807182357875575,-4.140487806234959,159,13.775,996
55.791636604208385,-4.307671097366103,51.0,55.8296607577131,-4.218765551358871,160,9.444,895
55.791636604208385,-4.307671097366103,51.0,55.82699494590622,-4.295404959002084,161,4.776,409
55.791636604208385,-4.307671097366103,51.0,55.861248665443505,-4.307186036515638,162,10.94,830
55.791636604208385,-4.307671097366103,51.0,55.897857165570365,-4.156645648865112,163,22.288,1140
55.791636604208385,-4.307671097366103,51.0,55.877747555317356,-4.342792329217214,164,14.788,1062
55.791636604208385,-4.307671097366103,51.0,55.92259641850896,-4.389236283866068,165,32.249,1600
55.791636604208385,-4.307671097366103,51.0,55.92621339590465,-4.2820478996479165,166,21.142,1297
55.791636604208385,-4.307671097366103,51.0,55.80660612206145,-4.094012410496262,167,27.92,1532
55.791636604208385,-4.307671097366103,51.0,55.84605439624201,-4.09192094471571,168,26.625,1255
55.791636604208385,-4.307671097366103,51.0,55.83961965364386,-4.1201104741133365,169,23.224,1142
55.791636604208385,-4.307671097366103,51.0,55.85030951683019,-4.217608837338132,170,10.939,1094
55.791636604208385,-4.307671097366103,51.0,55.85971342373431,-4.246748195156407,171,10.117,990
55.791636604208385,-4.307671097366103,51.0,55.815747728441636,-4.150792968910081,172,13.963,1094
55.791636604208385,-4.307671097366103,51.0,55.80041195127493,-4.3806303679601495,173,7.985,511
55.791636604208385,-4.307671097366103,51.0,55.85487415463933,-4.092829020720908,174,26.435,1256
55.791636604208385,-4.307671097366103,51.0,55.80456076444065,-4.203157873727267,175,11.617,867
55.791636604208385,-4.307671097366103,51.0,55.84723005082115,-4.330151260440624,176,10.565,774
55.791636604208385,-4.307671097366103,51.0,55.88775631668876,-4.123428423568879,177,26.036,1352
55.791636604208385,-4.307671097366103,51.0,55.82857385936083,-4.129579652409029,178,19.822,1305
55.791636604208385,-4.307671097366103,51.0,55.879865395443076,-4.36272007519476,179,15.696,1087
55.791636604208385,-4.307671097366103,51.0,55.87973669437185,-4.215636550296907,180,17.919,1158
55.791636604208385,-4.307671097366103,51.0,55.8162521393249,-4.1868605517933455,181,12.124,903
55.791636604208385,-4.307671097366103,51.0,55.80755514535402,-4.201625161718038,182,11.37,834
55.791636604208385,-4.307671097366103,51.0,55.85565398843102,-4.250533808562208,183,8.643,843
55.791636604208385,-4.307671097366103,51.0,55.929636326069506,-4.381100658166308,184,33.235,1621
55.791636604208385,-4.307671097366103,51.0,55.879581066995904,-4.21986165885879,185,17.56,1139
55.791636604208385,-4.307671097366103,51.0,55.92647877645629,-4.127886630011083,186,27.65,1471
55.791636604208385,-4.307671097366103,51.0,55.82282427264178,-4.371094162561755,187,6.967,621
55.791636604208385,-4.307671097366103,51.0,55.90291353127043,-4.3414180899754955,188,17.179,1297
55.791636604208385,-4.307671097366103,51.0,55.78437024600116,-4.156926419796477,189,14.389,914
55.791636604208385,-4.307671097366103,51.0,55.8321542449311,-4.1561720476648265,190,14.965,1137
55.791636604208385,-4.307671097366103,51.0,55.88310705812362,-4.084862107847263,191,29.008,1317
55.791636604208385,-4.307671097366103,51.0,55.85616333886266,-4.110333739241922,192,25.236,1300
55.791636604208385,-4.307671097366103,51.0,55.90185178498145,-4.152652007721208,193,26.197,1765
55.791636604208385,-4.307671097366103,51.0,55.8837118458465,-4.182392741162416,194,22.476,2113
55.791636604208385,-4.307671097366103,51.0,55.83086049774818,-4.312434105301623,195,5.926,481
55.791636604208385,-4.307671097366103,51.0,55.821849459706755,-4.176208567338996,196,13.362,1025
55.791636604208385,-4.307671097366103,51.0,55.88009750494633,-4.255964552703097,197,15.516,1035
55.791636604208385,-4.307671097366103,51.0,55.87413911675089,-4.369807111055967,198,14.889,927
55.791636604208385,-4.307671097366103,51.0,55.86354071984154,-4.093406384811447,199,25.852,1354
55.82263105585452,-4.182768424802409,52.0,55.8391698042901,-4.214478482526657,0,3.113,324
55.82263105585452,-4.182768424802409,52.0,55.86553667472969,-4.350500876963486,1,15.467,792
55.82263105585452,-4.182768424802409,52.0,55.912892829643965,-4.286410947894997,2,16.602,2260
55.82263105585452,-4.182768424802409,52.0,55.84854019346565,-4.391697428307927,3,14.898,1014
55.82263105585452,-4.182768424802409,52.0,55.79232875093524,-4.310455024670266,4,17.363,991
55.82263105585452,-4.182768424802409,52.0,55.837143362020576,-4.120043492886959,5,5.622,354
55.82263105585452,-4.182768424802409,52.0,55.84185129809378,-4.283879851305767,6,7.337,666
55.82263105585452,-4.182768424802409,52.0,55.90609664927746,-4.311383718964596,7,19.612,1282
55.82263105585452,-4.182768424802409,52.0,55.7832172019226,-4.31249791159531,8,14.279,1081
55.82263105585452,-4.182768424802409,52.0,55.8177258987159,-4.260489243356555,9,7.287,579
55.82263105585452,-4.182768424802409,52.0,55.903262790870684,-4.212111703691823,10,13.075,1269
55.82263105585452,-4.182768424802409,52.0,55.893978813107424,-4.1413270988368325,11,19.064,1112
55.82263105585452,-4.182768424802409,52.0,55.894884622950286,-4.154349650804189,12,23.929,1013
55.82263105585452,-4.182768424802409,52.0,55.80680963785043,-4.263605759417426,13,9.725,846
55.82263105585452,-4.182768424802409,52.0,55.81824312166051,-4.346878846315483,14,14.526,905
55.82263105585452,-4.182768424802409,52.0,55.84742656229786,-4.269221405976544,15,7.702,685
55.82263105585452,-4.182768424802409,52.0,55.80730424868546,-4.315177272898423,16,14.232,890
55.82263105585452,-4.182768424802409,52.0,55.83798278877758,-4.260604018644594,17,5.808,480
55.82263105585452,-4.182768424802409,52.0,55.89424631095569,-4.343398240721316,18,17.283,1042
55.82263105585452,-4.182768424802409,52.0,55.83908093533876,-4.223069302141199,19,4.143,453
55.82263105585452,-4.182768424802409,52.0,55.8357731433788,-4.270556349194068,20,6.492,530
55.82263105585452,-4.182768424802409,52.0,55.90309627527835,-4.360750370095284,21,19.316,1277
55.82263105585452,-4.182768424802409,52.0,55.85652103589449,-4.101365743428073,22,10.555,677
55.82263105585452,-4.182768424802409,52.0,55.783736419963375,-4.235306054793451,23,8.328,607
55.82263105585452,-4.182768424802409,52.0,55.92064824587275,-4.2358362157531895,24,14.2,1250
55.82263105585452,-4.182768424802409,52.0,55.907674892744176,-4.2497703459088045,25,12.952,2295
55.82263105585452,-4.182768424802409,52.0,55.919604340921964,-4.226208116301384,26,14.124,1261
55.82263105585452,-4.182768424802409,52.0,55.83219148710444,-4.304581930326681,27,13.404,932
55.82263105585452,-4.182768424802409,52.0,55.79569701419853,-4.1769099124482585,28,4.849,395
55.82263105585452,-4.182768424802409,52.0,55.81260197667657,-4.197841211154324,29,2.26,263
55.82263105585452,-4.182768424802409,52.0,55.826092940761974,-4.176919409292903,30,1.582,246
55.82263105585452,-4.182768424802409,52.0,55.828413149208096,-4.109650878166438,31,9.083,616
55.82263105585452,-4.182768424802409,52.0,55.8999241737755,-4.257993823533507,32,13.051,1240
55.82263105585452,-4.182768424802409,52.0,55.892514250678616,-4.340118142906542,33,17.312,1053
55.82263105585452,-4.182768424802409,52.0,55.855241629670886,-4.269936069312288,34,10.529,899
55.82263105585452,-4.182768424802409,52.0,55.877364911629314,-4.109701193625618,35,16.796,889
55.82263105585452,-4.182768424802409,52.0,55.887053111734645,-4.1280531391159245,36,22.443,1093
55.82263105585452,-4.182768424802409,52.0,55.89108676863447,-4.105446803942431,37,16.784,1104
55.82263105585452,-4.182768424802409,52.0,55.842635153466425,-4.334387903339716,38,11.335,720
55.82263105585452,-4.182768424802409,52.0,55.89197542936556,-4.19614108945253,39,19.347,1042
55.82263105585452,-4.182768424802409,52.0,55.825849135803445,-4.321179033230789,40,11.582,832
55.82263105585452,-4.182768424802409,52.0,55.81864602215581,-4.375055705699034,41,15.555,914
55.82263105585452,-4.182768424802409,52.0,55.92613065482397,-4.212698358862173,42,14.586,1314
55.82263105585452,-4.182768424802409,52.0,55.874439929608144,-4.279689658904073,43,15.119,956
55.82263105585452,-4.182768424802409,52.0,55.81998166828728,-4.245455535821837,44,4.843,464
55.82263105585452,-4.182768424802409,52.0,55.91066980601156,-4.213502644426629,45,13.538,1265
55.82263105585452,-4.182768424802409,52.0,55.8404807486866,-4.356656090229781,46,14.987,988
55.82263105585452,-4.182768424802409,52.0,55.88708229912325,-4.079055837843032,47,14.414,697
55.82263105585452,-4.182768424802409,52.0,55.84510555179576,-4.178720975321847,48,4.98,458
55.82263105585452,-4.182768424802409,52.0,55.84413340760586,-4.085244529493477,49,11.111,1071
55.82263105585452,-4.182768424802409,52.0,55.83324217210475,-4.157183908594519,50,3.068,281
55.82263105585452,-4.182768424802409,52.0,55.895753278756494,-4.323131413571223,51,17.069,1153
55.82263105585452,-4.182768424802409,52.0,55.88609925330935,-4.38354364327563,52,16.5,861
55.82263105585452,-4.182768424802409,52.0,55.86596770908397,-4.338853955125049,53,13.283,741
55.82263105585452,-4.182768424802409,52.0,55.819381988004544,-4.256567679373081,54,8.196,634
55.82263105585452,-4.182768424802409,52.0,55.919398785577634,-4.298102785445152,55,16.878,1940
55.82263105585452,-4.182768424802409,52.0,55.81052481551728,-4.0780884232687225,56,11.882,1764
55.82263105585452,-4.182768424802409,52.0,55.8411814367945,-4.125490362928665,57,5.492,485
55.82263105585452,-4.182768424802409,52.0,55.844855881791794,-4.151320272286683,58,4.788,442
55.82263105585452,-4.182768424802409,52.0,55.79334532620707,-4.3052187624925375,59,12.063,981
55.82263105585452,-4.182768424802409,52.0,55.78499644933002,-4.082518262203789,60,12.043,684
55.82263105585452,-4.182768424802409,52.0,55.86482365717543,-4.074666870071637,61,12.107,871
55.82263105585452,-4.182768424802409,52.0,55.910543969585106,-4.384534109666136,62,21.143,1342
55.82263105585452,-4.182768424802409,52.0,55.799715679086134,-4.188568421733812,63,4.831,554
55.82263105585452,-4.182768424802409,52.0,55.90005630083831,-4.294022887833187,64,18.487,1264
55.82263105585452,-4.182768424802409,52.0,55.82573931186619,-4.210157383495828,65,2.323,235
55.82263105585452,-4.182768424802409,52.0,55.88010014610652,-4.288014027401103,66,17.208,1232
55.82263105585452,-4.182768424802409,52.0,55.8836463272421,-4.377148406451105,67,16.27,938
55.82263105585452,-4.182768424802409,52.0,55.80511293548626,-4.195982430231648,68,3.24,337
55.82263105585452,-4.182768424802409,52.0,55.9265186267864,-4.256321117900257,69,16.416,1354
55.82263105585452,-4.182768424802409,52.0,55.90353118048908,-4.119171950823842,70,17.386,1164
55.82263105585452,-4.182768424802409,52.0,55.81502357146685,-4.260984914919316,71,7.644,613
55.82263105585452,-4.182768424802409,52.0,55.894355058439295,-4.293143876300353,72,17.777,1211
55.82263105585452,-4.182768424802409,52.0,55.80246488546192,-4.242274834364847,73,5.459,563
55.82263105585452,-4.182768424802409,52.0,55.887581813102464,-4.2985753032369685,74,17.389,1207
55.82263105585452,-4.182768424802409,52.0,55.928290955083554,-4.295962301582311,75,17.3,1354
55.82263105585452,-4.182768424802409,52.0,55.81096058143004,-4.368797105646974,76,17.212,996
55.82263105585452,-4.182768424802409,52.0,55.84818750128869,-4.3631808239548375,77,15.973,840
55.82263105585452,-4.182768424802409,52.0,55.81610352786554,-4.330910795148831,78,13.551,745
55.82263105585452,-4.182768424802409,52.0,55.807034270653475,-4.136077366584948,79,4.001,420
55.82263105585452,-4.182768424802409,52.0,55.86778114631985,-4.233612892312959,80,8.182,904
55.82263105585452,-4.182768424802409,52.0,55.79578956690847,-4.368290459919509,81,22.296,2190
55.82263105585452,-4.182768424802409,52.0,55.897877306124535,-4.077031107370425,82,16.773,1442
55.82263105585452,-4.182768424802409,52.0,55.80721289582252,-4.242612882195534,83,4.798,521
55.82263105585452,-4.182768424802409,52.0,55.92209393969709,-4.157940141970138,84,26.03,1191
55.82263105585452,-4.182768424802409,52.0,55.79188265083702,-4.28147512844989,85,11.691,903
55.82263105585452,-4.182768424802409,52.0,55.88043814367632,-4.104360473798184,86,16.106,829
55.82263105585452,-4.182768424802409,52.0,55.90345994988174,-4.293652184560058,87,18.956,1309
55.82263105585452,-4.182768424802409,52.0,55.91230525016259,-4.108196424937476,88,20.066,1066
55.82263105585452,-4.182768424802409,52.0,55.90569137930351,-4.3852429216612405,89,21.178,1365
55.82263105585452,-4.182768424802409,52.0,55.824402119970216,-4.298242138123909,90,12.018,753
55.82263105585452,-4.182768424802409,52.0,55.887104625653905,-4.201059285828647,91,19.121,1117
55.82263105585452,-4.182768424802409,52.0,55.92006797200308,-4.195257422106852,92,28.1,1236
55.82263105585452,-4.182768424802409,52.0,55.7944551107823,-4.1683749063061635,93,4.979,830
55.82263105585452,-4.182768424802409,52.0,55.88003873447475,-4.304350182381346,94,16.948,1112
55.82263105585452,-4.182768424802409,52.0,55.88308048053683,-4.2942103285768285,95,16.548,1087
55.82263105585452,-4.182768424802409,52.0,55.80779271908626,-4.3234306371549245,96,14.822,877
55.82263105585452,-4.182768424802409,52.0,55.90123467399992,-4.380968632189907,97,21.484,1494
55.82263105585452,-4.182768424802409,52.0,55.88049231589054,-4.293733205570284,98,16.45,1077
55.82263105585452,-4.182768424802409,52.0,55.84697147961761,-4.334108806216461,99,11.449,753
55.82263105585452,-4.182768424802409,52.0,55.83067141211495,-4.195633651932574,100,2.279,287
55.82263105585452,-4.182768424802409,52.0,55.89350845984679,-4.099445363541155,101,15.851,874
55.82263105585452,-4.182768424802409,52.0,55.92592408664018,-4.179171340754611,102,27.371,1274
55.82263105585452,-4.182768424802409,52.0,55.84941827409408,-4.169566750359822,103,5.065,492
55.82263105585452,-4.182768424802409,52.0,55.92413375575165,-4.226670311636797,104,15.801,2056
55.82263105585452,-4.182768424802409,52.0,55.88995713457192,-4.285031242761631,105,16.717,1114
55.82263105585452,-4.182768424802409,52.0,55.90528066541109,-4.131569818675147,106,23.709,1038
55.82263105585452,-4.182768424802409,52.0,55.87850608392288,-4.103517886631066,107,16.437,862
55.82263105585452,-4.182768424802409,52.0,55.80799405798939,-4.284953473560454,108,9.511,850
55.82263105585452,-4.182768424802409,52.0,55.906815669822045,-4.385279074380807,109,20.489,1280
55.82263105585452,-4.182768424802409,52.0,55.916237634416454,-4.222407816066865,110,14.039,1249
55.82263105585452,-4.182768424802409,52.0,55.915798955837815,-4.088621086891774,111,18.932,950
55.82263105585452,-4.182768424802409,52.0,55.827538479175395,-4.350653065976025,112,13.895,836
55.82263105585452,-4.182768424802409,52.0,55.799515288981674,-4.0866627646338864,113,7.743,653
55.82263105585452,-4.182768424802409,52.0,55.831024245961984,-4.244756518165482,114,5.248,385
55.82263105585452,-4.182768424802409,52.0,55.86754360554833,-4.2143078261423845,115,7.518,940
55.82263105585452,-4.182768424802409,52.0,55.8574985965699,-4.1521224561179935,116,5.944,568
55.82263105585452,-4.182768424802409,52.0,55.88095643501817,-4.32811659177277,117,15.125,869
55.82263105585452,-4.182768424802409,52.0,55.85240433608213,-4.177570445500026,118,5.997,549
55.82263105585452,-4.182768424802409,52.0,55.91169549549074,-4.359708873069638,119,21.301,1468
55.82263105585452,-4.182768424802409,52.0,55.92640787519779,-4.300990956079843,120,21.237,1382
55.82263105585452,-4.182768424802409,52.0,55.84019197366069,-4.205566157974415,121,3.599,439
55.82263105585452,-4.182768424802409,52.0,55.866619942939494,-4.268153778778456,122,10.302,1043
55.82263105585452,-4.182768424802409,52.0,55.81327411986783,-4.2587495402872255,123,7.623,623
55.82263105585452,-4.182768424802409,52.0,55.86022660117776,-4.154711133590585,124,6.297,599
55.82263105585452,-4.182768424802409,52.0,55.831522729053496,-4.370420634377527,125,15.949,1006
55.82263105585452,-4.182768424802409,52.0,55.84074346341779,-4.172411658039648,126,4.053,378
55.82263105585452,-4.182768424802409,52.0,55.8801412435821,-4.258666277618953,127,10.578,1057
55.82263105585452,-4.182768424802409,52.0,55.8434159429892,-4.1056733307349536,128,7.42,541
55.82263105585452,-4.182768424802409,52.0,55.83522057783537,-4.25736952395694,129,5.782,482
55.82263105585452,-4.182768424802409,52.0,55.86467774065618,-4.2250953414252415,130,6.743,696
55.82263105585452,-4.182768424802409,52.0,55.8953662249987,-4.231143624453162,131,11.226,1061
55.82263105585452,-4.182768424802409,52.0,55.81920459649808,-4.236238450921302,132,4.259,414
55.82263105585452,-4.182768424802409,52.0,55.900795402502105,-4.206009410292495,133,20.748,1209
55.82263105585452,-4.182768424802409,52.0,55.86078490474355,-4.339631469507248,134,13.818,836
55.82263105585452,-4.182768424802409,52.0,55.924999437053955,-4.191173279124663,135,27.849,1227
55.82263105585452,-4.182768424802409,52.0,55.81549096669224,-4.126910343137958,136,4.992,467
55.82263105585452,-4.182768424802409,52.0,55.90135585493081,-4.207622057499793,137,20.747,1186
55.82263105585452,-4.182768424802409,52.0,55.845816555475636,-4.129576488296543,138,6.161,530
55.82263105585452,-4.182768424802409,52.0,55.80470047644827,-4.291960781118721,139,10.517,909
55.82263105585452,-4.182768424802409,52.0,55.89185394491289,-4.179857587296262,140,10.364,953
55.82263105585452,-4.182768424802409,52.0,55.91859399996558,-4.3401659608951215,141,20.167,1318
55.82263105585452,-4.182768424802409,52.0,55.90671476836246,-4.3642865107142725,142,20.068,1332
55.82263105585452,-4.182768424802409,52.0,55.81273399651921,-4.167613047894911,143,2.05,231
55.82263105585452,-4.182768424802409,52.0,55.80939871413575,-4.276056954355674,144,8.799,738
55.82263105585452,-4.182768424802409,52.0,55.88312869327199,-4.214542892826467,145,18.748,1087
55.82263105585452,-4.182768424802409,52.0,55.815340374954424,-4.283514492524949,146,8.969,755
55.82263105585452,-4.182768424802409,52.0,55.87864379034378,-4.080636908866371,147,15.394,732
55.82263105585452,-4.182768424802409,52.0,55.89423440492952,-4.2418874418647645,148,11.789,1145
55.82263105585452,-4.182768424802409,52.0,55.92796852989922,-4.305970400193036,149,21.365,1405
55.82263105585452,-4.182768424802409,52.0,55.92895153496988,-4.082888064137351,150,19.89,958
55.82263105585452,-4.182768424802409,52.0,55.790766759429424,-4.135285962371055,151,6.129,476
55.82263105585452,-4.182768424802409,52.0,55.80808041573422,-4.184105792933229,152,3.034,269
55.82263105585452,-4.182768424802409,52.0,55.7982747224006,-4.3931924101572655,153,18.02,1090
55.82263105585452,-4.182768424802409,52.0,55.81178474630603,-4.337962602706185,154,14.618,851
55.82263105585452,-4.182768424802409,52.0,55.852972007756,-4.353957895039277,155,13.017,839
55.82263105585452,-4.182768424802409,52.0,55.797152036890715,-4.311451416173846,156,16.59,925
55.82263105585452,-4.182768424802409,52.0,55.84839482833289,-4.1889265673730645,157,5.631,493
55.82263105585452,-4.182768424802409,52.0,55.86383954752864,-4.387927326091926,158,18.609,866
55.82263105585452,-4.182768424802409,52.0,55.807182357875575,-4.140487806234959,159,3.678,395
55.82263105585452,-4.182768424802409,52.0,55.8296607577131,-4.218765551358871,160,2.664,327
55.82263105585452,-4.182768424802409,52.0,55.82699494590622,-4.295404959002084,161,12.054,729
55.82263105585452,-4.182768424802409,52.0,55.861248665443505,-4.307186036515638,162,10.903,742
55.82263105585452,-4.182768424802409,52.0,55.897857165570365,-4.156645648865112,163,11.84,990
55.82263105585452,-4.182768424802409,52.0,55.877747555317356,-4.342792329217214,164,15.715,966
55.82263105585452,-4.182768424802409,52.0,55.92259641850896,-4.389236283866068,165,31.971,1430
55.82263105585452,-4.182768424802409,52.0,55.92621339590465,-4.2820478996479165,166,16.2,1303
55.82263105585452,-4.182768424802409,52.0,55.80660612206145,-4.094012410496262,167,11.467,828
55.82263105585452,-4.182768424802409,52.0,55.84605439624201,-4.09192094471571,168,16.623,800
55.82263105585452,-4.182768424802409,52.0,55.83961965364386,-4.1201104741133365,169,6.771,439
55.82263105585452,-4.182768424802409,52.0,55.85030951683019,-4.217608837338132,170,4.493,505
55.82263105585452,-4.182768424802409,52.0,55.85971342373431,-4.246748195156407,171,6.816,744
55.82263105585452,-4.182768424802409,52.0,55.815747728441636,-4.150792968910081,172,2.548,292
55.82263105585452,-4.182768424802409,52.0,55.80041195127493,-4.3806303679601495,173,17.436,1043
55.82263105585452,-4.182768424802409,52.0,55.85487415463933,-4.092829020720908,174,11.078,631
55.82263105585452,-4.182768424802409,52.0,55.80456076444065,-4.203157873727267,175,3.259,339
55.82263105585452,-4.182768424802409,52.0,55.84723005082115,-4.330151260440624,176,10.97,697
55.82263105585452,-4.182768424802409,52.0,55.88775631668876,-4.123428423568879,177,19.049,1084
55.82263105585452,-4.182768424802409,52.0,55.82857385936083,-4.129579652409029,178,5.07,479
55.82263105585452,-4.182768424802409,52.0,55.879865395443076,-4.36272007519476,179,16.607,1008
55.82263105585452,-4.182768424802409,52.0,55.87973669437185,-4.215636550296907,180,8.591,1066
55.82263105585452,-4.182768424802409,52.0,55.8162521393249,-4.1868605517933455,181,1.168,139
55.82263105585452,-4.182768424802409,52.0,55.80755514535402,-4.201625161718038,182,3.012,306
55.82263105585452,-4.182768424802409,52.0,55.85565398843102,-4.250533808562208,183,7.461,669
55.82263105585452,-4.182768424802409,52.0,55.929636326069506,-4.381100658166308,184,32.957,1451
55.82263105585452,-4.182768424802409,52.0,55.879581066995904,-4.21986165885879,185,9.725,1080
55.82263105585452,-4.182768424802409,52.0,55.92647877645629,-4.127886630011083,186,20.292,1219
55.82263105585452,-4.182768424802409,52.0,55.82282427264178,-4.371094162561755,187,15.085,929
55.82263105585452,-4.182768424802409,52.0,55.90291353127043,-4.3414180899754955,188,18.114,1210
55.82263105585452,-4.182768424802409,52.0,55.78437024600116,-4.156926419796477,189,6.748,485
55.82263105585452,-4.182768424802409,52.0,55.8321542449311,-4.1561720476648265,190,3.108,294
55.82263105585452,-4.182768424802409,52.0,55.88310705812362,-4.084862107847263,191,12.555,613
55.82263105585452,-4.182768424802409,52.0,55.85616333886266,-4.110333739241922,192,8.114,735
55.82263105585452,-4.182768424802409,52.0,55.90185178498145,-4.152652007721208,193,25.659,1570
55.82263105585452,-4.182768424802409,52.0,55.8837118458465,-4.182392741162416,194,19.318,1869
55.82263105585452,-4.182768424802409,52.0,55.83086049774818,-4.312434105301623,195,12.988,834
55.82263105585452,-4.182768424802409,52.0,55.821849459706755,-4.176208567338996,196,1.178,166
55.82263105585452,-4.182768424802409,52.0,55.88009750494633,-4.255964552703097,197,10.264,1036
55.82263105585452,-4.182768424802409,52.0,55.87413911675089,-4.369807111055967,198,14.611,757
55.82263105585452,-4.182768424802409,52.0,55.86354071984154,-4.093406384811447,199,12.658,736
55.84677534189433,-4.327228825431121,53.0,55.8391698042901,-4.214478482526657,0,10.847,726
55.84677534189433,-4.327228825431121,53.0,55.86553667472969,-4.350500876963486,1,6.285,395
55.84677534189433,-4.327228825431121,53.0,55.912892829643965,-4.286410947894997,2,14.001,1934
55.84677534189433,-4.327228825431121,53.0,55.84854019346565,-4.391697428307927,3,4.406,469
55.84677534189433,-4.327228825431121,53.0,55.79232875093524,-4.310455024670266,4,9.739,729
55.84677534189433,-4.327228825431121,53.0,55.837143362020576,-4.120043492886959,5,14.546,738
55.84677534189433,-4.327228825431121,53.0,55.84185129809378,-4.283879851305767,6,3.766,389
55.84677534189433,-4.327228825431121,53.0,55.90609664927746,-4.311383718964596,7,10.43,884
55.84677534189433,-4.327228825431121,53.0,55.7832172019226,-4.31249791159531,8,11.327,787
55.84677534189433,-4.327228825431121,53.0,55.8177258987159,-4.260489243356555,9,9.518,788
55.84677534189433,-4.327228825431121,53.0,55.903262790870684,-4.212111703691823,10,13.367,1009
55.84677534189433,-4.327228825431121,53.0,55.893978813107424,-4.1413270988368325,11,15.107,1016
55.84677534189433,-4.327228825431121,53.0,55.894884622950286,-4.154349650804189,12,17.492,915
55.84677534189433,-4.327228825431121,53.0,55.80680963785043,-4.263605759417426,13,8.384,907
55.84677534189433,-4.327228825431121,53.0,55.81824312166051,-4.346878846315483,14,4.329,509
55.84677534189433,-4.327228825431121,53.0,55.84742656229786,-4.269221405976544,15,6.338,676
55.84677534189433,-4.327228825431121,53.0,55.80730424868546,-4.315177272898423,16,6.418,632
55.84677534189433,-4.327228825431121,53.0,55.83798278877758,-4.260604018644594,17,5.573,676
55.84677534189433,-4.327228825431121,53.0,55.89424631095569,-4.343398240721316,18,8.101,644
55.84677534189433,-4.327228825431121,53.0,55.83908093533876,-4.223069302141199,19,8.438,757
55.84677534189433,-4.327228825431121,53.0,55.8357731433788,-4.270556349194068,20,4.651,546
55.84677534189433,-4.327228825431121,53.0,55.90309627527835,-4.360750370095284,21,10.134,879
55.84677534189433,-4.327228825431121,53.0,55.85652103589449,-4.101365743428073,22,17.655,959
55.84677534189433,-4.327228825431121,53.0,55.783736419963375,-4.235306054793451,23,24.281,1159
55.84677534189433,-4.327228825431121,53.0,55.92064824587275,-4.2358362157531895,24,14.492,990
55.84677534189433,-4.327228825431121,53.0,55.907674892744176,-4.2497703459088045,25,13.244,2035
55.84677534189433,-4.327228825431121,53.0,55.919604340921964,-4.226208116301384,26,14.416,1001
55.84677534189433,-4.327228825431121,53.0,55.83219148710444,-4.304581930326681,27,5.59,674
55.84677534189433,-4.327228825431121,53.0,55.79569701419853,-4.1769099124482585,28,15.262,1011
55.84677534189433,-4.327228825431121,53.0,55.81260197667657,-4.197841211154324,29,12.673,878
55.84677534189433,-4.327228825431121,53.0,55.826092940761974,-4.176919409292903,30,11.203,811
55.84677534189433,-4.327228825431121,53.0,55.828413149208096,-4.109650878166438,31,18.007,1001
55.84677534189433,-4.327228825431121,53.0,55.8999241737755,-4.257993823533507,32,10.45,921
55.84677534189433,-4.327228825431121,53.0,55.892514250678616,-4.340118142906542,33,8.13,656
55.84677534189433,-4.327228825431121,53.0,55.855241629670886,-4.269936069312288,34,6.483,547
55.84677534189433,-4.327228825431121,53.0,55.877364911629314,-4.109701193625618,35,18.056,1060
55.84677534189433,-4.327228825431121,53.0,55.887053111734645,-4.1280531391159245,36,18.358,1026
55.84677534189433,-4.327228825431121,53.0,55.89108676863447,-4.105446803942431,37,20.091,1332
55.84677534189433,-4.327228825431121,53.0,55.842635153466425,-4.334387903339716,38,0.843,158
55.84677534189433,-4.327228825431121,53.0,55.89197542936556,-4.19614108945253,39,14.365,860
55.84677534189433,-4.327228825431121,53.0,55.825849135803445,-4.321179033230789,40,3.768,574
55.84677534189433,-4.327228825431121,53.0,55.81864602215581,-4.375055705699034,41,5.358,518
55.84677534189433,-4.327228825431121,53.0,55.92613065482397,-4.212698358862173,42,14.878,1054
55.84677534189433,-4.327228825431121,53.0,55.874439929608144,-4.279689658904073,43,7.09,588
55.84677534189433,-4.327228825431121,53.0,55.81998166828728,-4.245455535821837,44,8.998,693
55.84677534189433,-4.327228825431121,53.0,55.91066980601156,-4.213502644426629,45,13.83,1005
55.84677534189433,-4.327228825431121,53.0,55.8404807486866,-4.356656090229781,46,4.495,443
55.84677534189433,-4.327228825431121,53.0,55.88708229912325,-4.079055837843032,47,23.338,1082
55.84677534189433,-4.327228825431121,53.0,55.84510555179576,-4.178720975321847,48,12.868,826
55.84677534189433,-4.327228825431121,53.0,55.84413340760586,-4.085244529493477,49,20.035,1456
55.84677534189433,-4.327228825431121,53.0,55.83324217210475,-4.157183908594519,50,12.73,824
55.84677534189433,-4.327228825431121,53.0,55.895753278756494,-4.323131413571223,51,7.887,755
55.84677534189433,-4.327228825431121,53.0,55.88609925330935,-4.38354364327563,52,7.318,463
55.84677534189433,-4.327228825431121,53.0,55.86596770908397,-4.338853955125049,53,4.101,344
55.84677534189433,-4.327228825431121,53.0,55.819381988004544,-4.256567679373081,54,7.112,798
55.84677534189433,-4.327228825431121,53.0,55.919398785577634,-4.298102785445152,55,14.277,1614
55.84677534189433,-4.327228825431121,53.0,55.81052481551728,-4.0780884232687225,56,20.806,2148
55.84677534189433,-4.327228825431121,53.0,55.8411814367945,-4.125490362928665,57,16.088,896
55.84677534189433,-4.327228825431121,53.0,55.844855881791794,-4.151320272286683,58,13.72,877
55.84677534189433,-4.327228825431121,53.0,55.79334532620707,-4.3052187624925375,59,10.07,736
55.84677534189433,-4.327228825431121,53.0,55.78499644933002,-4.082518262203789,60,24.529,1147
55.84677534189433,-4.327228825431121,53.0,55.86482365717543,-4.074666870071637,61,19.921,1176
55.84677534189433,-4.327228825431121,53.0,55.910543969585106,-4.384534109666136,62,11.961,944
55.84677534189433,-4.327228825431121,53.0,55.799715679086134,-4.188568421733812,63,15.244,1169
55.84677534189433,-4.327228825431121,53.0,55.90005630083831,-4.294022887833187,64,10.458,896
55.84677534189433,-4.327228825431121,53.0,55.82573931186619,-4.210157383495828,65,10.73,693
55.84677534189433,-4.327228825431121,53.0,55.88010014610652,-4.288014027401103,66,9.179,864
55.84677534189433,-4.327228825431121,53.0,55.8836463272421,-4.377148406451105,67,7.088,541
55.84677534189433,-4.327228825431121,53.0,55.80511293548626,-4.195982430231648,68,13.653,953
55.84677534189433,-4.327228825431121,53.0,55.9265186267864,-4.256321117900257,69,13.815,1028
55.84677534189433,-4.327228825431121,53.0,55.90353118048908,-4.119171950823842,70,19.254,1268
55.84677534189433,-4.327228825431121,53.0,55.81502357146685,-4.260984914919316,71,7.613,807
55.84677534189433,-4.327228825431121,53.0,55.894355058439295,-4.293143876300353,72,9.748,843
55.84677534189433,-4.327228825431121,53.0,55.80246488546192,-4.242274834364847,73,11.139,919
55.84677534189433,-4.327228825431121,53.0,55.887581813102464,-4.2985753032369685,74,9.36,840
55.84677534189433,-4.327228825431121,53.0,55.928290955083554,-4.295962301582311,75,12.247,964
55.84677534189433,-4.327228825431121,53.0,55.81096058143004,-4.368797105646974,76,5.954,687
55.84677534189433,-4.327228825431121,53.0,55.84818750128869,-4.3631808239548375,77,3.645,375
55.84677534189433,-4.327228825431121,53.0,55.81610352786554,-4.330910795148831,78,5.927,484
55.84677534189433,-4.327228825431121,53.0,55.807034270653475,-4.136077366584948,79,14.437,1062
55.84677534189433,-4.327228825431121,53.0,55.86778114631985,-4.233612892312959,80,8.941,671
55.84677534189433,-4.327228825431121,53.0,55.79578956690847,-4.368290459919509,81,8.901,1829
55.84677534189433,-4.327228825431121,53.0,55.897877306124535,-4.077031107370425,82,21.882,1799
55.84677534189433,-4.327228825431121,53.0,55.80721289582252,-4.242612882195534,83,10.362,870
55.84677534189433,-4.327228825431121,53.0,55.92209393969709,-4.157940141970138,84,19.025,1066
55.84677534189433,-4.327228825431121,53.0,55.79188265083702,-4.28147512844989,85,10.932,791
55.84677534189433,-4.327228825431121,53.0,55.88043814367632,-4.104360473798184,86,17.868,1020
55.84677534189433,-4.327228825431121,53.0,55.90345994988174,-4.293652184560058,87,10.927,941
55.84677534189433,-4.327228825431121,53.0,55.91230525016259,-4.108196424937476,88,20.522,1213
55.84677534189433,-4.327228825431121,53.0,55.90569137930351,-4.3852429216612405,89,11.996,967
55.84677534189433,-4.327228825431121,53.0,55.824402119970216,-4.298242138123909,90,4.204,495
55.84677534189433,-4.327228825431121,53.0,55.887104625653905,-4.201059285828647,91,12.077,1009
55.84677534189433,-4.327228825431121,53.0,55.92006797200308,-4.195257422106852,92,15.724,1032
55.84677534189433,-4.327228825431121,53.0,55.7944551107823,-4.1683749063061635,93,15.392,1445
55.84677534189433,-4.327228825431121,53.0,55.88003873447475,-4.304350182381346,94,8.919,744
55.84677534189433,-4.327228825431121,53.0,55.88308048053683,-4.2942103285768285,95,8.519,719
55.84677534189433,-4.327228825431121,53.0,55.80779271908626,-4.3234306371549245,96,7.198,616
55.84677534189433,-4.327228825431121,53.0,55.90123467399992,-4.380968632189907,97,12.302,1097
55.84677534189433,-4.327228825431121,53.0,55.88049231589054,-4.293733205570284,98,8.421,709
55.84677534189433,-4.327228825431121,53.0,55.84697147961761,-4.334108806216461,99,0.957,191
55.84677534189433,-4.327228825431121,53.0,55.83067141211495,-4.195633651932574,100,10.013,690
55.84677534189433,-4.327228825431121,53.0,55.89350845984679,-4.099445363541155,101,19.906,1164
55.84677534189433,-4.327228825431121,53.0,55.92592408664018,-4.179171340754611,102,20.366,1149
55.84677534189433,-4.327228825431121,53.0,55.84941827409408,-4.169566750359822,103,13.573,892
55.84677534189433,-4.327228825431121,53.0,55.92413375575165,-4.226670311636797,104,16.093,1796
55.84677534189433,-4.327228825431121,53.0,55.88995713457192,-4.285031242761631,105,8.688,746
55.84677534189433,-4.327228825431121,53.0,55.90528066541109,-4.131569818675147,106,16.704,913
55.84677534189433,-4.327228825431121,53.0,55.87850608392288,-4.103517886631066,107,18.199,1053
55.84677534189433,-4.327228825431121,53.0,55.80799405798939,-4.284953473560454,108,7.214,785
55.84677534189433,-4.327228825431121,53.0,55.906815669822045,-4.385279074380807,109,11.307,882
55.84677534189433,-4.327228825431121,53.0,55.916237634416454,-4.222407816066865,110,14.331,989
55.84677534189433,-4.327228825431121,53.0,55.915798955837815,-4.088621086891774,111,23.606,1244
55.84677534189433,-4.327228825431121,53.0,55.827538479175395,-4.350653065976025,112,3.698,440
55.84677534189433,-4.327228825431121,53.0,55.799515288981674,-4.0866627646338864,113,24.899,1260
55.84677534189433,-4.327228825431121,53.0,55.831024245961984,-4.244756518165482,114,7.479,594
55.84677534189433,-4.327228825431121,53.0,55.86754360554833,-4.2143078261423845,115,10.281,787
55.84677534189433,-4.327228825431121,53.0,55.8574985965699,-4.1521224561179935,116,14.876,1003
55.84677534189433,-4.327228825431121,53.0,55.88095643501817,-4.32811659177277,117,5.943,471
55.84677534189433,-4.327228825431121,53.0,55.85240433608213,-4.177570445500026,118,13.737,943
55.84677534189433,-4.327228825431121,53.0,55.91169549549074,-4.359708873069638,119,12.119,1071
55.84677534189433,-4.327228825431121,53.0,55.92640787519779,-4.300990956079843,120,12.055,984
55.84677534189433,-4.327228825431121,53.0,55.84019197366069,-4.205566157974415,121,11.333,841
55.84677534189433,-4.327228825431121,53.0,55.866619942939494,-4.268153778778456,122,7.243,711
55.84677534189433,-4.327228825431121,53.0,55.81327411986783,-4.2587495402872255,123,9.854,832
55.84677534189433,-4.327228825431121,53.0,55.86022660117776,-4.154711133590585,124,14.782,930
55.84677534189433,-4.327228825431121,53.0,55.831522729053496,-4.370420634377527,125,4.5,450
55.84677534189433,-4.327228825431121,53.0,55.84074346341779,-4.172411658039648,126,11.941,746
55.84677534189433,-4.327228825431121,53.0,55.8801412435821,-4.258666277618953,127,8.287,737
55.84677534189433,-4.327228825431121,53.0,55.8434159429892,-4.1056733307349536,128,16.344,925
55.84677534189433,-4.327228825431121,53.0,55.83522057783537,-4.25736952395694,129,5.625,663
55.84677534189433,-4.327228825431121,53.0,55.86467774065618,-4.2250953414252415,130,9.065,623
55.84677534189433,-4.327228825431121,53.0,55.8953662249987,-4.231143624453162,131,11.518,801
55.84677534189433,-4.327228825431121,53.0,55.81920459649808,-4.236238450921302,132,9.582,744
55.84677534189433,-4.327228825431121,53.0,55.900795402502105,-4.206009410292495,133,13.685,996
55.84677534189433,-4.327228825431121,53.0,55.86078490474355,-4.339631469507248,134,4.636,438
55.84677534189433,-4.327228825431121,53.0,55.924999437053955,-4.191173279124663,135,15.975,1041
55.84677534189433,-4.327228825431121,53.0,55.81549096669224,-4.126910343137958,136,15.428,1108
55.84677534189433,-4.327228825431121,53.0,55.90135585493081,-4.207622057499793,137,13.684,973
55.84677534189433,-4.327228825431121,53.0,55.845816555475636,-4.129576488296543,138,15.093,967
55.84677534189433,-4.327228825431121,53.0,55.80470047644827,-4.291960781118721,139,7.047,762
55.84677534189433,-4.327228825431121,53.0,55.89185394491289,-4.179857587296262,140,13.269,784
55.84677534189433,-4.327228825431121,53.0,55.91859399996558,-4.3401659608951215,141,10.985,921
55.84677534189433,-4.327228825431121,53.0,55.90671476836246,-4.3642865107142725,142,10.886,935
55.84677534189433,-4.327228825431121,53.0,55.81273399651921,-4.167613047894911,143,12.486,872
55.84677534189433,-4.327228825431121,53.0,55.80939871413575,-4.276056954355674,144,6.928,733
55.84677534189433,-4.327228825431121,53.0,55.88312869327199,-4.214542892826467,145,11.089,828
55.84677534189433,-4.327228825431121,53.0,55.815340374954424,-4.283514492524949,146,5.922,618
55.84677534189433,-4.327228825431121,53.0,55.87864379034378,-4.080636908866371,147,24.318,1116
55.84677534189433,-4.327228825431121,53.0,55.89423440492952,-4.2418874418647645,148,12.081,885
55.84677534189433,-4.327228825431121,53.0,55.92796852989922,-4.305970400193036,149,12.183,1007
55.84677534189433,-4.327228825431121,53.0,55.92895153496988,-4.082888064137351,150,23.976,1193
55.84677534189433,-4.327228825431121,53.0,55.790766759429424,-4.135285962371055,151,17.817,1086
55.84677534189433,-4.327228825431121,53.0,55.80808041573422,-4.184105792933229,152,13.447,884
55.84677534189433,-4.327228825431121,53.0,55.7982747224006,-4.3931924101572655,153,7.823,695
55.84677534189433,-4.327228825431121,53.0,55.81178474630603,-4.337962602706185,154,6.994,589
55.84677534189433,-4.327228825431121,53.0,55.852972007756,-4.353957895039277,155,2.325,341
55.84677534189433,-4.327228825431121,53.0,55.797152036890715,-4.311451416173846,156,8.966,664
55.84677534189433,-4.327228825431121,53.0,55.84839482833289,-4.1889265673730645,157,13.519,861
55.84677534189433,-4.327228825431121,53.0,55.86383954752864,-4.387927326091926,158,9.427,469
55.84677534189433,-4.327228825431121,53.0,55.807182357875575,-4.140487806234959,159,14.114,1037
55.84677534189433,-4.327228825431121,53.0,55.8296607577131,-4.218765551358871,160,8.899,750
55.84677534189433,-4.327228825431121,53.0,55.82699494590622,-4.295404959002084,161,4.24,472
55.84677534189433,-4.327228825431121,53.0,55.861248665443505,-4.307186036515638,162,2.61,326
55.84677534189433,-4.327228825431121,53.0,55.897857165570365,-4.156645648865112,163,14.745,821
55.84677534189433,-4.327228825431121,53.0,55.877747555317356,-4.342792329217214,164,6.533,568
55.84677534189433,-4.327228825431121,53.0,55.92259641850896,-4.389236283866068,165,22.789,1032
55.84677534189433,-4.327228825431121,53.0,55.92621339590465,-4.2820478996479165,166,13.599,977
55.84677534189433,-4.327228825431121,53.0,55.80660612206145,-4.094012410496262,167,20.391,1213
55.84677534189433,-4.327228825431121,53.0,55.84605439624201,-4.09192094471571,168,19.082,936
55.84677534189433,-4.327228825431121,53.0,55.83961965364386,-4.1201104741133365,169,15.695,823
55.84677534189433,-4.327228825431121,53.0,55.85030951683019,-4.217608837338132,170,8.987,792
55.84677534189433,-4.327228825431121,53.0,55.85971342373431,-4.246748195156407,171,9.434,722
55.84677534189433,-4.327228825431121,53.0,55.815747728441636,-4.150792968910081,172,12.984,934
55.84677534189433,-4.327228825431121,53.0,55.80041195127493,-4.3806303679601495,173,7.239,647
55.84677534189433,-4.327228825431121,53.0,55.85487415463933,-4.092829020720908,174,18.892,937
55.84677534189433,-4.327228825431121,53.0,55.80456076444065,-4.203157873727267,175,13.672,954
55.84677534189433,-4.327228825431121,53.0,55.84723005082115,-4.330151260440624,176,0.478,148
55.84677534189433,-4.327228825431121,53.0,55.88775631668876,-4.123428423568879,177,18.493,1032
55.84677534189433,-4.327228825431121,53.0,55.82857385936083,-4.129579652409029,178,15.506,1121
55.84677534189433,-4.327228825431121,53.0,55.879865395443076,-4.36272007519476,179,7.425,611
55.84677534189433,-4.327228825431121,53.0,55.87973669437185,-4.215636550296907,180,10.376,839
55.84677534189433,-4.327228825431121,53.0,55.8162521393249,-4.1868605517933455,181,11.866,844
55.84677534189433,-4.327228825431121,53.0,55.80755514535402,-4.201625161718038,182,13.425,921
55.84677534189433,-4.327228825431121,53.0,55.85565398843102,-4.250533808562208,183,5.455,641
55.84677534189433,-4.327228825431121,53.0,55.929636326069506,-4.381100658166308,184,23.775,1053
55.84677534189433,-4.327228825431121,53.0,55.879581066995904,-4.21986165885879,185,10.017,820
55.84677534189433,-4.327228825431121,53.0,55.92647877645629,-4.127886630011083,186,20.107,1152
55.84677534189433,-4.327228825431121,53.0,55.82282427264178,-4.371094162561755,187,5.488,536
55.84677534189433,-4.327228825431121,53.0,55.90291353127043,-4.3414180899754955,188,8.932,813
55.84677534189433,-4.327228825431121,53.0,55.78437024600116,-4.156926419796477,189,17.161,1101
55.84677534189433,-4.327228825431121,53.0,55.8321542449311,-4.1561720476648265,190,12.77,837
55.84677534189433,-4.327228825431121,53.0,55.88310705812362,-4.084862107847263,191,21.479,998
55.84677534189433,-4.327228825431121,53.0,55.85616333886266,-4.110333739241922,192,17.693,981
55.84677534189433,-4.327228825431121,53.0,55.90185178498145,-4.152652007721208,193,18.654,1445
55.84677534189433,-4.327228825431121,53.0,55.8837118458465,-4.182392741162416,194,14.933,1793
55.84677534189433,-4.327228825431121,53.0,55.83086049774818,-4.312434105301623,195,5.174,576
55.84677534189433,-4.327228825431121,53.0,55.821849459706755,-4.176208567338996,196,11.614,808
55.84677534189433,-4.327228825431121,53.0,55.88009750494633,-4.255964552703097,197,7.973,716
55.84677534189433,-4.327228825431121,53.0,55.87413911675089,-4.369807111055967,198,5.429,360
55.84677534189433,-4.327228825431121,53.0,55.86354071984154,-4.093406384811447,199,18.309,1035
55.80075333195506,-4.299799922365107,54.0,55.8391698042901,-4.214478482526657,0,9.952,988
55.80075333195506,-4.299799922365107,54.0,55.86553667472969,-4.350500876963486,1,13.412,999
55.80075333195506,-4.299799922365107,54.0,55.912892829643965,-4.286410947894997,2,17.292,2240
55.80075333195506,-4.299799922365107,54.0,55.84854019346565,-4.391697428307927,3,11.002,992
55.80075333195506,-4.299799922365107,54.0,55.79232875093524,-4.310455024670266,4,1.545,223
55.80075333195506,-4.299799922365107,54.0,55.837143362020576,-4.120043492886959,5,15.418,1071
55.80075333195506,-4.299799922365107,54.0,55.84185129809378,-4.283879851305767,6,6.372,588
55.80075333195506,-4.299799922365107,54.0,55.90609664927746,-4.311383718964596,7,14.677,1248
55.80075333195506,-4.299799922365107,54.0,55.7832172019226,-4.31249791159531,8,2.397,235
55.80075333195506,-4.299799922365107,54.0,55.8177258987159,-4.260489243356555,9,4.465,477
55.80075333195506,-4.299799922365107,54.0,55.903262790870684,-4.212111703691823,10,16.681,1368
55.80075333195506,-4.299799922365107,54.0,55.893978813107424,-4.1413270988368325,11,18.421,1375
55.80075333195506,-4.299799922365107,54.0,55.894884622950286,-4.154349650804189,12,20.806,1274
55.80075333195506,-4.299799922365107,54.0,55.80680963785043,-4.263605759417426,13,4.021,485
55.80075333195506,-4.299799922365107,54.0,55.81824312166051,-4.346878846315483,14,6.187,670
55.80075333195506,-4.299799922365107,54.0,55.84742656229786,-4.269221405976544,15,6.549,604
55.80075333195506,-4.299799922365107,54.0,55.80730424868546,-4.315177272898423,16,1.898,216
55.80075333195506,-4.299799922365107,54.0,55.83798278877758,-4.260604018644594,17,5.58,610
55.80075333195506,-4.299799922365107,54.0,55.89424631095569,-4.343398240721316,18,15.267,1111
55.80075333195506,-4.299799922365107,54.0,55.83908093533876,-4.223069302141199,19,9.309,1041
55.80075333195506,-4.299799922365107,54.0,55.8357731433788,-4.270556349194068,20,4.703,430
55.80075333195506,-4.299799922365107,54.0,55.90309627527835,-4.360750370095284,21,17.3,1346
55.80075333195506,-4.299799922365107,54.0,55.85652103589449,-4.101365743428073,22,20.969,1318
55.80075333195506,-4.299799922365107,54.0,55.783736419963375,-4.235306054793451,23,6.288,566
55.80075333195506,-4.299799922365107,54.0,55.92064824587275,-4.2358362157531895,24,18.208,1347
55.80075333195506,-4.299799922365107,54.0,55.907674892744176,-4.2497703459088045,25,16.558,2394
55.80075333195506,-4.299799922365107,54.0,55.919604340921964,-4.226208116301384,26,17.73,1360
55.80075333195506,-4.299799922365107,54.0,55.83219148710444,-4.304581930326681,27,5.367,565
55.80075333195506,-4.299799922365107,54.0,55.79569701419853,-4.1769099124482585,28,11.811,939
55.80075333195506,-4.299799922365107,54.0,55.81260197667657,-4.197841211154324,29,11.736,977
55.80075333195506,-4.299799922365107,54.0,55.826092940761974,-4.176919409292903,30,10.929,1138
55.80075333195506,-4.299799922365107,54.0,55.828413149208096,-4.109650878166438,31,18.879,1334
55.80075333195506,-4.299799922365107,54.0,55.8999241737755,-4.257993823533507,32,13.741,1227
55.80075333195506,-4.299799922365107,54.0,55.892514250678616,-4.340118142906542,33,15.296,1122
55.80075333195506,-4.299799922365107,54.0,55.855241629670886,-4.269936069312288,34,9.376,819
55.80075333195506,-4.299799922365107,54.0,55.877364911629314,-4.109701193625618,35,21.37,1419
55.80075333195506,-4.299799922365107,54.0,55.887053111734645,-4.1280531391159245,36,21.672,1385
55.80075333195506,-4.299799922365107,54.0,55.89108676863447,-4.105446803942431,37,23.405,1691
55.80075333195506,-4.299799922365107,54.0,55.842635153466425,-4.334387903339716,38,8.033,765
55.80075333195506,-4.299799922365107,54.0,55.89197542936556,-4.19614108945253,39,17.679,1219
55.80075333195506,-4.299799922365107,54.0,55.825849135803445,-4.321179033230789,40,5.346,486
55.80075333195506,-4.299799922365107,54.0,55.81864602215581,-4.375055705699034,41,6.314,598
55.80075333195506,-4.299799922365107,54.0,55.92613065482397,-4.212698358862173,42,18.192,1413
55.80075333195506,-4.299799922365107,54.0,55.874439929608144,-4.279689658904073,43,9.936,877
55.80075333195506,-4.299799922365107,54.0,55.81998166828728,-4.245455535821837,44,5.401,579
55.80075333195506,-4.299799922365107,54.0,55.91066980601156,-4.213502644426629,45,17.144,1364
55.80075333195506,-4.299799922365107,54.0,55.8404807486866,-4.356656090229781,46,7.592,797
55.80075333195506,-4.299799922365107,54.0,55.88708229912325,-4.079055837843032,47,24.21,1414
55.80075333195506,-4.299799922365107,54.0,55.84510555179576,-4.178720975321847,48,13.74,1159
55.80075333195506,-4.299799922365107,54.0,55.84413340760586,-4.085244529493477,49,20.907,1788
55.80075333195506,-4.299799922365107,54.0,55.83324217210475,-4.157183908594519,50,14.792,1201
55.80075333195506,-4.299799922365107,54.0,55.895753278756494,-4.323131413571223,51,15.053,1222
55.80075333195506,-4.299799922365107,54.0,55.88609925330935,-4.38354364327563,52,14.445,1068
55.80075333195506,-4.299799922365107,54.0,55.86596770908397,-4.338853955125049,53,11.228,948
55.80075333195506,-4.299799922365107,54.0,55.819381988004544,-4.256567679373081,54,4.531,472
55.80075333195506,-4.299799922365107,54.0,55.919398785577634,-4.298102785445152,55,17.568,1920
55.80075333195506,-4.299799922365107,54.0,55.81052481551728,-4.0780884232687225,56,21.678,2481
55.80075333195506,-4.299799922365107,54.0,55.8411814367945,-4.125490362928665,57,16.96,1229
55.80075333195506,-4.299799922365107,54.0,55.844855881791794,-4.151320272286683,58,14.592,1209
55.80075333195506,-4.299799922365107,54.0,55.79334532620707,-4.3052187624925375,59,1.14,184
55.80075333195506,-4.299799922365107,54.0,55.78499644933002,-4.082518262203789,60,18.278,1111
55.80075333195506,-4.299799922365107,54.0,55.86482365717543,-4.074666870071637,61,23.235,1535
55.80075333195506,-4.299799922365107,54.0,55.910543969585106,-4.384534109666136,62,19.127,1410
55.80075333195506,-4.299799922365107,54.0,55.799715679086134,-4.188568421733812,63,9.51,976
55.80075333195506,-4.299799922365107,54.0,55.90005630083831,-4.294022887833187,64,13.749,1201
55.80075333195506,-4.299799922365107,54.0,55.82573931186619,-4.210157383495828,65,8.429,875
55.80075333195506,-4.299799922365107,54.0,55.88010014610652,-4.288014027401103,66,12.47,1170
55.80075333195506,-4.299799922365107,54.0,55.8836463272421,-4.377148406451105,67,14.215,1145
55.80075333195506,-4.299799922365107,54.0,55.80511293548626,-4.195982430231648,68,10.993,925
55.80075333195506,-4.299799922365107,54.0,55.9265186267864,-4.256321117900257,69,17.106,1334
55.80075333195506,-4.299799922365107,54.0,55.90353118048908,-4.119171950823842,70,22.568,1627
55.80075333195506,-4.299799922365107,54.0,55.81502357146685,-4.260984914919316,71,4.176,455
55.80075333195506,-4.299799922365107,54.0,55.894355058439295,-4.293143876300353,72,13.039,1149
55.80075333195506,-4.299799922365107,54.0,55.80246488546192,-4.242274834364847,73,7.418,703
55.80075333195506,-4.299799922365107,54.0,55.887581813102464,-4.2985753032369685,74,12.651,1145
55.80075333195506,-4.299799922365107,54.0,55.928290955083554,-4.295962301582311,75,17.99,1334
55.80075333195506,-4.299799922365107,54.0,55.81096058143004,-4.368797105646974,76,5.479,572
55.80075333195506,-4.299799922365107,54.0,55.84818750128869,-4.3631808239548375,77,10.344,943
55.80075333195506,-4.299799922365107,54.0,55.81610352786554,-4.330910795148831,78,3.392,347
55.80075333195506,-4.299799922365107,54.0,55.807034270653475,-4.136077366584948,79,16.559,1120
55.80075333195506,-4.299799922365107,54.0,55.86778114631985,-4.233612892312959,80,12.255,1030
55.80075333195506,-4.299799922365107,54.0,55.79578956690847,-4.368290459919509,81,9.295,1695
55.80075333195506,-4.299799922365107,54.0,55.897877306124535,-4.077031107370425,82,26.569,2159
55.80075333195506,-4.299799922365107,54.0,55.80721289582252,-4.242612882195534,83,7.795,731
55.80075333195506,-4.299799922365107,54.0,55.92209393969709,-4.157940141970138,84,22.339,1425
55.80075333195506,-4.299799922365107,54.0,55.79188265083702,-4.28147512844989,85,2.002,239
55.80075333195506,-4.299799922365107,54.0,55.88043814367632,-4.104360473798184,86,21.182,1379
55.80075333195506,-4.299799922365107,54.0,55.90345994988174,-4.293652184560058,87,14.218,1247
55.80075333195506,-4.299799922365107,54.0,55.91230525016259,-4.108196424937476,88,23.836,1572
55.80075333195506,-4.299799922365107,54.0,55.90569137930351,-4.3852429216612405,89,19.162,1434
55.80075333195506,-4.299799922365107,54.0,55.824402119970216,-4.298242138123909,90,3.628,402
55.80075333195506,-4.299799922365107,54.0,55.887104625653905,-4.201059285828647,91,15.391,1368
55.80075333195506,-4.299799922365107,54.0,55.92006797200308,-4.195257422106852,92,19.038,1391
55.80075333195506,-4.299799922365107,54.0,55.7944551107823,-4.1683749063061635,93,11.941,1373
55.80075333195506,-4.299799922365107,54.0,55.88003873447475,-4.304350182381346,94,12.206,1092
55.80075333195506,-4.299799922365107,54.0,55.88308048053683,-4.2942103285768285,95,11.806,1067
55.80075333195506,-4.299799922365107,54.0,55.80779271908626,-4.3234306371549245,96,2.498,285
55.80075333195506,-4.299799922365107,54.0,55.90123467399992,-4.380968632189907,97,19.492,1555
55.80075333195506,-4.299799922365107,54.0,55.88049231589054,-4.293733205570284,98,11.708,1057
55.80075333195506,-4.299799922365107,54.0,55.84697147961761,-4.334108806216461,99,8.344,842
55.80075333195506,-4.299799922365107,54.0,55.83067141211495,-4.195633651932574,100,10.885,1022
55.80075333195506,-4.299799922365107,54.0,55.89350845984679,-4.099445363541155,101,25.647,1591
55.80075333195506,-4.299799922365107,54.0,55.92592408664018,-4.179171340754611,102,23.68,1508
55.80075333195506,-4.299799922365107,54.0,55.84941827409408,-4.169566750359822,103,14.445,1225
55.80075333195506,-4.299799922365107,54.0,55.92413375575165,-4.226670311636797,104,19.407,2155
55.80075333195506,-4.299799922365107,54.0,55.88995713457192,-4.285031242761631,105,11.979,1051
55.80075333195506,-4.299799922365107,54.0,55.90528066541109,-4.131569818675147,106,20.018,1272
55.80075333195506,-4.299799922365107,54.0,55.87850608392288,-4.103517886631066,107,21.513,1412
55.80075333195506,-4.299799922365107,54.0,55.80799405798939,-4.284953473560454,108,1.69,265
55.80075333195506,-4.299799922365107,54.0,55.906815669822045,-4.385279074380807,109,18.473,1348
55.80075333195506,-4.299799922365107,54.0,55.916237634416454,-4.222407816066865,110,17.645,1348
55.80075333195506,-4.299799922365107,54.0,55.915798955837815,-4.088621086891774,111,26.92,1603
55.80075333195506,-4.299799922365107,54.0,55.827538479175395,-4.350653065976025,112,5.817,606
55.80075333195506,-4.299799922365107,54.0,55.799515288981674,-4.0866627646338864,113,19.045,1256
55.80075333195506,-4.299799922365107,54.0,55.831024245961984,-4.244756518165482,114,6.728,702
55.80075333195506,-4.299799922365107,54.0,55.86754360554833,-4.2143078261423845,115,13.595,1146
55.80075333195506,-4.299799922365107,54.0,55.8574985965699,-4.1521224561179935,116,15.748,1335
55.80075333195506,-4.299799922365107,54.0,55.88095643501817,-4.32811659177277,117,13.109,938
55.80075333195506,-4.299799922365107,54.0,55.85240433608213,-4.177570445500026,118,14.609,1276
55.80075333195506,-4.299799922365107,54.0,55.91169549549074,-4.359708873069638,119,19.285,1537
55.80075333195506,-4.299799922365107,54.0,55.92640787519779,-4.300990956079843,120,18.438,1383
55.80075333195506,-4.299799922365107,54.0,55.84019197366069,-4.205566157974415,121,10.438,1103
55.80075333195506,-4.299799922365107,54.0,55.866619942939494,-4.268153778778456,122,9.729,958
55.80075333195506,-4.299799922365107,54.0,55.81327411986783,-4.2587495402872255,123,4.855,525
55.80075333195506,-4.299799922365107,54.0,55.86022660117776,-4.154711133590585,124,18.096,1289
55.80075333195506,-4.299799922365107,54.0,55.831522729053496,-4.370420634377527,125,7.877,790
55.80075333195506,-4.299799922365107,54.0,55.84074346341779,-4.172411658039648,126,12.813,1079
55.80075333195506,-4.299799922365107,54.0,55.8801412435821,-4.258666277618953,127,11.578,1042
55.80075333195506,-4.299799922365107,54.0,55.8434159429892,-4.1056733307349536,128,17.216,1258
55.80075333195506,-4.299799922365107,54.0,55.83522057783537,-4.25736952395694,129,5.632,596
55.80075333195506,-4.299799922365107,54.0,55.86467774065618,-4.2250953414252415,130,12.379,982
55.80075333195506,-4.299799922365107,54.0,55.8953662249987,-4.231143624453162,131,14.832,1160
55.80075333195506,-4.299799922365107,54.0,55.81920459649808,-4.236238450921302,132,5.985,630
55.80075333195506,-4.299799922365107,54.0,55.900795402502105,-4.206009410292495,133,16.999,1355
55.80075333195506,-4.299799922365107,54.0,55.86078490474355,-4.339631469507248,134,11.763,1043
55.80075333195506,-4.299799922365107,54.0,55.924999437053955,-4.191173279124663,135,19.289,1400
55.80075333195506,-4.299799922365107,54.0,55.81549096669224,-4.126910343137958,136,17.616,1208
55.80075333195506,-4.299799922365107,54.0,55.90135585493081,-4.207622057499793,137,16.998,1332
55.80075333195506,-4.299799922365107,54.0,55.845816555475636,-4.129576488296543,138,15.965,1299
55.80075333195506,-4.299799922365107,54.0,55.80470047644827,-4.291960781118721,139,1.248,221
55.80075333195506,-4.299799922365107,54.0,55.89185394491289,-4.179857587296262,140,16.583,1143
55.80075333195506,-4.299799922365107,54.0,55.91859399996558,-4.3401659608951215,141,18.151,1387
55.80075333195506,-4.299799922365107,54.0,55.90671476836246,-4.3642865107142725,142,18.052,1401
55.80075333195506,-4.299799922365107,54.0,55.81273399651921,-4.167613047894911,143,11.812,958
55.80075333195506,-4.299799922365107,54.0,55.80939871413575,-4.276056954355674,144,2.565,351
55.80075333195506,-4.299799922365107,54.0,55.88312869327199,-4.214542892826467,145,14.403,1187
55.80075333195506,-4.299799922365107,54.0,55.815340374954424,-4.283514492524949,146,2.485,265
55.80075333195506,-4.299799922365107,54.0,55.87864379034378,-4.080636908866371,147,25.19,1449
55.80075333195506,-4.299799922365107,54.0,55.89423440492952,-4.2418874418647645,148,15.395,1244
55.80075333195506,-4.299799922365107,54.0,55.92796852989922,-4.305970400193036,149,18.566,1406
55.80075333195506,-4.299799922365107,54.0,55.92895153496988,-4.082888064137351,150,27.29,1552
55.80075333195506,-4.299799922365107,54.0,55.790766759429424,-4.135285962371055,151,14.366,1015
55.80075333195506,-4.299799922365107,54.0,55.80808041573422,-4.184105792933229,152,10.609,862
55.80075333195506,-4.299799922365107,54.0,55.7982747224006,-4.3931924101572655,153,7.117,680
55.80075333195506,-4.299799922365107,54.0,55.81178474630603,-4.337962602706185,154,3.807,390
55.80075333195506,-4.299799922365107,54.0,55.852972007756,-4.353957895039277,155,9.712,992
55.80075333195506,-4.299799922365107,54.0,55.797152036890715,-4.311451416173846,156,1.43,216
55.80075333195506,-4.299799922365107,54.0,55.84839482833289,-4.1889265673730645,157,14.391,1193
55.80075333195506,-4.299799922365107,54.0,55.86383954752864,-4.387927326091926,158,13.616,1080
55.80075333195506,-4.299799922365107,54.0,55.807182357875575,-4.140487806234959,159,13.642,1074
55.80075333195506,-4.299799922365107,54.0,55.8296607577131,-4.218765551358871,160,8.363,877
55.80075333195506,-4.299799922365107,54.0,55.82699494590622,-4.295404959002084,161,3.695,391
55.80075333195506,-4.299799922365107,54.0,55.861248665443505,-4.307186036515638,162,8.607,867
55.80075333195506,-4.299799922365107,54.0,55.897857165570365,-4.156645648865112,163,18.059,1180
55.80075333195506,-4.299799922365107,54.0,55.877747555317356,-4.342792329217214,164,13.707,1044
55.80075333195506,-4.299799922365107,54.0,55.92259641850896,-4.389236283866068,165,29.916,1637
55.80075333195506,-4.299799922365107,54.0,55.92621339590465,-4.2820478996479165,166,16.89,1283
55.80075333195506,-4.299799922365107,54.0,55.80660612206145,-4.094012410496262,167,21.263,1546
55.80075333195506,-4.299799922365107,54.0,55.84605439624201,-4.09192094471571,168,22.396,1295
55.80075333195506,-4.299799922365107,54.0,55.83961965364386,-4.1201104741133365,169,16.567,1156
55.80075333195506,-4.299799922365107,54.0,55.85030951683019,-4.217608837338132,170,9.858,1076
55.80075333195506,-4.299799922365107,54.0,55.85971342373431,-4.246748195156407,171,9.036,972
55.80075333195506,-4.299799922365107,54.0,55.815747728441636,-4.150792968910081,172,13.83,1172
55.80075333195506,-4.299799922365107,54.0,55.80041195127493,-4.3806303679601495,173,9.295,643
55.80075333195506,-4.299799922365107,54.0,55.85487415463933,-4.092829020720908,174,22.206,1296
55.80075333195506,-4.299799922365107,54.0,55.80456076444065,-4.203157873727267,175,11.484,946
55.80075333195506,-4.299799922365107,54.0,55.84723005082115,-4.330151260440624,176,8.232,811
55.80075333195506,-4.299799922365107,54.0,55.88775631668876,-4.123428423568879,177,21.807,1391
55.80075333195506,-4.299799922365107,54.0,55.82857385936083,-4.129579652409029,178,19.689,1383
55.80075333195506,-4.299799922365107,54.0,55.879865395443076,-4.36272007519476,179,14.615,1069
55.80075333195506,-4.299799922365107,54.0,55.87973669437185,-4.215636550296907,180,13.69,1198
55.80075333195506,-4.299799922365107,54.0,55.8162521393249,-4.1868605517933455,181,11.991,981
55.80075333195506,-4.299799922365107,54.0,55.80755514535402,-4.201625161718038,182,11.237,912
55.80075333195506,-4.299799922365107,54.0,55.85565398843102,-4.250533808562208,183,7.562,825
55.80075333195506,-4.299799922365107,54.0,55.929636326069506,-4.381100658166308,184,21.212,1553
55.80075333195506,-4.299799922365107,54.0,55.879581066995904,-4.21986165885879,185,13.331,1179
55.80075333195506,-4.299799922365107,54.0,55.92647877645629,-4.127886630011083,186,23.421,1511
55.80075333195506,-4.299799922365107,54.0,55.82282427264178,-4.371094162561755,187,7.013,713
55.80075333195506,-4.299799922365107,54.0,55.90291353127043,-4.3414180899754955,188,16.098,1279
55.80075333195506,-4.299799922365107,54.0,55.78437024600116,-4.156926419796477,189,14.256,992
55.80075333195506,-4.299799922365107,54.0,55.8321542449311,-4.1561720476648265,190,14.832,1215
55.80075333195506,-4.299799922365107,54.0,55.88310705812362,-4.084862107847263,191,22.351,1330
55.80075333195506,-4.299799922365107,54.0,55.85616333886266,-4.110333739241922,192,21.007,1340
55.80075333195506,-4.299799922365107,54.0,55.90185178498145,-4.152652007721208,193,21.968,1804
55.80075333195506,-4.299799922365107,54.0,55.8837118458465,-4.182392741162416,194,18.247,2152
55.80075333195506,-4.299799922365107,54.0,55.83086049774818,-4.312434105301623,195,4.951,467
55.80075333195506,-4.299799922365107,54.0,55.821849459706755,-4.176208567338996,196,13.229,1103
55.80075333195506,-4.299799922365107,54.0,55.88009750494633,-4.255964552703097,197,11.264,1021
55.80075333195506,-4.299799922365107,54.0,55.87413911675089,-4.369807111055967,198,12.556,964
55.80075333195506,-4.299799922365107,54.0,55.86354071984154,-4.093406384811447,199,21.623,1394
55.83665579724629,-4.388788738670415,55.0,55.8391698042901,-4.214478482526657,0,18.315,1103
55.83665579724629,-4.388788738670415,55.0,55.86553667472969,-4.350500876963486,1,8.097,648
55.83665579724629,-4.388788738670415,55.0,55.912892829643965,-4.286410947894997,2,21.483,2312
55.83665579724629,-4.388788738670415,55.0,55.84854019346565,-4.391697428307927,3,2.486,384
55.83665579724629,-4.388788738670415,55.0,55.79232875093524,-4.310455024670266,4,8.58,721
55.83665579724629,-4.388788738670415,55.0,55.837143362020576,-4.120043492886959,5,22.014,1115
55.83665579724629,-4.388788738670415,55.0,55.84185129809378,-4.283879851305767,6,10.495,773
55.83665579724629,-4.388788738670415,55.0,55.90609664927746,-4.311383718964596,7,16.393,1246
55.83665579724629,-4.388788738670415,55.0,55.7832172019226,-4.31249791159531,8,10.168,779
55.83665579724629,-4.388788738670415,55.0,55.8177258987159,-4.260489243356555,9,11.075,928
55.83665579724629,-4.388788738670415,55.0,55.903262790870684,-4.212111703691823,10,20.849,1386
55.83665579724629,-4.388788738670415,55.0,55.893978813107424,-4.1413270988368325,11,22.589,1394
55.83665579724629,-4.388788738670415,55.0,55.894884622950286,-4.154349650804189,12,24.974,1292
55.83665579724629,-4.388788738670415,55.0,55.80680963785043,-4.263605759417426,13,11.557,1005
55.83665579724629,-4.388788738670415,55.0,55.81824312166051,-4.346878846315483,14,5.078,494
55.83665579724629,-4.388788738670415,55.0,55.84742656229786,-4.269221405976544,15,12.227,1048
55.83665579724629,-4.388788738670415,55.0,55.80730424868546,-4.315177272898423,16,7.937,653
55.83665579724629,-4.388788738670415,55.0,55.83798278877758,-4.260604018644594,17,11.258,1021
55.83665579724629,-4.388788738670415,55.0,55.89424631095569,-4.343398240721316,18,14.064,1006
55.83665579724629,-4.388788738670415,55.0,55.83908093533876,-4.223069302141199,19,15.906,1134
55.83665579724629,-4.388788738670415,55.0,55.8357731433788,-4.270556349194068,20,10.381,841
55.83665579724629,-4.388788738670415,55.0,55.90309627527835,-4.360750370095284,21,16.097,1241
55.83665579724629,-4.388788738670415,55.0,55.85652103589449,-4.101365743428073,22,25.137,1337
55.83665579724629,-4.388788738670415,55.0,55.783736419963375,-4.235306054793451,23,23.095,1157
55.83665579724629,-4.388788738670415,55.0,55.92064824587275,-4.2358362157531895,24,21.974,1367
55.83665579724629,-4.388788738670415,55.0,55.907674892744176,-4.2497703459088045,25,20.726,2412
55.83665579724629,-4.388788738670415,55.0,55.919604340921964,-4.226208116301384,26,21.898,1379
55.83665579724629,-4.388788738670415,55.0,55.83219148710444,-4.304581930326681,27,9.637,818
55.83665579724629,-4.388788738670415,55.0,55.79569701419853,-4.1769099124482585,28,30.087,1492
55.83665579724629,-4.388788738670415,55.0,55.81260197667657,-4.197841211154324,29,20.141,1255
55.83665579724629,-4.388788738670415,55.0,55.826092940761974,-4.176919409292903,30,18.671,1188
55.83665579724629,-4.388788738670415,55.0,55.828413149208096,-4.109650878166438,31,25.475,1378
55.83665579724629,-4.388788738670415,55.0,55.8999241737755,-4.257993823533507,32,17.932,1299
55.83665579724629,-4.388788738670415,55.0,55.892514250678616,-4.340118142906542,33,14.093,1018
55.83665579724629,-4.388788738670415,55.0,55.855241629670886,-4.269936069312288,34,13.965,924
55.83665579724629,-4.388788738670415,55.0,55.877364911629314,-4.109701193625618,35,25.538,1437
55.83665579724629,-4.388788738670415,55.0,55.887053111734645,-4.1280531391159245,36,25.84,1404
55.83665579724629,-4.388788738670415,55.0,55.89108676863447,-4.105446803942431,37,27.573,1710
55.83665579724629,-4.388788738670415,55.0,55.842635153466425,-4.334387903339716,38,6.085,699
55.83665579724629,-4.388788738670415,55.0,55.89197542936556,-4.19614108945253,39,21.847,1237
55.83665579724629,-4.388788738670415,55.0,55.825849135803445,-4.321179033230789,40,9.616,739
55.83665579724629,-4.388788738670415,55.0,55.81864602215581,-4.375055705699034,41,3.767,349
55.83665579724629,-4.388788738670415,55.0,55.92613065482397,-4.212698358862173,42,22.36,1431
55.83665579724629,-4.388788738670415,55.0,55.874439929608144,-4.279689658904073,43,14.572,966
55.83665579724629,-4.388788738670415,55.0,55.81998166828728,-4.245455535821837,44,12.011,1030
55.83665579724629,-4.388788738670415,55.0,55.91066980601156,-4.213502644426629,45,21.312,1382
55.83665579724629,-4.388788738670415,55.0,55.8404807486866,-4.356656090229781,46,5.974,536
55.83665579724629,-4.388788738670415,55.0,55.88708229912325,-4.079055837843032,47,30.806,1458
55.83665579724629,-4.388788738670415,55.0,55.84510555179576,-4.178720975321847,48,20.336,1203
55.83665579724629,-4.388788738670415,55.0,55.84413340760586,-4.085244529493477,49,27.503,1833
55.83665579724629,-4.388788738670415,55.0,55.83324217210475,-4.157183908594519,50,20.198,1200
55.83665579724629,-4.388788738670415,55.0,55.895753278756494,-4.323131413571223,51,13.85,1117
55.83665579724629,-4.388788738670415,55.0,55.88609925330935,-4.38354364327563,52,7.174,634
55.83665579724629,-4.388788738670415,55.0,55.86596770908397,-4.338853955125049,53,10.064,706
55.83665579724629,-4.388788738670415,55.0,55.819381988004544,-4.256567679373081,54,11.141,922
55.83665579724629,-4.388788738670415,55.0,55.919398785577634,-4.298102785445152,55,21.759,1992
55.83665579724629,-4.388788738670415,55.0,55.81052481551728,-4.0780884232687225,56,28.274,2525
55.83665579724629,-4.388788738670415,55.0,55.8411814367945,-4.125490362928665,57,23.556,1273
55.83665579724629,-4.388788738670415,55.0,55.844855881791794,-4.151320272286683,58,21.188,1254
55.83665579724629,-4.388788738670415,55.0,55.79334532620707,-4.3052187624925375,59,8.911,728
55.83665579724629,-4.388788738670415,55.0,55.78499644933002,-4.082518262203789,60,32.754,1608
55.83665579724629,-4.388788738670415,55.0,55.86482365717543,-4.074666870071637,61,27.403,1554
55.83665579724629,-4.388788738670415,55.0,55.910543969585106,-4.384534109666136,62,19.41,1132
55.83665579724629,-4.388788738670415,55.0,55.799715679086134,-4.188568421733812,63,17.281,1520
55.83665579724629,-4.388788738670415,55.0,55.90005630083831,-4.294022887833187,64,17.94,1273
55.83665579724629,-4.388788738670415,55.0,55.82573931186619,-4.210157383495828,65,18.198,1070
55.83665579724629,-4.388788738670415,55.0,55.88010014610652,-4.288014027401103,66,16.661,1242
55.83665579724629,-4.388788738670415,55.0,55.8836463272421,-4.377148406451105,67,7.608,713
55.83665579724629,-4.388788738670415,55.0,55.80511293548626,-4.195982430231648,68,21.121,1330
55.83665579724629,-4.388788738670415,55.0,55.9265186267864,-4.256321117900257,69,21.297,1406
55.83665579724629,-4.388788738670415,55.0,55.90353118048908,-4.119171950823842,70,26.736,1645
55.83665579724629,-4.388788738670415,55.0,55.81502357146685,-4.260984914919316,71,10.786,905
55.83665579724629,-4.388788738670415,55.0,55.894355058439295,-4.293143876300353,72,17.23,1221
55.83665579724629,-4.388788738670415,55.0,55.80246488546192,-4.242274834364847,73,13.809,1206
55.83665579724629,-4.388788738670415,55.0,55.887581813102464,-4.2985753032369685,74,16.842,1217
55.83665579724629,-4.388788738670415,55.0,55.928290955083554,-4.295962301582311,75,18.21,1326
55.83665579724629,-4.388788738670415,55.0,55.81096058143004,-4.368797105646974,76,5.375,540
55.83665579724629,-4.388788738670415,55.0,55.84818750128869,-4.3631808239548375,77,4.91,535
55.83665579724629,-4.388788738670415,55.0,55.81610352786554,-4.330910795148831,78,6.818,559
55.83665579724629,-4.388788738670415,55.0,55.807034270653475,-4.136077366584948,79,21.905,1439
55.83665579724629,-4.388788738670415,55.0,55.86778114631985,-4.233612892312959,80,16.423,1049
55.83665579724629,-4.388788738670415,55.0,55.79578956690847,-4.368290459919509,81,7.31,1660
55.83665579724629,-4.388788738670415,55.0,55.897877306124535,-4.077031107370425,82,29.364,2176
55.83665579724629,-4.388788738670415,55.0,55.80721289582252,-4.242612882195534,83,13.032,1157
55.83665579724629,-4.388788738670415,55.0,55.92209393969709,-4.157940141970138,84,26.507,1443
55.83665579724629,-4.388788738670415,55.0,55.79188265083702,-4.28147512844989,85,9.773,783
55.83665579724629,-4.388788738670415,55.0,55.88043814367632,-4.104360473798184,86,25.35,1397
55.83665579724629,-4.388788738670415,55.0,55.90345994988174,-4.293652184560058,87,18.409,1319
55.83665579724629,-4.388788738670415,55.0,55.91230525016259,-4.108196424937476,88,28.004,1591
55.83665579724629,-4.388788738670415,55.0,55.90569137930351,-4.3852429216612405,89,19.653,1171
55.83665579724629,-4.388788738670415,55.0,55.824402119970216,-4.298242138123909,90,8.446,706
55.83665579724629,-4.388788738670415,55.0,55.887104625653905,-4.201059285828647,91,19.559,1386
55.83665579724629,-4.388788738670415,55.0,55.92006797200308,-4.195257422106852,92,23.206,1409
55.83665579724629,-4.388788738670415,55.0,55.7944551107823,-4.1683749063061635,93,30.234,1925
55.83665579724629,-4.388788738670415,55.0,55.88003873447475,-4.304350182381346,94,13.523,1114
55.83665579724629,-4.388788738670415,55.0,55.88308048053683,-4.2942103285768285,95,16.001,1096
55.83665579724629,-4.388788738670415,55.0,55.80779271908626,-4.3234306371549245,96,7.399,623
55.83665579724629,-4.388788738670415,55.0,55.90123467399992,-4.380968632189907,97,20.851,1384
55.83665579724629,-4.388788738670415,55.0,55.88049231589054,-4.293733205570284,98,15.903,1087
55.83665579724629,-4.388788738670415,55.0,55.84697147961761,-4.334108806216461,99,5.675,633
55.83665579724629,-4.388788738670415,55.0,55.83067141211495,-4.195633651932574,100,17.481,1067
55.83665579724629,-4.388788738670415,55.0,55.89350845984679,-4.099445363541155,101,27.388,1542
55.83665579724629,-4.388788738670415,55.0,55.92592408664018,-4.179171340754611,102,27.848,1527
55.83665579724629,-4.388788738670415,55.0,55.84941827409408,-4.169566750359822,103,21.041,1269
55.83665579724629,-4.388788738670415,55.0,55.92413375575165,-4.226670311636797,104,23.575,2174
55.83665579724629,-4.388788738670415,55.0,55.88995713457192,-4.285031242761631,105,16.17,1123
55.83665579724629,-4.388788738670415,55.0,55.90528066541109,-4.131569818675147,106,24.186,1291
55.83665579724629,-4.388788738670415,55.0,55.87850608392288,-4.103517886631066,107,25.681,1430
55.83665579724629,-4.388788738670415,55.0,55.80799405798939,-4.284953473560454,108,10.387,883
55.83665579724629,-4.388788738670415,55.0,55.906815669822045,-4.385279074380807,109,19.434,1124
55.83665579724629,-4.388788738670415,55.0,55.916237634416454,-4.222407816066865,110,21.813,1367
55.83665579724629,-4.388788738670415,55.0,55.915798955837815,-4.088621086891774,111,31.088,1622
55.83665579724629,-4.388788738670415,55.0,55.827538479175395,-4.350653065976025,112,5.127,437
55.83665579724629,-4.388788738670415,55.0,55.799515288981674,-4.0866627646338864,113,32.367,1637
55.83665579724629,-4.388788738670415,55.0,55.831024245961984,-4.244756518165482,114,14.947,971
55.83665579724629,-4.388788738670415,55.0,55.86754360554833,-4.2143078261423845,115,17.763,1164
55.83665579724629,-4.388788738670415,55.0,55.8574985965699,-4.1521224561179935,116,22.344,1380
55.83665579724629,-4.388788738670415,55.0,55.88095643501817,-4.32811659177277,117,11.906,833
55.83665579724629,-4.388788738670415,55.0,55.85240433608213,-4.177570445500026,118,21.205,1320
55.83665579724629,-4.388788738670415,55.0,55.91169549549074,-4.359708873069638,119,21.962,1350
55.83665579724629,-4.388788738670415,55.0,55.92640787519779,-4.300990956079843,120,18.018,1346
55.83665579724629,-4.388788738670415,55.0,55.84019197366069,-4.205566157974415,121,18.801,1218
55.83665579724629,-4.388788738670415,55.0,55.866619942939494,-4.268153778778456,122,14.725,1088
55.83665579724629,-4.388788738670415,55.0,55.81327411986783,-4.2587495402872255,123,11.465,976
55.83665579724629,-4.388788738670415,55.0,55.86022660117776,-4.154711133590585,124,22.264,1308
55.83665579724629,-4.388788738670415,55.0,55.831522729053496,-4.370420634377527,125,5.261,498
55.83665579724629,-4.388788738670415,55.0,55.84074346341779,-4.172411658039648,126,19.409,1123
55.83665579724629,-4.388788738670415,55.0,55.8801412435821,-4.258666277618953,127,15.769,1114
55.83665579724629,-4.388788738670415,55.0,55.8434159429892,-4.1056733307349536,128,23.812,1302
55.83665579724629,-4.388788738670415,55.0,55.83522057783537,-4.25736952395694,129,11.31,1007
55.83665579724629,-4.388788738670415,55.0,55.86467774065618,-4.2250953414252415,130,16.547,1001
55.83665579724629,-4.388788738670415,55.0,55.8953662249987,-4.231143624453162,131,19.0,1179
55.83665579724629,-4.388788738670415,55.0,55.81920459649808,-4.236238450921302,132,12.595,1080
55.83665579724629,-4.388788738670415,55.0,55.900795402502105,-4.206009410292495,133,21.167,1373
55.83665579724629,-4.388788738670415,55.0,55.86078490474355,-4.339631469507248,134,9.009,757
55.83665579724629,-4.388788738670415,55.0,55.924999437053955,-4.191173279124663,135,23.457,1419
55.83665579724629,-4.388788738670415,55.0,55.81549096669224,-4.126910343137958,136,22.896,1485
55.83665579724629,-4.388788738670415,55.0,55.90135585493081,-4.207622057499793,137,21.166,1351
55.83665579724629,-4.388788738670415,55.0,55.845816555475636,-4.129576488296543,138,22.561,1344
55.83665579724629,-4.388788738670415,55.0,55.80470047644827,-4.291960781118721,139,9.967,868
55.83665579724629,-4.388788738670415,55.0,55.89185394491289,-4.179857587296262,140,20.751,1162
55.83665579724629,-4.388788738670415,55.0,55.91859399996558,-4.3401659608951215,141,16.948,1283
55.83665579724629,-4.388788738670415,55.0,55.90671476836246,-4.3642865107142725,142,21.595,1309
55.83665579724629,-4.388788738670415,55.0,55.81273399651921,-4.167613047894911,143,19.954,1249
55.83665579724629,-4.388788738670415,55.0,55.80939871413575,-4.276056954355674,144,10.101,831
55.83665579724629,-4.388788738670415,55.0,55.88312869327199,-4.214542892826467,145,18.571,1205
55.83665579724629,-4.388788738670415,55.0,55.815340374954424,-4.283514492524949,146,9.095,716
55.83665579724629,-4.388788738670415,55.0,55.87864379034378,-4.080636908866371,147,31.786,1493
55.83665579724629,-4.388788738670415,55.0,55.89423440492952,-4.2418874418647645,148,19.563,1262
55.83665579724629,-4.388788738670415,55.0,55.92796852989922,-4.305970400193036,149,18.146,1370
55.83665579724629,-4.388788738670415,55.0,55.92895153496988,-4.082888064137351,150,31.458,1571
55.83665579724629,-4.388788738670415,55.0,55.790766759429424,-4.135285962371055,151,30.046,1496
55.83665579724629,-4.388788738670415,55.0,55.80808041573422,-4.184105792933229,152,20.915,1261
55.83665579724629,-4.388788738670415,55.0,55.7982747224006,-4.3931924101572655,153,5.341,503
55.83665579724629,-4.388788738670415,55.0,55.81178474630603,-4.337962602706185,154,6.066,487
55.83665579724629,-4.388788738670415,55.0,55.852972007756,-4.353957895039277,155,5.123,650
55.83665579724629,-4.388788738670415,55.0,55.797152036890715,-4.311451416173846,156,7.807,655
55.83665579724629,-4.388788738670415,55.0,55.84839482833289,-4.1889265673730645,157,20.987,1238
55.83665579724629,-4.388788738670415,55.0,55.86383954752864,-4.387927326091926,158,5.1,471
55.83665579724629,-4.388788738670415,55.0,55.807182357875575,-4.140487806234959,159,21.582,1414
55.83665579724629,-4.388788738670415,55.0,55.8296607577131,-4.218765551358871,160,16.367,1127
55.83665579724629,-4.388788738670415,55.0,55.82699494590622,-4.295404959002084,161,9.018,704
55.83665579724629,-4.388788738670415,55.0,55.861248665443505,-4.307186036515638,162,11.917,839
55.83665579724629,-4.388788738670415,55.0,55.897857165570365,-4.156645648865112,163,22.227,1198
55.83665579724629,-4.388788738670415,55.0,55.877747555317356,-4.342792329217214,164,12.496,930
55.83665579724629,-4.388788738670415,55.0,55.92259641850896,-4.389236283866068,165,18.311,1131
55.83665579724629,-4.388788738670415,55.0,55.92621339590465,-4.2820478996479165,166,19.377,1371
55.83665579724629,-4.388788738670415,55.0,55.80660612206145,-4.094012410496262,167,27.859,1590
55.83665579724629,-4.388788738670415,55.0,55.84605439624201,-4.09192094471571,168,26.564,1313
55.83665579724629,-4.388788738670415,55.0,55.83961965364386,-4.1201104741133365,169,23.163,1200
55.83665579724629,-4.388788738670415,55.0,55.85030951683019,-4.217608837338132,170,16.455,1169
55.83665579724629,-4.388788738670415,55.0,55.85971342373431,-4.246748195156407,171,16.916,1099
55.83665579724629,-4.388788738670415,55.0,55.815747728441636,-4.150792968910081,172,20.452,1310
55.83665579724629,-4.388788738670415,55.0,55.80041195127493,-4.3806303679601495,173,5.648,478
55.83665579724629,-4.388788738670415,55.0,55.85487415463933,-4.092829020720908,174,26.374,1314
55.83665579724629,-4.388788738670415,55.0,55.80456076444065,-4.203157873727267,175,21.14,1331
55.83665579724629,-4.388788738670415,55.0,55.84723005082115,-4.330151260440624,176,5.865,614
55.83665579724629,-4.388788738670415,55.0,55.88775631668876,-4.123428423568879,177,25.975,1410
55.83665579724629,-4.388788738670415,55.0,55.82857385936083,-4.129579652409029,178,22.974,1498
55.83665579724629,-4.388788738670415,55.0,55.879865395443076,-4.36272007519476,179,13.388,973
55.83665579724629,-4.388788738670415,55.0,55.87973669437185,-4.215636550296907,180,17.858,1216
55.83665579724629,-4.388788738670415,55.0,55.8162521393249,-4.1868605517933455,181,19.334,1221
55.83665579724629,-4.388788738670415,55.0,55.80755514535402,-4.201625161718038,182,20.893,1298
55.83665579724629,-4.388788738670415,55.0,55.85565398843102,-4.250533808562208,183,13.414,1019
55.83665579724629,-4.388788738670415,55.0,55.929636326069506,-4.381100658166308,184,19.297,1152
55.83665579724629,-4.388788738670415,55.0,55.879581066995904,-4.21986165885879,185,17.499,1197
55.83665579724629,-4.388788738670415,55.0,55.92647877645629,-4.127886630011083,186,27.589,1529
55.83665579724629,-4.388788738670415,55.0,55.82282427264178,-4.371094162561755,187,4.397,421
55.83665579724629,-4.388788738670415,55.0,55.90291353127043,-4.3414180899754955,188,14.895,1175
55.83665579724629,-4.388788738670415,55.0,55.78437024600116,-4.156926419796477,189,28.732,1489
55.83665579724629,-4.388788738670415,55.0,55.8321542449311,-4.1561720476648265,190,20.238,1214
55.83665579724629,-4.388788738670415,55.0,55.88310705812362,-4.084862107847263,191,28.947,1375
55.83665579724629,-4.388788738670415,55.0,55.85616333886266,-4.110333739241922,192,25.175,1358
55.83665579724629,-4.388788738670415,55.0,55.90185178498145,-4.152652007721208,193,26.136,1823
55.83665579724629,-4.388788738670415,55.0,55.8837118458465,-4.182392741162416,194,22.415,2171
55.83665579724629,-4.388788738670415,55.0,55.83086049774818,-4.312434105301623,195,9.221,720
55.83665579724629,-4.388788738670415,55.0,55.821849459706755,-4.176208567338996,196,19.082,1184
55.83665579724629,-4.388788738670415,55.0,55.88009750494633,-4.255964552703097,197,15.455,1093
55.83665579724629,-4.388788738670415,55.0,55.87413911675089,-4.369807111055967,198,7.241,613
55.83665579724629,-4.388788738670415,55.0,55.86354071984154,-4.093406384811447,199,25.791,1412
55.81744777510275,-4.207153701113596,56.0,55.8391698042901,-4.214478482526657,0,3.192,298
55.81744777510275,-4.207153701113596,56.0,55.86553667472969,-4.350500876963486,1,17.177,939
55.81744777510275,-4.207153701113596,56.0,55.912892829643965,-4.286410947894997,2,16.681,2235
55.81744777510275,-4.207153701113596,56.0,55.84854019346565,-4.391697428307927,3,16.608,1160
55.81744777510275,-4.207153701113596,56.0,55.79232875093524,-4.310455024670266,4,9.544,955
55.81744777510275,-4.207153701113596,56.0,55.837143362020576,-4.120043492886959,5,8.118,462
55.81744777510275,-4.207153701113596,56.0,55.84185129809378,-4.283879851305767,6,7.198,755
55.81744777510275,-4.207153701113596,56.0,55.90609664927746,-4.311383718964596,7,15.611,1405
55.81744777510275,-4.207153701113596,56.0,55.7832172019226,-4.31249791159531,8,13.229,1019
55.81744777510275,-4.207153701113596,56.0,55.8177258987159,-4.260489243356555,9,4.104,469
55.81744777510275,-4.207153701113596,56.0,55.903262790870684,-4.212111703691823,10,13.154,1244
55.81744777510275,-4.207153701113596,56.0,55.893978813107424,-4.1413270988368325,11,11.771,1129
55.81744777510275,-4.207153701113596,56.0,55.894884622950286,-4.154349650804189,12,26.425,1121
55.81744777510275,-4.207153701113596,56.0,55.80680963785043,-4.263605759417426,13,6.542,736
55.81744777510275,-4.207153701113596,56.0,55.81824312166051,-4.346878846315483,14,16.236,1052
55.81744777510275,-4.207153701113596,56.0,55.84742656229786,-4.269221405976544,15,7.395,769
55.81744777510275,-4.207153701113596,56.0,55.80730424868546,-4.315177272898423,16,8.599,899
55.81744777510275,-4.207153701113596,56.0,55.83798278877758,-4.260604018644594,17,5.669,570
55.81744777510275,-4.207153701113596,56.0,55.89424631095569,-4.343398240721316,18,18.993,1188
55.81744777510275,-4.207153701113596,56.0,55.83908093533876,-4.223069302141199,19,4.222,428
55.81744777510275,-4.207153701113596,56.0,55.8357731433788,-4.270556349194068,20,6.353,620
55.81744777510275,-4.207153701113596,56.0,55.90309627527835,-4.360750370095284,21,21.026,1423
55.81744777510275,-4.207153701113596,56.0,55.85652103589449,-4.101365743428073,22,13.051,785
55.81744777510275,-4.207153701113596,56.0,55.783736419963375,-4.235306054793451,23,7.278,558
55.81744777510275,-4.207153701113596,56.0,55.92064824587275,-4.2358362157531895,24,14.279,1225
55.81744777510275,-4.207153701113596,56.0,55.907674892744176,-4.2497703459088045,25,13.031,2270
55.81744777510275,-4.207153701113596,56.0,55.919604340921964,-4.226208116301384,26,14.203,1236
55.81744777510275,-4.207153701113596,56.0,55.83219148710444,-4.304581930326681,27,9.294,1009
55.81744777510275,-4.207153701113596,56.0,55.79569701419853,-4.1769099124482585,28,3.799,333
55.81744777510275,-4.207153701113596,56.0,55.81260197667657,-4.197841211154324,29,1.377,204
55.81744777510275,-4.207153701113596,56.0,55.826092940761974,-4.176919409292903,30,3.408,447
55.81744777510275,-4.207153701113596,56.0,55.828413149208096,-4.109650878166438,31,11.579,724
55.81744777510275,-4.207153701113596,56.0,55.8999241737755,-4.257993823533507,32,13.13,1214
55.81744777510275,-4.207153701113596,56.0,55.892514250678616,-4.340118142906542,33,19.022,1200
55.81744777510275,-4.207153701113596,56.0,55.855241629670886,-4.269936069312288,34,11.463,915
55.81744777510275,-4.207153701113596,56.0,55.877364911629314,-4.109701193625618,35,19.292,997
55.81744777510275,-4.207153701113596,56.0,55.887053111734645,-4.1280531391159245,36,24.939,1201
55.81744777510275,-4.207153701113596,56.0,55.89108676863447,-4.105446803942431,37,19.28,1212
55.81744777510275,-4.207153701113596,56.0,55.842635153466425,-4.334387903339716,38,13.045,867
55.81744777510275,-4.207153701113596,56.0,55.89197542936556,-4.19614108945253,39,11.539,1003
55.81744777510275,-4.207153701113596,56.0,55.825849135803445,-4.321179033230789,40,9.273,930
55.81744777510275,-4.207153701113596,56.0,55.81864602215581,-4.375055705699034,41,17.265,1060
55.81744777510275,-4.207153701113596,56.0,55.92613065482397,-4.212698358862173,42,14.665,1289
55.81744777510275,-4.207153701113596,56.0,55.874439929608144,-4.279689658904073,43,11.304,1037
55.81744777510275,-4.207153701113596,56.0,55.81998166828728,-4.245455535821837,44,2.964,335
55.81744777510275,-4.207153701113596,56.0,55.91066980601156,-4.213502644426629,45,13.617,1240
55.81744777510275,-4.207153701113596,56.0,55.8404807486866,-4.356656090229781,46,16.697,1134
55.81744777510275,-4.207153701113596,56.0,55.88708229912325,-4.079055837843032,47,16.91,805
55.81744777510275,-4.207153701113596,56.0,55.84510555179576,-4.178720975321847,48,6.44,550
55.81744777510275,-4.207153701113596,56.0,55.84413340760586,-4.085244529493477,49,13.607,1179
55.81744777510275,-4.207153701113596,56.0,55.83324217210475,-4.157183908594519,50,4.894,463
55.81744777510275,-4.207153701113596,56.0,55.895753278756494,-4.323131413571223,51,18.779,1299
55.81744777510275,-4.207153701113596,56.0,55.88609925330935,-4.38354364327563,52,18.21,1007
55.81744777510275,-4.207153701113596,56.0,55.86596770908397,-4.338853955125049,53,14.993,888
55.81744777510275,-4.207153701113596,56.0,55.819381988004544,-4.256567679373081,54,5.013,529
55.81744777510275,-4.207153701113596,56.0,55.919398785577634,-4.298102785445152,55,16.957,1915
55.81744777510275,-4.207153701113596,56.0,55.81052481551728,-4.0780884232687225,56,14.378,1872
55.81744777510275,-4.207153701113596,56.0,55.8411814367945,-4.125490362928665,57,9.66,620
55.81744777510275,-4.207153701113596,56.0,55.844855881791794,-4.151320272286683,58,7.292,600
55.81744777510275,-4.207153701113596,56.0,55.79334532620707,-4.3052187624925375,59,9.139,916
55.81744777510275,-4.207153701113596,56.0,55.78499644933002,-4.082518262203789,60,10.993,621
55.81744777510275,-4.207153701113596,56.0,55.86482365717543,-4.074666870071637,61,14.603,979
55.81744777510275,-4.207153701113596,56.0,55.910543969585106,-4.384534109666136,62,22.853,1488
55.81744777510275,-4.207153701113596,56.0,55.799715679086134,-4.188568421733812,63,3.781,491
55.81744777510275,-4.207153701113596,56.0,55.90005630083831,-4.294022887833187,64,14.683,1358
55.81744777510275,-4.207153701113596,56.0,55.82573931186619,-4.210157383495828,65,1.361,138
55.81744777510275,-4.207153701113596,56.0,55.88010014610652,-4.288014027401103,66,13.404,1327
55.81744777510275,-4.207153701113596,56.0,55.8836463272421,-4.377148406451105,67,17.98,1085
55.81744777510275,-4.207153701113596,56.0,55.80511293548626,-4.195982430231648,68,2.357,302
55.81744777510275,-4.207153701113596,56.0,55.9265186267864,-4.256321117900257,69,16.495,1329
55.81744777510275,-4.207153701113596,56.0,55.90353118048908,-4.119171950823842,70,19.882,1272
55.81744777510275,-4.207153701113596,56.0,55.81502357146685,-4.260984914919316,71,4.461,503
55.81744777510275,-4.207153701113596,56.0,55.894355058439295,-4.293143876300353,72,13.973,1306
55.81744777510275,-4.207153701113596,56.0,55.80246488546192,-4.242274834364847,73,3.58,429
55.81744777510275,-4.207153701113596,56.0,55.887581813102464,-4.2985753032369685,74,13.585,1302
55.81744777510275,-4.207153701113596,56.0,55.928290955083554,-4.295962301582311,75,17.379,1329
55.81744777510275,-4.207153701113596,56.0,55.81096058143004,-4.368797105646974,76,18.922,1142
55.81744777510275,-4.207153701113596,56.0,55.84818750128869,-4.3631808239548375,77,17.683,986
55.81744777510275,-4.207153701113596,56.0,55.81610352786554,-4.330910795148831,78,15.261,892
55.81744777510275,-4.207153701113596,56.0,55.807034270653475,-4.136077366584948,79,8.547,513
55.81744777510275,-4.207153701113596,56.0,55.86778114631985,-4.233612892312959,80,8.261,879
55.81744777510275,-4.207153701113596,56.0,55.79578956690847,-4.368290459919509,81,24.006,2337
55.81744777510275,-4.207153701113596,56.0,55.897877306124535,-4.077031107370425,82,19.269,1550
55.81744777510275,-4.207153701113596,56.0,55.80721289582252,-4.242612882195534,83,2.919,391
55.81744777510275,-4.207153701113596,56.0,55.92209393969709,-4.157940141970138,84,16.199,1210
55.81744777510275,-4.207153701113596,56.0,55.79188265083702,-4.28147512844989,85,10.641,840
55.81744777510275,-4.207153701113596,56.0,55.88043814367632,-4.104360473798184,86,18.602,937
55.81744777510275,-4.207153701113596,56.0,55.90345994988174,-4.293652184560058,87,16.154,1371
55.81744777510275,-4.207153701113596,56.0,55.91230525016259,-4.108196424937476,88,22.562,1174
55.81744777510275,-4.207153701113596,56.0,55.90569137930351,-4.3852429216612405,89,22.888,1511
55.81744777510275,-4.207153701113596,56.0,55.824402119970216,-4.298242138123909,90,7.908,830
55.81744777510275,-4.207153701113596,56.0,55.887104625653905,-4.201059285828647,91,9.782,1140
55.81744777510275,-4.207153701113596,56.0,55.92006797200308,-4.195257422106852,92,18.269,1255
55.81744777510275,-4.207153701113596,56.0,55.7944551107823,-4.1683749063061635,93,3.929,767
55.81744777510275,-4.207153701113596,56.0,55.88003873447475,-4.304350182381346,94,12.918,1210
55.81744777510275,-4.207153701113596,56.0,55.88308048053683,-4.2942103285768285,95,12.518,1184
55.81744777510275,-4.207153701113596,56.0,55.80779271908626,-4.3234306371549245,96,9.199,968
55.81744777510275,-4.207153701113596,56.0,55.90123467399992,-4.380968632189907,97,23.194,1641
55.81744777510275,-4.207153701113596,56.0,55.88049231589054,-4.293733205570284,98,12.42,1175
55.81744777510275,-4.207153701113596,56.0,55.84697147961761,-4.334108806216461,99,13.159,900
55.81744777510275,-4.207153701113596,56.0,55.83067141211495,-4.195633651932574,100,3.41,348
55.81744777510275,-4.207153701113596,56.0,55.89350845984679,-4.099445363541155,101,18.347,982
55.81744777510275,-4.207153701113596,56.0,55.92592408664018,-4.179171340754611,102,17.54,1293
55.81744777510275,-4.207153701113596,56.0,55.84941827409408,-4.169566750359822,103,7.145,616
55.81744777510275,-4.207153701113596,56.0,55.92413375575165,-4.226670311636797,104,15.88,2031
55.81744777510275,-4.207153701113596,56.0,55.88995713457192,-4.285031242761631,105,12.913,1209
55.81744777510275,-4.207153701113596,56.0,55.90528066541109,-4.131569818675147,106,13.878,1057
55.81744777510275,-4.207153701113596,56.0,55.87850608392288,-4.103517886631066,107,18.933,970
55.81744777510275,-4.207153701113596,56.0,55.80799405798939,-4.284953473560454,108,6.328,739
55.81744777510275,-4.207153701113596,56.0,55.906815669822045,-4.385279074380807,109,22.199,1426
55.81744777510275,-4.207153701113596,56.0,55.916237634416454,-4.222407816066865,110,14.118,1224
55.81744777510275,-4.207153701113596,56.0,55.915798955837815,-4.088621086891774,111,21.428,1058
55.81744777510275,-4.207153701113596,56.0,55.827538479175395,-4.350653065976025,112,15.605,983
55.81744777510275,-4.207153701113596,56.0,55.799515288981674,-4.0866627646338864,113,11.552,738
55.81744777510275,-4.207153701113596,56.0,55.831024245961984,-4.244756518165482,114,4.648,475
55.81744777510275,-4.207153701113596,56.0,55.86754360554833,-4.2143078261423845,115,7.597,915
55.81744777510275,-4.207153701113596,56.0,55.8574985965699,-4.1521224561179935,116,8.448,726
55.81744777510275,-4.207153701113596,56.0,55.88095643501817,-4.32811659177277,117,16.835,1015
55.81744777510275,-4.207153701113596,56.0,55.85240433608213,-4.177570445500026,118,7.061,655
55.81744777510275,-4.207153701113596,56.0,55.91169549549074,-4.359708873069638,119,23.011,1615
55.81744777510275,-4.207153701113596,56.0,55.92640787519779,-4.300990956079843,120,17.827,1378
55.81744777510275,-4.207153701113596,56.0,55.84019197366069,-4.205566157974415,121,3.678,414
55.81744777510275,-4.207153701113596,56.0,55.866619942939494,-4.268153778778456,122,10.381,1018
55.81744777510275,-4.207153701113596,56.0,55.81327411986783,-4.2587495402872255,123,4.44,513
55.81744777510275,-4.207153701113596,56.0,55.86022660117776,-4.154711133590585,124,8.801,757
55.81744777510275,-4.207153701113596,56.0,55.831522729053496,-4.370420634377527,125,17.659,1153
55.81744777510275,-4.207153701113596,56.0,55.84074346341779,-4.172411658039648,126,5.513,469
55.81744777510275,-4.207153701113596,56.0,55.8801412435821,-4.258666277618953,127,10.657,1032
55.81744777510275,-4.207153701113596,56.0,55.8434159429892,-4.1056733307349536,128,9.916,649
55.81744777510275,-4.207153701113596,56.0,55.83522057783537,-4.25736952395694,129,5.643,571
55.81744777510275,-4.207153701113596,56.0,55.86467774065618,-4.2250953414252415,130,6.822,671
55.81744777510275,-4.207153701113596,56.0,55.8953662249987,-4.231143624453162,131,11.305,1036
55.81744777510275,-4.207153701113596,56.0,55.81920459649808,-4.236238450921302,132,2.38,284
55.81744777510275,-4.207153701113596,56.0,55.900795402502105,-4.206009410292495,133,12.94,1170
55.81744777510275,-4.207153701113596,56.0,55.86078490474355,-4.339631469507248,134,15.528,983
55.81744777510275,-4.207153701113596,56.0,55.924999437053955,-4.191173279124663,135,18.018,1246
55.81744777510275,-4.207153701113596,56.0,55.81549096669224,-4.126910343137958,136,9.604,602
55.81744777510275,-4.207153701113596,56.0,55.90135585493081,-4.207622057499793,137,12.939,1147
55.81744777510275,-4.207153701113596,56.0,55.845816555475636,-4.129576488296543,138,8.665,690
55.81744777510275,-4.207153701113596,56.0,55.80470047644827,-4.291960781118721,139,7.593,844
55.81744777510275,-4.207153701113596,56.0,55.89185394491289,-4.179857587296262,140,10.443,928
55.81744777510275,-4.207153701113596,56.0,55.91859399996558,-4.3401659608951215,141,21.877,1465
55.81744777510275,-4.207153701113596,56.0,55.90671476836246,-4.3642865107142725,142,21.778,1479
55.81744777510275,-4.207153701113596,56.0,55.81273399651921,-4.167613047894911,143,3.187,304
55.81744777510275,-4.207153701113596,56.0,55.80939871413575,-4.276056954355674,144,5.616,628
55.81744777510275,-4.207153701113596,56.0,55.88312869327199,-4.214542892826467,145,10.876,1063
55.81744777510275,-4.207153701113596,56.0,55.815340374954424,-4.283514492524949,146,5.786,645
55.81744777510275,-4.207153701113596,56.0,55.87864379034378,-4.080636908866371,147,17.89,840
55.81744777510275,-4.207153701113596,56.0,55.89423440492952,-4.2418874418647645,148,11.868,1120
55.81744777510275,-4.207153701113596,56.0,55.92796852989922,-4.305970400193036,149,17.955,1401
55.81744777510275,-4.207153701113596,56.0,55.92895153496988,-4.082888064137351,150,22.386,1066
55.81744777510275,-4.207153701113596,56.0,55.790766759429424,-4.135285962371055,151,6.354,408
55.81744777510275,-4.207153701113596,56.0,55.80808041573422,-4.184105792933229,152,1.984,206
55.81744777510275,-4.207153701113596,56.0,55.7982747224006,-4.3931924101572655,153,19.73,1237
55.81744777510275,-4.207153701113596,56.0,55.81178474630603,-4.337962602706185,154,9.759,934
55.81744777510275,-4.207153701113596,56.0,55.852972007756,-4.353957895039277,155,14.727,986
55.81744777510275,-4.207153701113596,56.0,55.797152036890715,-4.311451416173846,156,9.429,949
55.81744777510275,-4.207153701113596,56.0,55.84839482833289,-4.1889265673730645,157,7.091,584
55.81744777510275,-4.207153701113596,56.0,55.86383954752864,-4.387927326091926,158,20.319,1013
55.81744777510275,-4.207153701113596,56.0,55.807182357875575,-4.140487806234959,159,5.223,471
55.81744777510275,-4.207153701113596,56.0,55.8296607577131,-4.218765551358871,160,2.273,262
55.81744777510275,-4.207153701113596,56.0,55.82699494590622,-4.295404959002084,161,7.735,795
55.81744777510275,-4.207153701113596,56.0,55.861248665443505,-4.307186036515638,162,12.613,889
55.81744777510275,-4.207153701113596,56.0,55.897857165570365,-4.156645648865112,163,11.919,965
55.81744777510275,-4.207153701113596,56.0,55.877747555317356,-4.342792329217214,164,17.425,1112
55.81744777510275,-4.207153701113596,56.0,55.92259641850896,-4.389236283866068,165,33.681,1576
55.81744777510275,-4.207153701113596,56.0,55.92621339590465,-4.2820478996479165,166,16.279,1278
55.81744777510275,-4.207153701113596,56.0,55.80660612206145,-4.094012410496262,167,13.963,936
55.81744777510275,-4.207153701113596,56.0,55.84605439624201,-4.09192094471571,168,19.119,908
55.81744777510275,-4.207153701113596,56.0,55.83961965364386,-4.1201104741133365,169,9.267,547
55.81744777510275,-4.207153701113596,56.0,55.85030951683019,-4.217608837338132,170,4.572,480
55.81744777510275,-4.207153701113596,56.0,55.85971342373431,-4.246748195156407,171,6.895,719
55.81744777510275,-4.207153701113596,56.0,55.815747728441636,-4.150792968910081,172,4.374,475
55.81744777510275,-4.207153701113596,56.0,55.80041195127493,-4.3806303679601495,173,19.146,1190
55.81744777510275,-4.207153701113596,56.0,55.85487415463933,-4.092829020720908,174,13.574,739
55.81744777510275,-4.207153701113596,56.0,55.80456076444065,-4.203157873727267,175,2.376,304
55.81744777510275,-4.207153701113596,56.0,55.84723005082115,-4.330151260440624,176,12.68,843
55.81744777510275,-4.207153701113596,56.0,55.88775631668876,-4.123428423568879,177,21.545,1192
55.81744777510275,-4.207153701113596,56.0,55.82857385936083,-4.129579652409029,178,6.896,662
55.81744777510275,-4.207153701113596,56.0,55.879865395443076,-4.36272007519476,179,18.317,1155
55.81744777510275,-4.207153701113596,56.0,55.87973669437185,-4.215636550296907,180,8.67,1041
55.81744777510275,-4.207153701113596,56.0,55.8162521393249,-4.1868605517933455,181,1.351,188
55.81744777510275,-4.207153701113596,56.0,55.80755514535402,-4.201625161718038,182,2.044,268
55.81744777510275,-4.207153701113596,56.0,55.85565398843102,-4.250533808562208,183,6.775,715
55.81744777510275,-4.207153701113596,56.0,55.929636326069506,-4.381100658166308,184,34.667,1597
55.81744777510275,-4.207153701113596,56.0,55.879581066995904,-4.21986165885879,185,9.804,1055
55.81744777510275,-4.207153701113596,56.0,55.92647877645629,-4.127886630011083,186,22.788,1327
55.81744777510275,-4.207153701113596,56.0,55.82282427264178,-4.371094162561755,187,16.795,1076
55.81744777510275,-4.207153701113596,56.0,55.90291353127043,-4.3414180899754955,188,19.824,1357
55.81744777510275,-4.207153701113596,56.0,55.78437024600116,-4.156926419796477,189,5.698,422
55.81744777510275,-4.207153701113596,56.0,55.8321542449311,-4.1561720476648265,190,4.934,477
55.81744777510275,-4.207153701113596,56.0,55.88310705812362,-4.084862107847263,191,15.051,721
55.81744777510275,-4.207153701113596,56.0,55.85616333886266,-4.110333739241922,192,13.694,836
55.81744777510275,-4.207153701113596,56.0,55.90185178498145,-4.152652007721208,193,15.828,1589
55.81744777510275,-4.207153701113596,56.0,55.8837118458465,-4.182392741162416,194,11.597,1906
55.81744777510275,-4.207153701113596,56.0,55.83086049774818,-4.312434105301623,195,8.878,911
55.81744777510275,-4.207153701113596,56.0,55.821849459706755,-4.176208567338996,196,3.004,349
55.81744777510275,-4.207153701113596,56.0,55.88009750494633,-4.255964552703097,197,10.343,1011
55.81744777510275,-4.207153701113596,56.0,55.87413911675089,-4.369807111055967,198,16.321,904
55.81744777510275,-4.207153701113596,56.0,55.86354071984154,-4.093406384811447,199,15.154,844
55.88575706471329,-4.3015991879013775,57.0,55.8391698042901,-4.214478482526657,0,12.96,928
55.88575706471329,-4.3015991879013775,57.0,55.86553667472969,-4.350500876963486,1,5.976,642
55.88575706471329,-4.3015991879013775,57.0,55.912892829643965,-4.286410947894997,2,7.847,1537
55.88575706471329,-4.3015991879013775,57.0,55.84854019346565,-4.391697428307927,3,10.061,995
55.88575706471329,-4.3015991879013775,57.0,55.79232875093524,-4.310455024670266,4,16.074,1059
55.88575706471329,-4.3015991879013775,57.0,55.837143362020576,-4.120043492886959,5,16.659,940
55.88575706471329,-4.3015991879013775,57.0,55.84185129809378,-4.283879851305767,6,10.754,809
55.88575706471329,-4.3015991879013775,57.0,55.90609664927746,-4.311383718964596,7,3.817,387
55.88575706471329,-4.3015991879013775,57.0,55.7832172019226,-4.31249791159531,8,17.662,1117
55.88575706471329,-4.3015991879013775,57.0,55.8177258987159,-4.260489243356555,9,11.631,989
55.88575706471329,-4.3015991879013775,57.0,55.903262790870684,-4.212111703691823,10,9.047,909
55.88575706471329,-4.3015991879013775,57.0,55.893978813107424,-4.1413270988368325,11,12.302,911
55.88575706471329,-4.3015991879013775,57.0,55.894884622950286,-4.154349650804189,12,14.687,809
55.88575706471329,-4.3015991879013775,57.0,55.80680963785043,-4.263605759417426,13,13.396,1214
55.88575706471329,-4.3015991879013775,57.0,55.81824312166051,-4.346878846315483,14,13.237,973
55.88575706471329,-4.3015991879013775,57.0,55.84742656229786,-4.269221405976544,15,7.23,696
55.88575706471329,-4.3015991879013775,57.0,55.80730424868546,-4.315177272898423,16,12.943,958
55.88575706471329,-4.3015991879013775,57.0,55.83798278877758,-4.260604018644594,17,8.012,806
55.88575706471329,-4.3015991879013775,57.0,55.89424631095569,-4.343398240721316,18,3.362,375
55.88575706471329,-4.3015991879013775,57.0,55.83908093533876,-4.223069302141199,19,10.551,959
55.88575706471329,-4.3015991879013775,57.0,55.8357731433788,-4.270556349194068,20,8.034,708
55.88575706471329,-4.3015991879013775,57.0,55.90309627527835,-4.360750370095284,21,5.395,610
55.88575706471329,-4.3015991879013775,57.0,55.85652103589449,-4.101365743428073,22,14.85,854
55.88575706471329,-4.3015991879013775,57.0,55.783736419963375,-4.235306054793451,23,15.691,1280
55.88575706471329,-4.3015991879013775,57.0,55.92064824587275,-4.2358362157531895,24,8.763,643
55.88575706471329,-4.3015991879013775,57.0,55.907674892744176,-4.2497703459088045,25,8.924,1935
55.88575706471329,-4.3015991879013775,57.0,55.919604340921964,-4.226208116301384,26,11.191,845
55.88575706471329,-4.3015991879013775,57.0,55.83219148710444,-4.304581930326681,27,12.115,1000
55.88575706471329,-4.3015991879013775,57.0,55.79569701419853,-4.1769099124482585,28,17.375,1212
55.88575706471329,-4.3015991879013775,57.0,55.81260197667657,-4.197841211154324,29,14.786,1080
55.88575706471329,-4.3015991879013775,57.0,55.826092940761974,-4.176919409292903,30,13.316,1012
55.88575706471329,-4.3015991879013775,57.0,55.828413149208096,-4.109650878166438,31,21.796,1199
55.88575706471329,-4.3015991879013775,57.0,55.8999241737755,-4.257993823533507,32,5.935,585
55.88575706471329,-4.3015991879013775,57.0,55.892514250678616,-4.340118142906542,33,3.391,387
55.88575706471329,-4.3015991879013775,57.0,55.855241629670886,-4.269936069312288,34,5.074,437
55.88575706471329,-4.3015991879013775,57.0,55.877364911629314,-4.109701193625618,35,15.251,954
55.88575706471329,-4.3015991879013775,57.0,55.887053111734645,-4.1280531391159245,36,15.553,921
55.88575706471329,-4.3015991879013775,57.0,55.89108676863447,-4.105446803942431,37,17.286,1227
55.88575706471329,-4.3015991879013775,57.0,55.842635153466425,-4.334387903339716,38,10.02,787
55.88575706471329,-4.3015991879013775,57.0,55.89197542936556,-4.19614108945253,39,11.56,754
55.88575706471329,-4.3015991879013775,57.0,55.825849135803445,-4.321179033230789,40,10.293,900
55.88575706471329,-4.3015991879013775,57.0,55.81864602215581,-4.375055705699034,41,14.266,982
55.88575706471329,-4.3015991879013775,57.0,55.92613065482397,-4.212698358862173,42,11.819,916
55.88575706471329,-4.3015991879013775,57.0,55.874439929608144,-4.279689658904073,43,2.653,337
55.88575706471329,-4.3015991879013775,57.0,55.81998166828728,-4.245455535821837,44,11.111,895
55.88575706471329,-4.3015991879013775,57.0,55.91066980601156,-4.213502644426629,45,10.891,874
55.88575706471329,-4.3015991879013775,57.0,55.8404807486866,-4.356656090229781,46,10.15,969
55.88575706471329,-4.3015991879013775,57.0,55.88708229912325,-4.079055837843032,47,18.095,1087
55.88575706471329,-4.3015991879013775,57.0,55.84510555179576,-4.178720975321847,48,11.127,1011
55.88575706471329,-4.3015991879013775,57.0,55.84413340760586,-4.085244529493477,49,19.349,1387
55.88575706471329,-4.3015991879013775,57.0,55.83324217210475,-4.157183908594519,50,14.843,1025
55.88575706471329,-4.3015991879013775,57.0,55.895753278756494,-4.323131413571223,51,2.917,363
55.88575706471329,-4.3015991879013775,57.0,55.88609925330935,-4.38354364327563,52,10.841,826
55.88575706471329,-4.3015991879013775,57.0,55.86596770908397,-4.338853955125049,53,5.107,566
55.88575706471329,-4.3015991879013775,57.0,55.819381988004544,-4.256567679373081,54,12.54,1045
55.88575706471329,-4.3015991879013775,57.0,55.919398785577634,-4.298102785445152,55,8.123,1217
55.88575706471329,-4.3015991879013775,57.0,55.81052481551728,-4.0780884232687225,56,24.595,2346
55.88575706471329,-4.3015991879013775,57.0,55.8411814367945,-4.125490362928665,57,19.877,1094
55.88575706471329,-4.3015991879013775,57.0,55.844855881791794,-4.151320272286683,58,15.833,1078
55.88575706471329,-4.3015991879013775,57.0,55.79334532620707,-4.3052187624925375,59,16.405,1065
55.88575706471329,-4.3015991879013775,57.0,55.78499644933002,-4.082518262203789,60,26.485,1273
55.88575706471329,-4.3015991879013775,57.0,55.86482365717543,-4.074666870071637,61,17.116,1071
55.88575706471329,-4.3015991879013775,57.0,55.910543969585106,-4.384534109666136,62,7.222,675
55.88575706471329,-4.3015991879013775,57.0,55.799715679086134,-4.188568421733812,63,17.357,1371
55.88575706471329,-4.3015991879013775,57.0,55.90005630083831,-4.294022887833187,64,2.948,322
55.88575706471329,-4.3015991879013775,57.0,55.82573931186619,-4.210157383495828,65,12.843,894
55.88575706471329,-4.3015991879013775,57.0,55.88010014610652,-4.288014027401103,66,1.457,298
55.88575706471329,-4.3015991879013775,57.0,55.8836463272421,-4.377148406451105,67,10.611,904
55.88575706471329,-4.3015991879013775,57.0,55.80511293548626,-4.195982430231648,68,15.766,1154
55.88575706471329,-4.3015991879013775,57.0,55.9265186267864,-4.256321117900257,69,7.661,630
55.88575706471329,-4.3015991879013775,57.0,55.90353118048908,-4.119171950823842,70,16.449,1162
55.88575706471329,-4.3015991879013775,57.0,55.81502357146685,-4.260984914919316,71,11.988,1024
55.88575706471329,-4.3015991879013775,57.0,55.894355058439295,-4.293143876300353,72,2.797,327
55.88575706471329,-4.3015991879013775,57.0,55.80246488546192,-4.242274834364847,73,13.252,1120
55.88575706471329,-4.3015991879013775,57.0,55.887581813102464,-4.2985753032369685,74,0.991,182
55.88575706471329,-4.3015991879013775,57.0,55.928290955083554,-4.295962301582311,75,6.646,522
55.88575706471329,-4.3015991879013775,57.0,55.81096058143004,-4.368797105646974,76,15.923,1064
55.88575706471329,-4.3015991879013775,57.0,55.84818750128869,-4.3631808239548375,77,10.314,805
55.88575706471329,-4.3015991879013775,57.0,55.81610352786554,-4.330910795148831,78,12.262,813
55.88575706471329,-4.3015991879013775,57.0,55.807034270653475,-4.136077366584948,79,16.55,1263
55.88575706471329,-4.3015991879013775,57.0,55.86778114631985,-4.233612892312959,80,6.136,566
55.88575706471329,-4.3015991879013775,57.0,55.79578956690847,-4.368290459919509,81,21.007,2258
55.88575706471329,-4.3015991879013775,57.0,55.897877306124535,-4.077031107370425,82,19.077,1693
55.88575706471329,-4.3015991879013775,57.0,55.80721289582252,-4.242612882195534,83,12.475,1072
55.88575706471329,-4.3015991879013775,57.0,55.92209393969709,-4.157940141970138,84,16.22,960
55.88575706471329,-4.3015991879013775,57.0,55.79188265083702,-4.28147512844989,85,17.267,1120
55.88575706471329,-4.3015991879013775,57.0,55.88043814367632,-4.104360473798184,86,15.063,914
55.88575706471329,-4.3015991879013775,57.0,55.90345994988174,-4.293652184560058,87,3.358,367
55.88575706471329,-4.3015991879013775,57.0,55.91230525016259,-4.108196424937476,88,17.717,1108
55.88575706471329,-4.3015991879013775,57.0,55.90569137930351,-4.3852429216612405,89,7.257,698
55.88575706471329,-4.3015991879013775,57.0,55.824402119970216,-4.298242138123909,90,10.729,821
55.88575706471329,-4.3015991879013775,57.0,55.887104625653905,-4.201059285828647,91,9.272,903
55.88575706471329,-4.3015991879013775,57.0,55.92006797200308,-4.195257422106852,92,12.665,894
55.88575706471329,-4.3015991879013775,57.0,55.7944551107823,-4.1683749063061635,93,17.505,1647
55.88575706471329,-4.3015991879013775,57.0,55.88003873447475,-4.304350182381346,94,0.808,160
55.88575706471329,-4.3015991879013775,57.0,55.88308048053683,-4.2942103285768285,95,0.797,139
55.88575706471329,-4.3015991879013775,57.0,55.80779271908626,-4.3234306371549245,96,13.533,945
55.88575706471329,-4.3015991879013775,57.0,55.90123467399992,-4.380968632189907,97,10.161,1017
55.88575706471329,-4.3015991879013775,57.0,55.88049231589054,-4.293733205570284,98,1.168,185
55.88575706471329,-4.3015991879013775,57.0,55.84697147961761,-4.334108806216461,99,7.429,732
55.88575706471329,-4.3015991879013775,57.0,55.83067141211495,-4.195633651932574,100,12.126,891
55.88575706471329,-4.3015991879013775,57.0,55.89350845984679,-4.099445363541155,101,17.101,1059
55.88575706471329,-4.3015991879013775,57.0,55.92592408664018,-4.179171340754611,102,14.836,1038
55.88575706471329,-4.3015991879013775,57.0,55.84941827409408,-4.169566750359822,103,10.913,996
55.88575706471329,-4.3015991879013775,57.0,55.92413375575165,-4.226670311636797,104,13.034,1658
55.88575706471329,-4.3015991879013775,57.0,55.88995713457192,-4.285031242761631,105,2.955,328
55.88575706471329,-4.3015991879013775,57.0,55.90528066541109,-4.131569818675147,106,13.899,808
55.88575706471329,-4.3015991879013775,57.0,55.87850608392288,-4.103517886631066,107,15.394,947
55.88575706471329,-4.3015991879013775,57.0,55.80799405798939,-4.284953473560454,108,12.032,1075
55.88575706471329,-4.3015991879013775,57.0,55.906815669822045,-4.385279074380807,109,6.568,613
55.88575706471329,-4.3015991879013775,57.0,55.916237634416454,-4.222407816066865,110,10.943,828
55.88575706471329,-4.3015991879013775,57.0,55.915798955837815,-4.088621086891774,111,20.801,1139
55.88575706471329,-4.3015991879013775,57.0,55.827538479175395,-4.350653065976025,112,12.606,904
55.88575706471329,-4.3015991879013775,57.0,55.799515288981674,-4.0866627646338864,113,26.855,1386
55.88575706471329,-4.3015991879013775,57.0,55.831024245961984,-4.244756518165482,114,9.592,796
55.88575706471329,-4.3015991879013775,57.0,55.86754360554833,-4.2143078261423845,115,7.476,681
55.88575706471329,-4.3015991879013775,57.0,55.8574985965699,-4.1521224561179935,116,12.76,897
55.88575706471329,-4.3015991879013775,57.0,55.88095643501817,-4.32811659177277,117,3.26,369
55.88575706471329,-4.3015991879013775,57.0,55.85240433608213,-4.177570445500026,118,10.198,868
55.88575706471329,-4.3015991879013775,57.0,55.91169549549074,-4.359708873069638,119,6.532,660
55.88575706471329,-4.3015991879013775,57.0,55.92640787519779,-4.300990956079843,120,6.454,542
55.88575706471329,-4.3015991879013775,57.0,55.84019197366069,-4.205566157974415,121,10.616,1045
55.88575706471329,-4.3015991879013775,57.0,55.866619942939494,-4.268153778778456,122,3.961,520
55.88575706471329,-4.3015991879013775,57.0,55.81327411986783,-4.2587495402872255,123,11.967,1033
55.88575706471329,-4.3015991879013775,57.0,55.86022660117776,-4.154711133590585,124,11.977,825
55.88575706471329,-4.3015991879013775,57.0,55.831522729053496,-4.370420634377527,125,10.155,976
55.88575706471329,-4.3015991879013775,57.0,55.84074346341779,-4.172411658039648,126,14.054,948
55.88575706471329,-4.3015991879013775,57.0,55.8801412435821,-4.258666277618953,127,5.206,538
55.88575706471329,-4.3015991879013775,57.0,55.8434159429892,-4.1056733307349536,128,20.133,1123
55.88575706471329,-4.3015991879013775,57.0,55.83522057783537,-4.25736952395694,129,8.651,834
55.88575706471329,-4.3015991879013775,57.0,55.86467774065618,-4.2250953414252415,130,6.26,518
55.88575706471329,-4.3015991879013775,57.0,55.8953662249987,-4.231143624453162,131,7.198,701
55.88575706471329,-4.3015991879013775,57.0,55.81920459649808,-4.236238450921302,132,11.695,945
55.88575706471329,-4.3015991879013775,57.0,55.900795402502105,-4.206009410292495,133,9.365,896
55.88575706471329,-4.3015991879013775,57.0,55.86078490474355,-4.339631469507248,134,5.642,661
55.88575706471329,-4.3015991879013775,57.0,55.924999437053955,-4.191173279124663,135,12.916,903
55.88575706471329,-4.3015991879013775,57.0,55.81549096669224,-4.126910343137958,136,17.541,1310
55.88575706471329,-4.3015991879013775,57.0,55.90135585493081,-4.207622057499793,137,9.364,874
55.88575706471329,-4.3015991879013775,57.0,55.845816555475636,-4.129576488296543,138,15.95,1066
55.88575706471329,-4.3015991879013775,57.0,55.80470047644827,-4.291960781118721,139,12.059,1053
55.88575706471329,-4.3015991879013775,57.0,55.89185394491289,-4.179857587296262,140,10.464,679
55.88575706471329,-4.3015991879013775,57.0,55.91859399996558,-4.3401659608951215,141,5.398,510
55.88575706471329,-4.3015991879013775,57.0,55.90671476836246,-4.3642865107142725,142,6.619,632
55.88575706471329,-4.3015991879013775,57.0,55.81273399651921,-4.167613047894911,143,14.599,1074
55.88575706471329,-4.3015991879013775,57.0,55.80939871413575,-4.276056954355674,144,11.94,1039
55.88575706471329,-4.3015991879013775,57.0,55.88312869327199,-4.214542892826467,145,8.284,722
55.88575706471329,-4.3015991879013775,57.0,55.815340374954424,-4.283514492524949,146,10.934,924
55.88575706471329,-4.3015991879013775,57.0,55.87864379034378,-4.080636908866371,147,19.075,1121
55.88575706471329,-4.3015991879013775,57.0,55.89423440492952,-4.2418874418647645,148,6.298,678
55.88575706471329,-4.3015991879013775,57.0,55.92796852989922,-4.305970400193036,149,6.582,565
55.88575706471329,-4.3015991879013775,57.0,55.92895153496988,-4.082888064137351,150,21.171,1088
55.88575706471329,-4.3015991879013775,57.0,55.790766759429424,-4.135285962371055,151,19.93,1288
55.88575706471329,-4.3015991879013775,57.0,55.80808041573422,-4.184105792933229,152,15.56,1086
55.88575706471329,-4.3015991879013775,57.0,55.7982747224006,-4.3931924101572655,153,16.731,1158
55.88575706471329,-4.3015991879013775,57.0,55.81178474630603,-4.337962602706185,154,13.329,919
55.88575706471329,-4.3015991879013775,57.0,55.852972007756,-4.353957895039277,155,6.963,760
55.88575706471329,-4.3015991879013775,57.0,55.797152036890715,-4.311451416173846,156,15.301,993
55.88575706471329,-4.3015991879013775,57.0,55.84839482833289,-4.1889265673730645,157,9.942,886
55.88575706471329,-4.3015991879013775,57.0,55.86383954752864,-4.387927326091926,158,12.95,832
55.88575706471329,-4.3015991879013775,57.0,55.807182357875575,-4.140487806234959,159,16.227,1238
55.88575706471329,-4.3015991879013775,57.0,55.8296607577131,-4.218765551358871,160,11.012,952
55.88575706471329,-4.3015991879013775,57.0,55.82699494590622,-4.295404959002084,161,10.765,797
55.88575706471329,-4.3015991879013775,57.0,55.861248665443505,-4.307186036515638,162,5.783,632
55.88575706471329,-4.3015991879013775,57.0,55.897857165570365,-4.156645648865112,163,11.94,715
55.88575706471329,-4.3015991879013775,57.0,55.877747555317356,-4.342792329217214,164,3.922,531
55.88575706471329,-4.3015991879013775,57.0,55.92259641850896,-4.389236283866068,165,9.397,716
55.88575706471329,-4.3015991879013775,57.0,55.92621339590465,-4.2820478996479165,166,7.445,580
55.88575706471329,-4.3015991879013775,57.0,55.80660612206145,-4.094012410496262,167,24.18,1411
55.88575706471329,-4.3015991879013775,57.0,55.84605439624201,-4.09192094471571,168,16.277,830
55.88575706471329,-4.3015991879013775,57.0,55.83961965364386,-4.1201104741133365,169,19.484,1021
55.88575706471329,-4.3015991879013775,57.0,55.85030951683019,-4.217608837338132,170,8.692,802
55.88575706471329,-4.3015991879013775,57.0,55.85971342373431,-4.246748195156407,171,6.629,616
55.88575706471329,-4.3015991879013775,57.0,55.815747728441636,-4.150792968910081,172,15.097,1135
55.88575706471329,-4.3015991879013775,57.0,55.80041195127493,-4.3806303679601495,173,16.147,1111
55.88575706471329,-4.3015991879013775,57.0,55.85487415463933,-4.092829020720908,174,16.087,831
55.88575706471329,-4.3015991879013775,57.0,55.80456076444065,-4.203157873727267,175,15.785,1156
55.88575706471329,-4.3015991879013775,57.0,55.84723005082115,-4.330151260440624,176,7.619,713
55.88575706471329,-4.3015991879013775,57.0,55.88775631668876,-4.123428423568879,177,15.688,927
55.88575706471329,-4.3015991879013775,57.0,55.82857385936083,-4.129579652409029,178,17.619,1322
55.88575706471329,-4.3015991879013775,57.0,55.879865395443076,-4.36272007519476,179,5.859,606
55.88575706471329,-4.3015991879013775,57.0,55.87973669437185,-4.215636550296907,180,7.571,733
55.88575706471329,-4.3015991879013775,57.0,55.8162521393249,-4.1868605517933455,181,13.979,1045
55.88575706471329,-4.3015991879013775,57.0,55.80755514535402,-4.201625161718038,182,15.538,1123
55.88575706471329,-4.3015991879013775,57.0,55.85565398843102,-4.250533808562208,183,6.238,696
55.88575706471329,-4.3015991879013775,57.0,55.929636326069506,-4.381100658166308,184,8.459,676
55.88575706471329,-4.3015991879013775,57.0,55.879581066995904,-4.21986165885879,185,7.212,714
55.88575706471329,-4.3015991879013775,57.0,55.92647877645629,-4.127886630011083,186,17.302,1046
55.88575706471329,-4.3015991879013775,57.0,55.82282427264178,-4.371094162561755,187,13.796,997
55.88575706471329,-4.3015991879013775,57.0,55.90291353127043,-4.3414180899754955,188,4.45,486
55.88575706471329,-4.3015991879013775,57.0,55.78437024600116,-4.156926419796477,189,19.274,1302
55.88575706471329,-4.3015991879013775,57.0,55.8321542449311,-4.1561720476648265,190,14.883,1039
55.88575706471329,-4.3015991879013775,57.0,55.88310705812362,-4.084862107847263,191,20.341,993
55.88575706471329,-4.3015991879013775,57.0,55.85616333886266,-4.110333739241922,192,14.888,875
55.88575706471329,-4.3015991879013775,57.0,55.90185178498145,-4.152652007721208,193,15.849,1340
55.88575706471329,-4.3015991879013775,57.0,55.8837118458465,-4.182392741162416,194,12.128,1688
55.88575706471329,-4.3015991879013775,57.0,55.83086049774818,-4.312434105301623,195,11.699,902
55.88575706471329,-4.3015991879013775,57.0,55.821849459706755,-4.176208567338996,196,13.727,1009
55.88575706471329,-4.3015991879013775,57.0,55.88009750494633,-4.255964552703097,197,5.102,533
55.88575706471329,-4.3015991879013775,57.0,55.87413911675089,-4.369807111055967,198,8.952,723
55.88575706471329,-4.3015991879013775,57.0,55.86354071984154,-4.093406384811447,199,15.504,929
55.852137396784144,-4.128210865423956,58.0,55.8391698042901,-4.214478482526657,0,7.757,635
55.852137396784144,-4.128210865423956,58.0,55.86553667472969,-4.350500876963486,1,20.094,1064
55.852137396784144,-4.128210865423956,58.0,55.912892829643965,-4.286410947894997,2,18.654,2108
55.852137396784144,-4.128210865423956,58.0,55.84854019346565,-4.391697428307927,3,19.525,1285
55.852137396784144,-4.128210865423956,58.0,55.79232875093524,-4.310455024670266,4,21.99,1263
55.852137396784144,-4.128210865423956,58.0,55.837143362020576,-4.120043492886959,5,5.953,427
55.852137396784144,-4.128210865423956,58.0,55.84185129809378,-4.283879851305767,6,11.964,938
55.852137396784144,-4.128210865423956,58.0,55.90609664927746,-4.311383718964596,7,17.338,1217
55.852137396784144,-4.128210865423956,58.0,55.7832172019226,-4.31249791159531,8,17.947,1305
55.852137396784144,-4.128210865423956,58.0,55.8177258987159,-4.260489243356555,9,11.914,851
55.852137396784144,-4.128210865423956,58.0,55.903262790870684,-4.212111703691823,10,11.891,998
55.852137396784144,-4.128210865423956,58.0,55.893978813107424,-4.1413270988368325,11,9.82,772
55.852137396784144,-4.128210865423956,58.0,55.894884622950286,-4.154349650804189,12,17.647,798
55.852137396784144,-4.128210865423956,58.0,55.80680963785043,-4.263605759417426,13,14.352,1118
55.852137396784144,-4.128210865423956,58.0,55.81824312166051,-4.346878846315483,14,19.153,1177
55.852137396784144,-4.128210865423956,58.0,55.84742656229786,-4.269221405976544,15,12.329,957
55.852137396784144,-4.128210865423956,58.0,55.80730424868546,-4.315177272898423,16,18.859,1162
55.852137396784144,-4.128210865423956,58.0,55.83798278877758,-4.260604018644594,17,10.435,752
55.852137396784144,-4.128210865423956,58.0,55.89424631095569,-4.343398240721316,18,17.199,1197
55.852137396784144,-4.128210865423956,58.0,55.83908093533876,-4.223069302141199,19,8.256,723
55.852137396784144,-4.128210865423956,58.0,55.8357731433788,-4.270556349194068,20,11.119,802
55.852137396784144,-4.128210865423956,58.0,55.90309627527835,-4.360750370095284,21,19.232,1432
55.852137396784144,-4.128210865423956,58.0,55.85652103589449,-4.101365743428073,22,2.41,286
55.852137396784144,-4.128210865423956,58.0,55.783736419963375,-4.235306054793451,23,12.61,963
55.852137396784144,-4.128210865423956,58.0,55.92064824587275,-4.2358362157531895,24,16.252,1098
55.852137396784144,-4.128210865423956,58.0,55.907674892744176,-4.2497703459088045,25,15.004,2143
55.852137396784144,-4.128210865423956,58.0,55.919604340921964,-4.226208116301384,26,14.098,1058
55.852137396784144,-4.128210865423956,58.0,55.83219148710444,-4.304581930326681,27,18.031,1203
55.852137396784144,-4.128210865423956,58.0,55.79569701419853,-4.1769099124482585,28,8.785,719
55.852137396784144,-4.128210865423956,58.0,55.81260197667657,-4.197841211154324,29,9.622,770
55.852137396784144,-4.128210865423956,58.0,55.826092940761974,-4.176919409292903,30,5.881,572
55.852137396784144,-4.128210865423956,58.0,55.828413149208096,-4.109650878166438,31,5.906,487
55.852137396784144,-4.128210865423956,58.0,55.8999241737755,-4.257993823533507,32,15.103,1087
55.852137396784144,-4.128210865423956,58.0,55.892514250678616,-4.340118142906542,33,17.228,1209
55.852137396784144,-4.128210865423956,58.0,55.855241629670886,-4.269936069312288,34,13.19,727
55.852137396784144,-4.128210865423956,58.0,55.877364911629314,-4.109701193625618,35,6.627,599
55.852137396784144,-4.128210865423956,58.0,55.887053111734645,-4.1280531391159245,36,16.161,879
55.852137396784144,-4.128210865423956,58.0,55.89108676863447,-4.105446803942431,37,10.502,889
55.852137396784144,-4.128210865423956,58.0,55.842635153466425,-4.334387903339716,38,15.962,992
55.852137396784144,-4.128210865423956,58.0,55.89197542936556,-4.19614108945253,39,9.675,722
55.852137396784144,-4.128210865423956,58.0,55.825849135803445,-4.321179033230789,40,16.209,1104
55.852137396784144,-4.128210865423956,58.0,55.81864602215581,-4.375055705699034,41,20.182,1185
55.852137396784144,-4.128210865423956,58.0,55.92613065482397,-4.212698358862173,42,13.962,1080
55.852137396784144,-4.128210865423956,58.0,55.874439929608144,-4.279689658904073,43,13.031,849
55.852137396784144,-4.128210865423956,58.0,55.81998166828728,-4.245455535821837,44,11.394,756
55.852137396784144,-4.128210865423956,58.0,55.91066980601156,-4.213502644426629,45,13.593,1073
55.852137396784144,-4.128210865423956,58.0,55.8404807486866,-4.356656090229781,46,19.614,1259
55.852137396784144,-4.128210865423956,58.0,55.88708229912325,-4.079055837843032,47,8.132,482
55.852137396784144,-4.128210865423956,58.0,55.84510555179576,-4.178720975321847,48,4.409,435
55.852137396784144,-4.128210865423956,58.0,55.84413340760586,-4.085244529493477,49,7.049,894
55.852137396784144,-4.128210865423956,58.0,55.83324217210475,-4.157183908594519,50,3.787,379
55.852137396784144,-4.128210865423956,58.0,55.895753278756494,-4.323131413571223,51,16.97,1271
55.852137396784144,-4.128210865423956,58.0,55.88609925330935,-4.38354364327563,52,21.127,1132
55.852137396784144,-4.128210865423956,58.0,55.86596770908397,-4.338853955125049,53,17.91,1013
55.852137396784144,-4.128210865423956,58.0,55.819381988004544,-4.256567679373081,54,12.823,906
55.852137396784144,-4.128210865423956,58.0,55.919398785577634,-4.298102785445152,55,18.93,1788
55.852137396784144,-4.128210865423956,58.0,55.81052481551728,-4.0780884232687225,56,8.705,1634
55.852137396784144,-4.128210865423956,58.0,55.8411814367945,-4.125490362928665,57,2.16,237
55.852137396784144,-4.128210865423956,58.0,55.844855881791794,-4.151320272286683,58,4.241,396
55.852137396784144,-4.128210865423956,58.0,55.79334532620707,-4.3052187624925375,59,16.69,1253
55.852137396784144,-4.128210865423956,58.0,55.78499644933002,-4.082518262203789,60,12.771,679
55.852137396784144,-4.128210865423956,58.0,55.86482365717543,-4.074666870071637,61,4.816,578
55.852137396784144,-4.128210865423956,58.0,55.910543969585106,-4.384534109666136,62,21.059,1497
55.852137396784144,-4.128210865423956,58.0,55.799715679086134,-4.188568421733812,63,9.113,910
55.852137396784144,-4.128210865423956,58.0,55.90005630083831,-4.294022887833187,64,16.41,1170
55.852137396784144,-4.128210865423956,58.0,55.82573931186619,-4.210157383495828,65,7.679,585
55.852137396784144,-4.128210865423956,58.0,55.88010014610652,-4.288014027401103,66,15.131,1139
55.852137396784144,-4.128210865423956,58.0,55.8836463272421,-4.377148406451105,67,20.897,1210
55.852137396784144,-4.128210865423956,58.0,55.80511293548626,-4.195982430231648,68,8.937,765
55.852137396784144,-4.128210865423956,58.0,55.9265186267864,-4.256321117900257,69,18.468,1202
55.852137396784144,-4.128210865423956,58.0,55.90353118048908,-4.119171950823842,70,11.104,950
55.852137396784144,-4.128210865423956,58.0,55.81502357146685,-4.260984914919316,71,12.271,885
55.852137396784144,-4.128210865423956,58.0,55.894355058439295,-4.293143876300353,72,15.7,1118
55.852137396784144,-4.128210865423956,58.0,55.80246488546192,-4.242274834364847,73,13.535,982
55.852137396784144,-4.128210865423956,58.0,55.887581813102464,-4.2985753032369685,74,15.312,1114
55.852137396784144,-4.128210865423956,58.0,55.928290955083554,-4.295962301582311,75,19.352,1202
55.852137396784144,-4.128210865423956,58.0,55.81096058143004,-4.368797105646974,76,21.839,1267
55.852137396784144,-4.128210865423956,58.0,55.84818750128869,-4.3631808239548375,77,20.6,1111
55.852137396784144,-4.128210865423956,58.0,55.81610352786554,-4.330910795148831,78,18.178,1017
55.852137396784144,-4.128210865423956,58.0,55.807034270653475,-4.136077366584948,79,7.811,667
55.852137396784144,-4.128210865423956,58.0,55.86778114631985,-4.233612892312959,80,10.161,713
55.852137396784144,-4.128210865423956,58.0,55.79578956690847,-4.368290459919509,81,26.923,2462
55.852137396784144,-4.128210865423956,58.0,55.897877306124535,-4.077031107370425,82,10.491,1228
55.852137396784144,-4.128210865423956,58.0,55.80721289582252,-4.242612882195534,83,12.758,933
55.852137396784144,-4.128210865423956,58.0,55.92209393969709,-4.157940141970138,84,19.748,976
55.852137396784144,-4.128210865423956,58.0,55.79188265083702,-4.28147512844989,85,15.725,1176
55.852137396784144,-4.128210865423956,58.0,55.88043814367632,-4.104360473798184,86,6.439,559
55.852137396784144,-4.128210865423956,58.0,55.90345994988174,-4.293652184560058,87,18.127,1244
55.852137396784144,-4.128210865423956,58.0,55.91230525016259,-4.108196424937476,88,13.784,852
55.852137396784144,-4.128210865423956,58.0,55.90569137930351,-4.3852429216612405,89,21.094,1520
55.852137396784144,-4.128210865423956,58.0,55.824402119970216,-4.298242138123909,90,16.645,1025
55.852137396784144,-4.128210865423956,58.0,55.887104625653905,-4.201059285828647,91,9.449,796
55.852137396784144,-4.128210865423956,58.0,55.92006797200308,-4.195257422106852,92,14.75,943
55.852137396784144,-4.128210865423956,58.0,55.7944551107823,-4.1683749063061635,93,8.915,1153
55.852137396784144,-4.128210865423956,58.0,55.88003873447475,-4.304350182381346,94,14.645,1022
55.852137396784144,-4.128210865423956,58.0,55.88308048053683,-4.2942103285768285,95,14.245,996
55.852137396784144,-4.128210865423956,58.0,55.80779271908626,-4.3234306371549245,96,19.449,1149
55.852137396784144,-4.128210865423956,58.0,55.90123467399992,-4.380968632189907,97,24.247,1696
55.852137396784144,-4.128210865423956,58.0,55.88049231589054,-4.293733205570284,98,14.147,987
55.852137396784144,-4.128210865423956,58.0,55.84697147961761,-4.334108806216461,99,16.076,1025
55.852137396784144,-4.128210865423956,58.0,55.83067141211495,-4.195633651932574,100,6.923,599
55.852137396784144,-4.128210865423956,58.0,55.89350845984679,-4.099445363541155,101,9.569,660
55.852137396784144,-4.128210865423956,58.0,55.92592408664018,-4.179171340754611,102,14.021,982
55.852137396784144,-4.128210865423956,58.0,55.84941827409408,-4.169566750359822,103,3.014,328
55.852137396784144,-4.128210865423956,58.0,55.92413375575165,-4.226670311636797,104,15.177,1822
55.852137396784144,-4.128210865423956,58.0,55.88995713457192,-4.285031242761631,105,14.64,1021
55.852137396784144,-4.128210865423956,58.0,55.90528066541109,-4.131569818675147,106,17.427,824
55.852137396784144,-4.128210865423956,58.0,55.87850608392288,-4.103517886631066,107,6.77,592
55.852137396784144,-4.128210865423956,58.0,55.80799405798939,-4.284953473560454,108,14.138,1122
55.852137396784144,-4.128210865423956,58.0,55.906815669822045,-4.385279074380807,109,20.405,1435
55.852137396784144,-4.128210865423956,58.0,55.916237634416454,-4.222407816066865,110,14.013,1047
55.852137396784144,-4.128210865423956,58.0,55.915798955837815,-4.088621086891774,111,12.65,735
55.852137396784144,-4.128210865423956,58.0,55.827538479175395,-4.350653065976025,112,18.522,1108
55.852137396784144,-4.128210865423956,58.0,55.799515288981674,-4.0866627646338864,113,10.221,759
55.852137396784144,-4.128210865423956,58.0,55.831024245961984,-4.244756518165482,114,9.875,657
55.852137396784144,-4.128210865423956,58.0,55.86754360554833,-4.2143078261423845,115,8.834,699
55.852137396784144,-4.128210865423956,58.0,55.8574985965699,-4.1521224561179935,116,3.023,313
55.852137396784144,-4.128210865423956,58.0,55.88095643501817,-4.32811659177277,117,17.864,1079
55.852137396784144,-4.128210865423956,58.0,55.85240433608213,-4.177570445500026,118,3.292,342
55.852137396784144,-4.128210865423956,58.0,55.91169549549074,-4.359708873069638,119,20.796,1500
55.852137396784144,-4.128210865423956,58.0,55.92640787519779,-4.300990956079843,120,19.8,1251
55.852137396784144,-4.128210865423956,58.0,55.84019197366069,-4.205566157974415,121,8.243,750
55.852137396784144,-4.128210865423956,58.0,55.866619942939494,-4.268153778778456,122,12.108,830
55.852137396784144,-4.128210865423956,58.0,55.81327411986783,-4.2587495402872255,123,12.25,895
55.852137396784144,-4.128210865423956,58.0,55.86022660117776,-4.154711133590585,124,3.458,324
55.852137396784144,-4.128210865423956,58.0,55.831522729053496,-4.370420634377527,125,20.576,1278
55.852137396784144,-4.128210865423956,58.0,55.84074346341779,-4.172411658039648,126,4.131,396
55.852137396784144,-4.128210865423956,58.0,55.8801412435821,-4.258666277618953,127,12.384,844
55.852137396784144,-4.128210865423956,58.0,55.8434159429892,-4.1056733307349536,128,3.771,354
55.852137396784144,-4.128210865423956,58.0,55.83522057783537,-4.25736952395694,129,10.409,754
55.852137396784144,-4.128210865423956,58.0,55.86467774065618,-4.2250953414252415,130,10.054,616
55.852137396784144,-4.128210865423956,58.0,55.8953662249987,-4.231143624453162,131,13.278,909
55.852137396784144,-4.128210865423956,58.0,55.81920459649808,-4.236238450921302,132,11.978,806
55.852137396784144,-4.128210865423956,58.0,55.900795402502105,-4.206009410292495,133,11.076,888
55.852137396784144,-4.128210865423956,58.0,55.86078490474355,-4.339631469507248,134,18.445,1108
55.852137396784144,-4.128210865423956,58.0,55.924999437053955,-4.191173279124663,135,14.499,934
55.852137396784144,-4.128210865423956,58.0,55.81549096669224,-4.126910343137958,136,7.88,664
55.852137396784144,-4.128210865423956,58.0,55.90135585493081,-4.207622057499793,137,11.075,866
55.852137396784144,-4.128210865423956,58.0,55.845816555475636,-4.129576488296543,138,1.008,157
55.852137396784144,-4.128210865423956,58.0,55.80470047644827,-4.291960781118721,139,15.144,1181
55.852137396784144,-4.128210865423956,58.0,55.89185394491289,-4.179857587296262,140,10.279,665
55.852137396784144,-4.128210865423956,58.0,55.91859399996558,-4.3401659608951215,141,19.662,1351
55.852137396784144,-4.128210865423956,58.0,55.90671476836246,-4.3642865107142725,142,20.883,1472
55.852137396784144,-4.128210865423956,58.0,55.81273399651921,-4.167613047894911,143,6.244,520
55.852137396784144,-4.128210865423956,58.0,55.80939871413575,-4.276056954355674,144,13.426,1010
55.852137396784144,-4.128210865423956,58.0,55.88312869327199,-4.214542892826467,145,9.076,767
55.852137396784144,-4.128210865423956,58.0,55.815340374954424,-4.283514492524949,146,13.596,1027
55.852137396784144,-4.128210865423956,58.0,55.87864379034378,-4.080636908866371,147,9.112,517
55.852137396784144,-4.128210865423956,58.0,55.89423440492952,-4.2418874418647645,148,13.841,993
55.852137396784144,-4.128210865423956,58.0,55.92796852989922,-4.305970400193036,149,19.928,1274
55.852137396784144,-4.128210865423956,58.0,55.92895153496988,-4.082888064137351,150,13.608,743
55.852137396784144,-4.128210865423956,58.0,55.790766759429424,-4.135285962371055,151,9.939,723
55.852137396784144,-4.128210865423956,58.0,55.80808041573422,-4.184105792933229,152,7.723,637
55.852137396784144,-4.128210865423956,58.0,55.7982747224006,-4.3931924101572655,153,22.647,1362
55.852137396784144,-4.128210865423956,58.0,55.81178474630603,-4.337962602706185,154,19.245,1123
55.852137396784144,-4.128210865423956,58.0,55.852972007756,-4.353957895039277,155,17.644,1111
55.852137396784144,-4.128210865423956,58.0,55.797152036890715,-4.311451416173846,156,21.217,1197
55.852137396784144,-4.128210865423956,58.0,55.84839482833289,-4.1889265673730645,157,5.17,459
55.852137396784144,-4.128210865423956,58.0,55.86383954752864,-4.387927326091926,158,23.236,1138
55.852137396784144,-4.128210865423956,58.0,55.807182357875575,-4.140487806234959,159,7.488,642
55.852137396784144,-4.128210865423956,58.0,55.8296607577131,-4.218765551358871,160,8.02,676
55.852137396784144,-4.128210865423956,58.0,55.82699494590622,-4.295404959002084,161,16.681,1001
55.852137396784144,-4.128210865423956,58.0,55.861248665443505,-4.307186036515638,162,15.53,1014
55.852137396784144,-4.128210865423956,58.0,55.897857165570365,-4.156645648865112,163,11.755,702
55.852137396784144,-4.128210865423956,58.0,55.877747555317356,-4.342792329217214,164,18.462,1185
55.852137396784144,-4.128210865423956,58.0,55.92259641850896,-4.389236283866068,165,23.661,1557
55.852137396784144,-4.128210865423956,58.0,55.92621339590465,-4.2820478996479165,166,18.252,1151
55.852137396784144,-4.128210865423956,58.0,55.80660612206145,-4.094012410496262,167,8.29,699
55.852137396784144,-4.128210865423956,58.0,55.84605439624201,-4.09192094471571,168,6.749,470
55.852137396784144,-4.128210865423956,58.0,55.83961965364386,-4.1201104741133365,169,2.614,228
55.852137396784144,-4.128210865423956,58.0,55.85030951683019,-4.217608837338132,170,7.392,664
55.852137396784144,-4.128210865423956,58.0,55.85971342373431,-4.246748195156407,171,10.767,763
55.852137396784144,-4.128210865423956,58.0,55.815747728441636,-4.150792968910081,172,6.358,539
55.852137396784144,-4.128210865423956,58.0,55.80041195127493,-4.3806303679601495,173,22.063,1315
55.852137396784144,-4.128210865423956,58.0,55.85487415463933,-4.092829020720908,174,3.787,339
55.852137396784144,-4.128210865423956,58.0,55.80456076444065,-4.203157873727267,175,9.428,785
55.852137396784144,-4.128210865423956,58.0,55.84723005082115,-4.330151260440624,176,15.597,969
55.852137396784144,-4.128210865423956,58.0,55.88775631668876,-4.123428423568879,177,12.767,870
55.852137396784144,-4.128210865423956,58.0,55.82857385936083,-4.129579652409029,178,8.912,678
55.852137396784144,-4.128210865423956,58.0,55.879865395443076,-4.36272007519476,179,19.37,1210
55.852137396784144,-4.128210865423956,58.0,55.87973669437185,-4.215636550296907,180,9.792,863
55.852137396784144,-4.128210865423956,58.0,55.8162521393249,-4.1868605517933455,181,6.831,634
55.852137396784144,-4.128210865423956,58.0,55.80755514535402,-4.201625161718038,182,9.181,752
55.852137396784144,-4.128210865423956,58.0,55.85565398843102,-4.250533808562208,183,11.581,918
55.852137396784144,-4.128210865423956,58.0,55.929636326069506,-4.381100658166308,184,22.723,1516
55.852137396784144,-4.128210865423956,58.0,55.879581066995904,-4.21986165885879,185,9.977,898
55.852137396784144,-4.128210865423956,58.0,55.92647877645629,-4.127886630011083,186,14.01,1005
55.852137396784144,-4.128210865423956,58.0,55.82282427264178,-4.371094162561755,187,19.712,1201
55.852137396784144,-4.128210865423956,58.0,55.90291353127043,-4.3414180899754955,188,18.03,1366
55.852137396784144,-4.128210865423956,58.0,55.78437024600116,-4.156926419796477,189,10.684,809
55.852137396784144,-4.128210865423956,58.0,55.8321542449311,-4.1561720476648265,190,3.827,393
55.852137396784144,-4.128210865423956,58.0,55.88310705812362,-4.084862107847263,191,6.273,399
55.852137396784144,-4.128210865423956,58.0,55.85616333886266,-4.110333739241922,192,1.911,287
55.852137396784144,-4.128210865423956,58.0,55.90185178498145,-4.152652007721208,193,19.377,1356
55.852137396784144,-4.128210865423956,58.0,55.8837118458465,-4.182392741162416,194,9.646,1549
55.852137396784144,-4.128210865423956,58.0,55.83086049774818,-4.312434105301623,195,17.615,1106
55.852137396784144,-4.128210865423956,58.0,55.821849459706755,-4.176208567338996,196,5.711,477
55.852137396784144,-4.128210865423956,58.0,55.88009750494633,-4.255964552703097,197,12.07,823
55.852137396784144,-4.128210865423956,58.0,55.87413911675089,-4.369807111055967,198,19.238,1029
55.852137396784144,-4.128210865423956,58.0,55.86354071984154,-4.093406384811447,199,5.367,443
55.87834221527229,-4.325998427511515,59.0,55.8391698042901,-4.214478482526657,0,13.089,753
55.87834221527229,-4.325998427511515,59.0,55.86553667472969,-4.350500876963486,1,3.469,314
55.87834221527229,-4.325998427511515,59.0,55.912892829643965,-4.286410947894997,2,10.171,1705
55.87834221527229,-4.325998427511515,59.0,55.84854019346565,-4.391697428307927,3,7.554,667
55.87834221527229,-4.325998427511515,59.0,55.79232875093524,-4.310455024670266,4,16.203,884
55.87834221527229,-4.325998427511515,59.0,55.837143362020576,-4.120043492886959,5,16.788,765
55.87834221527229,-4.325998427511515,59.0,55.84185129809378,-4.283879851305767,6,7.947,626
55.87834221527229,-4.325998427511515,59.0,55.90609664927746,-4.311383718964596,7,5.483,570
55.87834221527229,-4.325998427511515,59.0,55.7832172019226,-4.31249791159531,8,17.791,942
55.87834221527229,-4.325998427511515,59.0,55.8177258987159,-4.260489243356555,9,11.76,815
55.87834221527229,-4.325998427511515,59.0,55.903262790870684,-4.212111703691823,10,13.237,886
55.87834221527229,-4.325998427511515,59.0,55.893978813107424,-4.1413270988368325,11,14.977,893
55.87834221527229,-4.325998427511515,59.0,55.894884622950286,-4.154349650804189,12,17.362,792
55.87834221527229,-4.325998427511515,59.0,55.80680963785043,-4.263605759417426,13,13.525,1039
55.87834221527229,-4.325998427511515,59.0,55.81824312166051,-4.346878846315483,14,13.366,798
55.87834221527229,-4.325998427511515,59.0,55.84742656229786,-4.269221405976544,15,7.359,522
55.87834221527229,-4.325998427511515,59.0,55.80730424868546,-4.315177272898423,16,13.072,783
55.87834221527229,-4.325998427511515,59.0,55.83798278877758,-4.260604018644594,17,8.141,632
55.87834221527229,-4.325998427511515,59.0,55.89424631095569,-4.343398240721316,18,3.154,331
55.87834221527229,-4.325998427511515,59.0,55.83908093533876,-4.223069302141199,19,10.68,784
55.87834221527229,-4.325998427511515,59.0,55.8357731433788,-4.270556349194068,20,8.163,533
55.87834221527229,-4.325998427511515,59.0,55.90309627527835,-4.360750370095284,21,5.187,566
55.87834221527229,-4.325998427511515,59.0,55.85652103589449,-4.101365743428073,22,17.525,836
55.87834221527229,-4.325998427511515,59.0,55.783736419963375,-4.235306054793451,23,15.82,1106
55.87834221527229,-4.325998427511515,59.0,55.92064824587275,-4.2358362157531895,24,12.523,855
55.87834221527229,-4.325998427511515,59.0,55.907674892744176,-4.2497703459088045,25,13.114,1912
55.87834221527229,-4.325998427511515,59.0,55.919604340921964,-4.226208116301384,26,14.286,878
55.87834221527229,-4.325998427511515,59.0,55.83219148710444,-4.304581930326681,27,12.244,825
55.87834221527229,-4.325998427511515,59.0,55.79569701419853,-4.1769099124482585,28,17.504,1038
55.87834221527229,-4.325998427511515,59.0,55.81260197667657,-4.197841211154324,29,14.915,905
55.87834221527229,-4.325998427511515,59.0,55.826092940761974,-4.176919409292903,30,13.445,838
55.87834221527229,-4.325998427511515,59.0,55.828413149208096,-4.109650878166438,31,20.249,1028
55.87834221527229,-4.325998427511515,59.0,55.8999241737755,-4.257993823533507,32,8.098,745
55.87834221527229,-4.325998427511515,59.0,55.892514250678616,-4.340118142906542,33,3.183,342
55.87834221527229,-4.325998427511515,59.0,55.855241629670886,-4.269936069312288,34,5.203,267
55.87834221527229,-4.325998427511515,59.0,55.877364911629314,-4.109701193625618,35,17.926,937
55.87834221527229,-4.325998427511515,59.0,55.887053111734645,-4.1280531391159245,36,18.228,903
55.87834221527229,-4.325998427511515,59.0,55.89108676863447,-4.105446803942431,37,19.961,1210
55.87834221527229,-4.325998427511515,59.0,55.842635153466425,-4.334387903339716,38,5.332,470
55.87834221527229,-4.325998427511515,59.0,55.89197542936556,-4.19614108945253,39,14.235,737
55.87834221527229,-4.325998427511515,59.0,55.825849135803445,-4.321179033230789,40,10.422,725
55.87834221527229,-4.325998427511515,59.0,55.81864602215581,-4.375055705699034,41,9.334,753
55.87834221527229,-4.325998427511515,59.0,55.92613065482397,-4.212698358862173,42,14.748,931
55.87834221527229,-4.325998427511515,59.0,55.874439929608144,-4.279689658904073,43,6.96,465
55.87834221527229,-4.325998427511515,59.0,55.81998166828728,-4.245455535821837,44,11.24,720
55.87834221527229,-4.325998427511515,59.0,55.91066980601156,-4.213502644426629,45,13.7,882
55.87834221527229,-4.325998427511515,59.0,55.8404807486866,-4.356656090229781,46,7.643,641
55.87834221527229,-4.325998427511515,59.0,55.88708229912325,-4.079055837843032,47,20.77,1069
55.87834221527229,-4.325998427511515,59.0,55.84510555179576,-4.178720975321847,48,15.11,853
55.87834221527229,-4.325998427511515,59.0,55.84413340760586,-4.085244529493477,49,22.024,1369
55.87834221527229,-4.325998427511515,59.0,55.83324217210475,-4.157183908594519,50,14.972,850
55.87834221527229,-4.325998427511515,59.0,55.895753278756494,-4.323131413571223,51,2.94,442
55.87834221527229,-4.325998427511515,59.0,55.88609925330935,-4.38354364327563,52,8.334,498
55.87834221527229,-4.325998427511515,59.0,55.86596770908397,-4.338853955125049,53,2.6,238
55.87834221527229,-4.325998427511515,59.0,55.819381988004544,-4.256567679373081,54,12.669,870
55.87834221527229,-4.325998427511515,59.0,55.919398785577634,-4.298102785445152,55,10.447,1385
55.87834221527229,-4.325998427511515,59.0,55.81052481551728,-4.0780884232687225,56,23.048,2175
55.87834221527229,-4.325998427511515,59.0,55.8411814367945,-4.125490362928665,57,18.33,923
55.87834221527229,-4.325998427511515,59.0,55.844855881791794,-4.151320272286683,58,15.962,904
55.87834221527229,-4.325998427511515,59.0,55.79334532620707,-4.3052187624925375,59,16.534,890
55.87834221527229,-4.325998427511515,59.0,55.78499644933002,-4.082518262203789,60,26.771,1174
55.87834221527229,-4.325998427511515,59.0,55.86482365717543,-4.074666870071637,61,19.791,1053
55.87834221527229,-4.325998427511515,59.0,55.910543969585106,-4.384534109666136,62,7.014,641
55.87834221527229,-4.325998427511515,59.0,55.799715679086134,-4.188568421733812,63,17.486,1196
55.87834221527229,-4.325998427511515,59.0,55.90005630083831,-4.294022887833187,64,5.56,602
55.87834221527229,-4.325998427511515,59.0,55.82573931186619,-4.210157383495828,65,12.972,719
55.87834221527229,-4.325998427511515,59.0,55.88010014610652,-4.288014027401103,66,3.838,552
55.87834221527229,-4.325998427511515,59.0,55.8836463272421,-4.377148406451105,67,8.104,575
55.87834221527229,-4.325998427511515,59.0,55.80511293548626,-4.195982430231648,68,15.895,979
55.87834221527229,-4.325998427511515,59.0,55.9265186267864,-4.256321117900257,69,11.421,843
55.87834221527229,-4.325998427511515,59.0,55.90353118048908,-4.119171950823842,70,19.124,1145
55.87834221527229,-4.325998427511515,59.0,55.81502357146685,-4.260984914919316,71,12.117,849
55.87834221527229,-4.325998427511515,59.0,55.894355058439295,-4.293143876300353,72,6.43,609
55.87834221527229,-4.325998427511515,59.0,55.80246488546192,-4.242274834364847,73,13.381,946
55.87834221527229,-4.325998427511515,59.0,55.887581813102464,-4.2985753032369685,74,3.603,463
55.87834221527229,-4.325998427511515,59.0,55.928290955083554,-4.295962301582311,75,7.3,650
55.87834221527229,-4.325998427511515,59.0,55.81096058143004,-4.368797105646974,76,16.052,889
55.87834221527229,-4.325998427511515,59.0,55.84818750128869,-4.3631808239548375,77,7.807,477
55.87834221527229,-4.325998427511515,59.0,55.81610352786554,-4.330910795148831,78,12.391,638
55.87834221527229,-4.325998427511515,59.0,55.807034270653475,-4.136077366584948,79,16.679,1088
55.87834221527229,-4.325998427511515,59.0,55.86778114631985,-4.233612892312959,80,8.811,548
55.87834221527229,-4.325998427511515,59.0,55.79578956690847,-4.368290459919509,81,12.877,2064
55.87834221527229,-4.325998427511515,59.0,55.897877306124535,-4.077031107370425,82,21.752,1676
55.87834221527229,-4.325998427511515,59.0,55.80721289582252,-4.242612882195534,83,12.604,897
55.87834221527229,-4.325998427511515,59.0,55.92209393969709,-4.157940141970138,84,18.895,943
55.87834221527229,-4.325998427511515,59.0,55.79188265083702,-4.28147512844989,85,17.396,946
55.87834221527229,-4.325998427511515,59.0,55.88043814367632,-4.104360473798184,86,17.738,897
55.87834221527229,-4.325998427511515,59.0,55.90345994988174,-4.293652184560058,87,5.97,647
55.87834221527229,-4.325998427511515,59.0,55.91230525016259,-4.108196424937476,88,20.392,1090
55.87834221527229,-4.325998427511515,59.0,55.90569137930351,-4.3852429216612405,89,7.049,664
55.87834221527229,-4.325998427511515,59.0,55.824402119970216,-4.298242138123909,90,10.858,646
55.87834221527229,-4.325998427511515,59.0,55.887104625653905,-4.201059285828647,91,11.947,886
55.87834221527229,-4.325998427511515,59.0,55.92006797200308,-4.195257422106852,92,15.594,909
55.87834221527229,-4.325998427511515,59.0,55.7944551107823,-4.1683749063061635,93,17.634,1472
55.87834221527229,-4.325998427511515,59.0,55.88003873447475,-4.304350182381346,94,2.362,311
55.87834221527229,-4.325998427511515,59.0,55.88308048053683,-4.2942103285768285,95,3.178,393
55.87834221527229,-4.325998427511515,59.0,55.80779271908626,-4.3234306371549245,96,13.662,771
55.87834221527229,-4.325998427511515,59.0,55.90123467399992,-4.380968632189907,97,8.255,805
55.87834221527229,-4.325998427511515,59.0,55.88049231589054,-4.293733205570284,98,3.08,383
55.87834221527229,-4.325998427511515,59.0,55.84697147961761,-4.334108806216461,99,4.922,404
55.87834221527229,-4.325998427511515,59.0,55.83067141211495,-4.195633651932574,100,12.255,717
55.87834221527229,-4.325998427511515,59.0,55.89350845984679,-4.099445363541155,101,19.776,1041
55.87834221527229,-4.325998427511515,59.0,55.92592408664018,-4.179171340754611,102,20.236,1027
55.87834221527229,-4.325998427511515,59.0,55.84941827409408,-4.169566750359822,103,15.815,919
55.87834221527229,-4.325998427511515,59.0,55.92413375575165,-4.226670311636797,104,15.963,1673
55.87834221527229,-4.325998427511515,59.0,55.88995713457192,-4.285031242761631,105,5.37,512
55.87834221527229,-4.325998427511515,59.0,55.90528066541109,-4.131569818675147,106,16.574,790
55.87834221527229,-4.325998427511515,59.0,55.87850608392288,-4.103517886631066,107,18.069,930
55.87834221527229,-4.325998427511515,59.0,55.80799405798939,-4.284953473560454,108,12.161,900
55.87834221527229,-4.325998427511515,59.0,55.906815669822045,-4.385279074380807,109,6.36,579
55.87834221527229,-4.325998427511515,59.0,55.916237634416454,-4.222407816066865,110,14.201,866
55.87834221527229,-4.325998427511515,59.0,55.915798955837815,-4.088621086891774,111,23.476,1121
55.87834221527229,-4.325998427511515,59.0,55.827538479175395,-4.350653065976025,112,8.186,719
55.87834221527229,-4.325998427511515,59.0,55.799515288981674,-4.0866627646338864,113,27.141,1287
55.87834221527229,-4.325998427511515,59.0,55.831024245961984,-4.244756518165482,114,9.721,621
55.87834221527229,-4.325998427511515,59.0,55.86754360554833,-4.2143078261423845,115,10.151,664
55.87834221527229,-4.325998427511515,59.0,55.8574985965699,-4.1521224561179935,116,15.435,880
55.87834221527229,-4.325998427511515,59.0,55.88095643501817,-4.32811659177277,117,0.996,158
55.87834221527229,-4.325998427511515,59.0,55.85240433608213,-4.177570445500026,118,12.873,851
55.87834221527229,-4.325998427511515,59.0,55.91169549549074,-4.359708873069638,119,7.172,757
55.87834221527229,-4.325998427511515,59.0,55.92640787519779,-4.300990956079843,120,7.108,671
55.87834221527229,-4.325998427511515,59.0,55.84019197366069,-4.205566157974415,121,13.575,868
55.87834221527229,-4.325998427511515,59.0,55.866619942939494,-4.268153778778456,122,6.295,537
55.87834221527229,-4.325998427511515,59.0,55.81327411986783,-4.2587495402872255,123,12.096,859
55.87834221527229,-4.325998427511515,59.0,55.86022660117776,-4.154711133590585,124,14.652,807
55.87834221527229,-4.325998427511515,59.0,55.831522729053496,-4.370420634377527,125,7.648,648
55.87834221527229,-4.325998427511515,59.0,55.84074346341779,-4.172411658039648,126,14.183,773
55.87834221527229,-4.325998427511515,59.0,55.8801412435821,-4.258666277618953,127,8.157,614
55.87834221527229,-4.325998427511515,59.0,55.8434159429892,-4.1056733307349536,128,18.586,952
55.87834221527229,-4.325998427511515,59.0,55.83522057783537,-4.25736952395694,129,8.78,659
55.87834221527229,-4.325998427511515,59.0,55.86467774065618,-4.2250953414252415,130,8.935,501
55.87834221527229,-4.325998427511515,59.0,55.8953662249987,-4.231143624453162,131,11.388,678
55.87834221527229,-4.325998427511515,59.0,55.81920459649808,-4.236238450921302,132,11.824,771
55.87834221527229,-4.325998427511515,59.0,55.900795402502105,-4.206009410292495,133,13.555,873
55.87834221527229,-4.325998427511515,59.0,55.86078490474355,-4.339631469507248,134,3.135,332
55.87834221527229,-4.325998427511515,59.0,55.924999437053955,-4.191173279124663,135,15.845,918
55.87834221527229,-4.325998427511515,59.0,55.81549096669224,-4.126910343137958,136,17.67,1135
55.87834221527229,-4.325998427511515,59.0,55.90135585493081,-4.207622057499793,137,13.554,851
55.87834221527229,-4.325998427511515,59.0,55.845816555475636,-4.129576488296543,138,17.335,994
55.87834221527229,-4.325998427511515,59.0,55.80470047644827,-4.291960781118721,139,12.188,879
55.87834221527229,-4.325998427511515,59.0,55.89185394491289,-4.179857587296262,140,13.139,661
55.87834221527229,-4.325998427511515,59.0,55.91859399996558,-4.3401659608951215,141,6.038,607
55.87834221527229,-4.325998427511515,59.0,55.90671476836246,-4.3642865107142725,142,5.939,621
55.87834221527229,-4.325998427511515,59.0,55.81273399651921,-4.167613047894911,143,14.728,899
55.87834221527229,-4.325998427511515,59.0,55.80939871413575,-4.276056954355674,144,12.069,865
55.87834221527229,-4.325998427511515,59.0,55.88312869327199,-4.214542892826467,145,10.959,705
55.87834221527229,-4.325998427511515,59.0,55.815340374954424,-4.283514492524949,146,11.063,750
55.87834221527229,-4.325998427511515,59.0,55.87864379034378,-4.080636908866371,147,21.75,1104
55.87834221527229,-4.325998427511515,59.0,55.89423440492952,-4.2418874418647645,148,11.951,762
55.87834221527229,-4.325998427511515,59.0,55.92796852989922,-4.305970400193036,149,7.236,694
55.87834221527229,-4.325998427511515,59.0,55.92895153496988,-4.082888064137351,150,23.846,1071
55.87834221527229,-4.325998427511515,59.0,55.790766759429424,-4.135285962371055,151,20.059,1113
55.87834221527229,-4.325998427511515,59.0,55.80808041573422,-4.184105792933229,152,15.689,911
55.87834221527229,-4.325998427511515,59.0,55.7982747224006,-4.3931924101572655,153,11.799,929
55.87834221527229,-4.325998427511515,59.0,55.81178474630603,-4.337962602706185,154,13.458,744
55.87834221527229,-4.325998427511515,59.0,55.852972007756,-4.353957895039277,155,4.456,432
55.87834221527229,-4.325998427511515,59.0,55.797152036890715,-4.311451416173846,156,15.43,818
55.87834221527229,-4.325998427511515,59.0,55.84839482833289,-4.1889265673730645,157,15.761,887
55.87834221527229,-4.325998427511515,59.0,55.86383954752864,-4.387927326091926,158,10.443,504
55.87834221527229,-4.325998427511515,59.0,55.807182357875575,-4.140487806234959,159,16.356,1064
55.87834221527229,-4.325998427511515,59.0,55.8296607577131,-4.218765551358871,160,11.141,777
55.87834221527229,-4.325998427511515,59.0,55.82699494590622,-4.295404959002084,161,10.894,622
55.87834221527229,-4.325998427511515,59.0,55.861248665443505,-4.307186036515638,162,3.276,304
55.87834221527229,-4.325998427511515,59.0,55.897857165570365,-4.156645648865112,163,14.615,698
55.87834221527229,-4.325998427511515,59.0,55.877747555317356,-4.342792329217214,164,1.44,228
55.87834221527229,-4.325998427511515,59.0,55.92259641850896,-4.389236283866068,165,10.037,813
55.87834221527229,-4.325998427511515,59.0,55.92621339590465,-4.2820478996479165,166,8.467,695
55.87834221527229,-4.325998427511515,59.0,55.80660612206145,-4.094012410496262,167,22.633,1240
55.87834221527229,-4.325998427511515,59.0,55.84605439624201,-4.09192094471571,168,18.952,813
55.87834221527229,-4.325998427511515,59.0,55.83961965364386,-4.1201104741133365,169,17.937,850
55.87834221527229,-4.325998427511515,59.0,55.85030951683019,-4.217608837338132,170,11.367,785
55.87834221527229,-4.325998427511515,59.0,55.85971342373431,-4.246748195156407,171,9.304,599
55.87834221527229,-4.325998427511515,59.0,55.815747728441636,-4.150792968910081,172,15.226,960
55.87834221527229,-4.325998427511515,59.0,55.80041195127493,-4.3806303679601495,173,11.215,882
55.87834221527229,-4.325998427511515,59.0,55.85487415463933,-4.092829020720908,174,18.762,814
55.87834221527229,-4.325998427511515,59.0,55.80456076444065,-4.203157873727267,175,15.914,981
55.87834221527229,-4.325998427511515,59.0,55.84723005082115,-4.330151260440624,176,5.112,384
55.87834221527229,-4.325998427511515,59.0,55.88775631668876,-4.123428423568879,177,18.363,909
55.87834221527229,-4.325998427511515,59.0,55.82857385936083,-4.129579652409029,178,17.748,1148
55.87834221527229,-4.325998427511515,59.0,55.879865395443076,-4.36272007519476,179,3.378,319
55.87834221527229,-4.325998427511515,59.0,55.87973669437185,-4.215636550296907,180,10.246,716
55.87834221527229,-4.325998427511515,59.0,55.8162521393249,-4.1868605517933455,181,14.108,870
55.87834221527229,-4.325998427511515,59.0,55.80755514535402,-4.201625161718038,182,15.667,948
55.87834221527229,-4.325998427511515,59.0,55.85565398843102,-4.250533808562208,183,6.34,523
55.87834221527229,-4.325998427511515,59.0,55.929636326069506,-4.381100658166308,184,9.099,773
55.87834221527229,-4.325998427511515,59.0,55.879581066995904,-4.21986165885879,185,9.887,697
55.87834221527229,-4.325998427511515,59.0,55.92647877645629,-4.127886630011083,186,19.977,1029
55.87834221527229,-4.325998427511515,59.0,55.82282427264178,-4.371094162561755,187,8.636,734
55.87834221527229,-4.325998427511515,59.0,55.90291353127043,-4.3414180899754955,188,3.985,499
55.87834221527229,-4.325998427511515,59.0,55.78437024600116,-4.156926419796477,189,19.403,1128
55.87834221527229,-4.325998427511515,59.0,55.8321542449311,-4.1561720476648265,190,15.012,864
55.87834221527229,-4.325998427511515,59.0,55.88310705812362,-4.084862107847263,191,23.016,976
55.87834221527229,-4.325998427511515,59.0,55.85616333886266,-4.110333739241922,192,17.563,858
55.87834221527229,-4.325998427511515,59.0,55.90185178498145,-4.152652007721208,193,18.524,1322
55.87834221527229,-4.325998427511515,59.0,55.8837118458465,-4.182392741162416,194,14.803,1670
55.87834221527229,-4.325998427511515,59.0,55.83086049774818,-4.312434105301623,195,11.828,727
55.87834221527229,-4.325998427511515,59.0,55.821849459706755,-4.176208567338996,196,13.856,834
55.87834221527229,-4.325998427511515,59.0,55.88009750494633,-4.255964552703097,197,7.843,593
55.87834221527229,-4.325998427511515,59.0,55.87413911675089,-4.369807111055967,198,6.445,394
55.87834221527229,-4.325998427511515,59.0,55.86354071984154,-4.093406384811447,199,18.179,912
55.882911515587,-4.38550509850988,60.0,55.8391698042901,-4.214478482526657,0,16.454,908
55.882911515587,-4.38550509850988,60.0,55.86553667472969,-4.350500876963486,1,3.807,324
55.882911515587,-4.38550509850988,60.0,55.912892829643965,-4.286410947894997,2,17.309,2107
55.882911515587,-4.38550509850988,60.0,55.84854019346565,-4.391697428307927,3,6.73,600
55.882911515587,-4.38550509850988,60.0,55.79232875093524,-4.310455024670266,4,19.206,1075
55.882911515587,-4.38550509850988,60.0,55.837143362020576,-4.120043492886959,5,20.153,920
55.882911515587,-4.38550509850988,60.0,55.84185129809378,-4.283879851305767,6,9.884,731
55.882911515587,-4.38550509850988,60.0,55.90609664927746,-4.311383718964596,7,12.621,972
55.882911515587,-4.38550509850988,60.0,55.7832172019226,-4.31249791159531,8,20.794,1133
55.882911515587,-4.38550509850988,60.0,55.8177258987159,-4.260489243356555,9,15.125,970
55.882911515587,-4.38550509850988,60.0,55.903262790870684,-4.212111703691823,10,18.974,1191
55.882911515587,-4.38550509850988,60.0,55.893978813107424,-4.1413270988368325,11,20.714,1198
55.882911515587,-4.38550509850988,60.0,55.894884622950286,-4.154349650804189,12,23.099,1097
55.882911515587,-4.38550509850988,60.0,55.80680963785043,-4.263605759417426,13,17.563,1237
55.882911515587,-4.38550509850988,60.0,55.81824312166051,-4.346878846315483,14,10.599,883
55.882911515587,-4.38550509850988,60.0,55.84742656229786,-4.269221405976544,15,11.953,896
55.882911515587,-4.38550509850988,60.0,55.80730424868546,-4.315177272898423,16,16.075,974
55.882911515587,-4.38550509850988,60.0,55.83798278877758,-4.260604018644594,17,13.646,871
55.882911515587,-4.38550509850988,60.0,55.89424631095569,-4.343398240721316,18,10.292,732
55.882911515587,-4.38550509850988,60.0,55.83908093533876,-4.223069302141199,19,14.045,939
55.882911515587,-4.38550509850988,60.0,55.8357731433788,-4.270556349194068,20,14.308,888
55.882911515587,-4.38550509850988,60.0,55.90309627527835,-4.360750370095284,21,12.325,968
55.882911515587,-4.38550509850988,60.0,55.85652103589449,-4.101365743428073,22,23.262,1141
55.882911515587,-4.38550509850988,60.0,55.783736419963375,-4.235306054793451,23,19.185,1261
55.882911515587,-4.38550509850988,60.0,55.92064824587275,-4.2358362157531895,24,20.099,1172
55.882911515587,-4.38550509850988,60.0,55.907674892744176,-4.2497703459088045,25,18.851,2217
55.882911515587,-4.38550509850988,60.0,55.919604340921964,-4.226208116301384,26,20.023,1183
55.882911515587,-4.38550509850988,60.0,55.83219148710444,-4.304581930326681,27,15.247,1016
55.882911515587,-4.38550509850988,60.0,55.79569701419853,-4.1769099124482585,28,20.869,1193
55.882911515587,-4.38550509850988,60.0,55.81260197667657,-4.197841211154324,29,18.28,1060
55.882911515587,-4.38550509850988,60.0,55.826092940761974,-4.176919409292903,30,16.81,993
55.882911515587,-4.38550509850988,60.0,55.828413149208096,-4.109650878166438,31,23.614,1183
55.882911515587,-4.38550509850988,60.0,55.8999241737755,-4.257993823533507,32,16.057,1103
55.882911515587,-4.38550509850988,60.0,55.892514250678616,-4.340118142906542,33,10.321,744
55.882911515587,-4.38550509850988,60.0,55.855241629670886,-4.269936069312288,34,12.09,729
55.882911515587,-4.38550509850988,60.0,55.877364911629314,-4.109701193625618,35,23.663,1242
55.882911515587,-4.38550509850988,60.0,55.887053111734645,-4.1280531391159245,36,23.965,1208
55.882911515587,-4.38550509850988,60.0,55.89108676863447,-4.105446803942431,37,25.698,1514
55.882911515587,-4.38550509850988,60.0,55.842635153466425,-4.334387903339716,38,7.92,589
55.882911515587,-4.38550509850988,60.0,55.89197542936556,-4.19614108945253,39,19.972,1042
55.882911515587,-4.38550509850988,60.0,55.825849135803445,-4.321179033230789,40,13.425,916
55.882911515587,-4.38550509850988,60.0,55.81864602215581,-4.375055705699034,41,9.165,757
55.882911515587,-4.38550509850988,60.0,55.92613065482397,-4.212698358862173,42,20.485,1236
55.882911515587,-4.38550509850988,60.0,55.874439929608144,-4.279689658904073,43,12.697,770
55.882911515587,-4.38550509850988,60.0,55.81998166828728,-4.245455535821837,44,14.605,875
55.882911515587,-4.38550509850988,60.0,55.91066980601156,-4.213502644426629,45,19.437,1187
55.882911515587,-4.38550509850988,60.0,55.8404807486866,-4.356656090229781,46,7.474,645
55.882911515587,-4.38550509850988,60.0,55.88708229912325,-4.079055837843032,47,28.945,1264
55.882911515587,-4.38550509850988,60.0,55.84510555179576,-4.178720975321847,48,18.475,1008
55.882911515587,-4.38550509850988,60.0,55.84413340760586,-4.085244529493477,49,25.642,1638
55.882911515587,-4.38550509850988,60.0,55.83324217210475,-4.157183908594519,50,18.337,1006
55.882911515587,-4.38550509850988,60.0,55.895753278756494,-4.323131413571223,51,10.078,844
55.882911515587,-4.38550509850988,60.0,55.88609925330935,-4.38354364327563,52,0.559,85
55.882911515587,-4.38550509850988,60.0,55.86596770908397,-4.338853955125049,53,4.676,377
55.882911515587,-4.38550509850988,60.0,55.819381988004544,-4.256567679373081,54,16.034,1025
55.882911515587,-4.38550509850988,60.0,55.919398785577634,-4.298102785445152,55,17.585,1787
55.882911515587,-4.38550509850988,60.0,55.81052481551728,-4.0780884232687225,56,26.413,2330
55.882911515587,-4.38550509850988,60.0,55.8411814367945,-4.125490362928665,57,21.695,1078
55.882911515587,-4.38550509850988,60.0,55.844855881791794,-4.151320272286683,58,19.327,1059
55.882911515587,-4.38550509850988,60.0,55.79334532620707,-4.3052187624925375,59,19.537,1082
55.882911515587,-4.38550509850988,60.0,55.78499644933002,-4.082518262203789,60,30.136,1329
55.882911515587,-4.38550509850988,60.0,55.86482365717543,-4.074666870071637,61,25.528,1358
55.882911515587,-4.38550509850988,60.0,55.910543969585106,-4.384534109666136,62,20.144,979
55.882911515587,-4.38550509850988,60.0,55.799715679086134,-4.188568421733812,63,20.851,1351
55.882911515587,-4.38550509850988,60.0,55.90005630083831,-4.294022887833187,64,12.512,1049
55.882911515587,-4.38550509850988,60.0,55.82573931186619,-4.210157383495828,65,16.337,875
55.882911515587,-4.38550509850988,60.0,55.88010014610652,-4.288014027401103,66,14.786,1046
55.882911515587,-4.38550509850988,60.0,55.8836463272421,-4.377148406451105,67,0.993,160
55.882911515587,-4.38550509850988,60.0,55.80511293548626,-4.195982430231648,68,19.26,1135
55.882911515587,-4.38550509850988,60.0,55.9265186267864,-4.256321117900257,69,19.422,1210
55.882911515587,-4.38550509850988,60.0,55.90353118048908,-4.119171950823842,70,24.861,1450
55.882911515587,-4.38550509850988,60.0,55.81502357146685,-4.260984914919316,71,15.482,1004
55.882911515587,-4.38550509850988,60.0,55.894355058439295,-4.293143876300353,72,15.355,1025
55.882911515587,-4.38550509850988,60.0,55.80246488546192,-4.242274834364847,73,16.746,1101
55.882911515587,-4.38550509850988,60.0,55.887581813102464,-4.2985753032369685,74,11.598,1000
55.882911515587,-4.38550509850988,60.0,55.928290955083554,-4.295962301582311,75,14.438,1052
55.882911515587,-4.38550509850988,60.0,55.81096058143004,-4.368797105646974,76,10.773,944
55.882911515587,-4.38550509850988,60.0,55.84818750128869,-4.3631808239548375,77,5.174,422
55.882911515587,-4.38550509850988,60.0,55.81610352786554,-4.330910795148831,78,15.394,830
55.882911515587,-4.38550509850988,60.0,55.807034270653475,-4.136077366584948,79,20.044,1244
55.882911515587,-4.38550509850988,60.0,55.86778114631985,-4.233612892312959,80,14.548,853
55.882911515587,-4.38550509850988,60.0,55.79578956690847,-4.368290459919509,81,12.708,2068
55.882911515587,-4.38550509850988,60.0,55.897877306124535,-4.077031107370425,82,27.489,1981
55.882911515587,-4.38550509850988,60.0,55.80721289582252,-4.242612882195534,83,15.969,1052
55.882911515587,-4.38550509850988,60.0,55.92209393969709,-4.157940141970138,84,24.632,1248
55.882911515587,-4.38550509850988,60.0,55.79188265083702,-4.28147512844989,85,20.399,1137
55.882911515587,-4.38550509850988,60.0,55.88043814367632,-4.104360473798184,86,23.475,1202
55.882911515587,-4.38550509850988,60.0,55.90345994988174,-4.293652184560058,87,12.922,1093
55.882911515587,-4.38550509850988,60.0,55.91230525016259,-4.108196424937476,88,26.129,1395
55.882911515587,-4.38550509850988,60.0,55.90569137930351,-4.3852429216612405,89,20.387,1017
55.882911515587,-4.38550509850988,60.0,55.824402119970216,-4.298242138123909,90,13.861,837
55.882911515587,-4.38550509850988,60.0,55.887104625653905,-4.201059285828647,91,17.684,1191
55.882911515587,-4.38550509850988,60.0,55.92006797200308,-4.195257422106852,92,21.331,1214
55.882911515587,-4.38550509850988,60.0,55.7944551107823,-4.1683749063061635,93,20.999,1627
55.882911515587,-4.38550509850988,60.0,55.88003873447475,-4.304350182381346,94,9.751,840
55.882911515587,-4.38550509850988,60.0,55.88308048053683,-4.2942103285768285,95,14.126,901
55.882911515587,-4.38550509850988,60.0,55.80779271908626,-4.3234306371549245,96,16.665,962
55.882911515587,-4.38550509850988,60.0,55.90123467399992,-4.380968632189907,97,21.585,1231
55.882911515587,-4.38550509850988,60.0,55.88049231589054,-4.293733205570284,98,14.028,891
55.882911515587,-4.38550509850988,60.0,55.84697147961761,-4.334108806216461,99,6.761,586
55.882911515587,-4.38550509850988,60.0,55.83067141211495,-4.195633651932574,100,15.62,872
55.882911515587,-4.38550509850988,60.0,55.89350845984679,-4.099445363541155,101,25.513,1346
55.882911515587,-4.38550509850988,60.0,55.92592408664018,-4.179171340754611,102,25.973,1331
55.882911515587,-4.38550509850988,60.0,55.84941827409408,-4.169566750359822,103,19.18,1074
55.882911515587,-4.38550509850988,60.0,55.92413375575165,-4.226670311636797,104,21.7,1978
55.882911515587,-4.38550509850988,60.0,55.88995713457192,-4.285031242761631,105,14.295,928
55.882911515587,-4.38550509850988,60.0,55.90528066541109,-4.131569818675147,106,22.311,1095
55.882911515587,-4.38550509850988,60.0,55.87850608392288,-4.103517886631066,107,23.806,1235
55.882911515587,-4.38550509850988,60.0,55.80799405798939,-4.284953473560454,108,16.871,1127
55.882911515587,-4.38550509850988,60.0,55.906815669822045,-4.385279074380807,109,20.168,971
55.882911515587,-4.38550509850988,60.0,55.916237634416454,-4.222407816066865,110,19.938,1171
55.882911515587,-4.38550509850988,60.0,55.915798955837815,-4.088621086891774,111,29.213,1426
55.882911515587,-4.38550509850988,60.0,55.827538479175395,-4.350653065976025,112,8.017,723
55.882911515587,-4.38550509850988,60.0,55.799515288981674,-4.0866627646338864,113,30.506,1442
55.882911515587,-4.38550509850988,60.0,55.831024245961984,-4.244756518165482,114,13.086,776
55.882911515587,-4.38550509850988,60.0,55.86754360554833,-4.2143078261423845,115,15.888,969
55.882911515587,-4.38550509850988,60.0,55.8574985965699,-4.1521224561179935,116,20.483,1185
55.882911515587,-4.38550509850988,60.0,55.88095643501817,-4.32811659177277,117,8.134,559
55.882911515587,-4.38550509850988,60.0,55.85240433608213,-4.177570445500026,118,19.344,1125
55.882911515587,-4.38550509850988,60.0,55.91169549549074,-4.359708873069638,119,22.696,1197
55.882911515587,-4.38550509850988,60.0,55.92640787519779,-4.300990956079843,120,14.246,1073
55.882911515587,-4.38550509850988,60.0,55.84019197366069,-4.205566157974415,121,16.94,1023
55.882911515587,-4.38550509850988,60.0,55.866619942939494,-4.268153778778456,122,12.85,893
55.882911515587,-4.38550509850988,60.0,55.81327411986783,-4.2587495402872255,123,15.461,1014
55.882911515587,-4.38550509850988,60.0,55.86022660117776,-4.154711133590585,124,20.389,1112
55.882911515587,-4.38550509850988,60.0,55.831522729053496,-4.370420634377527,125,7.479,652
55.882911515587,-4.38550509850988,60.0,55.84074346341779,-4.172411658039648,126,17.548,928
55.882911515587,-4.38550509850988,60.0,55.8801412435821,-4.258666277618953,127,13.894,919
55.882911515587,-4.38550509850988,60.0,55.8434159429892,-4.1056733307349536,128,21.951,1107
55.882911515587,-4.38550509850988,60.0,55.83522057783537,-4.25736952395694,129,13.62,873
55.882911515587,-4.38550509850988,60.0,55.86467774065618,-4.2250953414252415,130,14.672,805
55.882911515587,-4.38550509850988,60.0,55.8953662249987,-4.231143624453162,131,17.125,983
55.882911515587,-4.38550509850988,60.0,55.81920459649808,-4.236238450921302,132,15.189,926
55.882911515587,-4.38550509850988,60.0,55.900795402502105,-4.206009410292495,133,19.292,1178
55.882911515587,-4.38550509850988,60.0,55.86078490474355,-4.339631469507248,134,4.719,433
55.882911515587,-4.38550509850988,60.0,55.924999437053955,-4.191173279124663,135,21.582,1223
55.882911515587,-4.38550509850988,60.0,55.81549096669224,-4.126910343137958,136,21.035,1290
55.882911515587,-4.38550509850988,60.0,55.90135585493081,-4.207622057499793,137,19.291,1155
55.882911515587,-4.38550509850988,60.0,55.845816555475636,-4.129576488296543,138,20.7,1149
55.882911515587,-4.38550509850988,60.0,55.80470047644827,-4.291960781118721,139,16.704,1104
55.882911515587,-4.38550509850988,60.0,55.89185394491289,-4.179857587296262,140,18.876,966
55.882911515587,-4.38550509850988,60.0,55.91859399996558,-4.3401659608951215,141,13.176,1009
55.882911515587,-4.38550509850988,60.0,55.90671476836246,-4.3642865107142725,142,13.077,1023
55.882911515587,-4.38550509850988,60.0,55.81273399651921,-4.167613047894911,143,18.093,1054
55.882911515587,-4.38550509850988,60.0,55.80939871413575,-4.276056954355674,144,16.585,1075
55.882911515587,-4.38550509850988,60.0,55.88312869327199,-4.214542892826467,145,16.696,1010
55.882911515587,-4.38550509850988,60.0,55.815340374954424,-4.283514492524949,146,15.579,960
55.882911515587,-4.38550509850988,60.0,55.87864379034378,-4.080636908866371,147,29.925,1298
55.882911515587,-4.38550509850988,60.0,55.89423440492952,-4.2418874418647645,148,17.688,1067
55.882911515587,-4.38550509850988,60.0,55.92796852989922,-4.305970400193036,149,14.374,1096
55.882911515587,-4.38550509850988,60.0,55.92895153496988,-4.082888064137351,150,29.583,1375
55.882911515587,-4.38550509850988,60.0,55.790766759429424,-4.135285962371055,151,23.424,1268
55.882911515587,-4.38550509850988,60.0,55.80808041573422,-4.184105792933229,152,19.054,1066
55.882911515587,-4.38550509850988,60.0,55.7982747224006,-4.3931924101572655,153,12.192,946
55.882911515587,-4.38550509850988,60.0,55.81178474630603,-4.337962602706185,154,11.464,891
55.882911515587,-4.38550509850988,60.0,55.852972007756,-4.353957895039277,155,5.255,509
55.882911515587,-4.38550509850988,60.0,55.797152036890715,-4.311451416173846,156,18.433,1010
55.882911515587,-4.38550509850988,60.0,55.84839482833289,-4.1889265673730645,157,19.126,1043
55.882911515587,-4.38550509850988,60.0,55.86383954752864,-4.387927326091926,158,4.492,303
55.882911515587,-4.38550509850988,60.0,55.807182357875575,-4.140487806234959,159,19.721,1219
55.882911515587,-4.38550509850988,60.0,55.8296607577131,-4.218765551358871,160,14.506,932
55.882911515587,-4.38550509850988,60.0,55.82699494590622,-4.295404959002084,161,13.897,814
55.882911515587,-4.38550509850988,60.0,55.861248665443505,-4.307186036515638,162,8.145,565
55.882911515587,-4.38550509850988,60.0,55.897857165570365,-4.156645648865112,163,20.352,1003
55.882911515587,-4.38550509850988,60.0,55.877747555317356,-4.342792329217214,164,8.724,656
55.882911515587,-4.38550509850988,60.0,55.92259641850896,-4.389236283866068,165,19.045,978
55.882911515587,-4.38550509850988,60.0,55.92621339590465,-4.2820478996479165,166,15.605,1097
55.882911515587,-4.38550509850988,60.0,55.80660612206145,-4.094012410496262,167,25.998,1395
55.882911515587,-4.38550509850988,60.0,55.84605439624201,-4.09192094471571,168,24.689,1118
55.882911515587,-4.38550509850988,60.0,55.83961965364386,-4.1201104741133365,169,21.302,1005
55.882911515587,-4.38550509850988,60.0,55.85030951683019,-4.217608837338132,170,14.594,974
55.882911515587,-4.38550509850988,60.0,55.85971342373431,-4.246748195156407,171,15.041,904
55.882911515587,-4.38550509850988,60.0,55.815747728441636,-4.150792968910081,172,18.591,1116
55.882911515587,-4.38550509850988,60.0,55.80041195127493,-4.3806303679601495,173,11.046,886
55.882911515587,-4.38550509850988,60.0,55.85487415463933,-4.092829020720908,174,24.499,1119
55.882911515587,-4.38550509850988,60.0,55.80456076444065,-4.203157873727267,175,19.279,1136
55.882911515587,-4.38550509850988,60.0,55.84723005082115,-4.330151260440624,176,7.555,565
55.882911515587,-4.38550509850988,60.0,55.88775631668876,-4.123428423568879,177,24.1,1214
55.882911515587,-4.38550509850988,60.0,55.82857385936083,-4.129579652409029,178,21.113,1303
55.882911515587,-4.38550509850988,60.0,55.879865395443076,-4.36272007519476,179,9.616,699
55.882911515587,-4.38550509850988,60.0,55.87973669437185,-4.215636550296907,180,15.983,1021
55.882911515587,-4.38550509850988,60.0,55.8162521393249,-4.1868605517933455,181,17.473,1026
55.882911515587,-4.38550509850988,60.0,55.80755514535402,-4.201625161718038,182,19.032,1103
55.882911515587,-4.38550509850988,60.0,55.85565398843102,-4.250533808562208,183,11.553,824
55.882911515587,-4.38550509850988,60.0,55.929636326069506,-4.381100658166308,184,20.031,999
55.882911515587,-4.38550509850988,60.0,55.879581066995904,-4.21986165885879,185,15.624,1002
55.882911515587,-4.38550509850988,60.0,55.92647877645629,-4.127886630011083,186,25.714,1334
55.882911515587,-4.38550509850988,60.0,55.82282427264178,-4.371094162561755,187,8.467,739
55.882911515587,-4.38550509850988,60.0,55.90291353127043,-4.3414180899754955,188,11.123,901
55.882911515587,-4.38550509850988,60.0,55.78437024600116,-4.156926419796477,189,22.768,1283
55.882911515587,-4.38550509850988,60.0,55.8321542449311,-4.1561720476648265,190,18.377,1019
55.882911515587,-4.38550509850988,60.0,55.88310705812362,-4.084862107847263,191,27.086,1180
55.882911515587,-4.38550509850988,60.0,55.85616333886266,-4.110333739241922,192,23.3,1163
55.882911515587,-4.38550509850988,60.0,55.90185178498145,-4.152652007721208,193,24.261,1627
55.882911515587,-4.38550509850988,60.0,55.8837118458465,-4.182392741162416,194,20.54,1975
55.882911515587,-4.38550509850988,60.0,55.83086049774818,-4.312434105301623,195,14.831,918
55.882911515587,-4.38550509850988,60.0,55.821849459706755,-4.176208567338996,196,17.221,990
55.882911515587,-4.38550509850988,60.0,55.88009750494633,-4.255964552703097,197,13.58,898
55.882911515587,-4.38550509850988,60.0,55.87413911675089,-4.369807111055967,198,2.271,231
55.882911515587,-4.38550509850988,60.0,55.86354071984154,-4.093406384811447,199,23.916,1217
55.83747521294009,-4.353880798276776,61.0,55.8391698042901,-4.214478482526657,0,16.31,1016
55.83747521294009,-4.353880798276776,61.0,55.86553667472969,-4.350500876963486,1,7.116,616
55.83747521294009,-4.353880798276776,61.0,55.912892829643965,-4.286410947894997,2,19.478,2224
55.83747521294009,-4.353880798276776,61.0,55.84854019346565,-4.391697428307927,3,4.727,524
55.83747521294009,-4.353880798276776,61.0,55.79232875093524,-4.310455024670266,4,8.345,722
55.83747521294009,-4.353880798276776,61.0,55.837143362020576,-4.120043492886959,5,20.009,1028
55.83747521294009,-4.353880798276776,61.0,55.84185129809378,-4.283879851305767,6,8.49,685
55.83747521294009,-4.353880798276776,61.0,55.90609664927746,-4.311383718964596,7,13.207,1174
55.83747521294009,-4.353880798276776,61.0,55.7832172019226,-4.31249791159531,8,9.933,780
55.83747521294009,-4.353880798276776,61.0,55.8177258987159,-4.260489243356555,9,9.07,841
55.83747521294009,-4.353880798276776,61.0,55.903262790870684,-4.212111703691823,10,18.844,1299
55.83747521294009,-4.353880798276776,61.0,55.893978813107424,-4.1413270988368325,11,20.584,1306
55.83747521294009,-4.353880798276776,61.0,55.894884622950286,-4.154349650804189,12,22.969,1205
55.83747521294009,-4.353880798276776,61.0,55.80680963785043,-4.263605759417426,13,9.552,918
55.83747521294009,-4.353880798276776,61.0,55.81824312166051,-4.346878846315483,14,4.318,470
55.83747521294009,-4.353880798276776,61.0,55.84742656229786,-4.269221405976544,15,10.222,961
55.83747521294009,-4.353880798276776,61.0,55.80730424868546,-4.315177272898423,16,7.586,643
55.83747521294009,-4.353880798276776,61.0,55.83798278877758,-4.260604018644594,17,9.253,933
55.83747521294009,-4.353880798276776,61.0,55.89424631095569,-4.343398240721316,18,10.878,934
55.83747521294009,-4.353880798276776,61.0,55.83908093533876,-4.223069302141199,19,13.901,1047
55.83747521294009,-4.353880798276776,61.0,55.8357731433788,-4.270556349194068,20,8.376,754
55.83747521294009,-4.353880798276776,61.0,55.90309627527835,-4.360750370095284,21,12.911,1170
55.83747521294009,-4.353880798276776,61.0,55.85652103589449,-4.101365743428073,22,23.132,1249
55.83747521294009,-4.353880798276776,61.0,55.783736419963375,-4.235306054793451,23,22.887,1151
55.83747521294009,-4.353880798276776,61.0,55.92064824587275,-4.2358362157531895,24,19.969,1280
55.83747521294009,-4.353880798276776,61.0,55.907674892744176,-4.2497703459088045,25,18.721,2325
55.83747521294009,-4.353880798276776,61.0,55.919604340921964,-4.226208116301384,26,19.893,1291
55.83747521294009,-4.353880798276776,61.0,55.83219148710444,-4.304581930326681,27,7.632,730
55.83747521294009,-4.353880798276776,61.0,55.79569701419853,-4.1769099124482585,28,20.725,1300
55.83747521294009,-4.353880798276776,61.0,55.81260197667657,-4.197841211154324,29,18.136,1168
55.83747521294009,-4.353880798276776,61.0,55.826092940761974,-4.176919409292903,30,16.666,1100
55.83747521294009,-4.353880798276776,61.0,55.828413149208096,-4.109650878166438,31,23.47,1291
55.83747521294009,-4.353880798276776,61.0,55.8999241737755,-4.257993823533507,32,15.927,1211
55.83747521294009,-4.353880798276776,61.0,55.892514250678616,-4.340118142906542,33,10.907,946
55.83747521294009,-4.353880798276776,61.0,55.855241629670886,-4.269936069312288,34,11.96,837
55.83747521294009,-4.353880798276776,61.0,55.877364911629314,-4.109701193625618,35,23.533,1350
55.83747521294009,-4.353880798276776,61.0,55.887053111734645,-4.1280531391159245,36,23.835,1316
55.83747521294009,-4.353880798276776,61.0,55.89108676863447,-4.105446803942431,37,25.568,1622
55.83747521294009,-4.353880798276776,61.0,55.842635153466425,-4.334387903339716,38,3.164,385
55.83747521294009,-4.353880798276776,61.0,55.89197542936556,-4.19614108945253,39,19.842,1150
55.83747521294009,-4.353880798276776,61.0,55.825849135803445,-4.321179033230789,40,7.611,651
55.83747521294009,-4.353880798276776,61.0,55.81864602215581,-4.375055705699034,41,3.887,402
55.83747521294009,-4.353880798276776,61.0,55.92613065482397,-4.212698358862173,42,20.355,1344
55.83747521294009,-4.353880798276776,61.0,55.874439929608144,-4.279689658904073,43,12.567,878
55.83747521294009,-4.353880798276776,61.0,55.81998166828728,-4.245455535821837,44,10.006,942
55.83747521294009,-4.353880798276776,61.0,55.91066980601156,-4.213502644426629,45,19.307,1295
55.83747521294009,-4.353880798276776,61.0,55.8404807486866,-4.356656090229781,46,0.777,122
55.83747521294009,-4.353880798276776,61.0,55.88708229912325,-4.079055837843032,47,28.801,1371
55.83747521294009,-4.353880798276776,61.0,55.84510555179576,-4.178720975321847,48,18.331,1116
55.83747521294009,-4.353880798276776,61.0,55.84413340760586,-4.085244529493477,49,25.498,1745
55.83747521294009,-4.353880798276776,61.0,55.83324217210475,-4.157183908594519,50,18.193,1113
55.83747521294009,-4.353880798276776,61.0,55.895753278756494,-4.323131413571223,51,10.664,1046
55.83747521294009,-4.353880798276776,61.0,55.88609925330935,-4.38354364327563,52,8.149,684
55.83747521294009,-4.353880798276776,61.0,55.86596770908397,-4.338853955125049,53,6.878,634
55.83747521294009,-4.353880798276776,61.0,55.819381988004544,-4.256567679373081,54,9.136,835
55.83747521294009,-4.353880798276776,61.0,55.919398785577634,-4.298102785445152,55,19.754,1904
55.83747521294009,-4.353880798276776,61.0,55.81052481551728,-4.0780884232687225,56,26.269,2438
55.83747521294009,-4.353880798276776,61.0,55.8411814367945,-4.125490362928665,57,21.551,1186
55.83747521294009,-4.353880798276776,61.0,55.844855881791794,-4.151320272286683,58,19.183,1166
55.83747521294009,-4.353880798276776,61.0,55.79334532620707,-4.3052187624925375,59,8.676,728
55.83747521294009,-4.353880798276776,61.0,55.78499644933002,-4.082518262203789,60,29.992,1437
55.83747521294009,-4.353880798276776,61.0,55.86482365717543,-4.074666870071637,61,25.398,1466
55.83747521294009,-4.353880798276776,61.0,55.910543969585106,-4.384534109666136,62,24.717,1268
55.83747521294009,-4.353880798276776,61.0,55.799715679086134,-4.188568421733812,63,17.046,1520
55.83747521294009,-4.353880798276776,61.0,55.90005630083831,-4.294022887833187,64,15.935,1186
55.83747521294009,-4.353880798276776,61.0,55.82573931186619,-4.210157383495828,65,16.193,982
55.83747521294009,-4.353880798276776,61.0,55.88010014610652,-4.288014027401103,66,14.656,1154
55.83747521294009,-4.353880798276776,61.0,55.8836463272421,-4.377148406451105,67,7.919,761
55.83747521294009,-4.353880798276776,61.0,55.80511293548626,-4.195982430231648,68,19.116,1242
55.83747521294009,-4.353880798276776,61.0,55.9265186267864,-4.256321117900257,69,19.292,1318
55.83747521294009,-4.353880798276776,61.0,55.90353118048908,-4.119171950823842,70,24.731,1558
55.83747521294009,-4.353880798276776,61.0,55.81502357146685,-4.260984914919316,71,8.781,818
55.83747521294009,-4.353880798276776,61.0,55.894355058439295,-4.293143876300353,72,15.225,1133
55.83747521294009,-4.353880798276776,61.0,55.80246488546192,-4.242274834364847,73,11.804,1118
55.83747521294009,-4.353880798276776,61.0,55.887581813102464,-4.2985753032369685,74,14.837,1130
55.83747521294009,-4.353880798276776,61.0,55.928290955083554,-4.295962301582311,75,15.024,1254
55.83747521294009,-4.353880798276776,61.0,55.81096058143004,-4.368797105646974,76,5.495,589
55.83747521294009,-4.353880798276776,61.0,55.84818750128869,-4.3631808239548375,77,3.966,426
55.83747521294009,-4.353880798276776,61.0,55.81610352786554,-4.330910795148831,78,4.813,472
55.83747521294009,-4.353880798276776,61.0,55.807034270653475,-4.136077366584948,79,19.9,1351
55.83747521294009,-4.353880798276776,61.0,55.86778114631985,-4.233612892312959,80,14.418,961
55.83747521294009,-4.353880798276776,61.0,55.79578956690847,-4.368290459919509,81,7.43,1713
55.83747521294009,-4.353880798276776,61.0,55.897877306124535,-4.077031107370425,82,27.359,2089
55.83747521294009,-4.353880798276776,61.0,55.80721289582252,-4.242612882195534,83,11.027,1070
55.83747521294009,-4.353880798276776,61.0,55.92209393969709,-4.157940141970138,84,24.502,1356
55.83747521294009,-4.353880798276776,61.0,55.79188265083702,-4.28147512844989,85,9.538,783
55.83747521294009,-4.353880798276776,61.0,55.88043814367632,-4.104360473798184,86,23.345,1310
55.83747521294009,-4.353880798276776,61.0,55.90345994988174,-4.293652184560058,87,16.404,1231
55.83747521294009,-4.353880798276776,61.0,55.91230525016259,-4.108196424937476,88,25.999,1503
55.83747521294009,-4.353880798276776,61.0,55.90569137930351,-4.3852429216612405,89,24.96,1307
55.83747521294009,-4.353880798276776,61.0,55.824402119970216,-4.298242138123909,90,6.441,619
55.83747521294009,-4.353880798276776,61.0,55.887104625653905,-4.201059285828647,91,17.554,1299
55.83747521294009,-4.353880798276776,61.0,55.92006797200308,-4.195257422106852,92,21.201,1322
55.83747521294009,-4.353880798276776,61.0,55.7944551107823,-4.1683749063061635,93,20.855,1735
55.83747521294009,-4.353880798276776,61.0,55.88003873447475,-4.304350182381346,94,14.396,1034
55.83747521294009,-4.353880798276776,61.0,55.88308048053683,-4.2942103285768285,95,13.996,1009
55.83747521294009,-4.353880798276776,61.0,55.80779271908626,-4.3234306371549245,96,6.084,604
55.83747521294009,-4.353880798276776,61.0,55.90123467399992,-4.380968632189907,97,15.079,1387
55.83747521294009,-4.353880798276776,61.0,55.88049231589054,-4.293733205570284,98,13.898,999
55.83747521294009,-4.353880798276776,61.0,55.84697147961761,-4.334108806216461,99,4.731,522
55.83747521294009,-4.353880798276776,61.0,55.83067141211495,-4.195633651932574,100,15.476,979
55.83747521294009,-4.353880798276776,61.0,55.89350845984679,-4.099445363541155,101,25.383,1454
55.83747521294009,-4.353880798276776,61.0,55.92592408664018,-4.179171340754611,102,25.843,1439
55.83747521294009,-4.353880798276776,61.0,55.84941827409408,-4.169566750359822,103,19.036,1182
55.83747521294009,-4.353880798276776,61.0,55.92413375575165,-4.226670311636797,104,21.57,2086
55.83747521294009,-4.353880798276776,61.0,55.88995713457192,-4.285031242761631,105,14.165,1036
55.83747521294009,-4.353880798276776,61.0,55.90528066541109,-4.131569818675147,106,22.181,1203
55.83747521294009,-4.353880798276776,61.0,55.87850608392288,-4.103517886631066,107,23.676,1343
55.83747521294009,-4.353880798276776,61.0,55.80799405798939,-4.284953473560454,108,8.382,795
55.83747521294009,-4.353880798276776,61.0,55.906815669822045,-4.385279074380807,109,14.084,1172
55.83747521294009,-4.353880798276776,61.0,55.916237634416454,-4.222407816066865,110,19.808,1279
55.83747521294009,-4.353880798276776,61.0,55.915798955837815,-4.088621086891774,111,29.083,1534
55.83747521294009,-4.353880798276776,61.0,55.827538479175395,-4.350653065976025,112,2.572,301
55.83747521294009,-4.353880798276776,61.0,55.799515288981674,-4.0866627646338864,113,30.362,1550
55.83747521294009,-4.353880798276776,61.0,55.831024245961984,-4.244756518165482,114,12.942,884
55.83747521294009,-4.353880798276776,61.0,55.86754360554833,-4.2143078261423845,115,15.758,1077
55.83747521294009,-4.353880798276776,61.0,55.8574985965699,-4.1521224561179935,116,20.339,1292
55.83747521294009,-4.353880798276776,61.0,55.88095643501817,-4.32811659177277,117,8.72,761
55.83747521294009,-4.353880798276776,61.0,55.85240433608213,-4.177570445500026,118,19.2,1233
55.83747521294009,-4.353880798276776,61.0,55.91169549549074,-4.359708873069638,119,14.896,1361
55.83747521294009,-4.353880798276776,61.0,55.92640787519779,-4.300990956079843,120,14.832,1275
55.83747521294009,-4.353880798276776,61.0,55.84019197366069,-4.205566157974415,121,16.796,1131
55.83747521294009,-4.353880798276776,61.0,55.866619942939494,-4.268153778778456,122,12.72,1001
55.83747521294009,-4.353880798276776,61.0,55.81327411986783,-4.2587495402872255,123,9.46,889
55.83747521294009,-4.353880798276776,61.0,55.86022660117776,-4.154711133590585,124,20.259,1220
55.83747521294009,-4.353880798276776,61.0,55.831522729053496,-4.370420634377527,125,2.201,295
55.83747521294009,-4.353880798276776,61.0,55.84074346341779,-4.172411658039648,126,17.404,1036
55.83747521294009,-4.353880798276776,61.0,55.8801412435821,-4.258666277618953,127,13.764,1027
55.83747521294009,-4.353880798276776,61.0,55.8434159429892,-4.1056733307349536,128,21.807,1215
55.83747521294009,-4.353880798276776,61.0,55.83522057783537,-4.25736952395694,129,9.305,920
55.83747521294009,-4.353880798276776,61.0,55.86467774065618,-4.2250953414252415,130,14.542,913
55.83747521294009,-4.353880798276776,61.0,55.8953662249987,-4.231143624453162,131,16.995,1091
55.83747521294009,-4.353880798276776,61.0,55.81920459649808,-4.236238450921302,132,10.59,993
55.83747521294009,-4.353880798276776,61.0,55.900795402502105,-4.206009410292495,133,19.162,1286
55.83747521294009,-4.353880798276776,61.0,55.86078490474355,-4.339631469507248,134,6.552,720
55.83747521294009,-4.353880798276776,61.0,55.924999437053955,-4.191173279124663,135,21.452,1331
55.83747521294009,-4.353880798276776,61.0,55.81549096669224,-4.126910343137958,136,20.891,1398
55.83747521294009,-4.353880798276776,61.0,55.90135585493081,-4.207622057499793,137,19.161,1263
55.83747521294009,-4.353880798276776,61.0,55.845816555475636,-4.129576488296543,138,20.556,1256
55.83747521294009,-4.353880798276776,61.0,55.80470047644827,-4.291960781118721,139,8.215,773
55.83747521294009,-4.353880798276776,61.0,55.89185394491289,-4.179857587296262,140,18.746,1074
55.83747521294009,-4.353880798276776,61.0,55.91859399996558,-4.3401659608951215,141,13.762,1211
55.83747521294009,-4.353880798276776,61.0,55.90671476836246,-4.3642865107142725,142,13.663,1225
55.83747521294009,-4.353880798276776,61.0,55.81273399651921,-4.167613047894911,143,17.949,1162
55.83747521294009,-4.353880798276776,61.0,55.80939871413575,-4.276056954355674,144,8.096,743
55.83747521294009,-4.353880798276776,61.0,55.88312869327199,-4.214542892826467,145,16.566,1118
55.83747521294009,-4.353880798276776,61.0,55.815340374954424,-4.283514492524949,146,7.09,629
55.83747521294009,-4.353880798276776,61.0,55.87864379034378,-4.080636908866371,147,29.781,1406
55.83747521294009,-4.353880798276776,61.0,55.89423440492952,-4.2418874418647645,148,17.558,1175
55.83747521294009,-4.353880798276776,61.0,55.92796852989922,-4.305970400193036,149,14.96,1298
55.83747521294009,-4.353880798276776,61.0,55.92895153496988,-4.082888064137351,150,29.453,1484
55.83747521294009,-4.353880798276776,61.0,55.790766759429424,-4.135285962371055,151,23.28,1376
55.83747521294009,-4.353880798276776,61.0,55.80808041573422,-4.184105792933229,152,18.91,1174
55.83747521294009,-4.353880798276776,61.0,55.7982747224006,-4.3931924101572655,153,6.352,578
55.83747521294009,-4.353880798276776,61.0,55.81178474630603,-4.337962602706185,154,6.186,535
55.83747521294009,-4.353880798276776,61.0,55.852972007756,-4.353957895039277,155,4.179,539
55.83747521294009,-4.353880798276776,61.0,55.797152036890715,-4.311451416173846,156,7.572,656
55.83747521294009,-4.353880798276776,61.0,55.84839482833289,-4.1889265673730645,157,18.982,1150
55.83747521294009,-4.353880798276776,61.0,55.86383954752864,-4.387927326091926,158,8.115,617
55.83747521294009,-4.353880798276776,61.0,55.807182357875575,-4.140487806234959,159,19.577,1326
55.83747521294009,-4.353880798276776,61.0,55.8296607577131,-4.218765551358871,160,14.362,1040
55.83747521294009,-4.353880798276776,61.0,55.82699494590622,-4.295404959002084,161,7.013,617
55.83747521294009,-4.353880798276776,61.0,55.861248665443505,-4.307186036515638,162,6.236,726
55.83747521294009,-4.353880798276776,61.0,55.897857165570365,-4.156645648865112,163,20.222,1111
55.83747521294009,-4.353880798276776,61.0,55.877747555317356,-4.342792329217214,164,9.31,858
55.83747521294009,-4.353880798276776,61.0,55.92259641850896,-4.389236283866068,165,23.618,1267
55.83747521294009,-4.353880798276776,61.0,55.92621339590465,-4.2820478996479165,166,19.076,1267
55.83747521294009,-4.353880798276776,61.0,55.80660612206145,-4.094012410496262,167,25.854,1503
55.83747521294009,-4.353880798276776,61.0,55.84605439624201,-4.09192094471571,168,24.559,1226
55.83747521294009,-4.353880798276776,61.0,55.83961965364386,-4.1201104741133365,169,21.158,1113
55.83747521294009,-4.353880798276776,61.0,55.85030951683019,-4.217608837338132,170,14.45,1081
55.83747521294009,-4.353880798276776,61.0,55.85971342373431,-4.246748195156407,171,14.911,1012
55.83747521294009,-4.353880798276776,61.0,55.815747728441636,-4.150792968910081,172,18.447,1223
55.83747521294009,-4.353880798276776,61.0,55.80041195127493,-4.3806303679601495,173,5.768,531
55.83747521294009,-4.353880798276776,61.0,55.85487415463933,-4.092829020720908,174,24.369,1227
55.83747521294009,-4.353880798276776,61.0,55.80456076444065,-4.203157873727267,175,19.135,1244
55.83747521294009,-4.353880798276776,61.0,55.84723005082115,-4.330151260440624,176,3.813,484
55.83747521294009,-4.353880798276776,61.0,55.88775631668876,-4.123428423568879,177,23.97,1322
55.83747521294009,-4.353880798276776,61.0,55.82857385936083,-4.129579652409029,178,20.969,1410
55.83747521294009,-4.353880798276776,61.0,55.879865395443076,-4.36272007519476,179,10.202,901
55.83747521294009,-4.353880798276776,61.0,55.87973669437185,-4.215636550296907,180,15.853,1129
55.83747521294009,-4.353880798276776,61.0,55.8162521393249,-4.1868605517933455,181,17.329,1133
55.83747521294009,-4.353880798276776,61.0,55.80755514535402,-4.201625161718038,182,18.888,1211
55.83747521294009,-4.353880798276776,61.0,55.85565398843102,-4.250533808562208,183,11.409,931
55.83747521294009,-4.353880798276776,61.0,55.929636326069506,-4.381100658166308,184,24.604,1288
55.83747521294009,-4.353880798276776,61.0,55.879581066995904,-4.21986165885879,185,15.494,1110
55.83747521294009,-4.353880798276776,61.0,55.92647877645629,-4.127886630011083,186,25.584,1442
55.83747521294009,-4.353880798276776,61.0,55.82282427264178,-4.371094162561755,187,3.189,382
55.83747521294009,-4.353880798276776,61.0,55.90291353127043,-4.3414180899754955,188,11.709,1103
55.83747521294009,-4.353880798276776,61.0,55.78437024600116,-4.156926419796477,189,22.624,1390
55.83747521294009,-4.353880798276776,61.0,55.8321542449311,-4.1561720476648265,190,18.233,1127
55.83747521294009,-4.353880798276776,61.0,55.88310705812362,-4.084862107847263,191,26.942,1287
55.83747521294009,-4.353880798276776,61.0,55.85616333886266,-4.110333739241922,192,23.17,1271
55.83747521294009,-4.353880798276776,61.0,55.90185178498145,-4.152652007721208,193,24.131,1735
55.83747521294009,-4.353880798276776,61.0,55.8837118458465,-4.182392741162416,194,20.41,2083
55.83747521294009,-4.353880798276776,61.0,55.83086049774818,-4.312434105301623,195,7.216,633
55.83747521294009,-4.353880798276776,61.0,55.821849459706755,-4.176208567338996,196,17.077,1097
55.83747521294009,-4.353880798276776,61.0,55.88009750494633,-4.255964552703097,197,13.45,1006
55.83747521294009,-4.353880798276776,61.0,55.87413911675089,-4.369807111055967,198,6.26,580
55.83747521294009,-4.353880798276776,61.0,55.86354071984154,-4.093406384811447,199,23.786,1325
55.80452826602272,-4.0793697090383185,62.0,55.8391698042901,-4.214478482526657,0,15.544,850
55.80452826602272,-4.0793697090383185,62.0,55.86553667472969,-4.350500876963486,1,27.881,1279
55.80452826602272,-4.0793697090383185,62.0,55.912892829643965,-4.286410947894997,2,29.022,2458
55.80452826602272,-4.0793697090383185,62.0,55.84854019346565,-4.391697428307927,3,27.312,1500
55.80452826602272,-4.0793697090383185,62.0,55.79232875093524,-4.310455024670266,4,24.618,1458
55.80452826602272,-4.0793697090383185,62.0,55.837143362020576,-4.120043492886959,5,13.774,669
55.80452826602272,-4.0793697090383185,62.0,55.84185129809378,-4.283879851305767,6,19.751,1153
55.80452826602272,-4.0793697090383185,62.0,55.90609664927746,-4.311383718964596,7,27.706,1567
55.80452826602272,-4.0793697090383185,62.0,55.7832172019226,-4.31249791159531,8,24.948,1435
55.80452826602272,-4.0793697090383185,62.0,55.8177258987159,-4.260489243356555,9,19.701,1065
55.80452826602272,-4.0793697090383185,62.0,55.903262790870684,-4.212111703691823,10,22.259,1347
55.80452826602272,-4.0793697090383185,62.0,55.893978813107424,-4.1413270988368325,11,19.76,1141
55.80452826602272,-4.0793697090383185,62.0,55.894884622950286,-4.154349650804189,12,24.625,1042
55.80452826602272,-4.0793697090383185,62.0,55.80680963785043,-4.263605759417426,13,22.139,1332
55.80452826602272,-4.0793697090383185,62.0,55.81824312166051,-4.346878846315483,14,26.94,1391
55.80452826602272,-4.0793697090383185,62.0,55.84742656229786,-4.269221405976544,15,20.116,1171
55.80452826602272,-4.0793697090383185,62.0,55.80730424868546,-4.315177272898423,16,26.646,1376
55.80452826602272,-4.0793697090383185,62.0,55.83798278877758,-4.260604018644594,17,18.222,967
55.80452826602272,-4.0793697090383185,62.0,55.89424631095569,-4.343398240721316,18,29.697,1528
55.80452826602272,-4.0793697090383185,62.0,55.83908093533876,-4.223069302141199,19,16.574,980
55.80452826602272,-4.0793697090383185,62.0,55.8357731433788,-4.270556349194068,20,18.906,1017
55.80452826602272,-4.0793697090383185,62.0,55.90309627527835,-4.360750370095284,21,31.73,1763
55.80452826602272,-4.0793697090383185,62.0,55.85652103589449,-4.101365743428073,22,11.251,706
55.80452826602272,-4.0793697090383185,62.0,55.783736419963375,-4.235306054793451,23,19.241,1062
55.80452826602272,-4.0793697090383185,62.0,55.92064824587275,-4.2358362157531895,24,26.62,1447
55.80452826602272,-4.0793697090383185,62.0,55.907674892744176,-4.2497703459088045,25,25.372,2492
55.80452826602272,-4.0793697090383185,62.0,55.919604340921964,-4.226208116301384,26,31.417,1453
55.80452826602272,-4.0793697090383185,62.0,55.83219148710444,-4.304581930326681,27,25.818,1418
55.80452826602272,-4.0793697090383185,62.0,55.79569701419853,-4.1769099124482585,28,14.084,780
55.80452826602272,-4.0793697090383185,62.0,55.81260197667657,-4.197841211154324,29,16.644,947
55.80452826602272,-4.0793697090383185,62.0,55.826092940761974,-4.176919409292903,30,13.692,811
55.80452826602272,-4.0793697090383185,62.0,55.828413149208096,-4.109650878166438,31,4.95,473
55.80452826602272,-4.0793697090383185,62.0,55.8999241737755,-4.257993823533507,32,25.471,1437
55.80452826602272,-4.0793697090383185,62.0,55.892514250678616,-4.340118142906542,33,29.726,1540
55.80452826602272,-4.0793697090383185,62.0,55.855241629670886,-4.269936069312288,34,23.558,1076
55.80452826602272,-4.0793697090383185,62.0,55.877364911629314,-4.109701193625618,35,17.492,918
55.80452826602272,-4.0793697090383185,62.0,55.887053111734645,-4.1280531391159245,36,23.139,1122
55.80452826602272,-4.0793697090383185,62.0,55.89108676863447,-4.105446803942431,37,17.48,1133
55.80452826602272,-4.0793697090383185,62.0,55.842635153466425,-4.334387903339716,38,23.749,1207
55.80452826602272,-4.0793697090383185,62.0,55.89197542936556,-4.19614108945253,39,20.043,1071
55.80452826602272,-4.0793697090383185,62.0,55.825849135803445,-4.321179033230789,40,23.996,1318
55.80452826602272,-4.0793697090383185,62.0,55.81864602215581,-4.375055705699034,41,27.969,1400
55.80452826602272,-4.0793697090383185,62.0,55.92613065482397,-4.212698358862173,42,30.791,1448
55.80452826602272,-4.0793697090383185,62.0,55.874439929608144,-4.279689658904073,43,23.399,1198
55.80452826602272,-4.0793697090383185,62.0,55.81998166828728,-4.245455535821837,44,19.181,970
55.80452826602272,-4.0793697090383185,62.0,55.91066980601156,-4.213502644426629,45,31.773,1502
55.80452826602272,-4.0793697090383185,62.0,55.8404807486866,-4.356656090229781,46,27.401,1474
55.80452826602272,-4.0793697090383185,62.0,55.88708229912325,-4.079055837843032,47,15.11,726
55.80452826602272,-4.0793697090383185,62.0,55.84510555179576,-4.178720975321847,48,13.108,785
55.80452826602272,-4.0793697090383185,62.0,55.84413340760586,-4.085244529493477,49,5.977,928
55.80452826602272,-4.0793697090383185,62.0,55.83324217210475,-4.157183908594519,50,11.789,659
55.80452826602272,-4.0793697090383185,62.0,55.895753278756494,-4.323131413571223,51,27.338,1620
55.80452826602272,-4.0793697090383185,62.0,55.88609925330935,-4.38354364327563,52,28.914,1347
55.80452826602272,-4.0793697090383185,62.0,55.86596770908397,-4.338853955125049,53,25.697,1227
55.80452826602272,-4.0793697090383185,62.0,55.819381988004544,-4.256567679373081,54,20.61,1120
55.80452826602272,-4.0793697090383185,62.0,55.919398785577634,-4.298102785445152,55,29.298,2137
55.80452826602272,-4.0793697090383185,62.0,55.81052481551728,-4.0780884232687225,56,1.749,1111
55.80452826602272,-4.0793697090383185,62.0,55.8411814367945,-4.125490362928665,57,6.422,580
55.80452826602272,-4.0793697090383185,62.0,55.844855881791794,-4.151320272286683,58,12.94,758
55.80452826602272,-4.0793697090383185,62.0,55.79334532620707,-4.3052187624925375,59,24.213,1419
55.80452826602272,-4.0793697090383185,62.0,55.78499644933002,-4.082518262203789,60,7.13,502
55.80452826602272,-4.0793697090383185,62.0,55.86482365717543,-4.074666870071637,61,8.572,849
55.80452826602272,-4.0793697090383185,62.0,55.910543969585106,-4.384534109666136,62,33.557,1828
55.80452826602272,-4.0793697090383185,62.0,55.799715679086134,-4.188568421733812,63,15.744,1008
55.80452826602272,-4.0793697090383185,62.0,55.90005630083831,-4.294022887833187,64,26.778,1520
55.80452826602272,-4.0793697090383185,62.0,55.82573931186619,-4.210157383495828,65,15.466,799
55.80452826602272,-4.0793697090383185,62.0,55.88010014610652,-4.288014027401103,66,25.499,1489
55.80452826602272,-4.0793697090383185,62.0,55.8836463272421,-4.377148406451105,67,28.684,1424
55.80452826602272,-4.0793697090383185,62.0,55.80511293548626,-4.195982430231648,68,15.901,896
55.80452826602272,-4.0793697090383185,62.0,55.9265186267864,-4.256321117900257,69,28.836,1552
55.80452826602272,-4.0793697090383185,62.0,55.90353118048908,-4.119171950823842,70,18.082,1193
55.80452826602272,-4.0793697090383185,62.0,55.81502357146685,-4.260984914919316,71,20.058,1099
55.80452826602272,-4.0793697090383185,62.0,55.894355058439295,-4.293143876300353,72,26.068,1468
55.80452826602272,-4.0793697090383185,62.0,55.80246488546192,-4.242274834364847,73,20.648,1203
55.80452826602272,-4.0793697090383185,62.0,55.887581813102464,-4.2985753032369685,74,25.68,1464
55.80452826602272,-4.0793697090383185,62.0,55.928290955083554,-4.295962301582311,75,29.72,1552
55.80452826602272,-4.0793697090383185,62.0,55.81096058143004,-4.368797105646974,76,29.626,1482
55.80452826602272,-4.0793697090383185,62.0,55.84818750128869,-4.3631808239548375,77,28.387,1326
55.80452826602272,-4.0793697090383185,62.0,55.81610352786554,-4.330910795148831,78,25.965,1232
55.80452826602272,-4.0793697090383185,62.0,55.807034270653475,-4.136077366584948,79,10.239,755
55.80452826602272,-4.0793697090383185,62.0,55.86778114631985,-4.233612892312959,80,20.529,1062
55.80452826602272,-4.0793697090383185,62.0,55.79578956690847,-4.368290459919509,81,34.467,2749
55.80452826602272,-4.0793697090383185,62.0,55.897877306124535,-4.077031107370425,82,17.469,1471
55.80452826602272,-4.0793697090383185,62.0,55.80721289582252,-4.242612882195534,83,20.545,1147
55.80452826602272,-4.0793697090383185,62.0,55.92209393969709,-4.157940141970138,84,26.726,1220
55.80452826602272,-4.0793697090383185,62.0,55.79188265083702,-4.28147512844989,85,22.36,1257
55.80452826602272,-4.0793697090383185,62.0,55.88043814367632,-4.104360473798184,86,16.802,858
55.80452826602272,-4.0793697090383185,62.0,55.90345994988174,-4.293652184560058,87,28.495,1593
55.80452826602272,-4.0793697090383185,62.0,55.91230525016259,-4.108196424937476,88,20.762,1095
55.80452826602272,-4.0793697090383185,62.0,55.90569137930351,-4.3852429216612405,89,33.592,1851
55.80452826602272,-4.0793697090383185,62.0,55.824402119970216,-4.298242138123909,90,24.432,1239
55.80452826602272,-4.0793697090383185,62.0,55.887104625653905,-4.201059285828647,91,19.817,1146
55.80452826602272,-4.0793697090383185,62.0,55.92006797200308,-4.195257422106852,92,28.796,1265
55.80452826602272,-4.0793697090383185,62.0,55.7944551107823,-4.1683749063061635,93,14.231,1213
55.80452826602272,-4.0793697090383185,62.0,55.88003873447475,-4.304350182381346,94,25.013,1371
55.80452826602272,-4.0793697090383185,62.0,55.88308048053683,-4.2942103285768285,95,24.613,1346
55.80452826602272,-4.0793697090383185,62.0,55.80779271908626,-4.3234306371549245,96,27.236,1364
55.80452826602272,-4.0793697090383185,62.0,55.90123467399992,-4.380968632189907,97,33.898,1980
55.80452826602272,-4.0793697090383185,62.0,55.88049231589054,-4.293733205570284,98,24.515,1336
55.80452826602272,-4.0793697090383185,62.0,55.84697147961761,-4.334108806216461,99,23.863,1240
55.80452826602272,-4.0793697090383185,62.0,55.83067141211495,-4.195633651932574,100,14.71,814
55.80452826602272,-4.0793697090383185,62.0,55.89350845984679,-4.099445363541155,101,16.547,903
55.80452826602272,-4.0793697090383185,62.0,55.92592408664018,-4.179171340754611,102,28.067,1303
55.80452826602272,-4.0793697090383185,62.0,55.84941827409408,-4.169566750359822,103,13.217,807
55.80452826602272,-4.0793697090383185,62.0,55.92413375575165,-4.226670311636797,104,32.006,2190
55.80452826602272,-4.0793697090383185,62.0,55.88995713457192,-4.285031242761631,105,25.008,1370
55.80452826602272,-4.0793697090383185,62.0,55.90528066541109,-4.131569818675147,106,24.405,1067
55.80452826602272,-4.0793697090383185,62.0,55.87850608392288,-4.103517886631066,107,17.133,891
55.80452826602272,-4.0793697090383185,62.0,55.80799405798939,-4.284953473560454,108,21.925,1336
55.80452826602272,-4.0793697090383185,62.0,55.906815669822045,-4.385279074380807,109,32.903,1766
55.80452826602272,-4.0793697090383185,62.0,55.916237634416454,-4.222407816066865,110,31.332,1441
55.80452826602272,-4.0793697090383185,62.0,55.915798955837815,-4.088621086891774,111,19.628,979
55.80452826602272,-4.0793697090383185,62.0,55.827538479175395,-4.350653065976025,112,26.309,1322
55.80452826602272,-4.0793697090383185,62.0,55.799515288981674,-4.0866627646338864,113,7.5,615
55.80452826602272,-4.0793697090383185,62.0,55.831024245961984,-4.244756518165482,114,17.662,871
55.80452826602272,-4.0793697090383185,62.0,55.86754360554833,-4.2143078261423845,115,19.202,1048
55.80452826602272,-4.0793697090383185,62.0,55.8574985965699,-4.1521224561179935,116,10.376,875
55.80452826602272,-4.0793697090383185,62.0,55.88095643501817,-4.32811659177277,117,27.539,1355
55.80452826602272,-4.0793697090383185,62.0,55.85240433608213,-4.177570445500026,118,14.149,865
55.80452826602272,-4.0793697090383185,62.0,55.91169549549074,-4.359708873069638,119,31.164,1850
55.80452826602272,-4.0793697090383185,62.0,55.92640787519779,-4.300990956079843,120,30.168,1601
55.80452826602272,-4.0793697090383185,62.0,55.84019197366069,-4.205566157974415,121,16.03,965
55.80452826602272,-4.0793697090383185,62.0,55.866619942939494,-4.268153778778456,122,22.476,1179
55.80452826602272,-4.0793697090383185,62.0,55.81327411986783,-4.2587495402872255,123,20.037,1109
55.80452826602272,-4.0793697090383185,62.0,55.86022660117776,-4.154711133590585,124,15.531,827
55.80452826602272,-4.0793697090383185,62.0,55.831522729053496,-4.370420634377527,125,28.363,1493
55.80452826602272,-4.0793697090383185,62.0,55.84074346341779,-4.172411658039648,126,12.77,703
55.80452826602272,-4.0793697090383185,62.0,55.8801412435821,-4.258666277618953,127,22.752,1194
55.80452826602272,-4.0793697090383185,62.0,55.8434159429892,-4.1056733307349536,128,6.678,609
55.80452826602272,-4.0793697090383185,62.0,55.83522057783537,-4.25736952395694,129,18.196,968
55.80452826602272,-4.0793697090383185,62.0,55.86467774065618,-4.2250953414252415,130,20.422,966
55.80452826602272,-4.0793697090383185,62.0,55.8953662249987,-4.231143624453162,131,23.646,1259
55.80452826602272,-4.0793697090383185,62.0,55.81920459649808,-4.236238450921302,132,19.765,1021
55.80452826602272,-4.0793697090383185,62.0,55.900795402502105,-4.206009410292495,133,21.444,1238
55.80452826602272,-4.0793697090383185,62.0,55.86078490474355,-4.339631469507248,134,26.232,1322
55.80452826602272,-4.0793697090383185,62.0,55.924999437053955,-4.191173279124663,135,28.545,1256
55.80452826602272,-4.0793697090383185,62.0,55.81549096669224,-4.126910343137958,136,8.349,684
55.80452826602272,-4.0793697090383185,62.0,55.90135585493081,-4.207622057499793,137,21.443,1215
55.80452826602272,-4.0793697090383185,62.0,55.845816555475636,-4.129576488296543,138,8.322,705
55.80452826602272,-4.0793697090383185,62.0,55.80470047644827,-4.291960781118721,139,22.931,1396
55.80452826602272,-4.0793697090383185,62.0,55.89185394491289,-4.179857587296262,140,20.647,1014
55.80452826602272,-4.0793697090383185,62.0,55.91859399996558,-4.3401659608951215,141,30.03,1700
55.80452826602272,-4.0793697090383185,62.0,55.90671476836246,-4.3642865107142725,142,32.482,1819
55.80452826602272,-4.0793697090383185,62.0,55.81273399651921,-4.167613047894911,143,14.246,800
55.80452826602272,-4.0793697090383185,62.0,55.80939871413575,-4.276056954355674,144,21.213,1224
55.80452826602272,-4.0793697090383185,62.0,55.88312869327199,-4.214542892826467,145,19.444,1116
55.80452826602272,-4.0793697090383185,62.0,55.815340374954424,-4.283514492524949,146,21.383,1242
55.80452826602272,-4.0793697090383185,62.0,55.87864379034378,-4.080636908866371,147,16.09,760
55.80452826602272,-4.0793697090383185,62.0,55.89423440492952,-4.2418874418647645,148,24.209,1342
55.80452826602272,-4.0793697090383185,62.0,55.92796852989922,-4.305970400193036,149,30.296,1624
55.80452826602272,-4.0793697090383185,62.0,55.92895153496988,-4.082888064137351,150,20.586,987
55.80452826602272,-4.0793697090383185,62.0,55.790766759429424,-4.135285962371055,151,11.082,764
55.80452826602272,-4.0793697090383185,62.0,55.80808041573422,-4.184105792933229,152,15.517,832
55.80452826602272,-4.0793697090383185,62.0,55.7982747224006,-4.3931924101572655,153,30.434,1577
55.80452826602272,-4.0793697090383185,62.0,55.81178474630603,-4.337962602706185,154,27.032,1337
55.80452826602272,-4.0793697090383185,62.0,55.852972007756,-4.353957895039277,155,25.431,1326
55.80452826602272,-4.0793697090383185,62.0,55.797152036890715,-4.311451416173846,156,24.503,1452
55.80452826602272,-4.0793697090383185,62.0,55.84839482833289,-4.1889265673730645,157,13.869,821
55.80452826602272,-4.0793697090383185,62.0,55.86383954752864,-4.387927326091926,158,31.023,1353
55.80452826602272,-4.0793697090383185,62.0,55.807182357875575,-4.140487806234959,159,10.45,753
55.80452826602272,-4.0793697090383185,62.0,55.8296607577131,-4.218765551358871,160,15.807,891
55.80452826602272,-4.0793697090383185,62.0,55.82699494590622,-4.295404959002084,161,24.468,1216
55.80452826602272,-4.0793697090383185,62.0,55.861248665443505,-4.307186036515638,162,23.317,1229
55.80452826602272,-4.0793697090383185,62.0,55.897857165570365,-4.156645648865112,163,22.123,1051
55.80452826602272,-4.0793697090383185,62.0,55.877747555317356,-4.342792329217214,164,28.129,1452
55.80452826602272,-4.0793697090383185,62.0,55.92259641850896,-4.389236283866068,165,44.385,1916
55.80452826602272,-4.0793697090383185,62.0,55.92621339590465,-4.2820478996479165,166,28.62,1500
55.80452826602272,-4.0793697090383185,62.0,55.80660612206145,-4.094012410496262,167,1.394,153
55.80452826602272,-4.0793697090383185,62.0,55.84605439624201,-4.09192094471571,168,17.319,829
55.80452826602272,-4.0793697090383185,62.0,55.83961965364386,-4.1201104741133365,169,6.029,507
55.80452826602272,-4.0793697090383185,62.0,55.85030951683019,-4.217608837338132,170,15.704,929
55.80452826602272,-4.0793697090383185,62.0,55.85971342373431,-4.246748195156407,171,21.135,1113
55.80452826602272,-4.0793697090383185,62.0,55.815747728441636,-4.150792968910081,172,14.36,819
55.80452826602272,-4.0793697090383185,62.0,55.80041195127493,-4.3806303679601495,173,29.85,1529
55.80452826602272,-4.0793697090383185,62.0,55.85487415463933,-4.092829020720908,174,8.321,617
55.80452826602272,-4.0793697090383185,62.0,55.80456076444065,-4.203157873727267,175,16.392,916
55.80452826602272,-4.0793697090383185,62.0,55.84723005082115,-4.330151260440624,176,23.384,1183
55.80452826602272,-4.0793697090383185,62.0,55.88775631668876,-4.123428423568879,177,19.745,1113
55.80452826602272,-4.0793697090383185,62.0,55.82857385936083,-4.129579652409029,178,7.956,663
55.80452826602272,-4.0793697090383185,62.0,55.879865395443076,-4.36272007519476,179,29.021,1494
55.80452826602272,-4.0793697090383185,62.0,55.87973669437185,-4.215636550296907,180,20.16,1213
55.80452826602272,-4.0793697090383185,62.0,55.8162521393249,-4.1868605517933455,181,14.833,914
55.80452826602272,-4.0793697090383185,62.0,55.80755514535402,-4.201625161718038,182,16.145,883
55.80452826602272,-4.0793697090383185,62.0,55.85565398843102,-4.250533808562208,183,19.875,1155
55.80452826602272,-4.0793697090383185,62.0,55.929636326069506,-4.381100658166308,184,45.371,1937
55.80452826602272,-4.0793697090383185,62.0,55.879581066995904,-4.21986165885879,185,20.345,1247
55.80452826602272,-4.0793697090383185,62.0,55.92647877645629,-4.127886630011083,186,20.988,1248
55.80452826602272,-4.0793697090383185,62.0,55.82282427264178,-4.371094162561755,187,27.499,1416
55.80452826602272,-4.0793697090383185,62.0,55.90291353127043,-4.3414180899754955,188,30.528,1697
55.80452826602272,-4.0793697090383185,62.0,55.78437024600116,-4.156926419796477,189,12.729,777
55.80452826602272,-4.0793697090383185,62.0,55.8321542449311,-4.1561720476648265,190,11.829,673
55.80452826602272,-4.0793697090383185,62.0,55.88310705812362,-4.084862107847263,191,13.251,642
55.80452826602272,-4.0793697090383185,62.0,55.85616333886266,-4.110333739241922,192,11.894,757
55.80452826602272,-4.0793697090383185,62.0,55.90185178498145,-4.152652007721208,193,26.355,1599
55.80452826602272,-4.0793697090383185,62.0,55.8837118458465,-4.182392741162416,194,20.014,1898
55.80452826602272,-4.0793697090383185,62.0,55.83086049774818,-4.312434105301623,195,25.402,1320
55.80452826602272,-4.0793697090383185,62.0,55.821849459706755,-4.176208567338996,196,13.713,757
55.80452826602272,-4.0793697090383185,62.0,55.88009750494633,-4.255964552703097,197,22.438,1172
55.80452826602272,-4.0793697090383185,62.0,55.87413911675089,-4.369807111055967,198,27.025,1243
55.80452826602272,-4.0793697090383185,62.0,55.86354071984154,-4.093406384811447,199,9.123,714
55.86401288249554,-4.3349988621471764,63.0,55.8391698042901,-4.214478482526657,0,13.469,762
55.86401288249554,-4.3349988621471764,63.0,55.86553667472969,-4.350500876963486,1,1.241,161
55.86401288249554,-4.3349988621471764,63.0,55.912892829643965,-4.286410947894997,2,11.591,1753
55.86401288249554,-4.3349988621471764,63.0,55.84854019346565,-4.391697428307927,3,6.506,625
55.86401288249554,-4.3349988621471764,63.0,55.79232875093524,-4.310455024670266,4,16.221,930
55.86401288249554,-4.3349988621471764,63.0,55.837143362020576,-4.120043492886959,5,17.168,774
55.86401288249554,-4.3349988621471764,63.0,55.84185129809378,-4.283879851305767,6,6.899,585
55.86401288249554,-4.3349988621471764,63.0,55.90609664927746,-4.311383718964596,7,6.903,619
55.86401288249554,-4.3349988621471764,63.0,55.7832172019226,-4.31249791159531,8,17.809,988
55.86401288249554,-4.3349988621471764,63.0,55.8177258987159,-4.260489243356555,9,12.14,824
55.86401288249554,-4.3349988621471764,63.0,55.903262790870684,-4.212111703691823,10,14.466,1016
55.86401288249554,-4.3349988621471764,63.0,55.893978813107424,-4.1413270988368325,11,16.206,1024
55.86401288249554,-4.3349988621471764,63.0,55.894884622950286,-4.154349650804189,12,18.591,922
55.86401288249554,-4.3349988621471764,63.0,55.80680963785043,-4.263605759417426,13,14.578,1091
55.86401288249554,-4.3349988621471764,63.0,55.81824312166051,-4.346878846315483,14,7.796,779
55.86401288249554,-4.3349988621471764,63.0,55.84742656229786,-4.269221405976544,15,8.588,652
55.86401288249554,-4.3349988621471764,63.0,55.80730424868546,-4.315177272898423,16,13.09,829
55.86401288249554,-4.3349988621471764,63.0,55.83798278877758,-4.260604018644594,17,10.661,726
55.86401288249554,-4.3349988621471764,63.0,55.89424631095569,-4.343398240721316,18,4.574,379
55.86401288249554,-4.3349988621471764,63.0,55.83908093533876,-4.223069302141199,19,11.06,793
55.86401288249554,-4.3349988621471764,63.0,55.8357731433788,-4.270556349194068,20,9.392,663
55.86401288249554,-4.3349988621471764,63.0,55.90309627527835,-4.360750370095284,21,6.607,614
55.86401288249554,-4.3349988621471764,63.0,55.85652103589449,-4.101365743428073,22,18.754,966
55.86401288249554,-4.3349988621471764,63.0,55.783736419963375,-4.235306054793451,23,16.2,1115
55.86401288249554,-4.3349988621471764,63.0,55.92064824587275,-4.2358362157531895,24,13.943,904
55.86401288249554,-4.3349988621471764,63.0,55.907674892744176,-4.2497703459088045,25,14.343,2042
55.86401288249554,-4.3349988621471764,63.0,55.919604340921964,-4.226208116301384,26,15.515,1008
55.86401288249554,-4.3349988621471764,63.0,55.83219148710444,-4.304581930326681,27,12.262,870
55.86401288249554,-4.3349988621471764,63.0,55.79569701419853,-4.1769099124482585,28,17.884,1047
55.86401288249554,-4.3349988621471764,63.0,55.81260197667657,-4.197841211154324,29,15.295,914
55.86401288249554,-4.3349988621471764,63.0,55.826092940761974,-4.176919409292903,30,13.825,847
55.86401288249554,-4.3349988621471764,63.0,55.828413149208096,-4.109650878166438,31,20.629,1037
55.86401288249554,-4.3349988621471764,63.0,55.8999241737755,-4.257993823533507,32,9.327,876
55.86401288249554,-4.3349988621471764,63.0,55.892514250678616,-4.340118142906542,33,4.603,391
55.86401288249554,-4.3349988621471764,63.0,55.855241629670886,-4.269936069312288,34,6.432,397
55.86401288249554,-4.3349988621471764,63.0,55.877364911629314,-4.109701193625618,35,19.155,1067
55.86401288249554,-4.3349988621471764,63.0,55.887053111734645,-4.1280531391159245,36,19.457,1034
55.86401288249554,-4.3349988621471764,63.0,55.89108676863447,-4.105446803942431,37,21.19,1340
55.86401288249554,-4.3349988621471764,63.0,55.842635153466425,-4.334387903339716,38,4.284,428
55.86401288249554,-4.3349988621471764,63.0,55.89197542936556,-4.19614108945253,39,15.464,867
55.86401288249554,-4.3349988621471764,63.0,55.825849135803445,-4.321179033230789,40,10.44,771
55.86401288249554,-4.3349988621471764,63.0,55.81864602215581,-4.375055705699034,41,8.286,711
55.86401288249554,-4.3349988621471764,63.0,55.92613065482397,-4.212698358862173,42,15.977,1061
55.86401288249554,-4.3349988621471764,63.0,55.874439929608144,-4.279689658904073,43,8.189,596
55.86401288249554,-4.3349988621471764,63.0,55.81998166828728,-4.245455535821837,44,11.62,729
55.86401288249554,-4.3349988621471764,63.0,55.91066980601156,-4.213502644426629,45,14.929,1012
55.86401288249554,-4.3349988621471764,63.0,55.8404807486866,-4.356656090229781,46,6.595,599
55.86401288249554,-4.3349988621471764,63.0,55.88708229912325,-4.079055837843032,47,25.96,1118
55.86401288249554,-4.3349988621471764,63.0,55.84510555179576,-4.178720975321847,48,15.49,863
55.86401288249554,-4.3349988621471764,63.0,55.84413340760586,-4.085244529493477,49,23.253,1500
55.86401288249554,-4.3349988621471764,63.0,55.83324217210475,-4.157183908594519,50,15.352,860
55.86401288249554,-4.3349988621471764,63.0,55.895753278756494,-4.323131413571223,51,4.36,490
55.86401288249554,-4.3349988621471764,63.0,55.88609925330935,-4.38354364327563,52,5.232,430
55.86401288249554,-4.3349988621471764,63.0,55.86596770908397,-4.338853955125049,53,0.372,85
55.86401288249554,-4.3349988621471764,63.0,55.819381988004544,-4.256567679373081,54,13.049,879
55.86401288249554,-4.3349988621471764,63.0,55.919398785577634,-4.298102785445152,55,11.867,1433
55.86401288249554,-4.3349988621471764,63.0,55.81052481551728,-4.0780884232687225,56,23.428,2185
55.86401288249554,-4.3349988621471764,63.0,55.8411814367945,-4.125490362928665,57,18.71,933
55.86401288249554,-4.3349988621471764,63.0,55.844855881791794,-4.151320272286683,58,16.342,913
55.86401288249554,-4.3349988621471764,63.0,55.79334532620707,-4.3052187624925375,59,16.552,936
55.86401288249554,-4.3349988621471764,63.0,55.78499644933002,-4.082518262203789,60,27.151,1184
55.86401288249554,-4.3349988621471764,63.0,55.86482365717543,-4.074666870071637,61,21.02,1184
55.86401288249554,-4.3349988621471764,63.0,55.910543969585106,-4.384534109666136,62,8.434,679
55.86401288249554,-4.3349988621471764,63.0,55.799715679086134,-4.188568421733812,63,17.866,1206
55.86401288249554,-4.3349988621471764,63.0,55.90005630083831,-4.294022887833187,64,6.794,695
55.86401288249554,-4.3349988621471764,63.0,55.82573931186619,-4.210157383495828,65,13.352,729
55.86401288249554,-4.3349988621471764,63.0,55.88010014610652,-4.288014027401103,66,6.391,735
55.86401288249554,-4.3349988621471764,63.0,55.8836463272421,-4.377148406451105,67,5.002,507
55.86401288249554,-4.3349988621471764,63.0,55.80511293548626,-4.195982430231648,68,16.275,989
55.86401288249554,-4.3349988621471764,63.0,55.9265186267864,-4.256321117900257,69,12.841,891
55.86401288249554,-4.3349988621471764,63.0,55.90353118048908,-4.119171950823842,70,20.353,1275
55.86401288249554,-4.3349988621471764,63.0,55.81502357146685,-4.260984914919316,71,12.497,858
55.86401288249554,-4.3349988621471764,63.0,55.894355058439295,-4.293143876300353,72,6.643,700
55.86401288249554,-4.3349988621471764,63.0,55.80246488546192,-4.242274834364847,73,13.761,955
55.86401288249554,-4.3349988621471764,63.0,55.887581813102464,-4.2985753032369685,74,5.88,647
55.86401288249554,-4.3349988621471764,63.0,55.928290955083554,-4.295962301582311,75,8.72,698
55.86401288249554,-4.3349988621471764,63.0,55.81096058143004,-4.368797105646974,76,9.894,898
55.86401288249554,-4.3349988621471764,63.0,55.84818750128869,-4.3631808239548375,77,6.759,435
55.86401288249554,-4.3349988621471764,63.0,55.81610352786554,-4.330910795148831,78,12.409,684
55.86401288249554,-4.3349988621471764,63.0,55.807034270653475,-4.136077366584948,79,17.059,1098
55.86401288249554,-4.3349988621471764,63.0,55.86778114631985,-4.233612892312959,80,10.04,678
55.86401288249554,-4.3349988621471764,63.0,55.79578956690847,-4.368290459919509,81,11.829,2023
55.86401288249554,-4.3349988621471764,63.0,55.897877306124535,-4.077031107370425,82,22.981,1806
55.86401288249554,-4.3349988621471764,63.0,55.80721289582252,-4.242612882195534,83,12.984,907
55.86401288249554,-4.3349988621471764,63.0,55.92209393969709,-4.157940141970138,84,20.124,1073
55.86401288249554,-4.3349988621471764,63.0,55.79188265083702,-4.28147512844989,85,17.414,991
55.86401288249554,-4.3349988621471764,63.0,55.88043814367632,-4.104360473798184,86,18.967,1027
55.86401288249554,-4.3349988621471764,63.0,55.90345994988174,-4.293652184560058,87,7.204,740
55.86401288249554,-4.3349988621471764,63.0,55.91230525016259,-4.108196424937476,88,21.621,1221
55.86401288249554,-4.3349988621471764,63.0,55.90569137930351,-4.3852429216612405,89,8.469,702
55.86401288249554,-4.3349988621471764,63.0,55.824402119970216,-4.298242138123909,90,10.876,692
55.86401288249554,-4.3349988621471764,63.0,55.887104625653905,-4.201059285828647,91,13.176,1016
55.86401288249554,-4.3349988621471764,63.0,55.92006797200308,-4.195257422106852,92,16.441,1109
55.86401288249554,-4.3349988621471764,63.0,55.7944551107823,-4.1683749063061635,93,18.014,1482
55.86401288249554,-4.3349988621471764,63.0,55.88003873447475,-4.304350182381346,94,4.033,487
55.86401288249554,-4.3349988621471764,63.0,55.88308048053683,-4.2942103285768285,95,5.731,576
55.86401288249554,-4.3349988621471764,63.0,55.80779271908626,-4.3234306371549245,96,13.68,816
55.86401288249554,-4.3349988621471764,63.0,55.90123467399992,-4.380968632189907,97,8.775,831
55.86401288249554,-4.3349988621471764,63.0,55.88049231589054,-4.293733205570284,98,5.633,566
55.86401288249554,-4.3349988621471764,63.0,55.84697147961761,-4.334108806216461,99,3.874,362
55.86401288249554,-4.3349988621471764,63.0,55.83067141211495,-4.195633651932574,100,12.635,726
55.86401288249554,-4.3349988621471764,63.0,55.89350845984679,-4.099445363541155,101,21.005,1171
55.86401288249554,-4.3349988621471764,63.0,55.92592408664018,-4.179171340754611,102,21.465,1157
55.86401288249554,-4.3349988621471764,63.0,55.84941827409408,-4.169566750359822,103,16.195,928
55.86401288249554,-4.3349988621471764,63.0,55.92413375575165,-4.226670311636797,104,17.192,1803
55.86401288249554,-4.3349988621471764,63.0,55.88995713457192,-4.285031242761631,105,6.599,642
55.86401288249554,-4.3349988621471764,63.0,55.90528066541109,-4.131569818675147,106,17.803,920
55.86401288249554,-4.3349988621471764,63.0,55.87850608392288,-4.103517886631066,107,19.298,1060
55.86401288249554,-4.3349988621471764,63.0,55.80799405798939,-4.284953473560454,108,13.886,981
55.86401288249554,-4.3349988621471764,63.0,55.906815669822045,-4.385279074380807,109,7.78,627
55.86401288249554,-4.3349988621471764,63.0,55.916237634416454,-4.222407816066865,110,15.43,997
55.86401288249554,-4.3349988621471764,63.0,55.915798955837815,-4.088621086891774,111,24.705,1251
55.86401288249554,-4.3349988621471764,63.0,55.827538479175395,-4.350653065976025,112,7.138,677
55.86401288249554,-4.3349988621471764,63.0,55.799515288981674,-4.0866627646338864,113,27.521,1297
55.86401288249554,-4.3349988621471764,63.0,55.831024245961984,-4.244756518165482,114,10.101,630
55.86401288249554,-4.3349988621471764,63.0,55.86754360554833,-4.2143078261423845,115,11.38,794
55.86401288249554,-4.3349988621471764,63.0,55.8574985965699,-4.1521224561179935,116,16.664,1010
55.86401288249554,-4.3349988621471764,63.0,55.88095643501817,-4.32811659177277,117,2.416,206
55.86401288249554,-4.3349988621471764,63.0,55.85240433608213,-4.177570445500026,118,16.359,979
55.86401288249554,-4.3349988621471764,63.0,55.91169549549074,-4.359708873069638,119,8.592,805
55.86401288249554,-4.3349988621471764,63.0,55.92640787519779,-4.300990956079843,120,8.528,719
55.86401288249554,-4.3349988621471764,63.0,55.84019197366069,-4.205566157974415,121,13.955,877
55.86401288249554,-4.3349988621471764,63.0,55.866619942939494,-4.268153778778456,122,7.524,667
55.86401288249554,-4.3349988621471764,63.0,55.81327411986783,-4.2587495402872255,123,12.476,868
55.86401288249554,-4.3349988621471764,63.0,55.86022660117776,-4.154711133590585,124,15.881,938
55.86401288249554,-4.3349988621471764,63.0,55.831522729053496,-4.370420634377527,125,6.6,606
55.86401288249554,-4.3349988621471764,63.0,55.84074346341779,-4.172411658039648,126,14.563,782
55.86401288249554,-4.3349988621471764,63.0,55.8801412435821,-4.258666277618953,127,9.386,744
55.86401288249554,-4.3349988621471764,63.0,55.8434159429892,-4.1056733307349536,128,18.966,961
55.86401288249554,-4.3349988621471764,63.0,55.83522057783537,-4.25736952395694,129,10.635,727
55.86401288249554,-4.3349988621471764,63.0,55.86467774065618,-4.2250953414252415,130,10.164,631
55.86401288249554,-4.3349988621471764,63.0,55.8953662249987,-4.231143624453162,131,12.617,808
55.86401288249554,-4.3349988621471764,63.0,55.81920459649808,-4.236238450921302,132,12.204,780
55.86401288249554,-4.3349988621471764,63.0,55.900795402502105,-4.206009410292495,133,14.784,1003
55.86401288249554,-4.3349988621471764,63.0,55.86078490474355,-4.339631469507248,134,0.907,180
55.86401288249554,-4.3349988621471764,63.0,55.924999437053955,-4.191173279124663,135,16.692,1119
55.86401288249554,-4.3349988621471764,63.0,55.81549096669224,-4.126910343137958,136,18.05,1145
55.86401288249554,-4.3349988621471764,63.0,55.90135585493081,-4.207622057499793,137,14.783,981
55.86401288249554,-4.3349988621471764,63.0,55.845816555475636,-4.129576488296543,138,17.715,1003
55.86401288249554,-4.3349988621471764,63.0,55.80470047644827,-4.291960781118721,139,13.719,958
55.86401288249554,-4.3349988621471764,63.0,55.89185394491289,-4.179857587296262,140,14.368,792
55.86401288249554,-4.3349988621471764,63.0,55.91859399996558,-4.3401659608951215,141,7.458,656
55.86401288249554,-4.3349988621471764,63.0,55.90671476836246,-4.3642865107142725,142,7.359,670
55.86401288249554,-4.3349988621471764,63.0,55.81273399651921,-4.167613047894911,143,15.108,909
55.86401288249554,-4.3349988621471764,63.0,55.80939871413575,-4.276056954355674,144,13.6,929
55.86401288249554,-4.3349988621471764,63.0,55.88312869327199,-4.214542892826467,145,12.188,835
55.86401288249554,-4.3349988621471764,63.0,55.815340374954424,-4.283514492524949,146,12.594,814
55.86401288249554,-4.3349988621471764,63.0,55.87864379034378,-4.080636908866371,147,26.94,1152
55.86401288249554,-4.3349988621471764,63.0,55.89423440492952,-4.2418874418647645,148,13.18,892
55.86401288249554,-4.3349988621471764,63.0,55.92796852989922,-4.305970400193036,149,8.656,742
55.86401288249554,-4.3349988621471764,63.0,55.92895153496988,-4.082888064137351,150,25.075,1201
55.86401288249554,-4.3349988621471764,63.0,55.790766759429424,-4.135285962371055,151,20.439,1123
55.86401288249554,-4.3349988621471764,63.0,55.80808041573422,-4.184105792933229,152,16.069,920
55.86401288249554,-4.3349988621471764,63.0,55.7982747224006,-4.3931924101572655,153,10.751,888
55.86401288249554,-4.3349988621471764,63.0,55.81178474630603,-4.337962602706185,154,13.476,790
55.86401288249554,-4.3349988621471764,63.0,55.852972007756,-4.353957895039277,155,3.408,390
55.86401288249554,-4.3349988621471764,63.0,55.797152036890715,-4.311451416173846,156,15.448,864
55.86401288249554,-4.3349988621471764,63.0,55.84839482833289,-4.1889265673730645,157,16.141,897
55.86401288249554,-4.3349988621471764,63.0,55.86383954752864,-4.387927326091926,158,9.395,462
55.86401288249554,-4.3349988621471764,63.0,55.807182357875575,-4.140487806234959,159,16.736,1073
55.86401288249554,-4.3349988621471764,63.0,55.8296607577131,-4.218765551358871,160,11.521,787
55.86401288249554,-4.3349988621471764,63.0,55.82699494590622,-4.295404959002084,161,10.912,668
55.86401288249554,-4.3349988621471764,63.0,55.861248665443505,-4.307186036515638,162,2.001,274
55.86401288249554,-4.3349988621471764,63.0,55.897857165570365,-4.156645648865112,163,15.844,828
55.86401288249554,-4.3349988621471764,63.0,55.877747555317356,-4.342792329217214,164,3.006,303
55.86401288249554,-4.3349988621471764,63.0,55.92259641850896,-4.389236283866068,165,11.457,862
55.86401288249554,-4.3349988621471764,63.0,55.92621339590465,-4.2820478996479165,166,9.887,743
55.86401288249554,-4.3349988621471764,63.0,55.80660612206145,-4.094012410496262,167,23.013,1249
55.86401288249554,-4.3349988621471764,63.0,55.84605439624201,-4.09192094471571,168,20.181,943
55.86401288249554,-4.3349988621471764,63.0,55.83961965364386,-4.1201104741133365,169,18.317,860
55.86401288249554,-4.3349988621471764,63.0,55.85030951683019,-4.217608837338132,170,11.609,828
55.86401288249554,-4.3349988621471764,63.0,55.85971342373431,-4.246748195156407,171,10.533,729
55.86401288249554,-4.3349988621471764,63.0,55.815747728441636,-4.150792968910081,172,15.606,970
55.86401288249554,-4.3349988621471764,63.0,55.80041195127493,-4.3806303679601495,173,10.167,842
55.86401288249554,-4.3349988621471764,63.0,55.85487415463933,-4.092829020720908,174,19.991,944
55.86401288249554,-4.3349988621471764,63.0,55.80456076444065,-4.203157873727267,175,16.294,991
55.86401288249554,-4.3349988621471764,63.0,55.84723005082115,-4.330151260440624,176,4.064,343
55.86401288249554,-4.3349988621471764,63.0,55.88775631668876,-4.123428423568879,177,19.592,1040
55.86401288249554,-4.3349988621471764,63.0,55.82857385936083,-4.129579652409029,178,18.128,1157
55.86401288249554,-4.3349988621471764,63.0,55.879865395443076,-4.36272007519476,179,3.898,345
55.86401288249554,-4.3349988621471764,63.0,55.87973669437185,-4.215636550296907,180,11.475,846
55.86401288249554,-4.3349988621471764,63.0,55.8162521393249,-4.1868605517933455,181,14.488,880
55.86401288249554,-4.3349988621471764,63.0,55.80755514535402,-4.201625161718038,182,16.047,957
55.86401288249554,-4.3349988621471764,63.0,55.85565398843102,-4.250533808562208,183,7.569,653
55.86401288249554,-4.3349988621471764,63.0,55.929636326069506,-4.381100658166308,184,10.519,821
55.86401288249554,-4.3349988621471764,63.0,55.879581066995904,-4.21986165885879,185,11.116,827
55.86401288249554,-4.3349988621471764,63.0,55.92647877645629,-4.127886630011083,186,21.206,1159
55.86401288249554,-4.3349988621471764,63.0,55.82282427264178,-4.371094162561755,187,7.588,693
55.86401288249554,-4.3349988621471764,63.0,55.90291353127043,-4.3414180899754955,188,5.405,548
55.86401288249554,-4.3349988621471764,63.0,55.78437024600116,-4.156926419796477,189,19.783,1137
55.86401288249554,-4.3349988621471764,63.0,55.8321542449311,-4.1561720476648265,190,15.392,873
55.86401288249554,-4.3349988621471764,63.0,55.88310705812362,-4.084862107847263,191,24.101,1034
55.86401288249554,-4.3349988621471764,63.0,55.85616333886266,-4.110333739241922,192,18.792,988
55.86401288249554,-4.3349988621471764,63.0,55.90185178498145,-4.152652007721208,193,19.753,1453
55.86401288249554,-4.3349988621471764,63.0,55.8837118458465,-4.182392741162416,194,16.032,1801
55.86401288249554,-4.3349988621471764,63.0,55.83086049774818,-4.312434105301623,195,11.846,773
55.86401288249554,-4.3349988621471764,63.0,55.821849459706755,-4.176208567338996,196,14.236,844
55.86401288249554,-4.3349988621471764,63.0,55.88009750494633,-4.255964552703097,197,9.072,723
55.86401288249554,-4.3349988621471764,63.0,55.87413911675089,-4.369807111055967,198,3.343,326
55.86401288249554,-4.3349988621471764,63.0,55.86354071984154,-4.093406384811447,199,19.408,1042
55.90500173496756,-4.340762114017196,64.0,55.8391698042901,-4.214478482526657,0,18.172,1315
55.90500173496756,-4.340762114017196,64.0,55.86553667472969,-4.350500876963486,1,8.552,876
55.90500173496756,-4.340762114017196,64.0,55.912892829643965,-4.286410947894997,2,9.315,1779
55.90500173496756,-4.340762114017196,64.0,55.84854019346565,-4.391697428307927,3,12.637,1229
55.90500173496756,-4.340762114017196,64.0,55.79232875093524,-4.310455024670266,4,21.286,1447
55.90500173496756,-4.340762114017196,64.0,55.837143362020576,-4.120043492886959,5,21.871,1328
55.90500173496756,-4.340762114017196,64.0,55.84185129809378,-4.283879851305767,6,13.03,1189
55.90500173496756,-4.340762114017196,64.0,55.90609664927746,-4.311383718964596,7,4.697,661
55.90500173496756,-4.340762114017196,64.0,55.7832172019226,-4.31249791159531,8,22.874,1505
55.90500173496756,-4.340762114017196,64.0,55.8177258987159,-4.260489243356555,9,16.843,1377
55.90500173496756,-4.340762114017196,64.0,55.903262790870684,-4.212111703691823,10,14.956,1291
55.90500173496756,-4.340762114017196,64.0,55.893978813107424,-4.1413270988368325,11,17.222,1388
55.90500173496756,-4.340762114017196,64.0,55.894884622950286,-4.154349650804189,12,19.607,1286
55.90500173496756,-4.340762114017196,64.0,55.80680963785043,-4.263605759417426,13,18.608,1602
55.90500173496756,-4.340762114017196,64.0,55.81824312166051,-4.346878846315483,14,18.449,1361
55.90500173496756,-4.340762114017196,64.0,55.84742656229786,-4.269221405976544,15,12.442,1084
55.90500173496756,-4.340762114017196,64.0,55.80730424868546,-4.315177272898423,16,18.155,1346
55.90500173496756,-4.340762114017196,64.0,55.83798278877758,-4.260604018644594,17,13.224,1194
55.90500173496756,-4.340762114017196,64.0,55.89424631095569,-4.343398240721316,18,2.761,363
55.90500173496756,-4.340762114017196,64.0,55.83908093533876,-4.223069302141199,19,15.763,1346
55.90500173496756,-4.340762114017196,64.0,55.8357731433788,-4.270556349194068,20,13.246,1096
55.90500173496756,-4.340762114017196,64.0,55.90309627527835,-4.360750370095284,21,1.571,283
55.90500173496756,-4.340762114017196,64.0,55.85652103589449,-4.101365743428073,22,19.77,1330
55.90500173496756,-4.340762114017196,64.0,55.783736419963375,-4.235306054793451,23,20.903,1668
55.90500173496756,-4.340762114017196,64.0,55.92064824587275,-4.2358362157531895,24,11.667,929
55.90500173496756,-4.340762114017196,64.0,55.907674892744176,-4.2497703459088045,25,15.283,2373
55.90500173496756,-4.340762114017196,64.0,55.919604340921964,-4.226208116301384,26,14.095,1132
55.90500173496756,-4.340762114017196,64.0,55.83219148710444,-4.304581930326681,27,17.327,1387
55.90500173496756,-4.340762114017196,64.0,55.79569701419853,-4.1769099124482585,28,22.587,1600
55.90500173496756,-4.340762114017196,64.0,55.81260197667657,-4.197841211154324,29,19.998,1467
55.90500173496756,-4.340762114017196,64.0,55.826092940761974,-4.176919409292903,30,18.528,1400
55.90500173496756,-4.340762114017196,64.0,55.828413149208096,-4.109650878166438,31,25.332,1590
55.90500173496756,-4.340762114017196,64.0,55.8999241737755,-4.257993823533507,32,12.444,1045
55.90500173496756,-4.340762114017196,64.0,55.892514250678616,-4.340118142906542,33,2.926,393
55.90500173496756,-4.340762114017196,64.0,55.855241629670886,-4.269936069312288,34,10.286,825
55.90500173496756,-4.340762114017196,64.0,55.877364911629314,-4.109701193625618,35,20.171,1431
55.90500173496756,-4.340762114017196,64.0,55.887053111734645,-4.1280531391159245,36,20.473,1398
55.90500173496756,-4.340762114017196,64.0,55.89108676863447,-4.105446803942431,37,22.206,1704
55.90500173496756,-4.340762114017196,64.0,55.842635153466425,-4.334387903339716,38,10.415,1032
55.90500173496756,-4.340762114017196,64.0,55.89197542936556,-4.19614108945253,39,16.48,1231
55.90500173496756,-4.340762114017196,64.0,55.825849135803445,-4.321179033230789,40,15.505,1288
55.90500173496756,-4.340762114017196,64.0,55.81864602215581,-4.375055705699034,41,14.417,1315
55.90500173496756,-4.340762114017196,64.0,55.92613065482397,-4.212698358862173,42,14.723,1203
55.90500173496756,-4.340762114017196,64.0,55.874439929608144,-4.279689658904073,43,7.573,844
55.90500173496756,-4.340762114017196,64.0,55.81998166828728,-4.245455535821837,44,16.323,1283
55.90500173496756,-4.340762114017196,64.0,55.91066980601156,-4.213502644426629,45,13.795,1161
55.90500173496756,-4.340762114017196,64.0,55.8404807486866,-4.356656090229781,46,12.726,1203
55.90500173496756,-4.340762114017196,64.0,55.88708229912325,-4.079055837843032,47,23.015,1563
55.90500173496756,-4.340762114017196,64.0,55.84510555179576,-4.178720975321847,48,20.193,1416
55.90500173496756,-4.340762114017196,64.0,55.84413340760586,-4.085244529493477,49,24.269,1864
55.90500173496756,-4.340762114017196,64.0,55.83324217210475,-4.157183908594519,50,20.055,1413
55.90500173496756,-4.340762114017196,64.0,55.895753278756494,-4.323131413571223,51,4.047,547
55.90500173496756,-4.340762114017196,64.0,55.88609925330935,-4.38354364327563,52,13.417,1060
55.90500173496756,-4.340762114017196,64.0,55.86596770908397,-4.338853955125049,53,7.683,800
55.90500173496756,-4.340762114017196,64.0,55.819381988004544,-4.256567679373081,54,17.752,1433
55.90500173496756,-4.340762114017196,64.0,55.919398785577634,-4.298102785445152,55,9.591,1459
55.90500173496756,-4.340762114017196,64.0,55.81052481551728,-4.0780884232687225,56,28.131,2738
55.90500173496756,-4.340762114017196,64.0,55.8411814367945,-4.125490362928665,57,23.413,1486
55.90500173496756,-4.340762114017196,64.0,55.844855881791794,-4.151320272286683,58,21.045,1466
55.90500173496756,-4.340762114017196,64.0,55.79334532620707,-4.3052187624925375,59,21.617,1453
55.90500173496756,-4.340762114017196,64.0,55.78499644933002,-4.082518262203789,60,31.854,1737
55.90500173496756,-4.340762114017196,64.0,55.86482365717543,-4.074666870071637,61,22.036,1548
55.90500173496756,-4.340762114017196,64.0,55.910543969585106,-4.384534109666136,62,4.2,499
55.90500173496756,-4.340762114017196,64.0,55.799715679086134,-4.188568421733812,63,22.569,1759
55.90500173496756,-4.340762114017196,64.0,55.90005630083831,-4.294022887833187,64,6.728,773
55.90500173496756,-4.340762114017196,64.0,55.82573931186619,-4.210157383495828,65,18.055,1282
55.90500173496756,-4.340762114017196,64.0,55.88010014610652,-4.288014027401103,66,6.846,861
55.90500173496756,-4.340762114017196,64.0,55.8836463272421,-4.377148406451105,67,13.187,1138
55.90500173496756,-4.340762114017196,64.0,55.80511293548626,-4.195982430231648,68,20.978,1542
55.90500173496756,-4.340762114017196,64.0,55.9265186267864,-4.256321117900257,69,10.565,917
55.90500173496756,-4.340762114017196,64.0,55.90353118048908,-4.119171950823842,70,21.369,1639
55.90500173496756,-4.340762114017196,64.0,55.81502357146685,-4.260984914919316,71,17.2,1412
55.90500173496756,-4.340762114017196,64.0,55.894355058439295,-4.293143876300353,72,6.939,788
55.90500173496756,-4.340762114017196,64.0,55.80246488546192,-4.242274834364847,73,18.464,1508
55.90500173496756,-4.340762114017196,64.0,55.887581813102464,-4.2985753032369685,74,6.211,757
55.90500173496756,-4.340762114017196,64.0,55.928290955083554,-4.295962301582311,75,6.444,724
55.90500173496756,-4.340762114017196,64.0,55.81096058143004,-4.368797105646974,76,21.135,1452
55.90500173496756,-4.340762114017196,64.0,55.84818750128869,-4.3631808239548375,77,12.89,1039
55.90500173496756,-4.340762114017196,64.0,55.81610352786554,-4.330910795148831,78,17.474,1201
55.90500173496756,-4.340762114017196,64.0,55.807034270653475,-4.136077366584948,79,21.762,1651
55.90500173496756,-4.340762114017196,64.0,55.86778114631985,-4.233612892312959,80,11.056,1042
55.90500173496756,-4.340762114017196,64.0,55.79578956690847,-4.368290459919509,81,17.96,2626
55.90500173496756,-4.340762114017196,64.0,55.897877306124535,-4.077031107370425,82,23.997,2170
55.90500173496756,-4.340762114017196,64.0,55.80721289582252,-4.242612882195534,83,17.687,1460
55.90500173496756,-4.340762114017196,64.0,55.92209393969709,-4.157940141970138,84,18.777,1391
55.90500173496756,-4.340762114017196,64.0,55.79188265083702,-4.28147512844989,85,22.479,1508
55.90500173496756,-4.340762114017196,64.0,55.88043814367632,-4.104360473798184,86,19.983,1391
55.90500173496756,-4.340762114017196,64.0,55.90345994988174,-4.293652184560058,87,6.798,791
55.90500173496756,-4.340762114017196,64.0,55.91230525016259,-4.108196424937476,88,23.015,1684
55.90500173496756,-4.340762114017196,64.0,55.90569137930351,-4.3852429216612405,89,4.235,522
55.90500173496756,-4.340762114017196,64.0,55.824402119970216,-4.298242138123909,90,15.941,1209
55.90500173496756,-4.340762114017196,64.0,55.887104625653905,-4.201059285828647,91,14.192,1380
55.90500173496756,-4.340762114017196,64.0,55.92006797200308,-4.195257422106852,92,14.165,1135
55.90500173496756,-4.340762114017196,64.0,55.7944551107823,-4.1683749063061635,93,22.717,2035
55.90500173496756,-4.340762114017196,64.0,55.88003873447475,-4.304350182381346,94,5.728,682
55.90500173496756,-4.340762114017196,64.0,55.88308048053683,-4.2942103285768285,95,6.186,702
55.90500173496756,-4.340762114017196,64.0,55.80779271908626,-4.3234306371549245,96,18.745,1333
55.90500173496756,-4.340762114017196,64.0,55.90123467399992,-4.380968632189907,97,7.139,841
55.90500173496756,-4.340762114017196,64.0,55.88049231589054,-4.293733205570284,98,6.088,692
55.90500173496756,-4.340762114017196,64.0,55.84697147961761,-4.334108806216461,99,10.005,966
55.90500173496756,-4.340762114017196,64.0,55.83067141211495,-4.195633651932574,100,17.338,1279
55.90500173496756,-4.340762114017196,64.0,55.89350845984679,-4.099445363541155,101,22.021,1535
55.90500173496756,-4.340762114017196,64.0,55.92592408664018,-4.179171340754611,102,16.336,1279
55.90500173496756,-4.340762114017196,64.0,55.84941827409408,-4.169566750359822,103,15.833,1473
55.90500173496756,-4.340762114017196,64.0,55.92413375575165,-4.226670311636797,104,15.938,1945
55.90500173496756,-4.340762114017196,64.0,55.88995713457192,-4.285031242761631,105,7.097,789
55.90500173496756,-4.340762114017196,64.0,55.90528066541109,-4.131569818675147,106,18.819,1285
55.90500173496756,-4.340762114017196,64.0,55.87850608392288,-4.103517886631066,107,20.314,1424
55.90500173496756,-4.340762114017196,64.0,55.80799405798939,-4.284953473560454,108,17.244,1463
55.90500173496756,-4.340762114017196,64.0,55.906815669822045,-4.385279074380807,109,3.546,437
55.90500173496756,-4.340762114017196,64.0,55.916237634416454,-4.222407816066865,110,13.847,1114
55.90500173496756,-4.340762114017196,64.0,55.915798955837815,-4.088621086891774,111,25.721,1616
55.90500173496756,-4.340762114017196,64.0,55.827538479175395,-4.350653065976025,112,13.269,1281
55.90500173496756,-4.340762114017196,64.0,55.799515288981674,-4.0866627646338864,113,32.224,1850
55.90500173496756,-4.340762114017196,64.0,55.831024245961984,-4.244756518165482,114,14.804,1184
55.90500173496756,-4.340762114017196,64.0,55.86754360554833,-4.2143078261423845,115,12.396,1158
55.90500173496756,-4.340762114017196,64.0,55.8574985965699,-4.1521224561179935,116,17.68,1374
55.90500173496756,-4.340762114017196,64.0,55.88095643501817,-4.32811659177277,117,4.966,584
55.90500173496756,-4.340762114017196,64.0,55.85240433608213,-4.177570445500026,118,15.118,1345
55.90500173496756,-4.340762114017196,64.0,55.91169549549074,-4.359708873069638,119,2.893,490
55.90500173496756,-4.340762114017196,64.0,55.92640787519779,-4.300990956079843,120,6.252,745
55.90500173496756,-4.340762114017196,64.0,55.84019197366069,-4.205566157974415,121,18.658,1431
55.90500173496756,-4.340762114017196,64.0,55.866619942939494,-4.268153778778456,122,8.881,996
55.90500173496756,-4.340762114017196,64.0,55.81327411986783,-4.2587495402872255,123,17.179,1421
55.90500173496756,-4.340762114017196,64.0,55.86022660117776,-4.154711133590585,124,16.897,1302
55.90500173496756,-4.340762114017196,64.0,55.831522729053496,-4.370420634377527,125,12.731,1210
55.90500173496756,-4.340762114017196,64.0,55.84074346341779,-4.172411658039648,126,19.266,1335
55.90500173496756,-4.340762114017196,64.0,55.8801412435821,-4.258666277618953,127,10.126,1045
55.90500173496756,-4.340762114017196,64.0,55.8434159429892,-4.1056733307349536,128,23.669,1515
55.90500173496756,-4.340762114017196,64.0,55.83522057783537,-4.25736952395694,129,13.863,1222
55.90500173496756,-4.340762114017196,64.0,55.86467774065618,-4.2250953414252415,130,11.18,995
55.90500173496756,-4.340762114017196,64.0,55.8953662249987,-4.231143624453162,131,15.209,1246
55.90500173496756,-4.340762114017196,64.0,55.81920459649808,-4.236238450921302,132,16.907,1333
55.90500173496756,-4.340762114017196,64.0,55.900795402502105,-4.206009410292495,133,15.769,1371
55.90500173496756,-4.340762114017196,64.0,55.86078490474355,-4.339631469507248,134,8.218,895
55.90500173496756,-4.340762114017196,64.0,55.924999437053955,-4.191173279124663,135,14.416,1144
55.90500173496756,-4.340762114017196,64.0,55.81549096669224,-4.126910343137958,136,22.753,1698
55.90500173496756,-4.340762114017196,64.0,55.90135585493081,-4.207622057499793,137,15.658,1333
55.90500173496756,-4.340762114017196,64.0,55.845816555475636,-4.129576488296543,138,20.87,1543
55.90500173496756,-4.340762114017196,64.0,55.80470047644827,-4.291960781118721,139,17.271,1441
55.90500173496756,-4.340762114017196,64.0,55.89185394491289,-4.179857587296262,140,15.384,1156
55.90500173496756,-4.340762114017196,64.0,55.91859399996558,-4.3401659608951215,141,4.175,588
55.90500173496756,-4.340762114017196,64.0,55.90671476836246,-4.3642865107142725,142,1.844,331
55.90500173496756,-4.340762114017196,64.0,55.81273399651921,-4.167613047894911,143,19.811,1462
55.90500173496756,-4.340762114017196,64.0,55.80939871413575,-4.276056954355674,144,17.152,1427
55.90500173496756,-4.340762114017196,64.0,55.88312869327199,-4.214542892826467,145,13.204,1199
55.90500173496756,-4.340762114017196,64.0,55.815340374954424,-4.283514492524949,146,16.146,1312
55.90500173496756,-4.340762114017196,64.0,55.87864379034378,-4.080636908866371,147,23.995,1598
55.90500173496756,-4.340762114017196,64.0,55.89423440492952,-4.2418874418647645,148,13.085,1158
55.90500173496756,-4.340762114017196,64.0,55.92796852989922,-4.305970400193036,149,6.38,768
55.90500173496756,-4.340762114017196,64.0,55.92895153496988,-4.082888064137351,150,26.091,1565
55.90500173496756,-4.340762114017196,64.0,55.790766759429424,-4.135285962371055,151,25.142,1676
55.90500173496756,-4.340762114017196,64.0,55.80808041573422,-4.184105792933229,152,20.772,1473
55.90500173496756,-4.340762114017196,64.0,55.7982747224006,-4.3931924101572655,153,16.882,1492
55.90500173496756,-4.340762114017196,64.0,55.81178474630603,-4.337962602706185,154,18.541,1307
55.90500173496756,-4.340762114017196,64.0,55.852972007756,-4.353957895039277,155,9.539,994
55.90500173496756,-4.340762114017196,64.0,55.797152036890715,-4.311451416173846,156,20.513,1381
55.90500173496756,-4.340762114017196,64.0,55.84839482833289,-4.1889265673730645,157,14.862,1362
55.90500173496756,-4.340762114017196,64.0,55.86383954752864,-4.387927326091926,158,21.225,1135
55.90500173496756,-4.340762114017196,64.0,55.807182357875575,-4.140487806234959,159,21.439,1626
55.90500173496756,-4.340762114017196,64.0,55.8296607577131,-4.218765551358871,160,16.224,1340
55.90500173496756,-4.340762114017196,64.0,55.82699494590622,-4.295404959002084,161,15.977,1185
55.90500173496756,-4.340762114017196,64.0,55.861248665443505,-4.307186036515638,162,8.359,866
55.90500173496756,-4.340762114017196,64.0,55.897857165570365,-4.156645648865112,163,16.86,1192
55.90500173496756,-4.340762114017196,64.0,55.877747555317356,-4.342792329217214,164,5.013,654
55.90500173496756,-4.340762114017196,64.0,55.92259641850896,-4.389236283866068,165,6.683,673
55.90500173496756,-4.340762114017196,64.0,55.92621339590465,-4.2820478996479165,166,7.611,769
55.90500173496756,-4.340762114017196,64.0,55.80660612206145,-4.094012410496262,167,27.716,1803
55.90500173496756,-4.340762114017196,64.0,55.84605439624201,-4.09192094471571,168,21.197,1307
55.90500173496756,-4.340762114017196,64.0,55.83961965364386,-4.1201104741133365,169,23.02,1413
55.90500173496756,-4.340762114017196,64.0,55.85030951683019,-4.217608837338132,170,13.612,1279
55.90500173496756,-4.340762114017196,64.0,55.85971342373431,-4.246748195156407,171,11.549,1093
55.90500173496756,-4.340762114017196,64.0,55.815747728441636,-4.150792968910081,172,20.309,1523
55.90500173496756,-4.340762114017196,64.0,55.80041195127493,-4.3806303679601495,173,16.298,1445
55.90500173496756,-4.340762114017196,64.0,55.85487415463933,-4.092829020720908,174,21.007,1308
55.90500173496756,-4.340762114017196,64.0,55.80456076444065,-4.203157873727267,175,20.997,1544
55.90500173496756,-4.340762114017196,64.0,55.84723005082115,-4.330151260440624,176,10.195,947
55.90500173496756,-4.340762114017196,64.0,55.88775631668876,-4.123428423568879,177,20.608,1404
55.90500173496756,-4.340762114017196,64.0,55.82857385936083,-4.129579652409029,178,22.831,1710
55.90500173496756,-4.340762114017196,64.0,55.879865395443076,-4.36272007519476,179,5.274,656
55.90500173496756,-4.340762114017196,64.0,55.87973669437185,-4.215636550296907,180,12.491,1210
55.90500173496756,-4.340762114017196,64.0,55.8162521393249,-4.1868605517933455,181,19.191,1433
55.90500173496756,-4.340762114017196,64.0,55.80755514535402,-4.201625161718038,182,20.75,1511
55.90500173496756,-4.340762114017196,64.0,55.85565398843102,-4.250533808562208,183,11.423,1085
55.90500173496756,-4.340762114017196,64.0,55.929636326069506,-4.381100658166308,184,5.745,632
55.90500173496756,-4.340762114017196,64.0,55.879581066995904,-4.21986165885879,185,12.132,1191
55.90500173496756,-4.340762114017196,64.0,55.92647877645629,-4.127886630011083,186,20.581,1600
55.90500173496756,-4.340762114017196,64.0,55.82282427264178,-4.371094162561755,187,13.719,1297
55.90500173496756,-4.340762114017196,64.0,55.90291353127043,-4.3414180899754955,188,3.007,447
55.90500173496756,-4.340762114017196,64.0,55.78437024600116,-4.156926419796477,189,24.486,1690
55.90500173496756,-4.340762114017196,64.0,55.8321542449311,-4.1561720476648265,190,20.095,1427
55.90500173496756,-4.340762114017196,64.0,55.88310705812362,-4.084862107847263,191,25.261,1470
55.90500173496756,-4.340762114017196,64.0,55.85616333886266,-4.110333739241922,192,19.808,1352
55.90500173496756,-4.340762114017196,64.0,55.90185178498145,-4.152652007721208,193,20.395,1835
55.90500173496756,-4.340762114017196,64.0,55.8837118458465,-4.182392741162416,194,17.048,2165
55.90500173496756,-4.340762114017196,64.0,55.83086049774818,-4.312434105301623,195,16.911,1290
55.90500173496756,-4.340762114017196,64.0,55.821849459706755,-4.176208567338996,196,18.939,1397
55.90500173496756,-4.340762114017196,64.0,55.88009750494633,-4.255964552703097,197,10.022,1040
55.90500173496756,-4.340762114017196,64.0,55.87413911675089,-4.369807111055967,198,11.528,957
55.90500173496756,-4.340762114017196,64.0,55.86354071984154,-4.093406384811447,199,20.424,1406
55.878645882308895,-4.234529143639696,65.0,55.8391698042901,-4.214478482526657,0,6.444,731
55.878645882308895,-4.234529143639696,65.0,55.86553667472969,-4.350500876963486,1,14.413,828
55.878645882308895,-4.234529143639696,65.0,55.912892829643965,-4.286410947894997,2,8.154,1484
55.878645882308895,-4.234529143639696,65.0,55.84854019346565,-4.391697428307927,3,13.844,1049
55.878645882308895,-4.234529143639696,65.0,55.79232875093524,-4.310455024670266,4,16.335,1028
55.878645882308895,-4.234529143639696,65.0,55.837143362020576,-4.120043492886959,5,16.92,909
55.878645882308895,-4.234529143639696,65.0,55.84185129809378,-4.283879851305767,6,11.015,778
55.878645882308895,-4.234529143639696,65.0,55.90609664927746,-4.311383718964596,7,8.091,750
55.878645882308895,-4.234529143639696,65.0,55.7832172019226,-4.31249791159531,8,17.923,1086
55.878645882308895,-4.234529143639696,65.0,55.8177258987159,-4.260489243356555,9,8.27,915
55.878645882308895,-4.234529143639696,65.0,55.903262790870684,-4.212111703691823,10,4.627,499
55.878645882308895,-4.234529143639696,65.0,55.893978813107424,-4.1413270988368325,11,8.46,748
55.878645882308895,-4.234529143639696,65.0,55.894884622950286,-4.154349650804189,12,10.845,647
55.878645882308895,-4.234529143639696,65.0,55.80680963785043,-4.263605759417426,13,10.111,1175
55.878645882308895,-4.234529143639696,65.0,55.81824312166051,-4.346878846315483,14,13.498,942
55.878645882308895,-4.234529143639696,65.0,55.84742656229786,-4.269221405976544,15,7.491,665
55.878645882308895,-4.234529143639696,65.0,55.80730424868546,-4.315177272898423,16,13.204,927
55.878645882308895,-4.234529143639696,65.0,55.83798278877758,-4.260604018644594,17,5.64,689
55.878645882308895,-4.234529143639696,65.0,55.89424631095569,-4.343398240721316,18,9.344,876
55.878645882308895,-4.234529143639696,65.0,55.83908093533876,-4.223069302141199,19,5.891,757
55.878645882308895,-4.234529143639696,65.0,55.8357731433788,-4.270556349194068,20,8.295,677
55.878645882308895,-4.234529143639696,65.0,55.90309627527835,-4.360750370095284,21,11.605,1042
55.878645882308895,-4.234529143639696,65.0,55.85652103589449,-4.101365743428073,22,11.008,691
55.878645882308895,-4.234529143639696,65.0,55.783736419963375,-4.235306054793451,23,12.33,1205
55.878645882308895,-4.234529143639696,65.0,55.92064824587275,-4.2358362157531895,24,5.752,480
55.878645882308895,-4.234529143639696,65.0,55.907674892744176,-4.2497703459088045,25,4.504,1525
55.878645882308895,-4.234529143639696,65.0,55.919604340921964,-4.226208116301384,26,5.676,492
55.878645882308895,-4.234529143639696,65.0,55.83219148710444,-4.304581930326681,27,12.376,969
55.878645882308895,-4.234529143639696,65.0,55.79569701419853,-4.1769099124482585,28,12.535,1150
55.878645882308895,-4.234529143639696,65.0,55.81260197667657,-4.197841211154324,29,9.946,1017
55.878645882308895,-4.234529143639696,65.0,55.826092940761974,-4.176919409292903,30,13.577,981
55.878645882308895,-4.234529143639696,65.0,55.828413149208096,-4.109650878166438,31,17.954,1036
55.878645882308895,-4.234529143639696,65.0,55.8999241737755,-4.257993823533507,32,4.603,463
55.878645882308895,-4.234529143639696,65.0,55.892514250678616,-4.340118142906542,33,9.373,888
55.878645882308895,-4.234529143639696,65.0,55.855241629670886,-4.269936069312288,34,5.335,406
55.878645882308895,-4.234529143639696,65.0,55.877364911629314,-4.109701193625618,35,11.409,791
55.878645882308895,-4.234529143639696,65.0,55.887053111734645,-4.1280531391159245,36,11.711,758
55.878645882308895,-4.234529143639696,65.0,55.89108676863447,-4.105446803942431,37,13.444,1064
55.878645882308895,-4.234529143639696,65.0,55.842635153466425,-4.334387903339716,38,10.281,756
55.878645882308895,-4.234529143639696,65.0,55.89197542936556,-4.19614108945253,39,5.327,494
55.878645882308895,-4.234529143639696,65.0,55.825849135803445,-4.321179033230789,40,10.554,869
55.878645882308895,-4.234529143639696,65.0,55.81864602215581,-4.375055705699034,41,14.527,951
55.878645882308895,-4.234529143639696,65.0,55.92613065482397,-4.212698358862173,42,6.138,545
55.878645882308895,-4.234529143639696,65.0,55.874439929608144,-4.279689658904073,43,5.176,528
55.878645882308895,-4.234529143639696,65.0,55.81998166828728,-4.245455535821837,44,7.75,820
55.878645882308895,-4.234529143639696,65.0,55.91066980601156,-4.213502644426629,45,5.09,496
55.878645882308895,-4.234529143639696,65.0,55.8404807486866,-4.356656090229781,46,13.933,1023
55.878645882308895,-4.234529143639696,65.0,55.88708229912325,-4.079055837843032,47,14.253,924
55.878645882308895,-4.234529143639696,65.0,55.84510555179576,-4.178720975321847,48,7.352,800
55.878645882308895,-4.234529143639696,65.0,55.84413340760586,-4.085244529493477,49,15.507,1224
55.878645882308895,-4.234529143639696,65.0,55.83324217210475,-4.157183908594519,50,9.474,948
55.878645882308895,-4.234529143639696,65.0,55.895753278756494,-4.323131413571223,51,8.593,872
55.878645882308895,-4.234529143639696,65.0,55.88609925330935,-4.38354364327563,52,15.446,896
55.878645882308895,-4.234529143639696,65.0,55.86596770908397,-4.338853955125049,53,12.229,777
55.878645882308895,-4.234529143639696,65.0,55.819381988004544,-4.256567679373081,54,8.0,935
55.878645882308895,-4.234529143639696,65.0,55.919398785577634,-4.298102785445152,55,8.43,1163
55.878645882308895,-4.234529143639696,65.0,55.81052481551728,-4.0780884232687225,56,20.753,2183
55.878645882308895,-4.234529143639696,65.0,55.8411814367945,-4.125490362928665,57,16.035,931
55.878645882308895,-4.234529143639696,65.0,55.844855881791794,-4.151320272286683,58,9.179,917
55.878645882308895,-4.234529143639696,65.0,55.79334532620707,-4.3052187624925375,59,16.666,1034
55.878645882308895,-4.234529143639696,65.0,55.78499644933002,-4.082518262203789,60,22.643,1110
55.878645882308895,-4.234529143639696,65.0,55.86482365717543,-4.074666870071637,61,13.274,908
55.878645882308895,-4.234529143639696,65.0,55.910543969585106,-4.384534109666136,62,17.181,1236
55.878645882308895,-4.234529143639696,65.0,55.799715679086134,-4.188568421733812,63,12.517,1308
55.878645882308895,-4.234529143639696,65.0,55.90005630083831,-4.294022887833187,64,8.412,699
55.878645882308895,-4.234529143639696,65.0,55.82573931186619,-4.210157383495828,65,8.003,832
55.878645882308895,-4.234529143639696,65.0,55.88010014610652,-4.288014027401103,66,5.884,685
55.878645882308895,-4.234529143639696,65.0,55.8836463272421,-4.377148406451105,67,15.216,974
55.878645882308895,-4.234529143639696,65.0,55.80511293548626,-4.195982430231648,68,10.926,1092
55.878645882308895,-4.234529143639696,65.0,55.9265186267864,-4.256321117900257,69,7.968,578
55.878645882308895,-4.234529143639696,65.0,55.90353118048908,-4.119171950823842,70,12.607,1000
55.878645882308895,-4.234529143639696,65.0,55.81502357146685,-4.260984914919316,71,8.627,949
55.878645882308895,-4.234529143639696,65.0,55.894355058439295,-4.293143876300353,72,6.453,632
55.878645882308895,-4.234529143639696,65.0,55.80246488546192,-4.242274834364847,73,9.891,1045
55.878645882308895,-4.234529143639696,65.0,55.887581813102464,-4.2985753032369685,74,6.065,628
55.878645882308895,-4.234529143639696,65.0,55.928290955083554,-4.295962301582311,75,8.852,578
55.878645882308895,-4.234529143639696,65.0,55.81096058143004,-4.368797105646974,76,16.184,1033
55.878645882308895,-4.234529143639696,65.0,55.84818750128869,-4.3631808239548375,77,14.919,875
55.878645882308895,-4.234529143639696,65.0,55.81610352786554,-4.330910795148831,78,12.523,782
55.878645882308895,-4.234529143639696,65.0,55.807034270653475,-4.136077366584948,79,13.498,1236
55.878645882308895,-4.234529143639696,65.0,55.86778114631985,-4.233612892312959,80,1.704,301
55.878645882308895,-4.234529143639696,65.0,55.79578956690847,-4.368290459919509,81,21.268,2227
55.878645882308895,-4.234529143639696,65.0,55.897877306124535,-4.077031107370425,82,15.235,1531
55.878645882308895,-4.234529143639696,65.0,55.80721289582252,-4.242612882195534,83,9.114,997
55.878645882308895,-4.234529143639696,65.0,55.92209393969709,-4.157940141970138,84,10.306,726
55.878645882308895,-4.234529143639696,65.0,55.79188265083702,-4.28147512844989,85,17.528,1089
55.878645882308895,-4.234529143639696,65.0,55.88043814367632,-4.104360473798184,86,11.221,751
55.878645882308895,-4.234529143639696,65.0,55.90345994988174,-4.293652184560058,87,7.627,620
55.878645882308895,-4.234529143639696,65.0,55.91230525016259,-4.108196424937476,88,13.875,945
55.878645882308895,-4.234529143639696,65.0,55.90569137930351,-4.3852429216612405,89,13.239,1199
55.878645882308895,-4.234529143639696,65.0,55.824402119970216,-4.298242138123909,90,10.99,790
55.878645882308895,-4.234529143639696,65.0,55.887104625653905,-4.201059285828647,91,3.296,507
55.878645882308895,-4.234529143639696,65.0,55.92006797200308,-4.195257422106852,92,6.984,523
55.878645882308895,-4.234529143639696,65.0,55.7944551107823,-4.1683749063061635,93,12.665,1584
55.878645882308895,-4.234529143639696,65.0,55.88003873447475,-4.304350182381346,94,6.79,701
55.878645882308895,-4.234529143639696,65.0,55.88308048053683,-4.2942103285768285,95,5.902,668
55.878645882308895,-4.234529143639696,65.0,55.80779271908626,-4.3234306371549245,96,13.794,914
55.878645882308895,-4.234529143639696,65.0,55.90123467399992,-4.380968632189907,97,16.392,1375
55.878645882308895,-4.234529143639696,65.0,55.88049231589054,-4.293733205570284,98,6.292,666
55.878645882308895,-4.234529143639696,65.0,55.84697147961761,-4.334108806216461,99,10.395,789
55.878645882308895,-4.234529143639696,65.0,55.83067141211495,-4.195633651932574,100,12.387,860
55.878645882308895,-4.234529143639696,65.0,55.89350845984679,-4.099445363541155,101,13.259,896
55.878645882308895,-4.234529143639696,65.0,55.92592408664018,-4.179171340754611,102,9.155,666
55.878645882308895,-4.234529143639696,65.0,55.84941827409408,-4.169566750359822,103,7.138,785
55.878645882308895,-4.234529143639696,65.0,55.92413375575165,-4.226670311636797,104,7.353,1287
55.878645882308895,-4.234529143639696,65.0,55.88995713457192,-4.285031242761631,105,5.393,566
55.878645882308895,-4.234529143639696,65.0,55.90528066541109,-4.131569818675147,106,10.057,645
55.878645882308895,-4.234529143639696,65.0,55.87850608392288,-4.103517886631066,107,11.552,784
55.878645882308895,-4.234529143639696,65.0,55.80799405798939,-4.284953473560454,108,12.293,1044
55.878645882308895,-4.234529143639696,65.0,55.906815669822045,-4.385279074380807,109,12.55,1114
55.878645882308895,-4.234529143639696,65.0,55.916237634416454,-4.222407816066865,110,5.591,480
55.878645882308895,-4.234529143639696,65.0,55.915798955837815,-4.088621086891774,111,16.959,976
55.878645882308895,-4.234529143639696,65.0,55.827538479175395,-4.350653065976025,112,12.867,873
55.878645882308895,-4.234529143639696,65.0,55.799515288981674,-4.0866627646338864,113,23.013,1223
55.878645882308895,-4.234529143639696,65.0,55.831024245961984,-4.244756518165482,114,6.351,728
55.878645882308895,-4.234529143639696,65.0,55.86754360554833,-4.2143078261423845,115,2.945,461
55.878645882308895,-4.234529143639696,65.0,55.8574985965699,-4.1521224561179935,116,8.918,735
55.878645882308895,-4.234529143639696,65.0,55.88095643501817,-4.32811659177277,117,10.009,758
55.878645882308895,-4.234529143639696,65.0,55.85240433608213,-4.177570445500026,118,6.423,657
55.878645882308895,-4.234529143639696,65.0,55.91169549549074,-4.359708873069638,119,11.549,1033
55.878645882308895,-4.234529143639696,65.0,55.92640787519779,-4.300990956079843,120,9.3,627
55.878645882308895,-4.234529143639696,65.0,55.84019197366069,-4.205566157974415,121,6.93,829
55.878645882308895,-4.234529143639696,65.0,55.866619942939494,-4.268153778778456,122,4.253,509
55.878645882308895,-4.234529143639696,65.0,55.81327411986783,-4.2587495402872255,123,8.606,959
55.878645882308895,-4.234529143639696,65.0,55.86022660117776,-4.154711133590585,124,8.135,662
55.878645882308895,-4.234529143639696,65.0,55.831522729053496,-4.370420634377527,125,14.921,1043
55.878645882308895,-4.234529143639696,65.0,55.84074346341779,-4.172411658039648,126,8.422,847
55.878645882308895,-4.234529143639696,65.0,55.8801412435821,-4.258666277618953,127,2.667,342
55.878645882308895,-4.234529143639696,65.0,55.8434159429892,-4.1056733307349536,128,16.291,960
55.878645882308895,-4.234529143639696,65.0,55.83522057783537,-4.25736952395694,129,5.614,691
55.878645882308895,-4.234529143639696,65.0,55.86467774065618,-4.2250953414252415,130,2.485,307
55.878645882308895,-4.234529143639696,65.0,55.8953662249987,-4.231143624453162,131,2.778,291
55.878645882308895,-4.234529143639696,65.0,55.81920459649808,-4.236238450921302,132,8.334,870
55.878645882308895,-4.234529143639696,65.0,55.900795402502105,-4.206009410292495,133,4.945,486
55.878645882308895,-4.234529143639696,65.0,55.86078490474355,-4.339631469507248,134,12.764,872
55.878645882308895,-4.234529143639696,65.0,55.924999437053955,-4.191173279124663,135,7.235,532
55.878645882308895,-4.234529143639696,65.0,55.81549096669224,-4.126910343137958,136,21.353,1248
55.878645882308895,-4.234529143639696,65.0,55.90135585493081,-4.207622057499793,137,4.944,463
55.878645882308895,-4.234529143639696,65.0,55.845816555475636,-4.129576488296543,138,12.108,903
55.878645882308895,-4.234529143639696,65.0,55.80470047644827,-4.291960781118721,139,12.32,1022
55.878645882308895,-4.234529143639696,65.0,55.89185394491289,-4.179857587296262,140,6.622,516
55.878645882308895,-4.234529143639696,65.0,55.91859399996558,-4.3401659608951215,141,12.061,837
55.878645882308895,-4.234529143639696,65.0,55.90671476836246,-4.3642865107142725,142,11.636,1005
55.878645882308895,-4.234529143639696,65.0,55.81273399651921,-4.167613047894911,143,14.86,1043
55.878645882308895,-4.234529143639696,65.0,55.80939871413575,-4.276056954355674,144,12.201,1008
55.878645882308895,-4.234529143639696,65.0,55.88312869327199,-4.214542892826467,145,2.349,324
55.878645882308895,-4.234529143639696,65.0,55.815340374954424,-4.283514492524949,146,11.195,894
55.878645882308895,-4.234529143639696,65.0,55.87864379034378,-4.080636908866371,147,15.233,958
55.878645882308895,-4.234529143639696,65.0,55.89423440492952,-4.2418874418647645,148,3.341,375
55.878645882308895,-4.234529143639696,65.0,55.92796852989922,-4.305970400193036,149,9.428,650
55.878645882308895,-4.234529143639696,65.0,55.92895153496988,-4.082888064137351,150,17.329,925
55.878645882308895,-4.234529143639696,65.0,55.790766759429424,-4.135285962371055,151,15.09,1226
55.878645882308895,-4.234529143639696,65.0,55.80808041573422,-4.184105792933229,152,10.72,1023
55.878645882308895,-4.234529143639696,65.0,55.7982747224006,-4.3931924101572655,153,16.992,1127
55.878645882308895,-4.234529143639696,65.0,55.81178474630603,-4.337962602706185,154,13.59,888
55.878645882308895,-4.234529143639696,65.0,55.852972007756,-4.353957895039277,155,11.963,875
55.878645882308895,-4.234529143639696,65.0,55.797152036890715,-4.311451416173846,156,15.562,962
55.878645882308895,-4.234529143639696,65.0,55.84839482833289,-4.1889265673730645,157,6.167,675
55.878645882308895,-4.234529143639696,65.0,55.86383954752864,-4.387927326091926,158,17.555,902
55.878645882308895,-4.234529143639696,65.0,55.807182357875575,-4.140487806234959,159,13.175,1211
55.878645882308895,-4.234529143639696,65.0,55.8296607577131,-4.218765551358871,160,7.333,866
55.878645882308895,-4.234529143639696,65.0,55.82699494590622,-4.295404959002084,161,11.026,766
55.878645882308895,-4.234529143639696,65.0,55.861248665443505,-4.307186036515638,162,10.666,801
55.878645882308895,-4.234529143639696,65.0,55.897857165570365,-4.156645648865112,163,8.098,553
55.878645882308895,-4.234529143639696,65.0,55.877747555317356,-4.342792329217214,164,10.607,864
55.878645882308895,-4.234529143639696,65.0,55.92259641850896,-4.389236283866068,165,16.06,1041
55.878645882308895,-4.234529143639696,65.0,55.92621339590465,-4.2820478996479165,166,7.752,526
55.878645882308895,-4.234529143639696,65.0,55.80660612206145,-4.094012410496262,167,20.338,1248
55.878645882308895,-4.234529143639696,65.0,55.84605439624201,-4.09192094471571,168,12.435,668
55.878645882308895,-4.234529143639696,65.0,55.83961965364386,-4.1201104741133365,169,15.642,858
55.878645882308895,-4.234529143639696,65.0,55.85030951683019,-4.217608837338132,170,4.917,591
55.878645882308895,-4.234529143639696,65.0,55.85971342373431,-4.246748195156407,171,2.854,405
55.878645882308895,-4.234529143639696,65.0,55.815747728441636,-4.150792968910081,172,12.045,1108
55.878645882308895,-4.234529143639696,65.0,55.80041195127493,-4.3806303679601495,173,16.408,1080
55.878645882308895,-4.234529143639696,65.0,55.85487415463933,-4.092829020720908,174,12.245,669
55.878645882308895,-4.234529143639696,65.0,55.80456076444065,-4.203157873727267,175,10.945,1094
55.878645882308895,-4.234529143639696,65.0,55.84723005082115,-4.330151260440624,176,9.916,733
55.878645882308895,-4.234529143639696,65.0,55.88775631668876,-4.123428423568879,177,11.846,764
55.878645882308895,-4.234529143639696,65.0,55.82857385936083,-4.129579652409029,178,20.96,1226
55.878645882308895,-4.234529143639696,65.0,55.879865395443076,-4.36272007519476,179,11.515,889
55.878645882308895,-4.234529143639696,65.0,55.87973669437185,-4.215636550296907,180,1.636,336
55.878645882308895,-4.234529143639696,65.0,55.8162521393249,-4.1868605517933455,181,10.087,1005
55.878645882308895,-4.234529143639696,65.0,55.80755514535402,-4.201625161718038,182,10.698,1060
55.878645882308895,-4.234529143639696,65.0,55.85565398843102,-4.250533808562208,183,3.668,560
55.878645882308895,-4.234529143639696,65.0,55.929636326069506,-4.381100658166308,184,15.122,1001
55.878645882308895,-4.234529143639696,65.0,55.879581066995904,-4.21986165885879,185,1.277,316
55.878645882308895,-4.234529143639696,65.0,55.92647877645629,-4.127886630011083,186,13.46,883
55.878645882308895,-4.234529143639696,65.0,55.82282427264178,-4.371094162561755,187,14.057,966
55.878645882308895,-4.234529143639696,65.0,55.90291353127043,-4.3414180899754955,188,10.126,994
55.878645882308895,-4.234529143639696,65.0,55.78437024600116,-4.156926419796477,189,14.434,1240
55.878645882308895,-4.234529143639696,65.0,55.8321542449311,-4.1561720476648265,190,9.514,962
55.878645882308895,-4.234529143639696,65.0,55.88310705812362,-4.084862107847263,191,16.499,831
55.878645882308895,-4.234529143639696,65.0,55.85616333886266,-4.110333739241922,192,11.046,712
55.878645882308895,-4.234529143639696,65.0,55.90185178498145,-4.152652007721208,193,8.642,1040
55.878645882308895,-4.234529143639696,65.0,55.8837118458465,-4.182392741162416,194,8.286,1525
55.878645882308895,-4.234529143639696,65.0,55.83086049774818,-4.312434105301623,195,11.96,871
55.878645882308895,-4.234529143639696,65.0,55.821849459706755,-4.176208567338996,196,13.988,978
55.878645882308895,-4.234529143639696,65.0,55.88009750494633,-4.255964552703097,197,2.353,321
55.878645882308895,-4.234529143639696,65.0,55.87413911675089,-4.369807111055967,198,13.557,793
55.878645882308895,-4.234529143639696,65.0,55.86354071984154,-4.093406384811447,199,11.662,766
55.789202222184045,-4.355886264038161,66.0,55.8391698042901,-4.214478482526657,0,18.578,1282
55.789202222184045,-4.355886264038161,66.0,55.86553667472969,-4.350500876963486,1,12.122,1112
55.789202222184045,-4.355886264038161,66.0,55.912892829643965,-4.286410947894997,2,21.746,2491
55.789202222184045,-4.355886264038161,66.0,55.84854019346565,-4.391697428307927,3,9.63,972
55.789202222184045,-4.355886264038161,66.0,55.79232875093524,-4.310455024670266,4,5.986,736
55.789202222184045,-4.355886264038161,66.0,55.837143362020576,-4.120043492886959,5,22.277,1294
55.789202222184045,-4.355886264038161,66.0,55.84185129809378,-4.283879851305767,6,9.019,933
55.789202222184045,-4.355886264038161,66.0,55.90609664927746,-4.311383718964596,7,19.131,1499
55.789202222184045,-4.355886264038161,66.0,55.7832172019226,-4.31249791159531,8,8.246,711
55.789202222184045,-4.355886264038161,66.0,55.8177258987159,-4.260489243356555,9,9.452,1020
55.789202222184045,-4.355886264038161,66.0,55.903262790870684,-4.212111703691823,10,21.112,1566
55.789202222184045,-4.355886264038161,66.0,55.893978813107424,-4.1413270988368325,11,22.852,1573
55.789202222184045,-4.355886264038161,66.0,55.894884622950286,-4.154349650804189,12,25.237,1472
55.789202222184045,-4.355886264038161,66.0,55.80680963785043,-4.263605759417426,13,9.802,1094
55.789202222184045,-4.355886264038161,66.0,55.81824312166051,-4.346878846315483,14,4.815,650
55.789202222184045,-4.355886264038161,66.0,55.84742656229786,-4.269221405976544,15,10.604,1140
55.789202222184045,-4.355886264038161,66.0,55.80730424868546,-4.315177272898423,16,5.343,668
55.789202222184045,-4.355886264038161,66.0,55.83798278877758,-4.260604018644594,17,9.635,1112
55.789202222184045,-4.355886264038161,66.0,55.89424631095569,-4.343398240721316,18,15.884,1431
55.789202222184045,-4.355886264038161,66.0,55.83908093533876,-4.223069302141199,19,16.169,1313
55.789202222184045,-4.355886264038161,66.0,55.8357731433788,-4.270556349194068,20,8.758,932
55.789202222184045,-4.355886264038161,66.0,55.90309627527835,-4.360750370095284,21,17.917,1666
55.789202222184045,-4.355886264038161,66.0,55.85652103589449,-4.101365743428073,22,25.4,1516
55.789202222184045,-4.355886264038161,66.0,55.783736419963375,-4.235306054793451,23,17.256,1005
55.789202222184045,-4.355886264038161,66.0,55.92064824587275,-4.2358362157531895,24,22.237,1546
55.789202222184045,-4.355886264038161,66.0,55.907674892744176,-4.2497703459088045,25,20.989,2591
55.789202222184045,-4.355886264038161,66.0,55.919604340921964,-4.226208116301384,26,22.161,1558
55.789202222184045,-4.355886264038161,66.0,55.83219148710444,-4.304581930326681,27,8.014,909
55.789202222184045,-4.355886264038161,66.0,55.79569701419853,-4.1769099124482585,28,24.248,1340
55.789202222184045,-4.355886264038161,66.0,55.81260197667657,-4.197841211154324,29,23.94,1466
55.789202222184045,-4.355886264038161,66.0,55.826092940761974,-4.176919409292903,30,18.934,1367
55.789202222184045,-4.355886264038161,66.0,55.828413149208096,-4.109650878166438,31,25.738,1557
55.789202222184045,-4.355886264038161,66.0,55.8999241737755,-4.257993823533507,32,18.195,1478
55.789202222184045,-4.355886264038161,66.0,55.892514250678616,-4.340118142906542,33,15.913,1443
55.789202222184045,-4.355886264038161,66.0,55.855241629670886,-4.269936069312288,34,14.228,1103
55.789202222184045,-4.355886264038161,66.0,55.877364911629314,-4.109701193625618,35,25.801,1616
55.789202222184045,-4.355886264038161,66.0,55.887053111734645,-4.1280531391159245,36,26.103,1583
55.789202222184045,-4.355886264038161,66.0,55.89108676863447,-4.105446803942431,37,27.836,1889
55.789202222184045,-4.355886264038161,66.0,55.842635153466425,-4.334387903339716,38,7.756,894
55.789202222184045,-4.355886264038161,66.0,55.89197542936556,-4.19614108945253,39,22.11,1416
55.789202222184045,-4.355886264038161,66.0,55.825849135803445,-4.321179033230789,40,7.993,830
55.789202222184045,-4.355886264038161,66.0,55.81864602215581,-4.375055705699034,41,5.375,521
55.789202222184045,-4.355886264038161,66.0,55.92613065482397,-4.212698358862173,42,22.623,1611
55.789202222184045,-4.355886264038161,66.0,55.874439929608144,-4.279689658904073,43,14.835,1145
55.789202222184045,-4.355886264038161,66.0,55.81998166828728,-4.245455535821837,44,10.388,1121
55.789202222184045,-4.355886264038161,66.0,55.91066980601156,-4.213502644426629,45,21.575,1561
55.789202222184045,-4.355886264038161,66.0,55.8404807486866,-4.356656090229781,46,7.218,808
55.789202222184045,-4.355886264038161,66.0,55.88708229912325,-4.079055837843032,47,31.069,1638
55.789202222184045,-4.355886264038161,66.0,55.84510555179576,-4.178720975321847,48,20.599,1382
55.789202222184045,-4.355886264038161,66.0,55.84413340760586,-4.085244529493477,49,27.766,2012
55.789202222184045,-4.355886264038161,66.0,55.83324217210475,-4.157183908594519,50,20.461,1380
55.789202222184045,-4.355886264038161,66.0,55.895753278756494,-4.323131413571223,51,15.67,1542
55.789202222184045,-4.355886264038161,66.0,55.88609925330935,-4.38354364327563,52,13.155,1181
55.789202222184045,-4.355886264038161,66.0,55.86596770908397,-4.338853955125049,53,11.884,1130
55.789202222184045,-4.355886264038161,66.0,55.819381988004544,-4.256567679373081,54,9.518,1014
55.789202222184045,-4.355886264038161,66.0,55.919398785577634,-4.298102785445152,55,22.022,2171
55.789202222184045,-4.355886264038161,66.0,55.81052481551728,-4.0780884232687225,56,28.537,2704
55.789202222184045,-4.355886264038161,66.0,55.8411814367945,-4.125490362928665,57,23.819,1453
55.789202222184045,-4.355886264038161,66.0,55.844855881791794,-4.151320272286683,58,21.451,1433
55.789202222184045,-4.355886264038161,66.0,55.79334532620707,-4.3052187624925375,59,9.405,759
55.789202222184045,-4.355886264038161,66.0,55.78499644933002,-4.082518262203789,60,26.915,1456
55.789202222184045,-4.355886264038161,66.0,55.86482365717543,-4.074666870071637,61,27.666,1733
55.789202222184045,-4.355886264038161,66.0,55.910543969585106,-4.384534109666136,62,26.332,1694
55.789202222184045,-4.355886264038161,66.0,55.799715679086134,-4.188568421733812,63,21.714,1465
55.789202222184045,-4.355886264038161,66.0,55.90005630083831,-4.294022887833187,64,18.203,1452
55.789202222184045,-4.355886264038161,66.0,55.82573931186619,-4.210157383495828,65,18.461,1249
55.789202222184045,-4.355886264038161,66.0,55.88010014610652,-4.288014027401103,66,16.924,1421
55.789202222184045,-4.355886264038161,66.0,55.8836463272421,-4.377148406451105,67,12.925,1258
55.789202222184045,-4.355886264038161,66.0,55.80511293548626,-4.195982430231648,68,23.197,1415
55.789202222184045,-4.355886264038161,66.0,55.9265186267864,-4.256321117900257,69,21.56,1585
55.789202222184045,-4.355886264038161,66.0,55.90353118048908,-4.119171950823842,70,26.999,1825
55.789202222184045,-4.355886264038161,66.0,55.81502357146685,-4.260984914919316,71,9.163,997
55.789202222184045,-4.355886264038161,66.0,55.894355058439295,-4.293143876300353,72,17.493,1400
55.789202222184045,-4.355886264038161,66.0,55.80246488546192,-4.242274834364847,73,19.622,1193
55.789202222184045,-4.355886264038161,66.0,55.887581813102464,-4.2985753032369685,74,17.105,1396
55.789202222184045,-4.355886264038161,66.0,55.928290955083554,-4.295962301582311,75,22.444,1585
55.789202222184045,-4.355886264038161,66.0,55.81096058143004,-4.368797105646974,76,5.285,552
55.789202222184045,-4.355886264038161,66.0,55.84818750128869,-4.3631808239548375,77,8.972,923
55.789202222184045,-4.355886264038161,66.0,55.81610352786554,-4.330910795148831,78,4.539,596
55.789202222184045,-4.355886264038161,66.0,55.807034270653475,-4.136077366584948,79,26.4,1449
55.789202222184045,-4.355886264038161,66.0,55.86778114631985,-4.233612892312959,80,16.686,1228
55.789202222184045,-4.355886264038161,66.0,55.79578956690847,-4.368290459919509,81,3.216,1413
55.789202222184045,-4.355886264038161,66.0,55.897877306124535,-4.077031107370425,82,29.627,2356
55.789202222184045,-4.355886264038161,66.0,55.80721289582252,-4.242612882195534,83,19.999,1220
55.789202222184045,-4.355886264038161,66.0,55.92209393969709,-4.157940141970138,84,26.77,1622
55.789202222184045,-4.355886264038161,66.0,55.79188265083702,-4.28147512844989,85,7.179,797
55.789202222184045,-4.355886264038161,66.0,55.88043814367632,-4.104360473798184,86,25.613,1576
55.789202222184045,-4.355886264038161,66.0,55.90345994988174,-4.293652184560058,87,18.672,1498
55.789202222184045,-4.355886264038161,66.0,55.91230525016259,-4.108196424937476,88,28.267,1770
55.789202222184045,-4.355886264038161,66.0,55.90569137930351,-4.3852429216612405,89,26.575,1732
55.789202222184045,-4.355886264038161,66.0,55.824402119970216,-4.298242138123909,90,6.823,798
55.789202222184045,-4.355886264038161,66.0,55.887104625653905,-4.201059285828647,91,19.822,1566
55.789202222184045,-4.355886264038161,66.0,55.92006797200308,-4.195257422106852,92,23.469,1588
55.789202222184045,-4.355886264038161,66.0,55.7944551107823,-4.1683749063061635,93,24.395,1773
55.789202222184045,-4.355886264038161,66.0,55.88003873447475,-4.304350182381346,94,16.664,1301
55.789202222184045,-4.355886264038161,66.0,55.88308048053683,-4.2942103285768285,95,16.264,1276
55.789202222184045,-4.355886264038161,66.0,55.80779271908626,-4.3234306371549245,96,4.805,638
55.789202222184045,-4.355886264038161,66.0,55.90123467399992,-4.380968632189907,97,27.773,1945
55.789202222184045,-4.355886264038161,66.0,55.88049231589054,-4.293733205570284,98,16.166,1266
55.789202222184045,-4.355886264038161,66.0,55.84697147961761,-4.334108806216461,99,9.737,1018
55.789202222184045,-4.355886264038161,66.0,55.83067141211495,-4.195633651932574,100,17.744,1246
55.789202222184045,-4.355886264038161,66.0,55.89350845984679,-4.099445363541155,101,27.651,1721
55.789202222184045,-4.355886264038161,66.0,55.92592408664018,-4.179171340754611,102,28.111,1706
55.789202222184045,-4.355886264038161,66.0,55.84941827409408,-4.169566750359822,103,21.304,1448
55.789202222184045,-4.355886264038161,66.0,55.92413375575165,-4.226670311636797,104,23.838,2353
55.789202222184045,-4.355886264038161,66.0,55.88995713457192,-4.285031242761631,105,16.433,1303
55.789202222184045,-4.355886264038161,66.0,55.90528066541109,-4.131569818675147,106,24.449,1470
55.789202222184045,-4.355886264038161,66.0,55.87850608392288,-4.103517886631066,107,25.944,1609
55.789202222184045,-4.355886264038161,66.0,55.80799405798939,-4.284953473560454,108,7.815,926
55.789202222184045,-4.355886264038161,66.0,55.906815669822045,-4.385279074380807,109,26.356,1686
55.789202222184045,-4.355886264038161,66.0,55.916237634416454,-4.222407816066865,110,22.076,1546
55.789202222184045,-4.355886264038161,66.0,55.915798955837815,-4.088621086891774,111,31.351,1801
55.789202222184045,-4.355886264038161,66.0,55.827538479175395,-4.350653065976025,112,6.371,709
55.789202222184045,-4.355886264038161,66.0,55.799515288981674,-4.0866627646338864,113,27.682,1600
55.789202222184045,-4.355886264038161,66.0,55.831024245961984,-4.244756518165482,114,15.21,1150
55.789202222184045,-4.355886264038161,66.0,55.86754360554833,-4.2143078261423845,115,18.026,1343
55.789202222184045,-4.355886264038161,66.0,55.8574985965699,-4.1521224561179935,116,22.607,1559
55.789202222184045,-4.355886264038161,66.0,55.88095643501817,-4.32811659177277,117,13.726,1258
55.789202222184045,-4.355886264038161,66.0,55.85240433608213,-4.177570445500026,118,21.468,1499
55.789202222184045,-4.355886264038161,66.0,55.91169549549074,-4.359708873069638,119,22.589,1782
55.789202222184045,-4.355886264038161,66.0,55.92640787519779,-4.300990956079843,120,22.892,1634
55.789202222184045,-4.355886264038161,66.0,55.84019197366069,-4.205566157974415,121,19.064,1397
55.789202222184045,-4.355886264038161,66.0,55.866619942939494,-4.268153778778456,122,14.988,1267
55.789202222184045,-4.355886264038161,66.0,55.81327411986783,-4.2587495402872255,123,9.842,1068
55.789202222184045,-4.355886264038161,66.0,55.86022660117776,-4.154711133590585,124,22.527,1487
55.789202222184045,-4.355886264038161,66.0,55.831522729053496,-4.370420634377527,125,6.505,770
55.789202222184045,-4.355886264038161,66.0,55.84074346341779,-4.172411658039648,126,19.672,1302
55.789202222184045,-4.355886264038161,66.0,55.8801412435821,-4.258666277618953,127,16.032,1294
55.789202222184045,-4.355886264038161,66.0,55.8434159429892,-4.1056733307349536,128,24.075,1481
55.789202222184045,-4.355886264038161,66.0,55.83522057783537,-4.25736952395694,129,9.687,1099
55.789202222184045,-4.355886264038161,66.0,55.86467774065618,-4.2250953414252415,130,16.81,1180
55.789202222184045,-4.355886264038161,66.0,55.8953662249987,-4.231143624453162,131,19.263,1358
55.789202222184045,-4.355886264038161,66.0,55.81920459649808,-4.236238450921302,132,10.972,1172
55.789202222184045,-4.355886264038161,66.0,55.900795402502105,-4.206009410292495,133,21.43,1553
55.789202222184045,-4.355886264038161,66.0,55.86078490474355,-4.339631469507248,134,11.558,1216
55.789202222184045,-4.355886264038161,66.0,55.924999437053955,-4.191173279124663,135,23.72,1598
55.789202222184045,-4.355886264038161,66.0,55.81549096669224,-4.126910343137958,136,27.457,1538
55.789202222184045,-4.355886264038161,66.0,55.90135585493081,-4.207622057499793,137,21.429,1530
55.789202222184045,-4.355886264038161,66.0,55.845816555475636,-4.129576488296543,138,22.824,1523
55.789202222184045,-4.355886264038161,66.0,55.80470047644827,-4.291960781118721,139,7.373,883
55.789202222184045,-4.355886264038161,66.0,55.89185394491289,-4.179857587296262,140,21.014,1341
55.789202222184045,-4.355886264038161,66.0,55.91859399996558,-4.3401659608951215,141,21.455,1633
55.789202222184045,-4.355886264038161,66.0,55.90671476836246,-4.3642865107142725,142,18.669,1722
55.789202222184045,-4.355886264038161,66.0,55.81273399651921,-4.167613047894911,143,24.016,1447
55.789202222184045,-4.355886264038161,66.0,55.80939871413575,-4.276056954355674,144,8.478,922
55.789202222184045,-4.355886264038161,66.0,55.88312869327199,-4.214542892826467,145,18.834,1384
55.789202222184045,-4.355886264038161,66.0,55.815340374954424,-4.283514492524949,146,7.472,807
55.789202222184045,-4.355886264038161,66.0,55.87864379034378,-4.080636908866371,147,32.049,1672
55.789202222184045,-4.355886264038161,66.0,55.89423440492952,-4.2418874418647645,148,19.826,1442
55.789202222184045,-4.355886264038161,66.0,55.92796852989922,-4.305970400193036,149,23.02,1657
55.789202222184045,-4.355886264038161,66.0,55.92895153496988,-4.082888064137351,150,31.721,1750
55.789202222184045,-4.355886264038161,66.0,55.790766759429424,-4.135285962371055,151,24.207,1344
55.789202222184045,-4.355886264038161,66.0,55.80808041573422,-4.184105792933229,152,22.813,1351
55.789202222184045,-4.355886264038161,66.0,55.7982747224006,-4.3931924101572655,153,4.539,472
55.789202222184045,-4.355886264038161,66.0,55.81178474630603,-4.337962602706185,154,3.472,497
55.789202222184045,-4.355886264038161,66.0,55.852972007756,-4.353957895039277,155,9.185,1035
55.789202222184045,-4.355886264038161,66.0,55.797152036890715,-4.311451416173846,156,5.213,670
55.789202222184045,-4.355886264038161,66.0,55.84839482833289,-4.1889265673730645,157,21.25,1417
55.789202222184045,-4.355886264038161,66.0,55.86383954752864,-4.387927326091926,158,12.244,1060
55.789202222184045,-4.355886264038161,66.0,55.807182357875575,-4.140487806234959,159,26.611,1447
55.789202222184045,-4.355886264038161,66.0,55.8296607577131,-4.218765551358871,160,16.63,1306
55.789202222184045,-4.355886264038161,66.0,55.82699494590622,-4.295404959002084,161,7.395,796
55.789202222184045,-4.355886264038161,66.0,55.861248665443505,-4.307186036515638,162,11.142,1067
55.789202222184045,-4.355886264038161,66.0,55.897857165570365,-4.156645648865112,163,22.49,1378
55.789202222184045,-4.355886264038161,66.0,55.877747555317356,-4.342792329217214,164,14.316,1355
55.789202222184045,-4.355886264038161,66.0,55.92259641850896,-4.389236283866068,165,25.233,1692
55.789202222184045,-4.355886264038161,66.0,55.92621339590465,-4.2820478996479165,166,21.344,1534
55.789202222184045,-4.355886264038161,66.0,55.80660612206145,-4.094012410496262,167,28.122,1769
55.789202222184045,-4.355886264038161,66.0,55.84605439624201,-4.09192094471571,168,26.827,1493
55.789202222184045,-4.355886264038161,66.0,55.83961965364386,-4.1201104741133365,169,23.426,1380
55.789202222184045,-4.355886264038161,66.0,55.85030951683019,-4.217608837338132,170,16.718,1348
55.789202222184045,-4.355886264038161,66.0,55.85971342373431,-4.246748195156407,171,17.179,1278
55.789202222184045,-4.355886264038161,66.0,55.815747728441636,-4.150792968910081,172,20.715,1490
55.789202222184045,-4.355886264038161,66.0,55.80041195127493,-4.3806303679601495,173,3.216,361
55.789202222184045,-4.355886264038161,66.0,55.85487415463933,-4.092829020720908,174,26.637,1494
55.789202222184045,-4.355886264038161,66.0,55.80456076444065,-4.203157873727267,175,23.688,1435
55.789202222184045,-4.355886264038161,66.0,55.84723005082115,-4.330151260440624,176,9.927,999
55.789202222184045,-4.355886264038161,66.0,55.88775631668876,-4.123428423568879,177,26.238,1589
55.789202222184045,-4.355886264038161,66.0,55.82857385936083,-4.129579652409029,178,29.53,1712
55.789202222184045,-4.355886264038161,66.0,55.879865395443076,-4.36272007519476,179,15.208,1397
55.789202222184045,-4.355886264038161,66.0,55.87973669437185,-4.215636550296907,180,18.121,1396
55.789202222184045,-4.355886264038161,66.0,55.8162521393249,-4.1868605517933455,181,24.195,1471
55.789202222184045,-4.355886264038161,66.0,55.80755514535402,-4.201625161718038,182,23.441,1402
55.789202222184045,-4.355886264038161,66.0,55.85565398843102,-4.250533808562208,183,13.677,1198
55.789202222184045,-4.355886264038161,66.0,55.929636326069506,-4.381100658166308,184,26.219,1714
55.789202222184045,-4.355886264038161,66.0,55.879581066995904,-4.21986165885879,185,17.762,1376
55.789202222184045,-4.355886264038161,66.0,55.92647877645629,-4.127886630011083,186,27.852,1708
55.789202222184045,-4.355886264038161,66.0,55.82282427264178,-4.371094162561755,187,5.641,693
55.789202222184045,-4.355886264038161,66.0,55.90291353127043,-4.3414180899754955,188,16.715,1600
55.789202222184045,-4.355886264038161,66.0,55.78437024600116,-4.156926419796477,189,22.893,1337
55.789202222184045,-4.355886264038161,66.0,55.8321542449311,-4.1561720476648265,190,20.501,1393
55.789202222184045,-4.355886264038161,66.0,55.88310705812362,-4.084862107847263,191,29.21,1554
55.789202222184045,-4.355886264038161,66.0,55.85616333886266,-4.110333739241922,192,25.438,1537
55.789202222184045,-4.355886264038161,66.0,55.90185178498145,-4.152652007721208,193,26.399,2002
55.789202222184045,-4.355886264038161,66.0,55.8837118458465,-4.182392741162416,194,22.678,2350
55.789202222184045,-4.355886264038161,66.0,55.83086049774818,-4.312434105301623,195,7.598,812
55.789202222184045,-4.355886264038161,66.0,55.821849459706755,-4.176208567338996,196,19.345,1364
55.789202222184045,-4.355886264038161,66.0,55.88009750494633,-4.255964552703097,197,15.718,1272
55.789202222184045,-4.355886264038161,66.0,55.87413911675089,-4.369807111055967,198,11.266,1077
55.789202222184045,-4.355886264038161,66.0,55.86354071984154,-4.093406384811447,199,26.054,1591
55.8840084934586,-4.363012443309881,67.0,55.8391698042901,-4.214478482526657,0,15.292,1001
55.8840084934586,-4.363012443309881,67.0,55.86553667472969,-4.350500876963486,1,6.132,599
55.8840084934586,-4.363012443309881,67.0,55.912892829643965,-4.286410947894997,2,10.922,1821
55.8840084934586,-4.363012443309881,67.0,55.84854019346565,-4.391697428307927,3,10.217,952
55.8840084934586,-4.363012443309881,67.0,55.79232875093524,-4.310455024670266,4,18.406,1132
55.8840084934586,-4.363012443309881,67.0,55.837143362020576,-4.120043492886959,5,18.991,1013
55.8840084934586,-4.363012443309881,67.0,55.84185129809378,-4.283879851305767,6,13.086,882
55.8840084934586,-4.363012443309881,67.0,55.90609664927746,-4.311383718964596,7,6.234,687
55.8840084934586,-4.363012443309881,67.0,55.7832172019226,-4.31249791159531,8,19.994,1190
55.8840084934586,-4.363012443309881,67.0,55.8177258987159,-4.260489243356555,9,13.963,1063
55.8840084934586,-4.363012443309881,67.0,55.903262790870684,-4.212111703691823,10,15.44,1134
55.8840084934586,-4.363012443309881,67.0,55.893978813107424,-4.1413270988368325,11,17.18,1141
55.8840084934586,-4.363012443309881,67.0,55.894884622950286,-4.154349650804189,12,19.565,1040
55.8840084934586,-4.363012443309881,67.0,55.80680963785043,-4.263605759417426,13,15.728,1287
55.8840084934586,-4.363012443309881,67.0,55.81824312166051,-4.346878846315483,14,15.569,1046
55.8840084934586,-4.363012443309881,67.0,55.84742656229786,-4.269221405976544,15,9.562,769
55.8840084934586,-4.363012443309881,67.0,55.80730424868546,-4.315177272898423,16,15.275,1031
55.8840084934586,-4.363012443309881,67.0,55.83798278877758,-4.260604018644594,17,10.344,880
55.8840084934586,-4.363012443309881,67.0,55.89424631095569,-4.343398240721316,18,2.396,300
55.8840084934586,-4.363012443309881,67.0,55.83908093533876,-4.223069302141199,19,12.883,1032
55.8840084934586,-4.363012443309881,67.0,55.8357731433788,-4.270556349194068,20,10.366,781
55.8840084934586,-4.363012443309881,67.0,55.90309627527835,-4.360750370095284,21,4.164,492
55.8840084934586,-4.363012443309881,67.0,55.85652103589449,-4.101365743428073,22,19.728,1084
55.8840084934586,-4.363012443309881,67.0,55.783736419963375,-4.235306054793451,23,18.023,1354
55.8840084934586,-4.363012443309881,67.0,55.92064824587275,-4.2358362157531895,24,13.274,972
55.8840084934586,-4.363012443309881,67.0,55.907674892744176,-4.2497703459088045,25,15.317,2160
55.8840084934586,-4.363012443309881,67.0,55.919604340921964,-4.226208116301384,26,15.702,1174
55.8840084934586,-4.363012443309881,67.0,55.83219148710444,-4.304581930326681,27,14.447,1073
55.8840084934586,-4.363012443309881,67.0,55.79569701419853,-4.1769099124482585,28,19.707,1286
55.8840084934586,-4.363012443309881,67.0,55.81260197667657,-4.197841211154324,29,17.118,1153
55.8840084934586,-4.363012443309881,67.0,55.826092940761974,-4.176919409292903,30,15.648,1086
55.8840084934586,-4.363012443309881,67.0,55.828413149208096,-4.109650878166438,31,22.452,1276
55.8840084934586,-4.363012443309881,67.0,55.8999241737755,-4.257993823533507,32,10.301,993
55.8840084934586,-4.363012443309881,67.0,55.892514250678616,-4.340118142906542,33,2.288,299
55.8840084934586,-4.363012443309881,67.0,55.855241629670886,-4.269936069312288,34,7.406,510
55.8840084934586,-4.363012443309881,67.0,55.877364911629314,-4.109701193625618,35,20.129,1185
55.8840084934586,-4.363012443309881,67.0,55.887053111734645,-4.1280531391159245,36,20.431,1151
55.8840084934586,-4.363012443309881,67.0,55.89108676863447,-4.105446803942431,37,22.164,1457
55.8840084934586,-4.363012443309881,67.0,55.842635153466425,-4.334387903339716,38,7.995,755
55.8840084934586,-4.363012443309881,67.0,55.89197542936556,-4.19614108945253,39,16.438,985
55.8840084934586,-4.363012443309881,67.0,55.825849135803445,-4.321179033230789,40,12.625,973
55.8840084934586,-4.363012443309881,67.0,55.81864602215581,-4.375055705699034,41,11.997,1038
55.8840084934586,-4.363012443309881,67.0,55.92613065482397,-4.212698358862173,42,16.33,1245
55.8840084934586,-4.363012443309881,67.0,55.874439929608144,-4.279689658904073,43,9.163,713
55.8840084934586,-4.363012443309881,67.0,55.81998166828728,-4.245455535821837,44,13.443,968
55.8840084934586,-4.363012443309881,67.0,55.91066980601156,-4.213502644426629,45,15.402,1203
55.8840084934586,-4.363012443309881,67.0,55.8404807486866,-4.356656090229781,46,10.306,926
55.8840084934586,-4.363012443309881,67.0,55.88708229912325,-4.079055837843032,47,22.973,1317
55.8840084934586,-4.363012443309881,67.0,55.84510555179576,-4.178720975321847,48,17.313,1101
55.8840084934586,-4.363012443309881,67.0,55.84413340760586,-4.085244529493477,49,24.227,1617
55.8840084934586,-4.363012443309881,67.0,55.83324217210475,-4.157183908594519,50,17.175,1098
55.8840084934586,-4.363012443309881,67.0,55.895753278756494,-4.323131413571223,51,3.691,558
55.8840084934586,-4.363012443309881,67.0,55.88609925330935,-4.38354364327563,52,10.997,783
55.8840084934586,-4.363012443309881,67.0,55.86596770908397,-4.338853955125049,53,5.263,523
55.8840084934586,-4.363012443309881,67.0,55.819381988004544,-4.256567679373081,54,14.872,1118
55.8840084934586,-4.363012443309881,67.0,55.919398785577634,-4.298102785445152,55,11.198,1501
55.8840084934586,-4.363012443309881,67.0,55.81052481551728,-4.0780884232687225,56,25.251,2423
55.8840084934586,-4.363012443309881,67.0,55.8411814367945,-4.125490362928665,57,20.533,1171
55.8840084934586,-4.363012443309881,67.0,55.844855881791794,-4.151320272286683,58,18.165,1152
55.8840084934586,-4.363012443309881,67.0,55.79334532620707,-4.3052187624925375,59,18.737,1138
55.8840084934586,-4.363012443309881,67.0,55.78499644933002,-4.082518262203789,60,28.974,1422
55.8840084934586,-4.363012443309881,67.0,55.86482365717543,-4.074666870071637,61,21.994,1301
55.8840084934586,-4.363012443309881,67.0,55.910543969585106,-4.384534109666136,62,4.238,437
55.8840084934586,-4.363012443309881,67.0,55.799715679086134,-4.188568421733812,63,19.689,1444
55.8840084934586,-4.363012443309881,67.0,55.90005630083831,-4.294022887833187,64,6.125,763
55.8840084934586,-4.363012443309881,67.0,55.82573931186619,-4.210157383495828,65,15.175,967
55.8840084934586,-4.363012443309881,67.0,55.88010014610652,-4.288014027401103,66,5.895,831
55.8840084934586,-4.363012443309881,67.0,55.8836463272421,-4.377148406451105,67,10.767,860
55.8840084934586,-4.363012443309881,67.0,55.80511293548626,-4.195982430231648,68,18.098,1227
55.8840084934586,-4.363012443309881,67.0,55.9265186267864,-4.256321117900257,69,12.172,959
55.8840084934586,-4.363012443309881,67.0,55.90353118048908,-4.119171950823842,70,21.327,1393
55.8840084934586,-4.363012443309881,67.0,55.81502357146685,-4.260984914919316,71,14.32,1097
55.8840084934586,-4.363012443309881,67.0,55.894355058439295,-4.293143876300353,72,5.974,768
55.8840084934586,-4.363012443309881,67.0,55.80246488546192,-4.242274834364847,73,15.584,1194
55.8840084934586,-4.363012443309881,67.0,55.887581813102464,-4.2985753032369685,74,5.26,727
55.8840084934586,-4.363012443309881,67.0,55.928290955083554,-4.295962301582311,75,8.051,766
55.8840084934586,-4.363012443309881,67.0,55.81096058143004,-4.368797105646974,76,18.255,1137
55.8840084934586,-4.363012443309881,67.0,55.84818750128869,-4.3631808239548375,77,10.47,762
55.8840084934586,-4.363012443309881,67.0,55.81610352786554,-4.330910795148831,78,14.594,886
55.8840084934586,-4.363012443309881,67.0,55.807034270653475,-4.136077366584948,79,18.882,1336
55.8840084934586,-4.363012443309881,67.0,55.86778114631985,-4.233612892312959,80,11.014,796
55.8840084934586,-4.363012443309881,67.0,55.79578956690847,-4.368290459919509,81,23.339,2331
55.8840084934586,-4.363012443309881,67.0,55.897877306124535,-4.077031107370425,82,23.955,1924
55.8840084934586,-4.363012443309881,67.0,55.80721289582252,-4.242612882195534,83,14.807,1145
55.8840084934586,-4.363012443309881,67.0,55.92209393969709,-4.157940141970138,84,21.098,1191
55.8840084934586,-4.363012443309881,67.0,55.79188265083702,-4.28147512844989,85,19.599,1193
55.8840084934586,-4.363012443309881,67.0,55.88043814367632,-4.104360473798184,86,19.941,1145
55.8840084934586,-4.363012443309881,67.0,55.90345994988174,-4.293652184560058,87,6.535,808
55.8840084934586,-4.363012443309881,67.0,55.91230525016259,-4.108196424937476,88,22.595,1338
55.8840084934586,-4.363012443309881,67.0,55.90569137930351,-4.3852429216612405,89,4.273,460
55.8840084934586,-4.363012443309881,67.0,55.824402119970216,-4.298242138123909,90,13.061,894
55.8840084934586,-4.363012443309881,67.0,55.887104625653905,-4.201059285828647,91,14.15,1134
55.8840084934586,-4.363012443309881,67.0,55.92006797200308,-4.195257422106852,92,15.772,1177
55.8840084934586,-4.363012443309881,67.0,55.7944551107823,-4.1683749063061635,93,19.837,1720
55.8840084934586,-4.363012443309881,67.0,55.88003873447475,-4.304350182381346,94,4.777,653
55.8840084934586,-4.363012443309881,67.0,55.88308048053683,-4.2942103285768285,95,5.235,672
55.8840084934586,-4.363012443309881,67.0,55.80779271908626,-4.3234306371549245,96,15.865,1019
55.8840084934586,-4.363012443309881,67.0,55.90123467399992,-4.380968632189907,97,5.064,602
55.8840084934586,-4.363012443309881,67.0,55.88049231589054,-4.293733205570284,98,5.137,662
55.8840084934586,-4.363012443309881,67.0,55.84697147961761,-4.334108806216461,99,7.585,689
55.8840084934586,-4.363012443309881,67.0,55.83067141211495,-4.195633651932574,100,14.458,964
55.8840084934586,-4.363012443309881,67.0,55.89350845984679,-4.099445363541155,101,21.979,1289
55.8840084934586,-4.363012443309881,67.0,55.92592408664018,-4.179171340754611,102,17.943,1321
55.8840084934586,-4.363012443309881,67.0,55.84941827409408,-4.169566750359822,103,18.018,1167
55.8840084934586,-4.363012443309881,67.0,55.92413375575165,-4.226670311636797,104,17.545,1987
55.8840084934586,-4.363012443309881,67.0,55.88995713457192,-4.285031242761631,105,6.132,769
55.8840084934586,-4.363012443309881,67.0,55.90528066541109,-4.131569818675147,106,18.777,1038
55.8840084934586,-4.363012443309881,67.0,55.87850608392288,-4.103517886631066,107,20.272,1178
55.8840084934586,-4.363012443309881,67.0,55.80799405798939,-4.284953473560454,108,14.364,1148
55.8840084934586,-4.363012443309881,67.0,55.906815669822045,-4.385279074380807,109,3.584,375
55.8840084934586,-4.363012443309881,67.0,55.916237634416454,-4.222407816066865,110,15.454,1157
55.8840084934586,-4.363012443309881,67.0,55.915798955837815,-4.088621086891774,111,25.679,1369
55.8840084934586,-4.363012443309881,67.0,55.827538479175395,-4.350653065976025,112,14.938,977
55.8840084934586,-4.363012443309881,67.0,55.799515288981674,-4.0866627646338864,113,29.344,1535
55.8840084934586,-4.363012443309881,67.0,55.831024245961984,-4.244756518165482,114,11.924,869
55.8840084934586,-4.363012443309881,67.0,55.86754360554833,-4.2143078261423845,115,12.354,912
55.8840084934586,-4.363012443309881,67.0,55.8574985965699,-4.1521224561179935,116,17.638,1128
55.8840084934586,-4.363012443309881,67.0,55.88095643501817,-4.32811659177277,117,3.393,368
55.8840084934586,-4.363012443309881,67.0,55.85240433608213,-4.177570445500026,118,15.076,1099
55.8840084934586,-4.363012443309881,67.0,55.91169549549074,-4.359708873069638,119,4.869,608
55.8840084934586,-4.363012443309881,67.0,55.92640787519779,-4.300990956079843,120,7.859,787
55.8840084934586,-4.363012443309881,67.0,55.84019197366069,-4.205566157974415,121,15.778,1116
55.8840084934586,-4.363012443309881,67.0,55.866619942939494,-4.268153778778456,122,8.498,785
55.8840084934586,-4.363012443309881,67.0,55.81327411986783,-4.2587495402872255,123,14.299,1107
55.8840084934586,-4.363012443309881,67.0,55.86022660117776,-4.154711133590585,124,16.855,1055
55.8840084934586,-4.363012443309881,67.0,55.831522729053496,-4.370420634377527,125,10.311,932
55.8840084934586,-4.363012443309881,67.0,55.84074346341779,-4.172411658039648,126,16.386,1021
55.8840084934586,-4.363012443309881,67.0,55.8801412435821,-4.258666277618953,127,10.36,862
55.8840084934586,-4.363012443309881,67.0,55.8434159429892,-4.1056733307349536,128,20.789,1200
55.8840084934586,-4.363012443309881,67.0,55.83522057783537,-4.25736952395694,129,10.983,907
55.8840084934586,-4.363012443309881,67.0,55.86467774065618,-4.2250953414252415,130,11.138,748
55.8840084934586,-4.363012443309881,67.0,55.8953662249987,-4.231143624453162,131,13.591,926
55.8840084934586,-4.363012443309881,67.0,55.81920459649808,-4.236238450921302,132,14.027,1018
55.8840084934586,-4.363012443309881,67.0,55.900795402502105,-4.206009410292495,133,15.758,1121
55.8840084934586,-4.363012443309881,67.0,55.86078490474355,-4.339631469507248,134,5.798,617
55.8840084934586,-4.363012443309881,67.0,55.924999437053955,-4.191173279124663,135,16.023,1186
55.8840084934586,-4.363012443309881,67.0,55.81549096669224,-4.126910343137958,136,19.873,1383
55.8840084934586,-4.363012443309881,67.0,55.90135585493081,-4.207622057499793,137,15.757,1098
55.8840084934586,-4.363012443309881,67.0,55.845816555475636,-4.129576488296543,138,19.538,1242
55.8840084934586,-4.363012443309881,67.0,55.80470047644827,-4.291960781118721,139,14.391,1126
55.8840084934586,-4.363012443309881,67.0,55.89185394491289,-4.179857587296262,140,15.342,909
55.8840084934586,-4.363012443309881,67.0,55.91859399996558,-4.3401659608951215,141,6.789,724
55.8840084934586,-4.363012443309881,67.0,55.90671476836246,-4.3642865107142725,142,4.109,450
55.8840084934586,-4.363012443309881,67.0,55.81273399651921,-4.167613047894911,143,16.931,1147
55.8840084934586,-4.363012443309881,67.0,55.80939871413575,-4.276056954355674,144,14.272,1112
55.8840084934586,-4.363012443309881,67.0,55.88312869327199,-4.214542892826467,145,13.162,953
55.8840084934586,-4.363012443309881,67.0,55.815340374954424,-4.283514492524949,146,13.266,998
55.8840084934586,-4.363012443309881,67.0,55.87864379034378,-4.080636908866371,147,23.953,1352
55.8840084934586,-4.363012443309881,67.0,55.89423440492952,-4.2418874418647645,148,14.154,1010
55.8840084934586,-4.363012443309881,67.0,55.92796852989922,-4.305970400193036,149,7.987,810
55.8840084934586,-4.363012443309881,67.0,55.92895153496988,-4.082888064137351,150,26.049,1319
55.8840084934586,-4.363012443309881,67.0,55.790766759429424,-4.135285962371055,151,22.262,1361
55.8840084934586,-4.363012443309881,67.0,55.80808041573422,-4.184105792933229,152,17.892,1159
55.8840084934586,-4.363012443309881,67.0,55.7982747224006,-4.3931924101572655,153,14.462,1214
55.8840084934586,-4.363012443309881,67.0,55.81178474630603,-4.337962602706185,154,15.661,992
55.8840084934586,-4.363012443309881,67.0,55.852972007756,-4.353957895039277,155,7.119,717
55.8840084934586,-4.363012443309881,67.0,55.797152036890715,-4.311451416173846,156,17.633,1066
55.8840084934586,-4.363012443309881,67.0,55.84839482833289,-4.1889265673730645,157,17.964,1135
55.8840084934586,-4.363012443309881,67.0,55.86383954752864,-4.387927326091926,158,13.106,789
55.8840084934586,-4.363012443309881,67.0,55.807182357875575,-4.140487806234959,159,18.559,1311
55.8840084934586,-4.363012443309881,67.0,55.8296607577131,-4.218765551358871,160,13.344,1025
55.8840084934586,-4.363012443309881,67.0,55.82699494590622,-4.295404959002084,161,13.097,870
55.8840084934586,-4.363012443309881,67.0,55.861248665443505,-4.307186036515638,162,5.939,589
55.8840084934586,-4.363012443309881,67.0,55.897857165570365,-4.156645648865112,163,16.818,946
55.8840084934586,-4.363012443309881,67.0,55.877747555317356,-4.342792329217214,164,1.726,254
55.8840084934586,-4.363012443309881,67.0,55.92259641850896,-4.389236283866068,165,8.061,668
55.8840084934586,-4.363012443309881,67.0,55.92621339590465,-4.2820478996479165,166,9.218,811
55.8840084934586,-4.363012443309881,67.0,55.80660612206145,-4.094012410496262,167,24.836,1488
55.8840084934586,-4.363012443309881,67.0,55.84605439624201,-4.09192094471571,168,21.155,1061
55.8840084934586,-4.363012443309881,67.0,55.83961965364386,-4.1201104741133365,169,20.14,1098
55.8840084934586,-4.363012443309881,67.0,55.85030951683019,-4.217608837338132,170,13.57,1033
55.8840084934586,-4.363012443309881,67.0,55.85971342373431,-4.246748195156407,171,11.507,847
55.8840084934586,-4.363012443309881,67.0,55.815747728441636,-4.150792968910081,172,17.429,1208
55.8840084934586,-4.363012443309881,67.0,55.80041195127493,-4.3806303679601495,173,13.878,1167
55.8840084934586,-4.363012443309881,67.0,55.85487415463933,-4.092829020720908,174,20.965,1062
55.8840084934586,-4.363012443309881,67.0,55.80456076444065,-4.203157873727267,175,18.117,1229
55.8840084934586,-4.363012443309881,67.0,55.84723005082115,-4.330151260440624,176,7.775,669
55.8840084934586,-4.363012443309881,67.0,55.88775631668876,-4.123428423568879,177,20.566,1157
55.8840084934586,-4.363012443309881,67.0,55.82857385936083,-4.129579652409029,178,19.951,1396
55.8840084934586,-4.363012443309881,67.0,55.879865395443076,-4.36272007519476,179,0.537,109
55.8840084934586,-4.363012443309881,67.0,55.87973669437185,-4.215636550296907,180,12.449,964
55.8840084934586,-4.363012443309881,67.0,55.8162521393249,-4.1868605517933455,181,16.311,1118
55.8840084934586,-4.363012443309881,67.0,55.80755514535402,-4.201625161718038,182,17.87,1196
55.8840084934586,-4.363012443309881,67.0,55.85565398843102,-4.250533808562208,183,8.543,771
55.8840084934586,-4.363012443309881,67.0,55.929636326069506,-4.381100658166308,184,7.123,628
55.8840084934586,-4.363012443309881,67.0,55.879581066995904,-4.21986165885879,185,12.09,945
55.8840084934586,-4.363012443309881,67.0,55.92647877645629,-4.127886630011083,186,22.18,1277
55.8840084934586,-4.363012443309881,67.0,55.82282427264178,-4.371094162561755,187,11.299,1019
55.8840084934586,-4.363012443309881,67.0,55.90291353127043,-4.3414180899754955,188,3.23,483
55.8840084934586,-4.363012443309881,67.0,55.78437024600116,-4.156926419796477,189,21.606,1376
55.8840084934586,-4.363012443309881,67.0,55.8321542449311,-4.1561720476648265,190,17.215,1112
55.8840084934586,-4.363012443309881,67.0,55.88310705812362,-4.084862107847263,191,25.219,1224
55.8840084934586,-4.363012443309881,67.0,55.85616333886266,-4.110333739241922,192,19.766,1106
55.8840084934586,-4.363012443309881,67.0,55.90185178498145,-4.152652007721208,193,20.727,1570
55.8840084934586,-4.363012443309881,67.0,55.8837118458465,-4.182392741162416,194,17.006,1918
55.8840084934586,-4.363012443309881,67.0,55.83086049774818,-4.312434105301623,195,14.031,975
55.8840084934586,-4.363012443309881,67.0,55.821849459706755,-4.176208567338996,196,16.059,1082
55.8840084934586,-4.363012443309881,67.0,55.88009750494633,-4.255964552703097,197,10.046,841
55.8840084934586,-4.363012443309881,67.0,55.87413911675089,-4.369807111055967,198,9.108,679
55.8840084934586,-4.363012443309881,67.0,55.86354071984154,-4.093406384811447,199,20.382,1160
55.8026688356145,-4.138973273137282,68.0,55.8391698042901,-4.214478482526657,0,6.839,1537
55.8026688356145,-4.138973273137282,68.0,55.86553667472969,-4.350500876963486,1,19.193,2005
55.8026688356145,-4.138973273137282,68.0,55.912892829643965,-4.286410947894997,2,21.293,3420
55.8026688356145,-4.138973273137282,68.0,55.84854019346565,-4.391697428307927,3,18.624,2227
55.8026688356145,-4.138973273137282,68.0,55.79232875093524,-4.310455024670266,4,13.643,1958
55.8026688356145,-4.138973273137282,68.0,55.837143362020576,-4.120043492886959,5,7.323,1378
55.8026688356145,-4.138973273137282,68.0,55.84185129809378,-4.283879851305767,6,11.063,1879
55.8026688356145,-4.138973273137282,68.0,55.90609664927746,-4.311383718964596,7,23.338,2495
55.8026688356145,-4.138973273137282,68.0,55.7832172019226,-4.31249791159531,8,13.973,1935
55.8026688356145,-4.138973273137282,68.0,55.8177258987159,-4.260489243356555,9,9.542,1692
55.8026688356145,-4.138973273137282,68.0,55.903262790870684,-4.212111703691823,10,23.264,2343
55.8026688356145,-4.138973273137282,68.0,55.893978813107424,-4.1413270988368325,11,20.765,2137
55.8026688356145,-4.138973273137282,68.0,55.894884622950286,-4.154349650804189,12,25.63,2037
55.8026688356145,-4.138973273137282,68.0,55.80680963785043,-4.263605759417426,13,13.524,2016
55.8026688356145,-4.138973273137282,68.0,55.81824312166051,-4.346878846315483,14,18.252,2118
55.8026688356145,-4.138973273137282,68.0,55.84742656229786,-4.269221405976544,15,11.428,1898
55.8026688356145,-4.138973273137282,68.0,55.80730424868546,-4.315177272898423,16,15.28,2091
55.8026688356145,-4.138973273137282,68.0,55.83798278877758,-4.260604018644594,17,9.534,1693
55.8026688356145,-4.138973273137282,68.0,55.89424631095569,-4.343398240721316,18,21.009,2255
55.8026688356145,-4.138973273137282,68.0,55.83908093533876,-4.223069302141199,19,7.869,1666
55.8026688356145,-4.138973273137282,68.0,55.8357731433788,-4.270556349194068,20,10.218,1743
55.8026688356145,-4.138973273137282,68.0,55.90309627527835,-4.360750370095284,21,23.042,2490
55.8026688356145,-4.138973273137282,68.0,55.85652103589449,-4.101365743428073,22,12.256,1702
55.8026688356145,-4.138973273137282,68.0,55.783736419963375,-4.235306054793451,23,8.022,1474
55.8026688356145,-4.138973273137282,68.0,55.92064824587275,-4.2358362157531895,24,18.891,2410
55.8026688356145,-4.138973273137282,68.0,55.907674892744176,-4.2497703459088045,25,17.643,3455
55.8026688356145,-4.138973273137282,68.0,55.919604340921964,-4.226208116301384,26,32.422,2448
55.8026688356145,-4.138973273137282,68.0,55.83219148710444,-4.304581930326681,27,17.13,2145
55.8026688356145,-4.138973273137282,68.0,55.79569701419853,-4.1769099124482585,28,4.197,1216
55.8026688356145,-4.138973273137282,68.0,55.81260197667657,-4.197841211154324,29,4.993,1348
55.8026688356145,-4.138973273137282,68.0,55.826092940761974,-4.176919409292903,30,5.308,1459
55.8026688356145,-4.138973273137282,68.0,55.828413149208096,-4.109650878166438,31,7.874,1446
55.8026688356145,-4.138973273137282,68.0,55.8999241737755,-4.257993823533507,32,17.742,2399
55.8026688356145,-4.138973273137282,68.0,55.892514250678616,-4.340118142906542,33,21.038,2266
55.8026688356145,-4.138973273137282,68.0,55.855241629670886,-4.269936069312288,34,24.563,2072
55.8026688356145,-4.138973273137282,68.0,55.877364911629314,-4.109701193625618,35,18.497,1913
55.8026688356145,-4.138973273137282,68.0,55.887053111734645,-4.1280531391159245,36,24.144,2118
55.8026688356145,-4.138973273137282,68.0,55.89108676863447,-4.105446803942431,37,18.485,2129
55.8026688356145,-4.138973273137282,68.0,55.842635153466425,-4.334387903339716,38,15.061,1933
55.8026688356145,-4.138973273137282,68.0,55.89197542936556,-4.19614108945253,39,21.048,2067
55.8026688356145,-4.138973273137282,68.0,55.825849135803445,-4.321179033230789,40,15.308,2045
55.8026688356145,-4.138973273137282,68.0,55.81864602215581,-4.375055705699034,41,19.281,2127
55.8026688356145,-4.138973273137282,68.0,55.92613065482397,-4.212698358862173,42,31.796,2443
55.8026688356145,-4.138973273137282,68.0,55.874439929608144,-4.279689658904073,43,18.845,2169
55.8026688356145,-4.138973273137282,68.0,55.81998166828728,-4.245455535821837,44,8.402,1559
55.8026688356145,-4.138973273137282,68.0,55.91066980601156,-4.213502644426629,45,32.778,2498
55.8026688356145,-4.138973273137282,68.0,55.8404807486866,-4.356656090229781,46,18.713,2201
55.8026688356145,-4.138973273137282,68.0,55.88708229912325,-4.079055837843032,47,16.115,1721
55.8026688356145,-4.138973273137282,68.0,55.84510555179576,-4.178720975321847,48,6.657,1494
55.8026688356145,-4.138973273137282,68.0,55.84413340760586,-4.085244529493477,49,11.725,2090
55.8026688356145,-4.138973273137282,68.0,55.83324217210475,-4.157183908594519,50,4.769,1305
55.8026688356145,-4.138973273137282,68.0,55.895753278756494,-4.323131413571223,51,20.795,2366
55.8026688356145,-4.138973273137282,68.0,55.88609925330935,-4.38354364327563,52,20.226,2074
55.8026688356145,-4.138973273137282,68.0,55.86596770908397,-4.338853955125049,53,17.009,1954
55.8026688356145,-4.138973273137282,68.0,55.819381988004544,-4.256567679373081,54,10.451,1753
55.8026688356145,-4.138973273137282,68.0,55.919398785577634,-4.298102785445152,55,21.569,3100
55.8026688356145,-4.138973273137282,68.0,55.81052481551728,-4.0780884232687225,56,12.507,2743
55.8026688356145,-4.138973273137282,68.0,55.8411814367945,-4.125490362928665,57,7.193,1509
55.8026688356145,-4.138973273137282,68.0,55.844855881791794,-4.151320272286683,58,6.489,1467
55.8026688356145,-4.138973273137282,68.0,55.79334532620707,-4.3052187624925375,59,13.238,1919
55.8026688356145,-4.138973273137282,68.0,55.78499644933002,-4.082518262203789,60,7.762,1434
55.8026688356145,-4.138973273137282,68.0,55.86482365717543,-4.074666870071637,61,13.808,1895
55.8026688356145,-4.138973273137282,68.0,55.910543969585106,-4.384534109666136,62,24.869,2555
55.8026688356145,-4.138973273137282,68.0,55.799715679086134,-4.188568421733812,63,4.525,1407
55.8026688356145,-4.138973273137282,68.0,55.90005630083831,-4.294022887833187,64,22.213,2477
55.8026688356145,-4.138973273137282,68.0,55.82573931186619,-4.210157383495828,65,6.283,1391
55.8026688356145,-4.138973273137282,68.0,55.88010014610652,-4.288014027401103,66,20.934,2445
55.8026688356145,-4.138973273137282,68.0,55.8836463272421,-4.377148406451105,67,19.996,2151
55.8026688356145,-4.138973273137282,68.0,55.80511293548626,-4.195982430231648,68,4.682,1295
55.8026688356145,-4.138973273137282,68.0,55.9265186267864,-4.256321117900257,69,21.107,2514
55.8026688356145,-4.138973273137282,68.0,55.90353118048908,-4.119171950823842,70,19.087,2189
55.8026688356145,-4.138973273137282,68.0,55.81502357146685,-4.260984914919316,71,9.899,1727
55.8026688356145,-4.138973273137282,68.0,55.894355058439295,-4.293143876300353,72,21.503,2424
55.8026688356145,-4.138973273137282,68.0,55.80246488546192,-4.242274834364847,73,9.429,1602
55.8026688356145,-4.138973273137282,68.0,55.887581813102464,-4.2985753032369685,74,21.115,2420
55.8026688356145,-4.138973273137282,68.0,55.928290955083554,-4.295962301582311,75,21.991,2514
55.8026688356145,-4.138973273137282,68.0,55.81096058143004,-4.368797105646974,76,20.938,2209
55.8026688356145,-4.138973273137282,68.0,55.84818750128869,-4.3631808239548375,77,19.699,2053
55.8026688356145,-4.138973273137282,68.0,55.81610352786554,-4.330910795148831,78,17.277,1958
55.8026688356145,-4.138973273137282,68.0,55.807034270653475,-4.136077366584948,79,1.901,1035
55.8026688356145,-4.138973273137282,68.0,55.86778114631985,-4.233612892312959,80,21.534,2058
55.8026688356145,-4.138973273137282,68.0,55.79578956690847,-4.368290459919509,81,27.139,3400
55.8026688356145,-4.138973273137282,68.0,55.897877306124535,-4.077031107370425,82,18.474,2467
55.8026688356145,-4.138973273137282,68.0,55.80721289582252,-4.242612882195534,83,9.819,1635
55.8026688356145,-4.138973273137282,68.0,55.92209393969709,-4.157940141970138,84,27.731,2215
55.8026688356145,-4.138973273137282,68.0,55.79188265083702,-4.28147512844989,85,11.385,1757
55.8026688356145,-4.138973273137282,68.0,55.88043814367632,-4.104360473798184,86,17.807,1853
55.8026688356145,-4.138973273137282,68.0,55.90345994988174,-4.293652184560058,87,20.766,2556
55.8026688356145,-4.138973273137282,68.0,55.91230525016259,-4.108196424937476,88,21.767,2091
55.8026688356145,-4.138973273137282,68.0,55.90569137930351,-4.3852429216612405,89,24.904,2578
55.8026688356145,-4.138973273137282,68.0,55.824402119970216,-4.298242138123909,90,15.744,1966
55.8026688356145,-4.138973273137282,68.0,55.887104625653905,-4.201059285828647,91,20.822,2141
55.8026688356145,-4.138973273137282,68.0,55.92006797200308,-4.195257422106852,92,29.801,2261
55.8026688356145,-4.138973273137282,68.0,55.7944551107823,-4.1683749063061635,93,4.327,1651
55.8026688356145,-4.138973273137282,68.0,55.88003873447475,-4.304350182381346,94,20.674,2325
55.8026688356145,-4.138973273137282,68.0,55.88308048053683,-4.2942103285768285,95,20.274,2300
55.8026688356145,-4.138973273137282,68.0,55.80779271908626,-4.3234306371549245,96,15.728,2137
55.8026688356145,-4.138973273137282,68.0,55.90123467399992,-4.380968632189907,97,25.21,2707
55.8026688356145,-4.138973273137282,68.0,55.88049231589054,-4.293733205570284,98,20.176,2290
55.8026688356145,-4.138973273137282,68.0,55.84697147961761,-4.334108806216461,99,15.175,1966
55.8026688356145,-4.138973273137282,68.0,55.83067141211495,-4.195633651932574,100,6.005,1500
55.8026688356145,-4.138973273137282,68.0,55.89350845984679,-4.099445363541155,101,17.552,1899
55.8026688356145,-4.138973273137282,68.0,55.92592408664018,-4.179171340754611,102,29.072,2299
55.8026688356145,-4.138973273137282,68.0,55.84941827409408,-4.169566750359822,103,6.766,1516
55.8026688356145,-4.138973273137282,68.0,55.92413375575165,-4.226670311636797,104,33.011,3186
55.8026688356145,-4.138973273137282,68.0,55.88995713457192,-4.285031242761631,105,20.443,2327
55.8026688356145,-4.138973273137282,68.0,55.90528066541109,-4.131569818675147,106,25.41,2063
55.8026688356145,-4.138973273137282,68.0,55.87850608392288,-4.103517886631066,107,18.138,1886
55.8026688356145,-4.138973273137282,68.0,55.80799405798939,-4.284953473560454,108,11.766,1963
55.8026688356145,-4.138973273137282,68.0,55.906815669822045,-4.385279074380807,109,24.215,2493
55.8026688356145,-4.138973273137282,68.0,55.916237634416454,-4.222407816066865,110,32.337,2436
55.8026688356145,-4.138973273137282,68.0,55.915798955837815,-4.088621086891774,111,20.633,1974
55.8026688356145,-4.138973273137282,68.0,55.827538479175395,-4.350653065976025,112,17.621,2049
55.8026688356145,-4.138973273137282,68.0,55.799515288981674,-4.0866627646338864,113,6.144,1334
55.8026688356145,-4.138973273137282,68.0,55.831024245961984,-4.244756518165482,114,8.974,1598
55.8026688356145,-4.138973273137282,68.0,55.86754360554833,-4.2143078261423845,115,20.207,2044
55.8026688356145,-4.138973273137282,68.0,55.8574985965699,-4.1521224561179935,116,7.645,1593
55.8026688356145,-4.138973273137282,68.0,55.88095643501817,-4.32811659177277,117,18.851,2082
55.8026688356145,-4.138973273137282,68.0,55.85240433608213,-4.177570445500026,118,7.698,1574
55.8026688356145,-4.138973273137282,68.0,55.91169549549074,-4.359708873069638,119,25.027,2681
55.8026688356145,-4.138973273137282,68.0,55.92640787519779,-4.300990956079843,120,22.439,2563
55.8026688356145,-4.138973273137282,68.0,55.84019197366069,-4.205566157974415,121,7.325,1652
55.8026688356145,-4.138973273137282,68.0,55.866619942939494,-4.268153778778456,122,23.481,2175
55.8026688356145,-4.138973273137282,68.0,55.81327411986783,-4.2587495402872255,123,9.878,1737
55.8026688356145,-4.138973273137282,68.0,55.86022660117776,-4.154711133590585,124,7.998,1624
55.8026688356145,-4.138973273137282,68.0,55.831522729053496,-4.370420634377527,125,19.675,2219
55.8026688356145,-4.138973273137282,68.0,55.84074346341779,-4.172411658039648,126,6.146,1443
55.8026688356145,-4.138973273137282,68.0,55.8801412435821,-4.258666277618953,127,23.757,2189
55.8026688356145,-4.138973273137282,68.0,55.8434159429892,-4.1056733307349536,128,9.121,1565
55.8026688356145,-4.138973273137282,68.0,55.83522057783537,-4.25736952395694,129,9.508,1695
55.8026688356145,-4.138973273137282,68.0,55.86467774065618,-4.2250953414252415,130,11.33,1859
55.8026688356145,-4.138973273137282,68.0,55.8953662249987,-4.231143624453162,131,15.917,2221
55.8026688356145,-4.138973273137282,68.0,55.81920459649808,-4.236238450921302,132,7.818,1508
55.8026688356145,-4.138973273137282,68.0,55.900795402502105,-4.206009410292495,133,22.449,2234
55.8026688356145,-4.138973273137282,68.0,55.86078490474355,-4.339631469507248,134,17.544,2049
55.8026688356145,-4.138973273137282,68.0,55.924999437053955,-4.191173279124663,135,29.55,2251
55.8026688356145,-4.138973273137282,68.0,55.81549096669224,-4.126910343137958,136,4.196,1197
55.8026688356145,-4.138973273137282,68.0,55.90135585493081,-4.207622057499793,137,22.448,2211
55.8026688356145,-4.138973273137282,68.0,55.845816555475636,-4.129576488296543,138,7.862,1555
55.8026688356145,-4.138973273137282,68.0,55.80470047644827,-4.291960781118721,139,14.473,2072
55.8026688356145,-4.138973273137282,68.0,55.89185394491289,-4.179857587296262,140,21.652,2010
55.8026688356145,-4.138973273137282,68.0,55.91859399996558,-4.3401659608951215,141,23.893,2532
55.8026688356145,-4.138973273137282,68.0,55.90671476836246,-4.3642865107142725,142,23.794,2545
55.8026688356145,-4.138973273137282,68.0,55.81273399651921,-4.167613047894911,143,2.603,1123
55.8026688356145,-4.138973273137282,68.0,55.80939871413575,-4.276056954355674,144,11.054,1851
55.8026688356145,-4.138973273137282,68.0,55.88312869327199,-4.214542892826467,145,20.449,2112
55.8026688356145,-4.138973273137282,68.0,55.815340374954424,-4.283514492524949,146,11.224,1869
55.8026688356145,-4.138973273137282,68.0,55.87864379034378,-4.080636908866371,147,17.095,1756
55.8026688356145,-4.138973273137282,68.0,55.89423440492952,-4.2418874418647645,148,16.48,2305
55.8026688356145,-4.138973273137282,68.0,55.92796852989922,-4.305970400193036,149,22.567,2586
55.8026688356145,-4.138973273137282,68.0,55.92895153496988,-4.082888064137351,150,21.591,1982
55.8026688356145,-4.138973273137282,68.0,55.790766759429424,-4.135285962371055,151,3.982,1120
55.8026688356145,-4.138973273137282,68.0,55.80808041573422,-4.184105792933229,152,3.834,1191
55.8026688356145,-4.138973273137282,68.0,55.7982747224006,-4.3931924101572655,153,21.746,2303
55.8026688356145,-4.138973273137282,68.0,55.81178474630603,-4.337962602706185,154,18.344,2064
55.8026688356145,-4.138973273137282,68.0,55.852972007756,-4.353957895039277,155,16.743,2052
55.8026688356145,-4.138973273137282,68.0,55.797152036890715,-4.311451416173846,156,13.528,1951
55.8026688356145,-4.138973273137282,68.0,55.84839482833289,-4.1889265673730645,157,7.418,1529
55.8026688356145,-4.138973273137282,68.0,55.86383954752864,-4.387927326091926,158,22.335,2079
55.8026688356145,-4.138973273137282,68.0,55.807182357875575,-4.140487806234959,159,1.578,1010
55.8026688356145,-4.138973273137282,68.0,55.8296607577131,-4.218765551358871,160,7.195,1515
55.8026688356145,-4.138973273137282,68.0,55.82699494590622,-4.295404959002084,161,15.78,1942
55.8026688356145,-4.138973273137282,68.0,55.861248665443505,-4.307186036515638,162,14.629,1955
55.8026688356145,-4.138973273137282,68.0,55.897857165570365,-4.156645648865112,163,23.128,2047
55.8026688356145,-4.138973273137282,68.0,55.877747555317356,-4.342792329217214,164,19.441,2179
55.8026688356145,-4.138973273137282,68.0,55.92259641850896,-4.389236283866068,165,35.697,2643
55.8026688356145,-4.138973273137282,68.0,55.92621339590465,-4.2820478996479165,166,20.891,2463
55.8026688356145,-4.138973273137282,68.0,55.80660612206145,-4.094012410496262,167,12.022,1783
55.8026688356145,-4.138973273137282,68.0,55.84605439624201,-4.09192094471571,168,18.324,1825
55.8026688356145,-4.138973273137282,68.0,55.83961965364386,-4.1201104741133365,169,8.472,1463
55.8026688356145,-4.138973273137282,68.0,55.85030951683019,-4.217608837338132,170,9.08,1669
55.8026688356145,-4.138973273137282,68.0,55.85971342373431,-4.246748195156407,171,11.507,1904
55.8026688356145,-4.138973273137282,68.0,55.815747728441636,-4.150792968910081,172,2.104,1149
55.8026688356145,-4.138973273137282,68.0,55.80041195127493,-4.3806303679601495,173,27.513,2377
55.8026688356145,-4.138973273137282,68.0,55.85487415463933,-4.092829020720908,174,12.779,1656
55.8026688356145,-4.138973273137282,68.0,55.80456076444065,-4.203157873727267,175,5.173,1315
55.8026688356145,-4.138973273137282,68.0,55.84723005082115,-4.330151260440624,176,14.696,1910
55.8026688356145,-4.138973273137282,68.0,55.88775631668876,-4.123428423568879,177,20.75,2109
55.8026688356145,-4.138973273137282,68.0,55.82857385936083,-4.129579652409029,178,6.269,1371
55.8026688356145,-4.138973273137282,68.0,55.879865395443076,-4.36272007519476,179,20.333,2221
55.8026688356145,-4.138973273137282,68.0,55.87973669437185,-4.215636550296907,180,21.165,2208
55.8026688356145,-4.138973273137282,68.0,55.8162521393249,-4.1868605517933455,181,3.599,1264
55.8026688356145,-4.138973273137282,68.0,55.80755514535402,-4.201625161718038,182,4.926,1282
55.8026688356145,-4.138973273137282,68.0,55.85565398843102,-4.250533808562208,183,11.187,1882
55.8026688356145,-4.138973273137282,68.0,55.929636326069506,-4.381100658166308,184,36.683,2664
55.8026688356145,-4.138973273137282,68.0,55.879581066995904,-4.21986165885879,185,14.416,2240
55.8026688356145,-4.138973273137282,68.0,55.92647877645629,-4.127886630011083,186,21.993,2244
55.8026688356145,-4.138973273137282,68.0,55.82282427264178,-4.371094162561755,187,18.811,2142
55.8026688356145,-4.138973273137282,68.0,55.90291353127043,-4.3414180899754955,188,21.84,2423
55.8026688356145,-4.138973273137282,68.0,55.78437024600116,-4.156926419796477,189,6.096,1306
55.8026688356145,-4.138973273137282,68.0,55.8321542449311,-4.1561720476648265,190,4.809,1319
55.8026688356145,-4.138973273137282,68.0,55.88310705812362,-4.084862107847263,191,14.256,1638
55.8026688356145,-4.138973273137282,68.0,55.85616333886266,-4.110333739241922,192,9.815,1759
55.8026688356145,-4.138973273137282,68.0,55.90185178498145,-4.152652007721208,193,27.36,2595
55.8026688356145,-4.138973273137282,68.0,55.8837118458465,-4.182392741162416,194,21.019,2894
55.8026688356145,-4.138973273137282,68.0,55.83086049774818,-4.312434105301623,195,16.714,2047
55.8026688356145,-4.138973273137282,68.0,55.821849459706755,-4.176208567338996,196,3.398,1231
55.8026688356145,-4.138973273137282,68.0,55.88009750494633,-4.255964552703097,197,23.443,2168
55.8026688356145,-4.138973273137282,68.0,55.87413911675089,-4.369807111055967,198,18.337,1970
55.8026688356145,-4.138973273137282,68.0,55.86354071984154,-4.093406384811447,199,14.359,1760
55.83647446362009,-4.109093321852203,69.0,55.8391698042901,-4.214478482526657,0,7.891,499
55.83647446362009,-4.109093321852203,69.0,55.86553667472969,-4.350500876963486,1,20.228,927
55.83647446362009,-4.109093321852203,69.0,55.912892829643965,-4.286410947894997,2,22.641,2135
55.83647446362009,-4.109093321852203,69.0,55.84854019346565,-4.391697428307927,3,19.659,1149
55.83647446362009,-4.109093321852203,69.0,55.79232875093524,-4.310455024670266,4,22.124,1126
55.83647446362009,-4.109093321852203,69.0,55.837143362020576,-4.120043492886959,5,6.121,318
55.83647446362009,-4.109093321852203,69.0,55.84185129809378,-4.283879851305767,6,12.098,801
55.83647446362009,-4.109093321852203,69.0,55.90609664927746,-4.311383718964596,7,21.325,1244
55.83647446362009,-4.109093321852203,69.0,55.7832172019226,-4.31249791159531,8,18.081,1168
55.83647446362009,-4.109093321852203,69.0,55.8177258987159,-4.260489243356555,9,12.048,714
55.83647446362009,-4.109093321852203,69.0,55.903262790870684,-4.212111703691823,10,15.878,1025
55.83647446362009,-4.109093321852203,69.0,55.893978813107424,-4.1413270988368325,11,13.379,819
55.83647446362009,-4.109093321852203,69.0,55.894884622950286,-4.154349650804189,12,18.244,720
55.83647446362009,-4.109093321852203,69.0,55.80680963785043,-4.263605759417426,13,14.486,981
55.83647446362009,-4.109093321852203,69.0,55.81824312166051,-4.346878846315483,14,19.287,1040
55.83647446362009,-4.109093321852203,69.0,55.84742656229786,-4.269221405976544,15,12.463,820
55.83647446362009,-4.109093321852203,69.0,55.80730424868546,-4.315177272898423,16,18.993,1025
55.83647446362009,-4.109093321852203,69.0,55.83798278877758,-4.260604018644594,17,10.569,615
55.83647446362009,-4.109093321852203,69.0,55.89424631095569,-4.343398240721316,18,22.044,1177
55.83647446362009,-4.109093321852203,69.0,55.83908093533876,-4.223069302141199,19,8.921,628
55.83647446362009,-4.109093321852203,69.0,55.8357731433788,-4.270556349194068,20,11.253,665
55.83647446362009,-4.109093321852203,69.0,55.90309627527835,-4.360750370095284,21,24.077,1412
55.83647446362009,-4.109093321852203,69.0,55.85652103589449,-4.101365743428073,22,4.87,384
55.83647446362009,-4.109093321852203,69.0,55.783736419963375,-4.235306054793451,23,12.959,891
55.83647446362009,-4.109093321852203,69.0,55.92064824587275,-4.2358362157531895,24,20.239,1125
55.83647446362009,-4.109093321852203,69.0,55.907674892744176,-4.2497703459088045,25,18.991,2170
55.83647446362009,-4.109093321852203,69.0,55.919604340921964,-4.226208116301384,26,25.036,1130
55.83647446362009,-4.109093321852203,69.0,55.83219148710444,-4.304581930326681,27,18.165,1067
55.83647446362009,-4.109093321852203,69.0,55.79569701419853,-4.1769099124482585,28,9.134,647
55.83647446362009,-4.109093321852203,69.0,55.81260197667657,-4.197841211154324,29,9.756,633
55.83647446362009,-4.109093321852203,69.0,55.826092940761974,-4.176919409292903,30,6.039,460
55.83647446362009,-4.109093321852203,69.0,55.828413149208096,-4.109650878166438,31,3.15,287
55.83647446362009,-4.109093321852203,69.0,55.8999241737755,-4.257993823533507,32,19.09,1115
55.83647446362009,-4.109093321852203,69.0,55.892514250678616,-4.340118142906542,33,22.073,1188
55.83647446362009,-4.109093321852203,69.0,55.855241629670886,-4.269936069312288,34,17.177,754
55.83647446362009,-4.109093321852203,69.0,55.877364911629314,-4.109701193625618,35,11.111,595
55.83647446362009,-4.109093321852203,69.0,55.887053111734645,-4.1280531391159245,36,16.758,800
55.83647446362009,-4.109093321852203,69.0,55.89108676863447,-4.105446803942431,37,11.099,811
55.83647446362009,-4.109093321852203,69.0,55.842635153466425,-4.334387903339716,38,16.096,855
55.83647446362009,-4.109093321852203,69.0,55.89197542936556,-4.19614108945253,39,13.662,749
55.83647446362009,-4.109093321852203,69.0,55.825849135803445,-4.321179033230789,40,16.343,967
55.83647446362009,-4.109093321852203,69.0,55.81864602215581,-4.375055705699034,41,20.316,1049
55.83647446362009,-4.109093321852203,69.0,55.92613065482397,-4.212698358862173,42,24.41,1125
55.83647446362009,-4.109093321852203,69.0,55.874439929608144,-4.279689658904073,43,17.018,876
55.83647446362009,-4.109093321852203,69.0,55.81998166828728,-4.245455535821837,44,11.528,619
55.83647446362009,-4.109093321852203,69.0,55.91066980601156,-4.213502644426629,45,25.392,1180
55.83647446362009,-4.109093321852203,69.0,55.8404807486866,-4.356656090229781,46,19.748,1123
55.83647446362009,-4.109093321852203,69.0,55.88708229912325,-4.079055837843032,47,8.729,404
55.83647446362009,-4.109093321852203,69.0,55.84510555179576,-4.178720975321847,48,4.772,445
55.83647446362009,-4.109093321852203,69.0,55.84413340760586,-4.085244529493477,49,5.178,742
55.83647446362009,-4.109093321852203,69.0,55.83324217210475,-4.157183908594519,50,4.136,308
55.83647446362009,-4.109093321852203,69.0,55.895753278756494,-4.323131413571223,51,21.83,1288
55.83647446362009,-4.109093321852203,69.0,55.88609925330935,-4.38354364327563,52,21.261,996
55.83647446362009,-4.109093321852203,69.0,55.86596770908397,-4.338853955125049,53,18.044,876
55.83647446362009,-4.109093321852203,69.0,55.819381988004544,-4.256567679373081,54,12.957,769
55.83647446362009,-4.109093321852203,69.0,55.919398785577634,-4.298102785445152,55,22.917,1815
55.83647446362009,-4.109093321852203,69.0,55.81052481551728,-4.0780884232687225,56,5.949,1434
55.83647446362009,-4.109093321852203,69.0,55.8411814367945,-4.125490362928665,57,1.325,190
55.83647446362009,-4.109093321852203,69.0,55.844855881791794,-4.151320272286683,58,4.604,419
55.83647446362009,-4.109093321852203,69.0,55.79334532620707,-4.3052187624925375,59,16.824,1116
55.83647446362009,-4.109093321852203,69.0,55.78499644933002,-4.082518262203789,60,10.015,479
55.83647446362009,-4.109093321852203,69.0,55.86482365717543,-4.074666870071637,61,6.422,577
55.83647446362009,-4.109093321852203,69.0,55.910543969585106,-4.384534109666136,62,25.904,1477
55.83647446362009,-4.109093321852203,69.0,55.799715679086134,-4.188568421733812,63,9.462,838
55.83647446362009,-4.109093321852203,69.0,55.90005630083831,-4.294022887833187,64,20.397,1198
55.83647446362009,-4.109093321852203,69.0,55.82573931186619,-4.210157383495828,65,7.813,448
55.83647446362009,-4.109093321852203,69.0,55.88010014610652,-4.288014027401103,66,19.118,1166
55.83647446362009,-4.109093321852203,69.0,55.8836463272421,-4.377148406451105,67,21.031,1073
55.83647446362009,-4.109093321852203,69.0,55.80511293548626,-4.195982430231648,68,10.736,708
55.83647446362009,-4.109093321852203,69.0,55.9265186267864,-4.256321117900257,69,22.455,1229
55.83647446362009,-4.109093321852203,69.0,55.90353118048908,-4.119171950823842,70,11.701,871
55.83647446362009,-4.109093321852203,69.0,55.81502357146685,-4.260984914919316,71,12.405,748
55.83647446362009,-4.109093321852203,69.0,55.894355058439295,-4.293143876300353,72,19.687,1145
55.83647446362009,-4.109093321852203,69.0,55.80246488546192,-4.242274834364847,73,13.669,845
55.83647446362009,-4.109093321852203,69.0,55.887581813102464,-4.2985753032369685,74,19.299,1142
55.83647446362009,-4.109093321852203,69.0,55.928290955083554,-4.295962301582311,75,23.339,1230
55.83647446362009,-4.109093321852203,69.0,55.81096058143004,-4.368797105646974,76,21.973,1131
55.83647446362009,-4.109093321852203,69.0,55.84818750128869,-4.3631808239548375,77,20.734,975
55.83647446362009,-4.109093321852203,69.0,55.81610352786554,-4.330910795148831,78,18.312,880
55.83647446362009,-4.109093321852203,69.0,55.807034270653475,-4.136077366584948,79,8.605,590
55.83647446362009,-4.109093321852203,69.0,55.86778114631985,-4.233612892312959,80,14.148,740
55.83647446362009,-4.109093321852203,69.0,55.79578956690847,-4.368290459919509,81,27.057,2325
55.83647446362009,-4.109093321852203,69.0,55.897877306124535,-4.077031107370425,82,11.088,1149
55.83647446362009,-4.109093321852203,69.0,55.80721289582252,-4.242612882195534,83,12.892,796
55.83647446362009,-4.109093321852203,69.0,55.92209393969709,-4.157940141970138,84,20.345,898
55.83647446362009,-4.109093321852203,69.0,55.79188265083702,-4.28147512844989,85,15.859,1040
55.83647446362009,-4.109093321852203,69.0,55.88043814367632,-4.104360473798184,86,10.421,535
55.83647446362009,-4.109093321852203,69.0,55.90345994988174,-4.293652184560058,87,22.114,1271
55.83647446362009,-4.109093321852203,69.0,55.91230525016259,-4.108196424937476,88,14.381,773
55.83647446362009,-4.109093321852203,69.0,55.90569137930351,-4.3852429216612405,89,25.939,1500
55.83647446362009,-4.109093321852203,69.0,55.824402119970216,-4.298242138123909,90,16.779,888
55.83647446362009,-4.109093321852203,69.0,55.887104625653905,-4.201059285828647,91,13.436,823
55.83647446362009,-4.109093321852203,69.0,55.92006797200308,-4.195257422106852,92,22.415,943
55.83647446362009,-4.109093321852203,69.0,55.7944551107823,-4.1683749063061635,93,9.264,1082
55.83647446362009,-4.109093321852203,69.0,55.88003873447475,-4.304350182381346,94,18.632,1049
55.83647446362009,-4.109093321852203,69.0,55.88308048053683,-4.2942103285768285,95,18.232,1024
55.83647446362009,-4.109093321852203,69.0,55.80779271908626,-4.3234306371549245,96,19.583,1013
55.83647446362009,-4.109093321852203,69.0,55.90123467399992,-4.380968632189907,97,26.245,1629
55.83647446362009,-4.109093321852203,69.0,55.88049231589054,-4.293733205570284,98,18.134,1014
55.83647446362009,-4.109093321852203,69.0,55.84697147961761,-4.334108806216461,99,16.21,888
55.83647446362009,-4.109093321852203,69.0,55.83067141211495,-4.195633651932574,100,7.057,462
55.83647446362009,-4.109093321852203,69.0,55.89350845984679,-4.099445363541155,101,10.166,581
55.83647446362009,-4.109093321852203,69.0,55.92592408664018,-4.179171340754611,102,21.686,981
55.83647446362009,-4.109093321852203,69.0,55.84941827409408,-4.169566750359822,103,4.881,455
55.83647446362009,-4.109093321852203,69.0,55.92413375575165,-4.226670311636797,104,25.625,1868
55.83647446362009,-4.109093321852203,69.0,55.88995713457192,-4.285031242761631,105,18.627,1048
55.83647446362009,-4.109093321852203,69.0,55.90528066541109,-4.131569818675147,106,18.024,745
55.83647446362009,-4.109093321852203,69.0,55.87850608392288,-4.103517886631066,107,10.752,568
55.83647446362009,-4.109093321852203,69.0,55.80799405798939,-4.284953473560454,108,14.272,985
55.83647446362009,-4.109093321852203,69.0,55.906815669822045,-4.385279074380807,109,25.25,1415
55.83647446362009,-4.109093321852203,69.0,55.916237634416454,-4.222407816066865,110,24.951,1118
55.83647446362009,-4.109093321852203,69.0,55.915798955837815,-4.088621086891774,111,13.247,657
55.83647446362009,-4.109093321852203,69.0,55.827538479175395,-4.350653065976025,112,18.656,971
55.83647446362009,-4.109093321852203,69.0,55.799515288981674,-4.0866627646338864,113,7.465,559
55.83647446362009,-4.109093321852203,69.0,55.831024245961984,-4.244756518165482,114,10.009,520
55.83647446362009,-4.109093321852203,69.0,55.86754360554833,-4.2143078261423845,115,12.821,726
55.83647446362009,-4.109093321852203,69.0,55.8574985965699,-4.1521224561179935,116,5.279,485
55.83647446362009,-4.109093321852203,69.0,55.88095643501817,-4.32811659177277,117,19.886,1004
55.83647446362009,-4.109093321852203,69.0,55.85240433608213,-4.177570445500026,118,5.813,513
55.83647446362009,-4.109093321852203,69.0,55.91169549549074,-4.359708873069638,119,24.783,1527
55.83647446362009,-4.109093321852203,69.0,55.92640787519779,-4.300990956079843,120,23.787,1279
55.83647446362009,-4.109093321852203,69.0,55.84019197366069,-4.205566157974415,121,8.377,614
55.83647446362009,-4.109093321852203,69.0,55.866619942939494,-4.268153778778456,122,16.095,857
55.83647446362009,-4.109093321852203,69.0,55.81327411986783,-4.2587495402872255,123,12.384,758
55.83647446362009,-4.109093321852203,69.0,55.86022660117776,-4.154711133590585,124,9.15,505
55.83647446362009,-4.109093321852203,69.0,55.831522729053496,-4.370420634377527,125,20.71,1142
55.83647446362009,-4.109093321852203,69.0,55.84074346341779,-4.172411658039648,126,5.117,352
55.83647446362009,-4.109093321852203,69.0,55.8801412435821,-4.258666277618953,127,16.371,871
55.83647446362009,-4.109093321852203,69.0,55.8434159429892,-4.1056733307349536,128,1.347,194
55.83647446362009,-4.109093321852203,69.0,55.83522057783537,-4.25736952395694,129,10.543,617
55.83647446362009,-4.109093321852203,69.0,55.86467774065618,-4.2250953414252415,130,14.041,644
55.83647446362009,-4.109093321852203,69.0,55.8953662249987,-4.231143624453162,131,17.265,936
55.83647446362009,-4.109093321852203,69.0,55.81920459649808,-4.236238450921302,132,12.112,670
55.83647446362009,-4.109093321852203,69.0,55.900795402502105,-4.206009410292495,133,15.063,916
55.83647446362009,-4.109093321852203,69.0,55.86078490474355,-4.339631469507248,134,18.579,971
55.83647446362009,-4.109093321852203,69.0,55.924999437053955,-4.191173279124663,135,22.164,934
55.83647446362009,-4.109093321852203,69.0,55.81549096669224,-4.126910343137958,136,6.549,499
55.83647446362009,-4.109093321852203,69.0,55.90135585493081,-4.207622057499793,137,15.062,893
55.83647446362009,-4.109093321852203,69.0,55.845816555475636,-4.129576488296543,138,3.225,314
55.83647446362009,-4.109093321852203,69.0,55.80470047644827,-4.291960781118721,139,15.278,1044
55.83647446362009,-4.109093321852203,69.0,55.89185394491289,-4.179857587296262,140,14.266,692
55.83647446362009,-4.109093321852203,69.0,55.91859399996558,-4.3401659608951215,141,23.649,1378
55.83647446362009,-4.109093321852203,69.0,55.90671476836246,-4.3642865107142725,142,24.829,1467
55.83647446362009,-4.109093321852203,69.0,55.81273399651921,-4.167613047894911,143,6.593,449
55.83647446362009,-4.109093321852203,69.0,55.80939871413575,-4.276056954355674,144,13.56,873
55.83647446362009,-4.109093321852203,69.0,55.88312869327199,-4.214542892826467,145,13.063,794
55.83647446362009,-4.109093321852203,69.0,55.815340374954424,-4.283514492524949,146,13.73,890
55.83647446362009,-4.109093321852203,69.0,55.87864379034378,-4.080636908866371,147,9.709,438
55.83647446362009,-4.109093321852203,69.0,55.89423440492952,-4.2418874418647645,148,17.828,1020
55.83647446362009,-4.109093321852203,69.0,55.92796852989922,-4.305970400193036,149,23.915,1302
55.83647446362009,-4.109093321852203,69.0,55.92895153496988,-4.082888064137351,150,14.205,664
55.83647446362009,-4.109093321852203,69.0,55.790766759429424,-4.135285962371055,151,9.448,599
55.83647446362009,-4.109093321852203,69.0,55.80808041573422,-4.184105792933229,152,8.072,565
55.83647446362009,-4.109093321852203,69.0,55.7982747224006,-4.3931924101572655,153,22.781,1225
55.83647446362009,-4.109093321852203,69.0,55.81178474630603,-4.337962602706185,154,19.379,986
55.83647446362009,-4.109093321852203,69.0,55.852972007756,-4.353957895039277,155,17.778,974
55.83647446362009,-4.109093321852203,69.0,55.797152036890715,-4.311451416173846,156,21.351,1060
55.83647446362009,-4.109093321852203,69.0,55.84839482833289,-4.1889265673730645,157,5.533,468
55.83647446362009,-4.109093321852203,69.0,55.86383954752864,-4.387927326091926,158,23.37,1002
55.83647446362009,-4.109093321852203,69.0,55.807182357875575,-4.140487806234959,159,8.816,588
55.83647446362009,-4.109093321852203,69.0,55.8296607577131,-4.218765551358871,160,8.154,540
55.83647446362009,-4.109093321852203,69.0,55.82699494590622,-4.295404959002084,161,16.815,864
55.83647446362009,-4.109093321852203,69.0,55.861248665443505,-4.307186036515638,162,15.664,878
55.83647446362009,-4.109093321852203,69.0,55.897857165570365,-4.156645648865112,163,15.742,729
55.83647446362009,-4.109093321852203,69.0,55.877747555317356,-4.342792329217214,164,20.476,1101
55.83647446362009,-4.109093321852203,69.0,55.92259641850896,-4.389236283866068,165,36.732,1565
55.83647446362009,-4.109093321852203,69.0,55.92621339590465,-4.2820478996479165,166,22.239,1178
55.83647446362009,-4.109093321852203,69.0,55.80660612206145,-4.094012410496262,167,5.534,499
55.83647446362009,-4.109093321852203,69.0,55.84605439624201,-4.09192094471571,168,10.938,507
55.83647446362009,-4.109093321852203,69.0,55.83961965364386,-4.1201104741133365,169,0.932,117
55.83647446362009,-4.109093321852203,69.0,55.85030951683019,-4.217608837338132,170,8.051,578
55.83647446362009,-4.109093321852203,69.0,55.85971342373431,-4.246748195156407,171,14.754,790
55.83647446362009,-4.109093321852203,69.0,55.815747728441636,-4.150792968910081,172,6.707,467
55.83647446362009,-4.109093321852203,69.0,55.80041195127493,-4.3806303679601495,173,22.197,1178
55.83647446362009,-4.109093321852203,69.0,55.85487415463933,-4.092829020720908,174,5.393,338
55.83647446362009,-4.109093321852203,69.0,55.80456076444065,-4.203157873727267,175,10.755,710
55.83647446362009,-4.109093321852203,69.0,55.84723005082115,-4.330151260440624,176,15.731,832
55.83647446362009,-4.109093321852203,69.0,55.88775631668876,-4.123428423568879,177,13.364,791
55.83647446362009,-4.109093321852203,69.0,55.82857385936083,-4.129579652409029,178,6.156,478
55.83647446362009,-4.109093321852203,69.0,55.879865395443076,-4.36272007519476,179,21.368,1143
55.83647446362009,-4.109093321852203,69.0,55.87973669437185,-4.215636550296907,180,13.779,890
55.83647446362009,-4.109093321852203,69.0,55.8162521393249,-4.1868605517933455,181,7.18,563
55.83647446362009,-4.109093321852203,69.0,55.80755514535402,-4.201625161718038,182,10.508,677
55.83647446362009,-4.109093321852203,69.0,55.85565398843102,-4.250533808562208,183,12.222,804
55.83647446362009,-4.109093321852203,69.0,55.929636326069506,-4.381100658166308,184,37.718,1586
55.83647446362009,-4.109093321852203,69.0,55.879581066995904,-4.21986165885879,185,13.964,925
55.83647446362009,-4.109093321852203,69.0,55.92647877645629,-4.127886630011083,186,14.607,926
55.83647446362009,-4.109093321852203,69.0,55.82282427264178,-4.371094162561755,187,19.846,1065
55.83647446362009,-4.109093321852203,69.0,55.90291353127043,-4.3414180899754955,188,22.875,1346
55.83647446362009,-4.109093321852203,69.0,55.78437024600116,-4.156926419796477,189,15.614,755
55.83647446362009,-4.109093321852203,69.0,55.8321542449311,-4.1561720476648265,190,4.176,321
55.83647446362009,-4.109093321852203,69.0,55.88310705812362,-4.084862107847263,191,6.87,320
55.83647446362009,-4.109093321852203,69.0,55.85616333886266,-4.110333739241922,192,5.513,435
55.83647446362009,-4.109093321852203,69.0,55.90185178498145,-4.152652007721208,193,19.974,1277
55.83647446362009,-4.109093321852203,69.0,55.8837118458465,-4.182392741162416,194,13.633,1576
55.83647446362009,-4.109093321852203,69.0,55.83086049774818,-4.312434105301623,195,17.749,969
55.83647446362009,-4.109093321852203,69.0,55.821849459706755,-4.176208567338996,196,6.06,406
55.83647446362009,-4.109093321852203,69.0,55.88009750494633,-4.255964552703097,197,16.057,850
55.83647446362009,-4.109093321852203,69.0,55.87413911675089,-4.369807111055967,198,19.372,892
55.83647446362009,-4.109093321852203,69.0,55.86354071984154,-4.093406384811447,199,6.973,442
55.83859255181182,-4.209883869631748,70.0,55.8391698042901,-4.214478482526657,0,0.39,77
55.83859255181182,-4.209883869631748,70.0,55.86553667472969,-4.350500876963486,1,15.605,809
55.83859255181182,-4.209883869631748,70.0,55.912892829643965,-4.286410947894997,2,13.879,2014
55.83859255181182,-4.209883869631748,70.0,55.84854019346565,-4.391697428307927,3,15.036,1030
55.83859255181182,-4.209883869631748,70.0,55.79232875093524,-4.310455024670266,4,17.501,1008
55.83859255181182,-4.209883869631748,70.0,55.837143362020576,-4.120043492886959,5,6.568,325
55.83859255181182,-4.209883869631748,70.0,55.84185129809378,-4.283879851305767,6,5.489,679
55.83859255181182,-4.209883869631748,70.0,55.90609664927746,-4.311383718964596,7,12.809,1184
55.83859255181182,-4.209883869631748,70.0,55.7832172019226,-4.31249791159531,8,11.472,1046
55.83859255181182,-4.209883869631748,70.0,55.8177258987159,-4.260489243356555,9,5.394,546
55.83859255181182,-4.209883869631748,70.0,55.903262790870684,-4.212111703691823,10,10.352,1022
55.83859255181182,-4.209883869631748,70.0,55.893978813107424,-4.1413270988368325,11,8.969,907
55.83859255181182,-4.209883869631748,70.0,55.894884622950286,-4.154349650804189,12,11.864,837
55.83859255181182,-4.209883869631748,70.0,55.80680963785043,-4.263605759417426,13,7.832,813
55.83859255181182,-4.209883869631748,70.0,55.81824312166051,-4.346878846315483,14,14.664,922
55.83859255181182,-4.209883869631748,70.0,55.84742656229786,-4.269221405976544,15,4.956,592
55.83859255181182,-4.209883869631748,70.0,55.80730424868546,-4.315177272898423,16,14.37,906
55.83859255181182,-4.209883869631748,70.0,55.83798278877758,-4.260604018644594,17,3.96,493
55.83859255181182,-4.209883869631748,70.0,55.89424631095569,-4.343398240721316,18,17.421,1058
55.83859255181182,-4.209883869631748,70.0,55.83908093533876,-4.223069302141199,19,1.42,207
55.83859255181182,-4.209883869631748,70.0,55.8357731433788,-4.270556349194068,20,4.644,543
55.83859255181182,-4.209883869631748,70.0,55.90309627527835,-4.360750370095284,21,19.454,1293
55.83859255181182,-4.209883869631748,70.0,55.85652103589449,-4.101365743428073,22,11.501,649
55.83859255181182,-4.209883869631748,70.0,55.783736419963375,-4.235306054793451,23,9.536,667
55.83859255181182,-4.209883869631748,70.0,55.92064824587275,-4.2358362157531895,24,11.477,1003
55.83859255181182,-4.209883869631748,70.0,55.907674892744176,-4.2497703459088045,25,10.229,2048
55.83859255181182,-4.209883869631748,70.0,55.919604340921964,-4.226208116301384,26,11.401,1014
55.83859255181182,-4.209883869631748,70.0,55.83219148710444,-4.304581930326681,27,13.542,948
55.83859255181182,-4.209883869631748,70.0,55.79569701419853,-4.1769099124482585,28,6.057,456
55.83859255181182,-4.209883869631748,70.0,55.81260197667657,-4.197841211154324,29,3.468,323
55.83859255181182,-4.209883869631748,70.0,55.826092940761974,-4.176919409292903,30,3.242,381
55.83859255181182,-4.209883869631748,70.0,55.828413149208096,-4.109650878166438,31,10.029,588
55.83859255181182,-4.209883869631748,70.0,55.8999241737755,-4.257993823533507,32,10.328,993
55.83859255181182,-4.209883869631748,70.0,55.892514250678616,-4.340118142906542,33,17.45,1070
55.83859255181182,-4.209883869631748,70.0,55.855241629670886,-4.269936069312288,34,8.661,693
55.83859255181182,-4.209883869631748,70.0,55.877364911629314,-4.109701193625618,35,17.742,860
55.83859255181182,-4.209883869631748,70.0,55.887053111734645,-4.1280531391159245,36,12.73,949
55.83859255181182,-4.209883869631748,70.0,55.89108676863447,-4.105446803942431,37,17.73,1076
55.83859255181182,-4.209883869631748,70.0,55.842635153466425,-4.334387903339716,38,11.473,737
55.83859255181182,-4.209883869631748,70.0,55.89197542936556,-4.19614108945253,39,8.737,782
55.83859255181182,-4.209883869631748,70.0,55.825849135803445,-4.321179033230789,40,11.72,848
55.83859255181182,-4.209883869631748,70.0,55.81864602215581,-4.375055705699034,41,15.693,930
55.83859255181182,-4.209883869631748,70.0,55.92613065482397,-4.212698358862173,42,11.863,1067
55.83859255181182,-4.209883869631748,70.0,55.874439929608144,-4.279689658904073,43,8.502,815
55.83859255181182,-4.209883869631748,70.0,55.81998166828728,-4.245455535821837,44,4.686,430
55.83859255181182,-4.209883869631748,70.0,55.91066980601156,-4.213502644426629,45,10.815,1018
55.83859255181182,-4.209883869631748,70.0,55.8404807486866,-4.356656090229781,46,15.125,1004
55.83859255181182,-4.209883869631748,70.0,55.88708229912325,-4.079055837843032,47,15.36,669
55.83859255181182,-4.209883869631748,70.0,55.84510555179576,-4.178720975321847,48,4.89,414
55.83859255181182,-4.209883869631748,70.0,55.84413340760586,-4.085244529493477,49,12.057,1043
55.83859255181182,-4.209883869631748,70.0,55.83324217210475,-4.157183908594519,50,4.752,411
55.83859255181182,-4.209883869631748,70.0,55.895753278756494,-4.323131413571223,51,17.207,1170
55.83859255181182,-4.209883869631748,70.0,55.88609925330935,-4.38354364327563,52,16.638,877
55.83859255181182,-4.209883869631748,70.0,55.86596770908397,-4.338853955125049,53,13.421,758
55.83859255181182,-4.209883869631748,70.0,55.819381988004544,-4.256567679373081,54,6.303,601
55.83859255181182,-4.209883869631748,70.0,55.919398785577634,-4.298102785445152,55,14.155,1693
55.83859255181182,-4.209883869631748,70.0,55.81052481551728,-4.0780884232687225,56,12.828,1735
55.83859255181182,-4.209883869631748,70.0,55.8411814367945,-4.125490362928665,57,8.11,484
55.83859255181182,-4.209883869631748,70.0,55.844855881791794,-4.151320272286683,58,5.742,464
55.83859255181182,-4.209883869631748,70.0,55.79334532620707,-4.3052187624925375,59,10.215,994
55.83859255181182,-4.209883869631748,70.0,55.78499644933002,-4.082518262203789,60,13.251,744
55.83859255181182,-4.209883869631748,70.0,55.86482365717543,-4.074666870071637,61,13.053,842
55.83859255181182,-4.209883869631748,70.0,55.910543969585106,-4.384534109666136,62,21.281,1358
55.83859255181182,-4.209883869631748,70.0,55.799715679086134,-4.188568421733812,63,6.039,614
55.83859255181182,-4.209883869631748,70.0,55.90005630083831,-4.294022887833187,64,11.881,1137
55.83859255181182,-4.209883869631748,70.0,55.82573931186619,-4.210157383495828,65,1.525,137
55.83859255181182,-4.209883869631748,70.0,55.88010014610652,-4.288014027401103,66,10.602,1106
55.83859255181182,-4.209883869631748,70.0,55.8836463272421,-4.377148406451105,67,16.408,955
55.83859255181182,-4.209883869631748,70.0,55.80511293548626,-4.195982430231648,68,4.448,397
55.83859255181182,-4.209883869631748,70.0,55.9265186267864,-4.256321117900257,69,13.693,1108
55.83859255181182,-4.209883869631748,70.0,55.90353118048908,-4.119171950823842,70,18.332,1136
55.83859255181182,-4.209883869631748,70.0,55.81502357146685,-4.260984914919316,71,5.751,580
55.83859255181182,-4.209883869631748,70.0,55.894355058439295,-4.293143876300353,72,11.171,1085
55.83859255181182,-4.209883869631748,70.0,55.80246488546192,-4.242274834364847,73,6.188,600
55.83859255181182,-4.209883869631748,70.0,55.887581813102464,-4.2985753032369685,74,10.783,1081
55.83859255181182,-4.209883869631748,70.0,55.928290955083554,-4.295962301582311,75,14.577,1108
55.83859255181182,-4.209883869631748,70.0,55.81096058143004,-4.368797105646974,76,17.35,1012
55.83859255181182,-4.209883869631748,70.0,55.84818750128869,-4.3631808239548375,77,16.111,856
55.83859255181182,-4.209883869631748,70.0,55.81610352786554,-4.330910795148831,78,13.689,762
55.83859255181182,-4.209883869631748,70.0,55.807034270653475,-4.136077366584948,79,10.805,636
55.83859255181182,-4.209883869631748,70.0,55.86778114631985,-4.233612892312959,80,5.459,657
55.83859255181182,-4.209883869631748,70.0,55.79578956690847,-4.368290459919509,81,22.434,2207
55.83859255181182,-4.209883869631748,70.0,55.897877306124535,-4.077031107370425,82,17.719,1414
55.83859255181182,-4.209883869631748,70.0,55.80721289582252,-4.242612882195534,83,5.527,562
55.83859255181182,-4.209883869631748,70.0,55.92209393969709,-4.157940141970138,84,13.397,988
55.83859255181182,-4.209883869631748,70.0,55.79188265083702,-4.28147512844989,85,9.205,871
55.83859255181182,-4.209883869631748,70.0,55.88043814367632,-4.104360473798184,86,17.052,800
55.83859255181182,-4.209883869631748,70.0,55.90345994988174,-4.293652184560058,87,13.352,1149
55.83859255181182,-4.209883869631748,70.0,55.91230525016259,-4.108196424937476,88,21.012,1038
55.83859255181182,-4.209883869631748,70.0,55.90569137930351,-4.3852429216612405,89,21.316,1381
55.83859255181182,-4.209883869631748,70.0,55.824402119970216,-4.298242138123909,90,12.156,769
55.83859255181182,-4.209883869631748,70.0,55.887104625653905,-4.201059285828647,91,6.98,918
55.83859255181182,-4.209883869631748,70.0,55.92006797200308,-4.195257422106852,92,15.467,1033
55.83859255181182,-4.209883869631748,70.0,55.7944551107823,-4.1683749063061635,93,6.187,890
55.83859255181182,-4.209883869631748,70.0,55.88003873447475,-4.304350182381346,94,10.116,988
55.83859255181182,-4.209883869631748,70.0,55.88308048053683,-4.2942103285768285,95,9.716,963
55.83859255181182,-4.209883869631748,70.0,55.80779271908626,-4.3234306371549245,96,14.96,894
55.83859255181182,-4.209883869631748,70.0,55.90123467399992,-4.380968632189907,97,17.06,1486
55.83859255181182,-4.209883869631748,70.0,55.88049231589054,-4.293733205570284,98,9.618,953
55.83859255181182,-4.209883869631748,70.0,55.84697147961761,-4.334108806216461,99,11.587,770
55.83859255181182,-4.209883869631748,70.0,55.83067141211495,-4.195633651932574,100,1.86,212
55.83859255181182,-4.209883869631748,70.0,55.89350845984679,-4.099445363541155,101,16.797,846
55.83859255181182,-4.209883869631748,70.0,55.92592408664018,-4.179171340754611,102,14.738,1072
55.83859255181182,-4.209883869631748,70.0,55.84941827409408,-4.169566750359822,103,5.595,479
55.83859255181182,-4.209883869631748,70.0,55.92413375575165,-4.226670311636797,104,13.078,1810
55.83859255181182,-4.209883869631748,70.0,55.88995713457192,-4.285031242761631,105,10.111,987
55.83859255181182,-4.209883869631748,70.0,55.90528066541109,-4.131569818675147,106,11.076,835
55.83859255181182,-4.209883869631748,70.0,55.87850608392288,-4.103517886631066,107,17.383,834
55.83859255181182,-4.209883869631748,70.0,55.80799405798939,-4.284953473560454,108,7.618,817
55.83859255181182,-4.209883869631748,70.0,55.906815669822045,-4.385279074380807,109,20.627,1296
55.83859255181182,-4.209883869631748,70.0,55.916237634416454,-4.222407816066865,110,11.316,1003
55.83859255181182,-4.209883869631748,70.0,55.915798955837815,-4.088621086891774,111,19.878,922
55.83859255181182,-4.209883869631748,70.0,55.827538479175395,-4.350653065976025,112,14.033,853
55.83859255181182,-4.209883869631748,70.0,55.799515288981674,-4.0866627646338864,113,13.81,862
55.83859255181182,-4.209883869631748,70.0,55.831024245961984,-4.244756518165482,114,3.4,398
55.83859255181182,-4.209883869631748,70.0,55.86754360554833,-4.2143078261423845,115,4.795,693
55.83859255181182,-4.209883869631748,70.0,55.8574985965699,-4.1521224561179935,116,6.898,590
55.83859255181182,-4.209883869631748,70.0,55.88095643501817,-4.32811659177277,117,15.263,885
55.83859255181182,-4.209883869631748,70.0,55.85240433608213,-4.177570445500026,118,4.259,434
55.83859255181182,-4.209883869631748,70.0,55.91169549549074,-4.359708873069638,119,16.267,1467
55.83859255181182,-4.209883869631748,70.0,55.92640787519779,-4.300990956079843,120,15.025,1157
55.83859255181182,-4.209883869631748,70.0,55.84019197366069,-4.205566157974415,121,0.759,152
55.83859255181182,-4.209883869631748,70.0,55.866619942939494,-4.268153778778456,122,7.579,796
55.83859255181182,-4.209883869631748,70.0,55.81327411986783,-4.2587495402872255,123,5.73,590
55.83859255181182,-4.209883869631748,70.0,55.86022660117776,-4.154711133590585,124,7.251,621
55.83859255181182,-4.209883869631748,70.0,55.831522729053496,-4.370420634377527,125,16.087,1023
55.83859255181182,-4.209883869631748,70.0,55.84074346341779,-4.172411658039648,126,3.963,333
55.83859255181182,-4.209883869631748,70.0,55.8801412435821,-4.258666277618953,127,7.855,811
55.83859255181182,-4.209883869631748,70.0,55.8434159429892,-4.1056733307349536,128,8.366,512
55.83859255181182,-4.209883869631748,70.0,55.83522057783537,-4.25736952395694,129,3.934,495
55.83859255181182,-4.209883869631748,70.0,55.86467774065618,-4.2250953414252415,130,4.02,450
55.83859255181182,-4.209883869631748,70.0,55.8953662249987,-4.231143624453162,131,8.503,815
55.83859255181182,-4.209883869631748,70.0,55.81920459649808,-4.236238450921302,132,4.102,379
55.83859255181182,-4.209883869631748,70.0,55.900795402502105,-4.206009410292495,133,10.138,949
55.83859255181182,-4.209883869631748,70.0,55.86078490474355,-4.339631469507248,134,13.956,853
55.83859255181182,-4.209883869631748,70.0,55.924999437053955,-4.191173279124663,135,15.216,1024
55.83859255181182,-4.209883869631748,70.0,55.81549096669224,-4.126910343137958,136,7.467,679
55.83859255181182,-4.209883869631748,70.0,55.90135585493081,-4.207622057499793,137,10.137,926
55.83859255181182,-4.209883869631748,70.0,55.845816555475636,-4.129576488296543,138,7.115,554
55.83859255181182,-4.209883869631748,70.0,55.80470047644827,-4.291960781118721,139,8.669,922
55.83859255181182,-4.209883869631748,70.0,55.89185394491289,-4.179857587296262,140,7.641,707
55.83859255181182,-4.209883869631748,70.0,55.91859399996558,-4.3401659608951215,141,17.786,1367
55.83859255181182,-4.209883869631748,70.0,55.90671476836246,-4.3642865107142725,142,20.206,1349
55.83859255181182,-4.209883869631748,70.0,55.81273399651921,-4.167613047894911,143,5.445,427
55.83859255181182,-4.209883869631748,70.0,55.80939871413575,-4.276056954355674,144,6.906,705
55.83859255181182,-4.209883869631748,70.0,55.88312869327199,-4.214542892826467,145,8.074,841
55.83859255181182,-4.209883869631748,70.0,55.815340374954424,-4.283514492524949,146,7.076,722
55.83859255181182,-4.209883869631748,70.0,55.87864379034378,-4.080636908866371,147,16.34,703
55.83859255181182,-4.209883869631748,70.0,55.89423440492952,-4.2418874418647645,148,9.066,898
55.83859255181182,-4.209883869631748,70.0,55.92796852989922,-4.305970400193036,149,15.153,1180
55.83859255181182,-4.209883869631748,70.0,55.92895153496988,-4.082888064137351,150,20.836,930
55.83859255181182,-4.209883869631748,70.0,55.790766759429424,-4.135285962371055,151,8.612,531
55.83859255181182,-4.209883869631748,70.0,55.80808041573422,-4.184105792933229,152,4.242,329
55.83859255181182,-4.209883869631748,70.0,55.7982747224006,-4.3931924101572655,153,18.158,1107
55.83859255181182,-4.209883869631748,70.0,55.81178474630603,-4.337962602706185,154,14.756,868
55.83859255181182,-4.209883869631748,70.0,55.852972007756,-4.353957895039277,155,13.155,856
55.83859255181182,-4.209883869631748,70.0,55.797152036890715,-4.311451416173846,156,16.728,942
55.83859255181182,-4.209883869631748,70.0,55.84839482833289,-4.1889265673730645,157,3.17,395
55.83859255181182,-4.209883869631748,70.0,55.86383954752864,-4.387927326091926,158,18.747,883
55.83859255181182,-4.209883869631748,70.0,55.807182357875575,-4.140487806234959,159,7.481,594
55.83859255181182,-4.209883869631748,70.0,55.8296607577131,-4.218765551358871,160,1.866,229
55.83859255181182,-4.209883869631748,70.0,55.82699494590622,-4.295404959002084,161,12.192,746
55.83859255181182,-4.209883869631748,70.0,55.861248665443505,-4.307186036515638,162,11.041,759
55.83859255181182,-4.209883869631748,70.0,55.897857165570365,-4.156645648865112,163,9.117,743
55.83859255181182,-4.209883869631748,70.0,55.877747555317356,-4.342792329217214,164,15.853,982
55.83859255181182,-4.209883869631748,70.0,55.92259641850896,-4.389236283866068,165,32.109,1446
55.83859255181182,-4.209883869631748,70.0,55.92621339590465,-4.2820478996479165,166,13.477,1056
55.83859255181182,-4.209883869631748,70.0,55.80660612206145,-4.094012410496262,167,12.413,800
55.83859255181182,-4.209883869631748,70.0,55.84605439624201,-4.09192094471571,168,17.569,772
55.83859255181182,-4.209883869631748,70.0,55.83961965364386,-4.1201104741133365,169,7.717,411
55.83859255181182,-4.209883869631748,70.0,55.85030951683019,-4.217608837338132,170,1.77,258
55.83859255181182,-4.209883869631748,70.0,55.85971342373431,-4.246748195156407,171,4.093,498
55.83859255181182,-4.209883869631748,70.0,55.815747728441636,-4.150792968910081,172,5.023,504
55.83859255181182,-4.209883869631748,70.0,55.80041195127493,-4.3806303679601495,173,17.574,1060
55.83859255181182,-4.209883869631748,70.0,55.85487415463933,-4.092829020720908,174,12.024,603
55.83859255181182,-4.209883869631748,70.0,55.80456076444065,-4.203157873727267,175,4.467,399
55.83859255181182,-4.209883869631748,70.0,55.84723005082115,-4.330151260440624,176,11.108,714
55.83859255181182,-4.209883869631748,70.0,55.88775631668876,-4.123428423568879,177,12.865,955
55.83859255181182,-4.209883869631748,70.0,55.82857385936083,-4.129579652409029,178,7.545,691
55.83859255181182,-4.209883869631748,70.0,55.879865395443076,-4.36272007519476,179,12.183,1000
55.83859255181182,-4.209883869631748,70.0,55.87973669437185,-4.215636550296907,180,5.868,820
55.83859255181182,-4.209883869631748,70.0,55.8162521393249,-4.1868605517933455,181,3.609,311
55.83859255181182,-4.209883869631748,70.0,55.80755514535402,-4.201625161718038,182,4.22,366
55.83859255181182,-4.209883869631748,70.0,55.85565398843102,-4.250533808562208,183,3.973,494
55.83859255181182,-4.209883869631748,70.0,55.929636326069506,-4.381100658166308,184,33.095,1467
55.83859255181182,-4.209883869631748,70.0,55.879581066995904,-4.21986165885879,185,7.002,833
55.83859255181182,-4.209883869631748,70.0,55.92647877645629,-4.127886630011083,186,14.479,1074
55.83859255181182,-4.209883869631748,70.0,55.82282427264178,-4.371094162561755,187,15.223,946
55.83859255181182,-4.209883869631748,70.0,55.90291353127043,-4.3414180899754955,188,18.252,1227
55.83859255181182,-4.209883869631748,70.0,55.78437024600116,-4.156926419796477,189,7.956,546
55.83859255181182,-4.209883869631748,70.0,55.8321542449311,-4.1561720476648265,190,4.792,424
55.83859255181182,-4.209883869631748,70.0,55.88310705812362,-4.084862107847263,191,13.501,585
55.83859255181182,-4.209883869631748,70.0,55.85616333886266,-4.110333739241922,192,12.144,700
55.83859255181182,-4.209883869631748,70.0,55.90185178498145,-4.152652007721208,193,13.026,1368
55.83859255181182,-4.209883869631748,70.0,55.8837118458465,-4.182392741162416,194,8.795,1684
55.83859255181182,-4.209883869631748,70.0,55.83086049774818,-4.312434105301623,195,13.126,851
55.83859255181182,-4.209883869631748,70.0,55.821849459706755,-4.176208567338996,196,3.653,378
55.83859255181182,-4.209883869631748,70.0,55.88009750494633,-4.255964552703097,197,7.541,789
55.83859255181182,-4.209883869631748,70.0,55.87413911675089,-4.369807111055967,198,14.749,774
55.83859255181182,-4.209883869631748,70.0,55.86354071984154,-4.093406384811447,199,13.604,707
55.829061726810124,-4.375451006547848,71.0,55.8391698042901,-4.214478482526657,0,16.584,1254
55.829061726810124,-4.375451006547848,71.0,55.86553667472969,-4.350500876963486,1,9.147,991
55.829061726810124,-4.375451006547848,71.0,55.912892829643965,-4.286410947894997,2,19.752,2462
55.829061726810124,-4.375451006547848,71.0,55.84854019346565,-4.391697428307927,3,6.758,901
55.829061726810124,-4.375451006547848,71.0,55.79232875093524,-4.310455024670266,4,6.849,872
55.829061726810124,-4.375451006547848,71.0,55.837143362020576,-4.120043492886959,5,20.283,1266
55.829061726810124,-4.375451006547848,71.0,55.84185129809378,-4.283879851305767,6,8.764,923
55.829061726810124,-4.375451006547848,71.0,55.90609664927746,-4.311383718964596,7,17.137,1470
55.829061726810124,-4.375451006547848,71.0,55.7832172019226,-4.31249791159531,8,8.437,930
55.829061726810124,-4.375451006547848,71.0,55.8177258987159,-4.260489243356555,9,9.344,1079
55.829061726810124,-4.375451006547848,71.0,55.903262790870684,-4.212111703691823,10,19.118,1537
55.829061726810124,-4.375451006547848,71.0,55.893978813107424,-4.1413270988368325,11,20.858,1544
55.829061726810124,-4.375451006547848,71.0,55.894884622950286,-4.154349650804189,12,23.243,1443
55.829061726810124,-4.375451006547848,71.0,55.80680963785043,-4.263605759417426,13,9.826,1156
55.829061726810124,-4.375451006547848,71.0,55.81824312166051,-4.346878846315483,14,3.347,644
55.829061726810124,-4.375451006547848,71.0,55.84742656229786,-4.269221405976544,15,10.496,1199
55.829061726810124,-4.375451006547848,71.0,55.80730424868546,-4.315177272898423,16,6.206,804
55.829061726810124,-4.375451006547848,71.0,55.83798278877758,-4.260604018644594,17,9.527,1171
55.829061726810124,-4.375451006547848,71.0,55.89424631095569,-4.343398240721316,18,12.909,1310
55.829061726810124,-4.375451006547848,71.0,55.83908093533876,-4.223069302141199,19,14.175,1285
55.829061726810124,-4.375451006547848,71.0,55.8357731433788,-4.270556349194068,20,8.65,992
55.829061726810124,-4.375451006547848,71.0,55.90309627527835,-4.360750370095284,21,14.942,1545
55.829061726810124,-4.375451006547848,71.0,55.85652103589449,-4.101365743428073,22,23.406,1487
55.829061726810124,-4.375451006547848,71.0,55.783736419963375,-4.235306054793451,23,21.364,1307
55.829061726810124,-4.375451006547848,71.0,55.92064824587275,-4.2358362157531895,24,20.243,1518
55.829061726810124,-4.375451006547848,71.0,55.907674892744176,-4.2497703459088045,25,18.995,2563
55.829061726810124,-4.375451006547848,71.0,55.919604340921964,-4.226208116301384,26,20.167,1529
55.829061726810124,-4.375451006547848,71.0,55.83219148710444,-4.304581930326681,27,7.906,968
55.829061726810124,-4.375451006547848,71.0,55.79569701419853,-4.1769099124482585,28,28.356,1643
55.829061726810124,-4.375451006547848,71.0,55.81260197667657,-4.197841211154324,29,18.41,1406
55.829061726810124,-4.375451006547848,71.0,55.826092940761974,-4.176919409292903,30,16.94,1338
55.829061726810124,-4.375451006547848,71.0,55.828413149208096,-4.109650878166438,31,23.744,1529
55.829061726810124,-4.375451006547848,71.0,55.8999241737755,-4.257993823533507,32,16.201,1449
55.829061726810124,-4.375451006547848,71.0,55.892514250678616,-4.340118142906542,33,12.938,1321
55.829061726810124,-4.375451006547848,71.0,55.855241629670886,-4.269936069312288,34,12.234,1075
55.829061726810124,-4.375451006547848,71.0,55.877364911629314,-4.109701193625618,35,23.807,1588
55.829061726810124,-4.375451006547848,71.0,55.887053111734645,-4.1280531391159245,36,24.109,1554
55.829061726810124,-4.375451006547848,71.0,55.89108676863447,-4.105446803942431,37,25.842,1860
55.829061726810124,-4.375451006547848,71.0,55.842635153466425,-4.334387903339716,38,5.749,819
55.829061726810124,-4.375451006547848,71.0,55.89197542936556,-4.19614108945253,39,20.116,1388
55.829061726810124,-4.375451006547848,71.0,55.825849135803445,-4.321179033230789,40,7.885,889
55.829061726810124,-4.375451006547848,71.0,55.81864602215581,-4.375055705699034,41,2.036,500
55.829061726810124,-4.375451006547848,71.0,55.92613065482397,-4.212698358862173,42,20.629,1582
55.829061726810124,-4.375451006547848,71.0,55.874439929608144,-4.279689658904073,43,12.841,1116
55.829061726810124,-4.375451006547848,71.0,55.81998166828728,-4.245455535821837,44,10.28,1180
55.829061726810124,-4.375451006547848,71.0,55.91066980601156,-4.213502644426629,45,19.581,1533
55.829061726810124,-4.375451006547848,71.0,55.8404807486866,-4.356656090229781,46,4.243,687
55.829061726810124,-4.375451006547848,71.0,55.88708229912325,-4.079055837843032,47,29.075,1609
55.829061726810124,-4.375451006547848,71.0,55.84510555179576,-4.178720975321847,48,18.605,1354
55.829061726810124,-4.375451006547848,71.0,55.84413340760586,-4.085244529493477,49,25.772,1983
55.829061726810124,-4.375451006547848,71.0,55.83324217210475,-4.157183908594519,50,18.467,1351
55.829061726810124,-4.375451006547848,71.0,55.895753278756494,-4.323131413571223,51,12.695,1421
55.829061726810124,-4.375451006547848,71.0,55.88609925330935,-4.38354364327563,52,10.18,1060
55.829061726810124,-4.375451006547848,71.0,55.86596770908397,-4.338853955125049,53,8.909,1009
55.829061726810124,-4.375451006547848,71.0,55.819381988004544,-4.256567679373081,54,9.41,1073
55.829061726810124,-4.375451006547848,71.0,55.919398785577634,-4.298102785445152,55,20.028,2142
55.829061726810124,-4.375451006547848,71.0,55.81052481551728,-4.0780884232687225,56,26.543,2676
55.829061726810124,-4.375451006547848,71.0,55.8411814367945,-4.125490362928665,57,21.825,1424
55.829061726810124,-4.375451006547848,71.0,55.844855881791794,-4.151320272286683,58,19.457,1404
55.829061726810124,-4.375451006547848,71.0,55.79334532620707,-4.3052187624925375,59,7.18,878
55.829061726810124,-4.375451006547848,71.0,55.78499644933002,-4.082518262203789,60,31.023,1758
55.829061726810124,-4.375451006547848,71.0,55.86482365717543,-4.074666870071637,61,25.672,1704
55.829061726810124,-4.375451006547848,71.0,55.910543969585106,-4.384534109666136,62,23.426,1615
55.829061726810124,-4.375451006547848,71.0,55.799715679086134,-4.188568421733812,63,15.55,1670
55.829061726810124,-4.375451006547848,71.0,55.90005630083831,-4.294022887833187,64,16.209,1424
55.829061726810124,-4.375451006547848,71.0,55.82573931186619,-4.210157383495828,65,16.467,1220
55.829061726810124,-4.375451006547848,71.0,55.88010014610652,-4.288014027401103,66,14.93,1392
55.829061726810124,-4.375451006547848,71.0,55.8836463272421,-4.377148406451105,67,9.95,1137
55.829061726810124,-4.375451006547848,71.0,55.80511293548626,-4.195982430231648,68,19.39,1480
55.829061726810124,-4.375451006547848,71.0,55.9265186267864,-4.256321117900257,69,19.566,1556
55.829061726810124,-4.375451006547848,71.0,55.90353118048908,-4.119171950823842,70,25.005,1796
55.829061726810124,-4.375451006547848,71.0,55.81502357146685,-4.260984914919316,71,9.055,1056
55.829061726810124,-4.375451006547848,71.0,55.894355058439295,-4.293143876300353,72,15.499,1371
55.829061726810124,-4.375451006547848,71.0,55.80246488546192,-4.242274834364847,73,12.078,1356
55.829061726810124,-4.375451006547848,71.0,55.887581813102464,-4.2985753032369685,74,15.111,1368
55.829061726810124,-4.375451006547848,71.0,55.928290955083554,-4.295962301582311,75,20.45,1557
55.829061726810124,-4.375451006547848,71.0,55.81096058143004,-4.368797105646974,76,3.644,691
55.829061726810124,-4.375451006547848,71.0,55.84818750128869,-4.3631808239548375,77,5.997,803
55.829061726810124,-4.375451006547848,71.0,55.81610352786554,-4.330910795148831,78,5.087,710
55.829061726810124,-4.375451006547848,71.0,55.807034270653475,-4.136077366584948,79,20.174,1589
55.829061726810124,-4.375451006547848,71.0,55.86778114631985,-4.233612892312959,80,14.692,1199
55.829061726810124,-4.375451006547848,71.0,55.79578956690847,-4.368290459919509,81,5.579,1811
55.829061726810124,-4.375451006547848,71.0,55.897877306124535,-4.077031107370425,82,27.633,2327
55.829061726810124,-4.375451006547848,71.0,55.80721289582252,-4.242612882195534,83,11.301,1308
55.829061726810124,-4.375451006547848,71.0,55.92209393969709,-4.157940141970138,84,24.776,1594
55.829061726810124,-4.375451006547848,71.0,55.79188265083702,-4.28147512844989,85,8.042,933
55.829061726810124,-4.375451006547848,71.0,55.88043814367632,-4.104360473798184,86,23.619,1548
55.829061726810124,-4.375451006547848,71.0,55.90345994988174,-4.293652184560058,87,16.678,1469
55.829061726810124,-4.375451006547848,71.0,55.91230525016259,-4.108196424937476,88,26.273,1741
55.829061726810124,-4.375451006547848,71.0,55.90569137930351,-4.3852429216612405,89,23.669,1654
55.829061726810124,-4.375451006547848,71.0,55.824402119970216,-4.298242138123909,90,6.715,857
55.829061726810124,-4.375451006547848,71.0,55.887104625653905,-4.201059285828647,91,17.828,1537
55.829061726810124,-4.375451006547848,71.0,55.92006797200308,-4.195257422106852,92,21.475,1560
55.829061726810124,-4.375451006547848,71.0,55.7944551107823,-4.1683749063061635,93,28.503,2075
55.829061726810124,-4.375451006547848,71.0,55.88003873447475,-4.304350182381346,94,14.67,1272
55.829061726810124,-4.375451006547848,71.0,55.88308048053683,-4.2942103285768285,95,14.27,1247
55.829061726810124,-4.375451006547848,71.0,55.80779271908626,-4.3234306371549245,96,5.668,774
55.829061726810124,-4.375451006547848,71.0,55.90123467399992,-4.380968632189907,97,17.11,1762
55.829061726810124,-4.375451006547848,71.0,55.88049231589054,-4.293733205570284,98,14.172,1237
55.829061726810124,-4.375451006547848,71.0,55.84697147961761,-4.334108806216461,99,6.762,897
55.829061726810124,-4.375451006547848,71.0,55.83067141211495,-4.195633651932574,100,15.75,1217
55.829061726810124,-4.375451006547848,71.0,55.89350845984679,-4.099445363541155,101,25.657,1692
55.829061726810124,-4.375451006547848,71.0,55.92592408664018,-4.179171340754611,102,26.117,1677
55.829061726810124,-4.375451006547848,71.0,55.84941827409408,-4.169566750359822,103,19.31,1420
55.829061726810124,-4.375451006547848,71.0,55.92413375575165,-4.226670311636797,104,21.844,2324
55.829061726810124,-4.375451006547848,71.0,55.88995713457192,-4.285031242761631,105,14.439,1274
55.829061726810124,-4.375451006547848,71.0,55.90528066541109,-4.131569818675147,106,22.455,1441
55.829061726810124,-4.375451006547848,71.0,55.87850608392288,-4.103517886631066,107,23.95,1581
55.829061726810124,-4.375451006547848,71.0,55.80799405798939,-4.284953473560454,108,8.656,1033
55.829061726810124,-4.375451006547848,71.0,55.906815669822045,-4.385279074380807,109,23.45,1608
55.829061726810124,-4.375451006547848,71.0,55.916237634416454,-4.222407816066865,110,20.082,1517
55.829061726810124,-4.375451006547848,71.0,55.915798955837815,-4.088621086891774,111,29.357,1772
55.829061726810124,-4.375451006547848,71.0,55.827538479175395,-4.350653065976025,112,3.396,588
55.829061726810124,-4.375451006547848,71.0,55.799515288981674,-4.0866627646338864,113,30.636,1788
55.829061726810124,-4.375451006547848,71.0,55.831024245961984,-4.244756518165482,114,13.216,1122
55.829061726810124,-4.375451006547848,71.0,55.86754360554833,-4.2143078261423845,115,16.032,1315
55.829061726810124,-4.375451006547848,71.0,55.8574985965699,-4.1521224561179935,116,20.613,1530
55.829061726810124,-4.375451006547848,71.0,55.88095643501817,-4.32811659177277,117,10.751,1137
55.829061726810124,-4.375451006547848,71.0,55.85240433608213,-4.177570445500026,118,19.474,1471
55.829061726810124,-4.375451006547848,71.0,55.91169549549074,-4.359708873069638,119,16.927,1736
55.829061726810124,-4.375451006547848,71.0,55.92640787519779,-4.300990956079843,120,20.898,1606
55.829061726810124,-4.375451006547848,71.0,55.84019197366069,-4.205566157974415,121,17.07,1369
55.829061726810124,-4.375451006547848,71.0,55.866619942939494,-4.268153778778456,122,12.994,1239
55.829061726810124,-4.375451006547848,71.0,55.81327411986783,-4.2587495402872255,123,9.734,1127
55.829061726810124,-4.375451006547848,71.0,55.86022660117776,-4.154711133590585,124,20.533,1458
55.829061726810124,-4.375451006547848,71.0,55.831522729053496,-4.370420634377527,125,3.53,649
55.829061726810124,-4.375451006547848,71.0,55.84074346341779,-4.172411658039648,126,17.678,1274
55.829061726810124,-4.375451006547848,71.0,55.8801412435821,-4.258666277618953,127,14.038,1265
55.829061726810124,-4.375451006547848,71.0,55.8434159429892,-4.1056733307349536,128,22.081,1453
55.829061726810124,-4.375451006547848,71.0,55.83522057783537,-4.25736952395694,129,9.579,1158
55.829061726810124,-4.375451006547848,71.0,55.86467774065618,-4.2250953414252415,130,14.816,1151
55.829061726810124,-4.375451006547848,71.0,55.8953662249987,-4.231143624453162,131,17.269,1329
55.829061726810124,-4.375451006547848,71.0,55.81920459649808,-4.236238450921302,132,10.864,1231
55.829061726810124,-4.375451006547848,71.0,55.900795402502105,-4.206009410292495,133,19.436,1524
55.829061726810124,-4.375451006547848,71.0,55.86078490474355,-4.339631469507248,134,8.583,1095
55.829061726810124,-4.375451006547848,71.0,55.924999437053955,-4.191173279124663,135,21.726,1569
55.829061726810124,-4.375451006547848,71.0,55.81549096669224,-4.126910343137958,136,21.165,1636
55.829061726810124,-4.375451006547848,71.0,55.90135585493081,-4.207622057499793,137,19.435,1501
55.829061726810124,-4.375451006547848,71.0,55.845816555475636,-4.129576488296543,138,20.83,1494
55.829061726810124,-4.375451006547848,71.0,55.80470047644827,-4.291960781118721,139,8.236,1019
55.829061726810124,-4.375451006547848,71.0,55.89185394491289,-4.179857587296262,140,19.02,1312
55.829061726810124,-4.375451006547848,71.0,55.91859399996558,-4.3401659608951215,141,15.793,1587
55.829061726810124,-4.375451006547848,71.0,55.90671476836246,-4.3642865107142725,142,15.694,1600
55.829061726810124,-4.375451006547848,71.0,55.81273399651921,-4.167613047894911,143,18.223,1400
55.829061726810124,-4.375451006547848,71.0,55.80939871413575,-4.276056954355674,144,8.37,981
55.829061726810124,-4.375451006547848,71.0,55.88312869327199,-4.214542892826467,145,16.84,1356
55.829061726810124,-4.375451006547848,71.0,55.815340374954424,-4.283514492524949,146,7.364,867
55.829061726810124,-4.375451006547848,71.0,55.87864379034378,-4.080636908866371,147,30.055,1644
55.829061726810124,-4.375451006547848,71.0,55.89423440492952,-4.2418874418647645,148,17.832,1413
55.829061726810124,-4.375451006547848,71.0,55.92796852989922,-4.305970400193036,149,21.026,1629
55.829061726810124,-4.375451006547848,71.0,55.92895153496988,-4.082888064137351,150,29.727,1721
55.829061726810124,-4.375451006547848,71.0,55.790766759429424,-4.135285962371055,151,28.315,1647
55.829061726810124,-4.375451006547848,71.0,55.80808041573422,-4.184105792933229,152,19.184,1412
55.829061726810124,-4.375451006547848,71.0,55.7982747224006,-4.3931924101572655,153,4.501,676
55.829061726810124,-4.375451006547848,71.0,55.81178474630603,-4.337962602706185,154,4.335,637
55.829061726810124,-4.375451006547848,71.0,55.852972007756,-4.353957895039277,155,6.21,914
55.829061726810124,-4.375451006547848,71.0,55.797152036890715,-4.311451416173846,156,6.076,806
55.829061726810124,-4.375451006547848,71.0,55.84839482833289,-4.1889265673730645,157,19.256,1388
55.829061726810124,-4.375451006547848,71.0,55.86383954752864,-4.387927326091926,158,10.146,993
55.829061726810124,-4.375451006547848,71.0,55.807182357875575,-4.140487806234959,159,19.851,1564
55.829061726810124,-4.375451006547848,71.0,55.8296607577131,-4.218765551358871,160,14.636,1278
55.829061726810124,-4.375451006547848,71.0,55.82699494590622,-4.295404959002084,161,7.287,855
55.829061726810124,-4.375451006547848,71.0,55.861248665443505,-4.307186036515638,162,9.148,1038
55.829061726810124,-4.375451006547848,71.0,55.897857165570365,-4.156645648865112,163,20.496,1349
55.829061726810124,-4.375451006547848,71.0,55.877747555317356,-4.342792329217214,164,11.341,1234
55.829061726810124,-4.375451006547848,71.0,55.92259641850896,-4.389236283866068,165,22.327,1614
55.829061726810124,-4.375451006547848,71.0,55.92621339590465,-4.2820478996479165,166,19.35,1505
55.829061726810124,-4.375451006547848,71.0,55.80660612206145,-4.094012410496262,167,26.128,1741
55.829061726810124,-4.375451006547848,71.0,55.84605439624201,-4.09192094471571,168,24.833,1464
55.829061726810124,-4.375451006547848,71.0,55.83961965364386,-4.1201104741133365,169,21.432,1351
55.829061726810124,-4.375451006547848,71.0,55.85030951683019,-4.217608837338132,170,14.724,1319
55.829061726810124,-4.375451006547848,71.0,55.85971342373431,-4.246748195156407,171,15.185,1250
55.829061726810124,-4.375451006547848,71.0,55.815747728441636,-4.150792968910081,172,18.721,1461
55.829061726810124,-4.375451006547848,71.0,55.80041195127493,-4.3806303679601495,173,3.917,629
55.829061726810124,-4.375451006547848,71.0,55.85487415463933,-4.092829020720908,174,24.643,1465
55.829061726810124,-4.375451006547848,71.0,55.80456076444065,-4.203157873727267,175,19.409,1482
55.829061726810124,-4.375451006547848,71.0,55.84723005082115,-4.330151260440624,176,6.952,878
55.829061726810124,-4.375451006547848,71.0,55.88775631668876,-4.123428423568879,177,24.244,1560
55.829061726810124,-4.375451006547848,71.0,55.82857385936083,-4.129579652409029,178,21.243,1648
55.829061726810124,-4.375451006547848,71.0,55.879865395443076,-4.36272007519476,179,12.233,1276
55.829061726810124,-4.375451006547848,71.0,55.87973669437185,-4.215636550296907,180,16.127,1367
55.829061726810124,-4.375451006547848,71.0,55.8162521393249,-4.1868605517933455,181,17.603,1371
55.829061726810124,-4.375451006547848,71.0,55.80755514535402,-4.201625161718038,182,19.162,1449
55.829061726810124,-4.375451006547848,71.0,55.85565398843102,-4.250533808562208,183,11.683,1169
55.829061726810124,-4.375451006547848,71.0,55.929636326069506,-4.381100658166308,184,23.313,1635
55.829061726810124,-4.375451006547848,71.0,55.879581066995904,-4.21986165885879,185,15.768,1348
55.829061726810124,-4.375451006547848,71.0,55.92647877645629,-4.127886630011083,186,25.858,1680
55.829061726810124,-4.375451006547848,71.0,55.82282427264178,-4.371094162561755,187,2.666,572
55.829061726810124,-4.375451006547848,71.0,55.90291353127043,-4.3414180899754955,188,13.74,1479
55.829061726810124,-4.375451006547848,71.0,55.78437024600116,-4.156926419796477,189,27.001,1639
55.829061726810124,-4.375451006547848,71.0,55.8321542449311,-4.1561720476648265,190,18.507,1365
55.829061726810124,-4.375451006547848,71.0,55.88310705812362,-4.084862107847263,191,27.216,1525
55.829061726810124,-4.375451006547848,71.0,55.85616333886266,-4.110333739241922,192,23.444,1509
55.829061726810124,-4.375451006547848,71.0,55.90185178498145,-4.152652007721208,193,24.405,1973
55.829061726810124,-4.375451006547848,71.0,55.8837118458465,-4.182392741162416,194,20.684,2321
55.829061726810124,-4.375451006547848,71.0,55.83086049774818,-4.312434105301623,195,7.49,871
55.829061726810124,-4.375451006547848,71.0,55.821849459706755,-4.176208567338996,196,17.351,1335
55.829061726810124,-4.375451006547848,71.0,55.88009750494633,-4.255964552703097,197,13.724,1244
55.829061726810124,-4.375451006547848,71.0,55.87413911675089,-4.369807111055967,198,8.291,956
55.829061726810124,-4.375451006547848,71.0,55.86354071984154,-4.093406384811447,199,24.06,1563
55.84501480530633,-4.078054295380862,72.0,55.8391698042901,-4.214478482526657,0,14.822,896
55.84501480530633,-4.078054295380862,72.0,55.86553667472969,-4.350500876963486,1,25.813,1246
55.84501480530633,-4.078054295380862,72.0,55.912892829643965,-4.286410947894997,2,22.199,2205
55.84501480530633,-4.078054295380862,72.0,55.84854019346565,-4.391697428307927,3,25.244,1467
55.84501480530633,-4.078054295380862,72.0,55.79232875093524,-4.310455024670266,4,27.735,1446
55.84501480530633,-4.078054295380862,72.0,55.837143362020576,-4.120043492886959,5,13.052,716
55.84501480530633,-4.078054295380862,72.0,55.84185129809378,-4.283879851305767,6,19.029,1199
55.84501480530633,-4.078054295380862,72.0,55.90609664927746,-4.311383718964596,7,20.883,1314
55.84501480530633,-4.078054295380862,72.0,55.7832172019226,-4.31249791159531,8,29.323,1504
55.84501480530633,-4.078054295380862,72.0,55.8177258987159,-4.260489243356555,9,18.979,1112
55.84501480530633,-4.078054295380862,72.0,55.903262790870684,-4.212111703691823,10,15.436,1095
55.84501480530633,-4.078054295380862,72.0,55.893978813107424,-4.1413270988368325,11,13.365,869
55.84501480530633,-4.078054295380862,72.0,55.894884622950286,-4.154349650804189,12,18.697,840
55.84501480530633,-4.078054295380862,72.0,55.80680963785043,-4.263605759417426,13,21.417,1379
55.84501480530633,-4.078054295380862,72.0,55.81824312166051,-4.346878846315483,14,24.898,1360
55.84501480530633,-4.078054295380862,72.0,55.84742656229786,-4.269221405976544,15,18.891,1083
55.84501480530633,-4.078054295380862,72.0,55.80730424868546,-4.315177272898423,16,24.604,1345
55.84501480530633,-4.078054295380862,72.0,55.83798278877758,-4.260604018644594,17,17.5,1013
55.84501480530633,-4.078054295380862,72.0,55.89424631095569,-4.343398240721316,18,20.744,1294
55.84501480530633,-4.078054295380862,72.0,55.83908093533876,-4.223069302141199,19,15.852,1026
55.84501480530633,-4.078054295380862,72.0,55.8357731433788,-4.270556349194068,20,18.184,1063
55.84501480530633,-4.078054295380862,72.0,55.90309627527835,-4.360750370095284,21,22.777,1529
55.84501480530633,-4.078054295380862,72.0,55.85652103589449,-4.101365743428073,22,4.719,457
55.84501480530633,-4.078054295380862,72.0,55.783736419963375,-4.235306054793451,23,25.571,1339
55.84501480530633,-4.078054295380862,72.0,55.92064824587275,-4.2358362157531895,24,19.797,1195
55.84501480530633,-4.078054295380862,72.0,55.907674892744176,-4.2497703459088045,25,18.549,2240
55.84501480530633,-4.078054295380862,72.0,55.919604340921964,-4.226208116301384,26,17.643,1155
55.84501480530633,-4.078054295380862,72.0,55.83219148710444,-4.304581930326681,27,23.776,1386
55.84501480530633,-4.078054295380862,72.0,55.79569701419853,-4.1769099124482585,28,20.414,1058
55.84501480530633,-4.078054295380862,72.0,55.81260197667657,-4.197841211154324,29,16.687,1031
55.84501480530633,-4.078054295380862,72.0,55.826092940761974,-4.176919409292903,30,12.97,858
55.84501480530633,-4.078054295380862,72.0,55.828413149208096,-4.109650878166438,31,5.327,558
55.84501480530633,-4.078054295380862,72.0,55.8999241737755,-4.257993823533507,32,18.648,1184
55.84501480530633,-4.078054295380862,72.0,55.892514250678616,-4.340118142906542,33,20.773,1306
55.84501480530633,-4.078054295380862,72.0,55.855241629670886,-4.269936069312288,34,16.735,824
55.84501480530633,-4.078054295380862,72.0,55.877364911629314,-4.109701193625618,35,8.015,576
55.84501480530633,-4.078054295380862,72.0,55.887053111734645,-4.1280531391159245,36,11.574,880
55.84501480530633,-4.078054295380862,72.0,55.89108676863447,-4.105446803942431,37,9.444,906
55.84501480530633,-4.078054295380862,72.0,55.842635153466425,-4.334387903339716,38,21.681,1174
55.84501480530633,-4.078054295380862,72.0,55.89197542936556,-4.19614108945253,39,13.22,819
55.84501480530633,-4.078054295380862,72.0,55.825849135803445,-4.321179033230789,40,21.954,1287
55.84501480530633,-4.078054295380862,72.0,55.81864602215581,-4.375055705699034,41,25.927,1369
55.84501480530633,-4.078054295380862,72.0,55.92613065482397,-4.212698358862173,42,24.863,1246
55.84501480530633,-4.078054295380862,72.0,55.874439929608144,-4.279689658904073,43,16.576,946
55.84501480530633,-4.078054295380862,72.0,55.81998166828728,-4.245455535821837,44,18.459,1017
55.84501480530633,-4.078054295380862,72.0,55.91066980601156,-4.213502644426629,45,17.138,1170
55.84501480530633,-4.078054295380862,72.0,55.8404807486866,-4.356656090229781,46,25.333,1441
55.84501480530633,-4.078054295380862,72.0,55.88708229912325,-4.079055837843032,47,9.182,524
55.84501480530633,-4.078054295380862,72.0,55.84510555179576,-4.178720975321847,48,12.386,831
55.84501480530633,-4.078054295380862,72.0,55.84413340760586,-4.085244529493477,49,2.423,693
55.84501480530633,-4.078054295380862,72.0,55.83324217210475,-4.157183908594519,50,11.067,705
55.84501480530633,-4.078054295380862,72.0,55.895753278756494,-4.323131413571223,51,20.515,1368
55.84501480530633,-4.078054295380862,72.0,55.88609925330935,-4.38354364327563,52,26.846,1314
55.84501480530633,-4.078054295380862,72.0,55.86596770908397,-4.338853955125049,53,23.629,1195
55.84501480530633,-4.078054295380862,72.0,55.819381988004544,-4.256567679373081,54,19.888,1167
55.84501480530633,-4.078054295380862,72.0,55.919398785577634,-4.298102785445152,55,22.475,1885
55.84501480530633,-4.078054295380862,72.0,55.81052481551728,-4.0780884232687225,56,7.073,1644
55.84501480530633,-4.078054295380862,72.0,55.8411814367945,-4.125490362928665,57,6.687,624
55.84501480530633,-4.078054295380862,72.0,55.844855881791794,-4.151320272286683,58,12.218,805
55.84501480530633,-4.078054295380862,72.0,55.79334532620707,-4.3052187624925375,59,28.066,1452
55.84501480530633,-4.078054295380862,72.0,55.78499644933002,-4.082518262203789,60,13.46,779
55.84501480530633,-4.078054295380862,72.0,55.86482365717543,-4.074666870071637,61,3.32,510
55.84501480530633,-4.078054295380862,72.0,55.910543969585106,-4.384534109666136,62,24.604,1594
55.84501480530633,-4.078054295380862,72.0,55.799715679086134,-4.188568421733812,63,22.074,1286
55.84501480530633,-4.078054295380862,72.0,55.90005630083831,-4.294022887833187,64,19.955,1268
55.84501480530633,-4.078054295380862,72.0,55.82573931186619,-4.210157383495828,65,14.744,846
55.84501480530633,-4.078054295380862,72.0,55.88010014610652,-4.288014027401103,66,18.676,1236
55.84501480530633,-4.078054295380862,72.0,55.8836463272421,-4.377148406451105,67,26.616,1392
55.84501480530633,-4.078054295380862,72.0,55.80511293548626,-4.195982430231648,68,17.667,1106
55.84501480530633,-4.078054295380862,72.0,55.9265186267864,-4.256321117900257,69,22.013,1299
55.84501480530633,-4.078054295380862,72.0,55.90353118048908,-4.119171950823842,70,10.046,966
55.84501480530633,-4.078054295380862,72.0,55.81502357146685,-4.260984914919316,71,19.336,1146
55.84501480530633,-4.078054295380862,72.0,55.894355058439295,-4.293143876300353,72,19.245,1215
55.84501480530633,-4.078054295380862,72.0,55.80246488546192,-4.242274834364847,73,20.6,1243
55.84501480530633,-4.078054295380862,72.0,55.887581813102464,-4.2985753032369685,74,18.857,1211
55.84501480530633,-4.078054295380862,72.0,55.928290955083554,-4.295962301582311,75,22.897,1299
55.84501480530633,-4.078054295380862,72.0,55.81096058143004,-4.368797105646974,76,27.584,1451
55.84501480530633,-4.078054295380862,72.0,55.84818750128869,-4.3631808239548375,77,26.319,1293
55.84501480530633,-4.078054295380862,72.0,55.81610352786554,-4.330910795148831,78,23.923,1200
55.84501480530633,-4.078054295380862,72.0,55.807034270653475,-4.136077366584948,79,10.782,861
55.84501480530633,-4.078054295380862,72.0,55.86778114631985,-4.233612892312959,80,13.706,810
55.84501480530633,-4.078054295380862,72.0,55.79578956690847,-4.368290459919509,81,32.668,2645
55.84501480530633,-4.078054295380862,72.0,55.897877306124535,-4.077031107370425,82,9.433,1244
55.84501480530633,-4.078054295380862,72.0,55.80721289582252,-4.242612882195534,83,19.823,1194
55.84501480530633,-4.078054295380862,72.0,55.92209393969709,-4.157940141970138,84,14.009,984
55.84501480530633,-4.078054295380862,72.0,55.79188265083702,-4.28147512844989,85,22.79,1437
55.84501480530633,-4.078054295380862,72.0,55.88043814367632,-4.104360473798184,86,7.325,516
55.84501480530633,-4.078054295380862,72.0,55.90345994988174,-4.293652184560058,87,21.672,1341
55.84501480530633,-4.078054295380862,72.0,55.91230525016259,-4.108196424937476,88,10.84,875
55.84501480530633,-4.078054295380862,72.0,55.90569137930351,-4.3852429216612405,89,24.639,1617
55.84501480530633,-4.078054295380862,72.0,55.824402119970216,-4.298242138123909,90,22.39,1208
55.84501480530633,-4.078054295380862,72.0,55.887104625653905,-4.201059285828647,91,12.994,893
55.84501480530633,-4.078054295380862,72.0,55.92006797200308,-4.195257422106852,92,22.868,1063
55.84501480530633,-4.078054295380862,72.0,55.7944551107823,-4.1683749063061635,93,20.561,1491
55.84501480530633,-4.078054295380862,72.0,55.88003873447475,-4.304350182381346,94,18.19,1119
55.84501480530633,-4.078054295380862,72.0,55.88308048053683,-4.2942103285768285,95,17.79,1093
55.84501480530633,-4.078054295380862,72.0,55.80779271908626,-4.3234306371549245,96,25.194,1332
55.84501480530633,-4.078054295380862,72.0,55.90123467399992,-4.380968632189907,97,27.792,1793
55.84501480530633,-4.078054295380862,72.0,55.88049231589054,-4.293733205570284,98,17.692,1084
55.84501480530633,-4.078054295380862,72.0,55.84697147961761,-4.334108806216461,99,21.795,1207
55.84501480530633,-4.078054295380862,72.0,55.83067141211495,-4.195633651932574,100,13.988,860
55.84501480530633,-4.078054295380862,72.0,55.89350845984679,-4.099445363541155,101,8.511,676
55.84501480530633,-4.078054295380862,72.0,55.92592408664018,-4.179171340754611,102,22.139,1101
55.84501480530633,-4.078054295380862,72.0,55.84941827409408,-4.169566750359822,103,8.502,745
55.84501480530633,-4.078054295380862,72.0,55.92413375575165,-4.226670311636797,104,26.078,1988
55.84501480530633,-4.078054295380862,72.0,55.88995713457192,-4.285031242761631,105,18.185,1118
55.84501480530633,-4.078054295380862,72.0,55.90528066541109,-4.131569818675147,106,18.477,865
55.84501480530633,-4.078054295380862,72.0,55.87850608392288,-4.103517886631066,107,7.656,549
55.84501480530633,-4.078054295380862,72.0,55.80799405798939,-4.284953473560454,108,21.203,1383
55.84501480530633,-4.078054295380862,72.0,55.906815669822045,-4.385279074380807,109,23.95,1532
55.84501480530633,-4.078054295380862,72.0,55.916237634416454,-4.222407816066865,110,17.558,1144
55.84501480530633,-4.078054295380862,72.0,55.915798955837815,-4.088621086891774,111,13.7,777
55.84501480530633,-4.078054295380862,72.0,55.827538479175395,-4.350653065976025,112,24.267,1291
55.84501480530633,-4.078054295380862,72.0,55.799515288981674,-4.0866627646338864,113,9.642,830
55.84501480530633,-4.078054295380862,72.0,55.831024245961984,-4.244756518165482,114,16.94,918
55.84501480530633,-4.078054295380862,72.0,55.86754360554833,-4.2143078261423845,115,12.379,796
55.84501480530633,-4.078054295380862,72.0,55.8574985965699,-4.1521224561179935,116,8.457,646
55.84501480530633,-4.078054295380862,72.0,55.88095643501817,-4.32811659177277,117,21.409,1176
55.84501480530633,-4.078054295380862,72.0,55.85240433608213,-4.177570445500026,118,8.78,759
55.84501480530633,-4.078054295380862,72.0,55.91169549549074,-4.359708873069638,119,24.341,1597
55.84501480530633,-4.078054295380862,72.0,55.92640787519779,-4.300990956079843,120,23.345,1348
55.84501480530633,-4.078054295380862,72.0,55.84019197366069,-4.205566157974415,121,15.308,1012
55.84501480530633,-4.078054295380862,72.0,55.866619942939494,-4.268153778778456,122,15.653,927
55.84501480530633,-4.078054295380862,72.0,55.81327411986783,-4.2587495402872255,123,19.315,1156
55.84501480530633,-4.078054295380862,72.0,55.86022660117776,-4.154711133590585,124,8.708,575
55.84501480530633,-4.078054295380862,72.0,55.831522729053496,-4.370420634377527,125,26.321,1461
55.84501480530633,-4.078054295380862,72.0,55.84074346341779,-4.172411658039648,126,12.048,750
55.84501480530633,-4.078054295380862,72.0,55.8801412435821,-4.258666277618953,127,15.929,941
55.84501480530633,-4.078054295380862,72.0,55.8434159429892,-4.1056733307349536,128,6.943,653
55.84501480530633,-4.078054295380862,72.0,55.83522057783537,-4.25736952395694,129,17.474,1015
55.84501480530633,-4.078054295380862,72.0,55.86467774065618,-4.2250953414252415,130,13.599,714
55.84501480530633,-4.078054295380862,72.0,55.8953662249987,-4.231143624453162,131,16.823,1006
55.84501480530633,-4.078054295380862,72.0,55.81920459649808,-4.236238450921302,132,19.043,1067
55.84501480530633,-4.078054295380862,72.0,55.900795402502105,-4.206009410292495,133,14.621,985
55.84501480530633,-4.078054295380862,72.0,55.86078490474355,-4.339631469507248,134,24.164,1290
55.84501480530633,-4.078054295380862,72.0,55.924999437053955,-4.191173279124663,135,22.617,1054
55.84501480530633,-4.078054295380862,72.0,55.81549096669224,-4.126910343137958,136,8.726,769
55.84501480530633,-4.078054295380862,72.0,55.90135585493081,-4.207622057499793,137,14.62,963
55.84501480530633,-4.078054295380862,72.0,55.845816555475636,-4.129576488296543,138,6.296,549
55.84501480530633,-4.078054295380862,72.0,55.80470047644827,-4.291960781118721,139,22.209,1442
55.84501480530633,-4.078054295380862,72.0,55.89185394491289,-4.179857587296262,140,13.824,762
55.84501480530633,-4.078054295380862,72.0,55.91859399996558,-4.3401659608951215,141,23.207,1448
55.84501480530633,-4.078054295380862,72.0,55.90671476836246,-4.3642865107142725,142,24.428,1569
55.84501480530633,-4.078054295380862,72.0,55.81273399651921,-4.167613047894911,143,13.524,847
55.84501480530633,-4.078054295380862,72.0,55.80939871413575,-4.276056954355674,144,20.491,1271
55.84501480530633,-4.078054295380862,72.0,55.88312869327199,-4.214542892826467,145,12.621,864
55.84501480530633,-4.078054295380862,72.0,55.815340374954424,-4.283514492524949,146,20.661,1288
55.84501480530633,-4.078054295380862,72.0,55.87864379034378,-4.080636908866371,147,10.162,558
55.84501480530633,-4.078054295380862,72.0,55.89423440492952,-4.2418874418647645,148,17.386,1090
55.84501480530633,-4.078054295380862,72.0,55.92796852989922,-4.305970400193036,149,23.473,1371
55.84501480530633,-4.078054295380862,72.0,55.92895153496988,-4.082888064137351,150,14.658,785
55.84501480530633,-4.078054295380862,72.0,55.790766759429424,-4.135285962371055,151,11.625,870
55.84501480530633,-4.078054295380862,72.0,55.80808041573422,-4.184105792933229,152,15.003,963
55.84501480530633,-4.078054295380862,72.0,55.7982747224006,-4.3931924101572655,153,28.392,1545
55.84501480530633,-4.078054295380862,72.0,55.81178474630603,-4.337962602706185,154,24.99,1306
55.84501480530633,-4.078054295380862,72.0,55.852972007756,-4.353957895039277,155,23.363,1293
55.84501480530633,-4.078054295380862,72.0,55.797152036890715,-4.311451416173846,156,26.962,1380
55.84501480530633,-4.078054295380862,72.0,55.84839482833289,-4.1889265673730645,157,13.147,867
55.84501480530633,-4.078054295380862,72.0,55.86383954752864,-4.387927326091926,158,28.955,1320
55.84501480530633,-4.078054295380862,72.0,55.807182357875575,-4.140487806234959,159,10.993,859
55.84501480530633,-4.078054295380862,72.0,55.8296607577131,-4.218765551358871,160,15.085,938
55.84501480530633,-4.078054295380862,72.0,55.82699494590622,-4.295404959002084,161,22.426,1184
55.84501480530633,-4.078054295380862,72.0,55.861248665443505,-4.307186036515638,162,22.066,1219
55.84501480530633,-4.078054295380862,72.0,55.897857165570365,-4.156645648865112,163,15.3,799
55.84501480530633,-4.078054295380862,72.0,55.877747555317356,-4.342792329217214,164,22.007,1282
55.84501480530633,-4.078054295380862,72.0,55.92259641850896,-4.389236283866068,165,27.206,1654
55.84501480530633,-4.078054295380862,72.0,55.92621339590465,-4.2820478996479165,166,21.797,1248
55.84501480530633,-4.078054295380862,72.0,55.80660612206145,-4.094012410496262,167,6.658,709
55.84501480530633,-4.078054295380862,72.0,55.84605439624201,-4.09192094471571,168,10.496,577
55.84501480530633,-4.078054295380862,72.0,55.83961965364386,-4.1201104741133365,169,6.294,551
55.84501480530633,-4.078054295380862,72.0,55.85030951683019,-4.217608837338132,170,13.634,972
55.84501480530633,-4.078054295380862,72.0,55.85971342373431,-4.246748195156407,171,14.312,860
55.84501480530633,-4.078054295380862,72.0,55.815747728441636,-4.150792968910081,172,13.638,865
55.84501480530633,-4.078054295380862,72.0,55.80041195127493,-4.3806303679601495,173,27.808,1498
55.84501480530633,-4.078054295380862,72.0,55.85487415463933,-4.092829020720908,174,3.069,278
55.84501480530633,-4.078054295380862,72.0,55.80456076444065,-4.203157873727267,175,17.686,1107
55.84501480530633,-4.078054295380862,72.0,55.84723005082115,-4.330151260440624,176,21.316,1151
55.84501480530633,-4.078054295380862,72.0,55.88775631668876,-4.123428423568879,177,11.709,886
55.84501480530633,-4.078054295380862,72.0,55.82857385936083,-4.129579652409029,178,8.333,748
55.84501480530633,-4.078054295380862,72.0,55.879865395443076,-4.36272007519476,179,22.915,1307
55.84501480530633,-4.078054295380862,72.0,55.87973669437185,-4.215636550296907,180,13.337,960
55.84501480530633,-4.078054295380862,72.0,55.8162521393249,-4.1868605517933455,181,14.111,960
55.84501480530633,-4.078054295380862,72.0,55.80755514535402,-4.201625161718038,182,17.439,1074
55.84501480530633,-4.078054295380862,72.0,55.85565398843102,-4.250533808562208,183,15.126,1015
55.84501480530633,-4.078054295380862,72.0,55.929636326069506,-4.381100658166308,184,26.268,1613
55.84501480530633,-4.078054295380862,72.0,55.879581066995904,-4.21986165885879,185,13.522,995
55.84501480530633,-4.078054295380862,72.0,55.92647877645629,-4.127886630011083,186,12.952,1021
55.84501480530633,-4.078054295380862,72.0,55.82282427264178,-4.371094162561755,187,25.457,1384
55.84501480530633,-4.078054295380862,72.0,55.90291353127043,-4.3414180899754955,188,21.575,1463
55.84501480530633,-4.078054295380862,72.0,55.78437024600116,-4.156926419796477,189,19.059,1055
55.84501480530633,-4.078054295380862,72.0,55.8321542449311,-4.1561720476648265,190,11.107,719
55.84501480530633,-4.078054295380862,72.0,55.88310705812362,-4.084862107847263,191,7.323,440
55.84501480530633,-4.078054295380862,72.0,55.85616333886266,-4.110333739241922,192,5.362,508
55.84501480530633,-4.078054295380862,72.0,55.90185178498145,-4.152652007721208,193,20.427,1397
55.84501480530633,-4.078054295380862,72.0,55.8837118458465,-4.182392741162416,194,13.191,1646
55.84501480530633,-4.078054295380862,72.0,55.83086049774818,-4.312434105301623,195,23.36,1289
55.84501480530633,-4.078054295380862,72.0,55.821849459706755,-4.176208567338996,196,12.991,803
55.84501480530633,-4.078054295380862,72.0,55.88009750494633,-4.255964552703097,197,15.615,920
55.84501480530633,-4.078054295380862,72.0,55.87413911675089,-4.369807111055967,198,24.957,1211
55.84501480530633,-4.078054295380862,72.0,55.86354071984154,-4.093406384811447,199,3.871,375
55.89974458413639,-4.151456988403517,73.0,55.8391698042901,-4.214478482526657,0,9.674,1056
55.89974458413639,-4.151456988403517,73.0,55.86553667472969,-4.350500876963486,1,22.465,1177
55.89974458413639,-4.151456988403517,73.0,55.912892829643965,-4.286410947894997,2,14.551,1818
55.89974458413639,-4.151456988403517,73.0,55.84854019346565,-4.391697428307927,3,21.896,1398
55.89974458413639,-4.151456988403517,73.0,55.79232875093524,-4.310455024670266,4,24.387,1377
55.89974458413639,-4.151456988403517,73.0,55.837143362020576,-4.120043492886959,5,24.784,1111
55.89974458413639,-4.151456988403517,73.0,55.84185129809378,-4.283879851305767,6,19.067,1127
55.89974458413639,-4.151456988403517,73.0,55.90609664927746,-4.311383718964596,7,16.761,1090
55.89974458413639,-4.151456988403517,73.0,55.7832172019226,-4.31249791159531,8,25.975,1435
55.89974458413639,-4.151456988403517,73.0,55.8177258987159,-4.260489243356555,9,16.38,1301
55.89974458413639,-4.151456988403517,73.0,55.903262790870684,-4.212111703691823,10,8.116,669
55.89974458413639,-4.151456988403517,73.0,55.893978813107424,-4.1413270988368325,11,1.59,331
55.89974458413639,-4.151456988403517,73.0,55.894884622950286,-4.154349650804189,12,2.862,272
55.89974458413639,-4.151456988403517,73.0,55.80680963785043,-4.263605759417426,13,21.709,1532
55.89974458413639,-4.151456988403517,73.0,55.81824312166051,-4.346878846315483,14,21.55,1291
55.89974458413639,-4.151456988403517,73.0,55.84742656229786,-4.269221405976544,15,15.543,1014
55.89974458413639,-4.151456988403517,73.0,55.80730424868546,-4.315177272898423,16,21.256,1276
55.89974458413639,-4.151456988403517,73.0,55.83798278877758,-4.260604018644594,17,13.75,1075
55.89974458413639,-4.151456988403517,73.0,55.89424631095569,-4.343398240721316,18,17.396,1225
55.89974458413639,-4.151456988403517,73.0,55.83908093533876,-4.223069302141199,19,9.85,1105
55.89974458413639,-4.151456988403517,73.0,55.8357731433788,-4.270556349194068,20,16.347,1026
55.89974458413639,-4.151456988403517,73.0,55.90309627527835,-4.360750370095284,21,19.424,1362
55.89974458413639,-4.151456988403517,73.0,55.85652103589449,-4.101365743428073,22,10.602,807
55.89974458413639,-4.151456988403517,73.0,55.783736419963375,-4.235306054793451,23,31.622,1685
55.89974458413639,-4.151456988403517,73.0,55.92064824587275,-4.2358362157531895,24,9.674,676
55.89974458413639,-4.151456988403517,73.0,55.907674892744176,-4.2497703459088045,25,10.62,1891
55.89974458413639,-4.151456988403517,73.0,55.919604340921964,-4.226208116301384,26,8.408,610
55.89974458413639,-4.151456988403517,73.0,55.83219148710444,-4.304581930326681,27,20.428,1318
55.89974458413639,-4.151456988403517,73.0,55.79569701419853,-4.1769099124482585,28,27.797,1441
55.89974458413639,-4.151456988403517,73.0,55.81260197667657,-4.197841211154324,29,13.176,1343
55.89974458413639,-4.151456988403517,73.0,55.826092940761974,-4.176919409292903,30,24.702,1254
55.89974458413639,-4.151456988403517,73.0,55.828413149208096,-4.109650878166438,31,22.254,1149
55.89974458413639,-4.151456988403517,73.0,55.8999241737755,-4.257993823533507,32,15.825,1012
55.89974458413639,-4.151456988403517,73.0,55.892514250678616,-4.340118142906542,33,17.425,1237
55.89974458413639,-4.151456988403517,73.0,55.855241629670886,-4.269936069312288,34,13.387,755
55.89974458413639,-4.151456988403517,73.0,55.877364911629314,-4.109701193625618,35,9.25,762
55.89974458413639,-4.151456988403517,73.0,55.887053111734645,-4.1280531391159245,36,3.728,384
55.89974458413639,-4.151456988403517,73.0,55.89108676863447,-4.105446803942431,37,5.461,690
55.89974458413639,-4.151456988403517,73.0,55.842635153466425,-4.334387903339716,38,18.333,1105
55.89974458413639,-4.151456988403517,73.0,55.89197542936556,-4.19614108945253,39,5.97,475
55.89974458413639,-4.151456988403517,73.0,55.825849135803445,-4.321179033230789,40,18.606,1218
55.89974458413639,-4.151456988403517,73.0,55.81864602215581,-4.375055705699034,41,22.579,1300
55.89974458413639,-4.151456988403517,73.0,55.92613065482397,-4.212698358862173,42,7.782,606
55.89974458413639,-4.151456988403517,73.0,55.874439929608144,-4.279689658904073,43,13.228,877
55.89974458413639,-4.151456988403517,73.0,55.81998166828728,-4.245455535821837,44,15.86,1206
55.89974458413639,-4.151456988403517,73.0,55.91066980601156,-4.213502644426629,45,8.764,660
55.89974458413639,-4.151456988403517,73.0,55.8404807486866,-4.356656090229781,46,21.985,1372
55.89974458413639,-4.151456988403517,73.0,55.88708229912325,-4.079055837843032,47,12.057,623
55.89974458413639,-4.151456988403517,73.0,55.84510555179576,-4.178720975321847,48,10.582,1128
55.89974458413639,-4.151456988403517,73.0,55.84413340760586,-4.085244529493477,49,15.101,1340
55.89974458413639,-4.151456988403517,73.0,55.83324217210475,-4.157183908594519,50,22.799,1101
55.89974458413639,-4.151456988403517,73.0,55.895753278756494,-4.323131413571223,51,19.05,1299
55.89974458413639,-4.151456988403517,73.0,55.88609925330935,-4.38354364327563,52,23.498,1245
55.89974458413639,-4.151456988403517,73.0,55.86596770908397,-4.338853955125049,53,20.281,1126
55.89974458413639,-4.151456988403517,73.0,55.819381988004544,-4.256567679373081,54,16.11,1321
55.89974458413639,-4.151456988403517,73.0,55.919398785577634,-4.298102785445152,55,14.827,1497
55.89974458413639,-4.151456988403517,73.0,55.81052481551728,-4.0780884232687225,56,25.053,2296
55.89974458413639,-4.151456988403517,73.0,55.8411814367945,-4.125490362928665,57,20.335,1044
55.89974458413639,-4.151456988403517,73.0,55.844855881791794,-4.151320272286683,58,10.731,1066
55.89974458413639,-4.151456988403517,73.0,55.79334532620707,-4.3052187624925375,59,24.718,1383
55.89974458413639,-4.151456988403517,73.0,55.78499644933002,-4.082518262203789,60,26.943,1222
55.89974458413639,-4.151456988403517,73.0,55.86482365717543,-4.074666870071637,61,10.187,929
55.89974458413639,-4.151456988403517,73.0,55.910543969585106,-4.384534109666136,62,21.856,1497
55.89974458413639,-4.151456988403517,73.0,55.799715679086134,-4.188568421733812,63,28.125,1631
55.89974458413639,-4.151456988403517,73.0,55.90005630083831,-4.294022887833187,64,15.98,1073
55.89974458413639,-4.151456988403517,73.0,55.82573931186619,-4.210157383495828,65,11.233,1157
55.89974458413639,-4.151456988403517,73.0,55.88010014610652,-4.288014027401103,66,15.328,1167
55.89974458413639,-4.151456988403517,73.0,55.8836463272421,-4.377148406451105,67,23.268,1323
55.89974458413639,-4.151456988403517,73.0,55.80511293548626,-4.195982430231648,68,14.156,1417
55.89974458413639,-4.151456988403517,73.0,55.9265186267864,-4.256321117900257,69,11.9,805
55.89974458413639,-4.151456988403517,73.0,55.90353118048908,-4.119171950823842,70,4.624,625
55.89974458413639,-4.151456988403517,73.0,55.81502357146685,-4.260984914919316,71,16.737,1335
55.89974458413639,-4.151456988403517,73.0,55.894355058439295,-4.293143876300353,72,17.028,1157
55.89974458413639,-4.151456988403517,73.0,55.80246488546192,-4.242274834364847,73,18.001,1432
55.89974458413639,-4.151456988403517,73.0,55.887581813102464,-4.2985753032369685,74,15.509,1143
55.89974458413639,-4.151456988403517,73.0,55.928290955083554,-4.295962301582311,75,13.527,839
55.89974458413639,-4.151456988403517,73.0,55.81096058143004,-4.368797105646974,76,24.236,1382
55.89974458413639,-4.151456988403517,73.0,55.84818750128869,-4.3631808239548375,77,22.971,1224
55.89974458413639,-4.151456988403517,73.0,55.81610352786554,-4.330910795148831,78,20.575,1131
55.89974458413639,-4.151456988403517,73.0,55.807034270653475,-4.136077366584948,79,26.823,1389
55.89974458413639,-4.151456988403517,73.0,55.86778114631985,-4.233612892312959,80,10.358,741
55.89974458413639,-4.151456988403517,73.0,55.79578956690847,-4.368290459919509,81,29.32,2576
55.89974458413639,-4.151456988403517,73.0,55.897877306124535,-4.077031107370425,82,7.252,1156
55.89974458413639,-4.151456988403517,73.0,55.80721289582252,-4.242612882195534,83,17.224,1383
55.89974458413639,-4.151456988403517,73.0,55.92209393969709,-4.157940141970138,84,3.717,378
55.89974458413639,-4.151456988403517,73.0,55.79188265083702,-4.28147512844989,85,25.58,1438
55.89974458413639,-4.151456988403517,73.0,55.88043814367632,-4.104360473798184,86,8.56,702
55.89974458413639,-4.151456988403517,73.0,55.90345994988174,-4.293652184560058,87,15.195,994
55.89974458413639,-4.151456988403517,73.0,55.91230525016259,-4.108196424937476,88,7.016,562
55.89974458413639,-4.151456988403517,73.0,55.90569137930351,-4.3852429216612405,89,22.792,1573
55.89974458413639,-4.151456988403517,73.0,55.824402119970216,-4.298242138123909,90,19.042,1139
55.89974458413639,-4.151456988403517,73.0,55.887104625653905,-4.201059285828647,91,7.03,643
55.89974458413639,-4.151456988403517,73.0,55.92006797200308,-4.195257422106852,92,5.787,423
55.89974458413639,-4.151456988403517,73.0,55.7944551107823,-4.1683749063061635,93,27.927,1875
55.89974458413639,-4.151456988403517,73.0,55.88003873447475,-4.304350182381346,94,14.842,1050
55.89974458413639,-4.151456988403517,73.0,55.88308048053683,-4.2942103285768285,95,14.442,1025
55.89974458413639,-4.151456988403517,73.0,55.80779271908626,-4.3234306371549245,96,21.846,1263
55.89974458413639,-4.151456988403517,73.0,55.90123467399992,-4.380968632189907,97,24.444,1725
55.89974458413639,-4.151456988403517,73.0,55.88049231589054,-4.293733205570284,98,14.344,1015
55.89974458413639,-4.151456988403517,73.0,55.84697147961761,-4.334108806216461,99,18.447,1138
55.89974458413639,-4.151456988403517,73.0,55.83067141211495,-4.195633651932574,100,25.72,1256
55.89974458413639,-4.151456988403517,73.0,55.89350845984679,-4.099445363541155,101,5.276,521
55.89974458413639,-4.151456988403517,73.0,55.92592408664018,-4.179171340754611,102,5.058,461
55.89974458413639,-4.151456988403517,73.0,55.84941827409408,-4.169566750359822,103,9.9,1012
55.89974458413639,-4.151456988403517,73.0,55.92413375575165,-4.226670311636797,104,8.997,1348
55.89974458413639,-4.151456988403517,73.0,55.88995713457192,-4.285031242761631,105,14.837,1049
55.89974458413639,-4.151456988403517,73.0,55.90528066541109,-4.131569818675147,106,1.491,242
55.89974458413639,-4.151456988403517,73.0,55.87850608392288,-4.103517886631066,107,8.891,736
55.89974458413639,-4.151456988403517,73.0,55.80799405798939,-4.284953473560454,108,20.345,1393
55.89974458413639,-4.151456988403517,73.0,55.906815669822045,-4.385279074380807,109,22.573,1527
55.89974458413639,-4.151456988403517,73.0,55.916237634416454,-4.222407816066865,110,8.323,599
55.89974458413639,-4.151456988403517,73.0,55.915798955837815,-4.088621086891774,111,7.734,597
55.89974458413639,-4.151456988403517,73.0,55.827538479175395,-4.350653065976025,112,20.919,1222
55.89974458413639,-4.151456988403517,73.0,55.799515288981674,-4.0866627646338864,113,27.313,1335
55.89974458413639,-4.151456988403517,73.0,55.831024245961984,-4.244756518165482,114,14.461,1114
55.89974458413639,-4.151456988403517,73.0,55.86754360554833,-4.2143078261423845,115,9.056,772
55.89974458413639,-4.151456988403517,73.0,55.8574985965699,-4.1521224561179935,116,8.512,851
55.89974458413639,-4.151456988403517,73.0,55.88095643501817,-4.32811659177277,117,18.061,1107
55.89974458413639,-4.151456988403517,73.0,55.85240433608213,-4.177570445500026,118,8.384,922
55.89974458413639,-4.151456988403517,73.0,55.91169549549074,-4.359708873069638,119,19.368,1353
55.89974458413639,-4.151456988403517,73.0,55.92640787519779,-4.300990956079843,120,13.975,888
55.89974458413639,-4.151456988403517,73.0,55.84019197366069,-4.205566157974415,121,10.16,1154
55.89974458413639,-4.151456988403517,73.0,55.866619942939494,-4.268153778778456,122,12.305,858
55.89974458413639,-4.151456988403517,73.0,55.81327411986783,-4.2587495402872255,123,16.716,1345
55.89974458413639,-4.151456988403517,73.0,55.86022660117776,-4.154711133590585,124,5.606,721
55.89974458413639,-4.151456988403517,73.0,55.831522729053496,-4.370420634377527,125,22.973,1392
55.89974458413639,-4.151456988403517,73.0,55.84074346341779,-4.172411658039648,126,23.78,1146
55.89974458413639,-4.151456988403517,73.0,55.8801412435821,-4.258666277618953,127,12.581,872
55.89974458413639,-4.151456988403517,73.0,55.8434159429892,-4.1056733307349536,128,20.591,1073
55.89974458413639,-4.151456988403517,73.0,55.83522057783537,-4.25736952395694,129,13.724,1077
55.89974458413639,-4.151456988403517,73.0,55.86467774065618,-4.2250953414252415,130,10.251,645
55.89974458413639,-4.151456988403517,73.0,55.8953662249987,-4.231143624453162,131,9.103,689
55.89974458413639,-4.151456988403517,73.0,55.81920459649808,-4.236238450921302,132,16.444,1256
55.89974458413639,-4.151456988403517,73.0,55.900795402502105,-4.206009410292495,133,7.685,608
55.89974458413639,-4.151456988403517,73.0,55.86078490474355,-4.339631469507248,134,20.816,1221
55.89974458413639,-4.151456988403517,73.0,55.924999437053955,-4.191173279124663,135,5.536,414
55.89974458413639,-4.151456988403517,73.0,55.81549096669224,-4.126910343137958,136,25.653,1360
55.89974458413639,-4.151456988403517,73.0,55.90135585493081,-4.207622057499793,137,7.684,585
55.89974458413639,-4.151456988403517,73.0,55.845816555475636,-4.129576488296543,138,19.424,1031
55.89974458413639,-4.151456988403517,73.0,55.80470047644827,-4.291960781118721,139,20.372,1371
55.89974458413639,-4.151456988403517,73.0,55.89185394491289,-4.179857587296262,140,4.857,390
55.89974458413639,-4.151456988403517,73.0,55.91859399996558,-4.3401659608951215,141,16.736,1098
55.89974458413639,-4.151456988403517,73.0,55.90671476836246,-4.3642865107142725,142,19.455,1325
55.89974458413639,-4.151456988403517,73.0,55.81273399651921,-4.167613047894911,143,25.256,1242
55.89974458413639,-4.151456988403517,73.0,55.80939871413575,-4.276056954355674,144,20.253,1357
55.89974458413639,-4.151456988403517,73.0,55.88312869327199,-4.214542892826467,145,7.603,698
55.89974458413639,-4.151456988403517,73.0,55.815340374954424,-4.283514492524949,146,19.247,1243
55.89974458413639,-4.151456988403517,73.0,55.87864379034378,-4.080636908866371,147,12.97,646
55.89974458413639,-4.151456988403517,73.0,55.89423440492952,-4.2418874418647645,148,9.844,812
55.89974458413639,-4.151456988403517,73.0,55.92796852989922,-4.305970400193036,149,14.103,911
55.89974458413639,-4.151456988403517,73.0,55.92895153496988,-4.082888064137351,150,9.383,557
55.89974458413639,-4.151456988403517,73.0,55.790766759429424,-4.135285962371055,151,28.951,1445
55.89974458413639,-4.151456988403517,73.0,55.80808041573422,-4.184105792933229,152,26.735,1358
55.89974458413639,-4.151456988403517,73.0,55.7982747224006,-4.3931924101572655,153,25.044,1476
55.89974458413639,-4.151456988403517,73.0,55.81178474630603,-4.337962602706185,154,21.642,1237
55.89974458413639,-4.151456988403517,73.0,55.852972007756,-4.353957895039277,155,20.015,1224
55.89974458413639,-4.151456988403517,73.0,55.797152036890715,-4.311451416173846,156,23.614,1311
55.89974458413639,-4.151456988403517,73.0,55.84839482833289,-4.1889265673730645,157,9.397,1002
55.89974458413639,-4.151456988403517,73.0,55.86383954752864,-4.387927326091926,158,25.607,1251
55.89974458413639,-4.151456988403517,73.0,55.807182357875575,-4.140487806234959,159,26.5,1364
55.89974458413639,-4.151456988403517,73.0,55.8296607577131,-4.218765551358871,160,11.574,1248
55.89974458413639,-4.151456988403517,73.0,55.82699494590622,-4.295404959002084,161,19.078,1115
55.89974458413639,-4.151456988403517,73.0,55.861248665443505,-4.307186036515638,162,18.718,1150
55.89974458413639,-4.151456988403517,73.0,55.897857165570365,-4.156645648865112,163,6.394,443
55.89974458413639,-4.151456988403517,73.0,55.877747555317356,-4.342792329217214,164,18.659,1213
55.89974458413639,-4.151456988403517,73.0,55.92259641850896,-4.389236283866068,165,20.735,1302
55.89974458413639,-4.151456988403517,73.0,55.92621339590465,-4.2820478996479165,166,12.847,807
55.89974458413639,-4.151456988403517,73.0,55.80660612206145,-4.094012410496262,167,24.638,1361
55.89974458413639,-4.151456988403517,73.0,55.84605439624201,-4.09192094471571,168,12.029,784
55.89974458413639,-4.151456988403517,73.0,55.83961965364386,-4.1201104741133365,169,19.942,971
55.89974458413639,-4.151456988403517,73.0,55.85030951683019,-4.217608837338132,170,8.598,975
55.89974458413639,-4.151456988403517,73.0,55.85971342373431,-4.246748195156407,171,10.964,791
55.89974458413639,-4.151456988403517,73.0,55.815747728441636,-4.150792968910081,172,25.37,1261
55.89974458413639,-4.151456988403517,73.0,55.80041195127493,-4.3806303679601495,173,24.46,1429
55.89974458413639,-4.151456988403517,73.0,55.85487415463933,-4.092829020720908,174,11.839,785
55.89974458413639,-4.151456988403517,73.0,55.80456076444065,-4.203157873727267,175,14.175,1419
55.89974458413639,-4.151456988403517,73.0,55.84723005082115,-4.330151260440624,176,17.968,1082
55.89974458413639,-4.151456988403517,73.0,55.88775631668876,-4.123428423568879,177,3.863,390
55.89974458413639,-4.151456988403517,73.0,55.82857385936083,-4.129579652409029,178,25.26,1339
55.89974458413639,-4.151456988403517,73.0,55.879865395443076,-4.36272007519476,179,19.567,1239
55.89974458413639,-4.151456988403517,73.0,55.87973669437185,-4.215636550296907,180,8.428,818
55.89974458413639,-4.151456988403517,73.0,55.8162521393249,-4.1868605517933455,181,13.317,1331
55.89974458413639,-4.151456988403517,73.0,55.80755514535402,-4.201625161718038,182,13.928,1386
55.89974458413639,-4.151456988403517,73.0,55.85565398843102,-4.250533808562208,183,11.778,946
55.89974458413639,-4.151456988403517,73.0,55.929636326069506,-4.381100658166308,184,19.797,1262
55.89974458413639,-4.151456988403517,73.0,55.879581066995904,-4.21986165885879,185,8.701,867
55.89974458413639,-4.151456988403517,73.0,55.92647877645629,-4.127886630011083,186,4.894,481
55.89974458413639,-4.151456988403517,73.0,55.82282427264178,-4.371094162561755,187,22.109,1315
55.89974458413639,-4.151456988403517,73.0,55.90291353127043,-4.3414180899754955,188,20.583,1422
55.89974458413639,-4.151456988403517,73.0,55.78437024600116,-4.156926419796477,189,32.542,1498
55.89974458413639,-4.151456988403517,73.0,55.8321542449311,-4.1561720476648265,190,22.839,1115
55.89974458413639,-4.151456988403517,73.0,55.88310705812362,-4.084862107847263,191,19.928,887
55.89974458413639,-4.151456988403517,73.0,55.85616333886266,-4.110333739241922,192,10.64,829
55.89974458413639,-4.151456988403517,73.0,55.90185178498145,-4.152652007721208,193,3.346,757
55.89974458413639,-4.151456988403517,73.0,55.8837118458465,-4.182392741162416,194,4.458,1334
55.89974458413639,-4.151456988403517,73.0,55.83086049774818,-4.312434105301623,195,20.012,1220
55.89974458413639,-4.151456988403517,73.0,55.821849459706755,-4.176208567338996,196,24.723,1199
55.89974458413639,-4.151456988403517,73.0,55.88009750494633,-4.255964552703097,197,12.267,851
55.89974458413639,-4.151456988403517,73.0,55.87413911675089,-4.369807111055967,198,21.609,1142
55.89974458413639,-4.151456988403517,73.0,55.86354071984154,-4.093406384811447,199,10.867,794
55.8849584755457,-4.075849548903246,74.0,55.8391698042901,-4.214478482526657,0,15.985,839
55.8849584755457,-4.075849548903246,74.0,55.86553667472969,-4.350500876963486,1,28.322,1267
55.8849584755457,-4.075849548903246,74.0,55.912892829643965,-4.286410947894997,2,24.596,2161
55.8849584755457,-4.075849548903246,74.0,55.84854019346565,-4.391697428307927,3,27.753,1489
55.8849584755457,-4.075849548903246,74.0,55.79232875093524,-4.310455024670266,4,30.218,1466
55.8849584755457,-4.075849548903246,74.0,55.837143362020576,-4.120043492886959,5,14.215,658
55.8849584755457,-4.075849548903246,74.0,55.84185129809378,-4.283879851305767,6,20.192,1141
55.8849584755457,-4.075849548903246,74.0,55.90609664927746,-4.311383718964596,7,26.806,1434
55.8849584755457,-4.075849548903246,74.0,55.7832172019226,-4.31249791159531,8,26.175,1508
55.8849584755457,-4.075849548903246,74.0,55.8177258987159,-4.260489243356555,9,20.142,1054
55.8849584755457,-4.075849548903246,74.0,55.903262790870684,-4.212111703691823,10,18.161,1013
55.8849584755457,-4.075849548903246,74.0,55.893978813107424,-4.1413270988368325,11,6.709,630
55.8849584755457,-4.075849548903246,74.0,55.894884622950286,-4.154349650804189,12,11.661,544
55.8849584755457,-4.075849548903246,74.0,55.80680963785043,-4.263605759417426,13,22.58,1321
55.8849584755457,-4.075849548903246,74.0,55.81824312166051,-4.346878846315483,14,27.381,1380
55.8849584755457,-4.075849548903246,74.0,55.84742656229786,-4.269221405976544,15,20.557,1160
55.8849584755457,-4.075849548903246,74.0,55.80730424868546,-4.315177272898423,16,27.087,1365
55.8849584755457,-4.075849548903246,74.0,55.83798278877758,-4.260604018644594,17,18.663,955
55.8849584755457,-4.075849548903246,74.0,55.89424631095569,-4.343398240721316,18,25.476,1456
55.8849584755457,-4.075849548903246,74.0,55.83908093533876,-4.223069302141199,19,17.015,968
55.8849584755457,-4.075849548903246,74.0,55.8357731433788,-4.270556349194068,20,19.347,1005
55.8849584755457,-4.075849548903246,74.0,55.90309627527835,-4.360750370095284,21,29.469,1706
55.8849584755457,-4.075849548903246,74.0,55.85652103589449,-4.101365743428073,22,7.278,486
55.8849584755457,-4.075849548903246,74.0,55.783736419963375,-4.235306054793451,23,21.053,1231
55.8849584755457,-4.075849548903246,74.0,55.92064824587275,-4.2358362157531895,24,19.719,1019
55.8849584755457,-4.075849548903246,74.0,55.907674892744176,-4.2497703459088045,25,20.665,2235
55.8849584755457,-4.075849548903246,74.0,55.919604340921964,-4.226208116301384,26,18.453,954
55.8849584755457,-4.075849548903246,74.0,55.83219148710444,-4.304581930326681,27,26.259,1407
55.8849584755457,-4.075849548903246,74.0,55.79569701419853,-4.1769099124482585,28,17.228,987
55.8849584755457,-4.075849548903246,74.0,55.81260197667657,-4.197841211154324,29,17.85,973
55.8849584755457,-4.075849548903246,74.0,55.826092940761974,-4.176919409292903,30,14.133,800
55.8849584755457,-4.075849548903246,74.0,55.828413149208096,-4.109650878166438,31,11.685,695
55.8849584755457,-4.075849548903246,74.0,55.8999241737755,-4.257993823533507,32,25.87,1356
55.8849584755457,-4.075849548903246,74.0,55.892514250678616,-4.340118142906542,33,25.505,1468
55.8849584755457,-4.075849548903246,74.0,55.855241629670886,-4.269936069312288,34,21.467,986
55.8849584755457,-4.075849548903246,74.0,55.877364911629314,-4.109701193625618,35,4.441,407
55.8849584755457,-4.075849548903246,74.0,55.887053111734645,-4.1280531391159245,36,6.559,596
55.8849584755457,-4.075849548903246,74.0,55.89108676863447,-4.105446803942431,37,4.429,622
55.8849584755457,-4.075849548903246,74.0,55.842635153466425,-4.334387903339716,38,24.19,1195
55.8849584755457,-4.075849548903246,74.0,55.89197542936556,-4.19614108945253,39,14.769,746
55.8849584755457,-4.075849548903246,74.0,55.825849135803445,-4.321179033230789,40,24.437,1307
55.8849584755457,-4.075849548903246,74.0,55.81864602215581,-4.375055705699034,41,28.41,1389
55.8849584755457,-4.075849548903246,74.0,55.92613065482397,-4.212698358862173,42,17.827,950
55.8849584755457,-4.075849548903246,74.0,55.874439929608144,-4.279689658904073,43,21.308,1108
55.8849584755457,-4.075849548903246,74.0,55.81998166828728,-4.245455535821837,44,19.622,959
55.8849584755457,-4.075849548903246,74.0,55.91066980601156,-4.213502644426629,45,18.809,1004
55.8849584755457,-4.075849548903246,74.0,55.8404807486866,-4.356656090229781,46,27.842,1463
55.8849584755457,-4.075849548903246,74.0,55.88708229912325,-4.079055837843032,47,1.421,158
55.8849584755457,-4.075849548903246,74.0,55.84510555179576,-4.178720975321847,48,13.549,773
55.8849584755457,-4.075849548903246,74.0,55.84413340760586,-4.085244529493477,49,8.96,1010
55.8849584755457,-4.075849548903246,74.0,55.83324217210475,-4.157183908594519,50,12.23,648
55.8849584755457,-4.075849548903246,74.0,55.895753278756494,-4.323131413571223,51,29.095,1643
55.8849584755457,-4.075849548903246,74.0,55.88609925330935,-4.38354364327563,52,29.355,1336
55.8849584755457,-4.075849548903246,74.0,55.86596770908397,-4.338853955125049,53,26.138,1216
55.8849584755457,-4.075849548903246,74.0,55.819381988004544,-4.256567679373081,54,21.051,1109
55.8849584755457,-4.075849548903246,74.0,55.919398785577634,-4.298102785445152,55,24.872,1841
55.8849584755457,-4.075849548903246,74.0,55.81052481551728,-4.0780884232687225,56,14.484,1843
55.8849584755457,-4.075849548903246,74.0,55.8411814367945,-4.125490362928665,57,9.766,591
55.8849584755457,-4.075849548903246,74.0,55.844855881791794,-4.151320272286683,58,13.381,747
55.8849584755457,-4.075849548903246,74.0,55.79334532620707,-4.3052187624925375,59,24.918,1456
55.8849584755457,-4.075849548903246,74.0,55.78499644933002,-4.082518262203789,60,16.374,769
55.8849584755457,-4.075849548903246,74.0,55.86482365717543,-4.074666870071637,61,5.378,573
55.8849584755457,-4.075849548903246,74.0,55.910543969585106,-4.384534109666136,62,31.901,1841
55.8849584755457,-4.075849548903246,74.0,55.799715679086134,-4.188568421733812,63,17.556,1178
55.8849584755457,-4.075849548903246,74.0,55.90005630083831,-4.294022887833187,64,26.025,1417
55.8849584755457,-4.075849548903246,74.0,55.82573931186619,-4.210157383495828,65,15.907,788
55.8849584755457,-4.075849548903246,74.0,55.88010014610652,-4.288014027401103,66,23.408,1398
55.8849584755457,-4.075849548903246,74.0,55.8836463272421,-4.377148406451105,67,29.125,1413
55.8849584755457,-4.075849548903246,74.0,55.80511293548626,-4.195982430231648,68,18.83,1048
55.8849584755457,-4.075849548903246,74.0,55.9265186267864,-4.256321117900257,69,21.945,1149
55.8849584755457,-4.075849548903246,74.0,55.90353118048908,-4.119171950823842,70,5.031,682
55.8849584755457,-4.075849548903246,74.0,55.81502357146685,-4.260984914919316,71,20.499,1088
55.8849584755457,-4.075849548903246,74.0,55.894355058439295,-4.293143876300353,72,23.977,1377
55.8849584755457,-4.075849548903246,74.0,55.80246488546192,-4.242274834364847,73,21.763,1185
55.8849584755457,-4.075849548903246,74.0,55.887581813102464,-4.2985753032369685,74,23.589,1373
55.8849584755457,-4.075849548903246,74.0,55.928290955083554,-4.295962301582311,75,23.572,1183
55.8849584755457,-4.075849548903246,74.0,55.81096058143004,-4.368797105646974,76,30.067,1471
55.8849584755457,-4.075849548903246,74.0,55.84818750128869,-4.3631808239548375,77,28.828,1315
55.8849584755457,-4.075849548903246,74.0,55.81610352786554,-4.330910795148831,78,26.406,1220
55.8849584755457,-4.075849548903246,74.0,55.807034270653475,-4.136077366584948,79,16.254,936
55.8849584755457,-4.075849548903246,74.0,55.86778114631985,-4.233612892312959,80,18.438,972
55.8849584755457,-4.075849548903246,74.0,55.79578956690847,-4.368290459919509,81,35.151,2665
55.8849584755457,-4.075849548903246,74.0,55.897877306124535,-4.077031107370425,82,4.418,960
55.8849584755457,-4.075849548903246,74.0,55.80721289582252,-4.242612882195534,83,20.986,1136
55.8849584755457,-4.075849548903246,74.0,55.92209393969709,-4.157940141970138,84,8.994,700
55.8849584755457,-4.075849548903246,74.0,55.79188265083702,-4.28147512844989,85,23.953,1380
55.8849584755457,-4.075849548903246,74.0,55.88043814367632,-4.104360473798184,86,3.751,347
55.8849584755457,-4.075849548903246,74.0,55.90345994988174,-4.293652184560058,87,25.24,1338
55.8849584755457,-4.075849548903246,74.0,55.91230525016259,-4.108196424937476,88,5.825,591
55.8849584755457,-4.075849548903246,74.0,55.90569137930351,-4.3852429216612405,89,29.371,1779
55.8849584755457,-4.075849548903246,74.0,55.824402119970216,-4.298242138123909,90,24.873,1228
55.8849584755457,-4.075849548903246,74.0,55.887104625653905,-4.201059285828647,91,15.829,915
55.8849584755457,-4.075849548903246,74.0,55.92006797200308,-4.195257422106852,92,15.832,767
55.8849584755457,-4.075849548903246,74.0,55.7944551107823,-4.1683749063061635,93,17.358,1422
55.8849584755457,-4.075849548903246,74.0,55.88003873447475,-4.304350182381346,94,22.922,1281
55.8849584755457,-4.075849548903246,74.0,55.88308048053683,-4.2942103285768285,95,22.522,1255
55.8849584755457,-4.075849548903246,74.0,55.80779271908626,-4.3234306371549245,96,27.677,1353
55.8849584755457,-4.075849548903246,74.0,55.90123467399992,-4.380968632189907,97,34.339,1969
55.8849584755457,-4.075849548903246,74.0,55.88049231589054,-4.293733205570284,98,22.424,1246
55.8849584755457,-4.075849548903246,74.0,55.84697147961761,-4.334108806216461,99,24.304,1228
55.8849584755457,-4.075849548903246,74.0,55.83067141211495,-4.195633651932574,100,15.151,802
55.8849584755457,-4.075849548903246,74.0,55.89350845984679,-4.099445363541155,101,3.496,392
55.8849584755457,-4.075849548903246,74.0,55.92592408664018,-4.179171340754611,102,15.103,805
55.8849584755457,-4.075849548903246,74.0,55.84941827409408,-4.169566750359822,103,13.658,796
55.8849584755457,-4.075849548903246,74.0,55.92413375575165,-4.226670311636797,104,19.042,1692
55.8849584755457,-4.075849548903246,74.0,55.88995713457192,-4.285031242761631,105,22.917,1280
55.8849584755457,-4.075849548903246,74.0,55.90528066541109,-4.131569818675147,106,11.441,569
55.8849584755457,-4.075849548903246,74.0,55.87850608392288,-4.103517886631066,107,4.082,380
55.8849584755457,-4.075849548903246,74.0,55.80799405798939,-4.284953473560454,108,22.366,1325
55.8849584755457,-4.075849548903246,74.0,55.906815669822045,-4.385279074380807,109,28.682,1694
55.8849584755457,-4.075849548903246,74.0,55.916237634416454,-4.222407816066865,110,18.368,942
55.8849584755457,-4.075849548903246,74.0,55.915798955837815,-4.088621086891774,111,6.664,481
55.8849584755457,-4.075849548903246,74.0,55.827538479175395,-4.350653065976025,112,26.75,1311
55.8849584755457,-4.075849548903246,74.0,55.799515288981674,-4.0866627646338864,113,16.744,882
55.8849584755457,-4.075849548903246,74.0,55.831024245961984,-4.244756518165482,114,18.103,860
55.8849584755457,-4.075849548903246,74.0,55.86754360554833,-4.2143078261423845,115,17.111,958
55.8849584755457,-4.075849548903246,74.0,55.8574985965699,-4.1521224561179935,116,9.913,684
55.8849584755457,-4.075849548903246,74.0,55.88095643501817,-4.32811659177277,117,27.98,1344
55.8849584755457,-4.075849548903246,74.0,55.85240433608213,-4.177570445500026,118,11.339,788
55.8849584755457,-4.075849548903246,74.0,55.91169549549074,-4.359708873069638,119,29.413,1697
55.8849584755457,-4.075849548903246,74.0,55.92640787519779,-4.300990956079843,120,24.02,1232
55.8849584755457,-4.075849548903246,74.0,55.84019197366069,-4.205566157974415,121,16.471,954
55.8849584755457,-4.075849548903246,74.0,55.866619942939494,-4.268153778778456,122,20.385,1089
55.8849584755457,-4.075849548903246,74.0,55.81327411986783,-4.2587495402872255,123,20.478,1098
55.8849584755457,-4.075849548903246,74.0,55.86022660117776,-4.154711133590585,124,10.348,695
55.8849584755457,-4.075849548903246,74.0,55.831522729053496,-4.370420634377527,125,28.804,1482
55.8849584755457,-4.075849548903246,74.0,55.84074346341779,-4.172411658039648,126,13.211,692
55.8849584755457,-4.075849548903246,74.0,55.8801412435821,-4.258666277618953,127,20.661,1103
55.8849584755457,-4.075849548903246,74.0,55.8434159429892,-4.1056733307349536,128,10.022,619
55.8849584755457,-4.075849548903246,74.0,55.83522057783537,-4.25736952395694,129,18.637,957
55.8849584755457,-4.075849548903246,74.0,55.86467774065618,-4.2250953414252415,130,18.331,876
55.8849584755457,-4.075849548903246,74.0,55.8953662249987,-4.231143624453162,131,17.588,993
55.8849584755457,-4.075849548903246,74.0,55.81920459649808,-4.236238450921302,132,20.206,1010
55.8849584755457,-4.075849548903246,74.0,55.900795402502105,-4.206009410292495,133,16.17,912
55.8849584755457,-4.075849548903246,74.0,55.86078490474355,-4.339631469507248,134,26.673,1311
55.8849584755457,-4.075849548903246,74.0,55.924999437053955,-4.191173279124663,135,15.581,758
55.8849584755457,-4.075849548903246,74.0,55.81549096669224,-4.126910343137958,136,15.084,907
55.8849584755457,-4.075849548903246,74.0,55.90135585493081,-4.207622057499793,137,16.169,890
55.8849584755457,-4.075849548903246,74.0,55.845816555475636,-4.129576488296543,138,8.855,578
55.8849584755457,-4.075849548903246,74.0,55.80470047644827,-4.291960781118721,139,23.372,1384
55.8849584755457,-4.075849548903246,74.0,55.89185394491289,-4.179857587296262,140,13.656,662
55.8849584755457,-4.075849548903246,74.0,55.91859399996558,-4.3401659608951215,141,26.781,1442
55.8849584755457,-4.075849548903246,74.0,55.90671476836246,-4.3642865107142725,142,29.5,1669
55.8849584755457,-4.075849548903246,74.0,55.81273399651921,-4.167613047894911,143,14.687,789
55.8849584755457,-4.075849548903246,74.0,55.80939871413575,-4.276056954355674,144,21.654,1213
55.8849584755457,-4.075849548903246,74.0,55.88312869327199,-4.214542892826467,145,16.402,969
55.8849584755457,-4.075849548903246,74.0,55.815340374954424,-4.283514492524949,146,21.824,1230
55.8849584755457,-4.075849548903246,74.0,55.87864379034378,-4.080636908866371,147,2.401,193
55.8849584755457,-4.075849548903246,74.0,55.89423440492952,-4.2418874418647645,148,18.329,1117
55.8849584755457,-4.075849548903246,74.0,55.92796852989922,-4.305970400193036,149,24.148,1255
55.8849584755457,-4.075849548903246,74.0,55.92895153496988,-4.082888064137351,150,7.622,488
55.8849584755457,-4.075849548903246,74.0,55.790766759429424,-4.135285962371055,151,18.382,992
55.8849584755457,-4.075849548903246,74.0,55.80808041573422,-4.184105792933229,152,16.166,905
55.8849584755457,-4.075849548903246,74.0,55.7982747224006,-4.3931924101572655,153,30.875,1565
55.8849584755457,-4.075849548903246,74.0,55.81178474630603,-4.337962602706185,154,27.473,1326
55.8849584755457,-4.075849548903246,74.0,55.852972007756,-4.353957895039277,155,25.872,1314
55.8849584755457,-4.075849548903246,74.0,55.797152036890715,-4.311451416173846,156,29.445,1400
55.8849584755457,-4.075849548903246,74.0,55.84839482833289,-4.1889265673730645,157,14.31,809
55.8849584755457,-4.075849548903246,74.0,55.86383954752864,-4.387927326091926,158,31.464,1342
55.8849584755457,-4.075849548903246,74.0,55.807182357875575,-4.140487806234959,159,15.931,911
55.8849584755457,-4.075849548903246,74.0,55.8296607577131,-4.218765551358871,160,16.248,880
55.8849584755457,-4.075849548903246,74.0,55.82699494590622,-4.295404959002084,161,24.909,1204
55.8849584755457,-4.075849548903246,74.0,55.861248665443505,-4.307186036515638,162,23.758,1218
55.8849584755457,-4.075849548903246,74.0,55.897857165570365,-4.156645648865112,163,15.193,714
55.8849584755457,-4.075849548903246,74.0,55.877747555317356,-4.342792329217214,164,28.57,1441
55.8849584755457,-4.075849548903246,74.0,55.92259641850896,-4.389236283866068,165,30.78,1646
55.8849584755457,-4.075849548903246,74.0,55.92621339590465,-4.2820478996479165,166,22.892,1151
55.8849584755457,-4.075849548903246,74.0,55.80660612206145,-4.094012410496262,167,14.069,907
55.8849584755457,-4.075849548903246,74.0,55.84605439624201,-4.09192094471571,168,11.107,684
55.8849584755457,-4.075849548903246,74.0,55.83961965364386,-4.1201104741133365,169,9.373,518
55.8849584755457,-4.075849548903246,74.0,55.85030951683019,-4.217608837338132,170,16.145,918
55.8849584755457,-4.075849548903246,74.0,55.85971342373431,-4.246748195156407,171,19.044,1022
55.8849584755457,-4.075849548903246,74.0,55.815747728441636,-4.150792968910081,172,14.801,807
55.8849584755457,-4.075849548903246,74.0,55.80041195127493,-4.3806303679601495,173,30.291,1518
55.8849584755457,-4.075849548903246,74.0,55.85487415463933,-4.092829020720908,174,7.801,440
55.8849584755457,-4.075849548903246,74.0,55.80456076444065,-4.203157873727267,175,18.849,1050
55.8849584755457,-4.075849548903246,74.0,55.84723005082115,-4.330151260440624,176,23.825,1172
55.8849584755457,-4.075849548903246,74.0,55.88775631668876,-4.123428423568879,177,6.694,602
55.8849584755457,-4.075849548903246,74.0,55.82857385936083,-4.129579652409029,178,14.691,886
55.8849584755457,-4.075849548903246,74.0,55.879865395443076,-4.36272007519476,179,29.462,1483
55.8849584755457,-4.075849548903246,74.0,55.87973669437185,-4.215636550296907,180,17.227,1089
55.8849584755457,-4.075849548903246,74.0,55.8162521393249,-4.1868605517933455,181,15.274,903
55.8849584755457,-4.075849548903246,74.0,55.80755514535402,-4.201625161718038,182,18.602,1017
55.8849584755457,-4.075849548903246,74.0,55.85565398843102,-4.250533808562208,183,20.316,1144
55.8849584755457,-4.075849548903246,74.0,55.929636326069506,-4.381100658166308,184,29.842,1606
55.8849584755457,-4.075849548903246,74.0,55.879581066995904,-4.21986165885879,185,17.5,1138
55.8849584755457,-4.075849548903246,74.0,55.92647877645629,-4.127886630011083,186,7.937,737
55.8849584755457,-4.075849548903246,74.0,55.82282427264178,-4.371094162561755,187,27.94,1405
55.8849584755457,-4.075849548903246,74.0,55.90291353127043,-4.3414180899754955,188,26.307,1625
55.8849584755457,-4.075849548903246,74.0,55.78437024600116,-4.156926419796477,189,21.973,1045
55.8849584755457,-4.075849548903246,74.0,55.8321542449311,-4.1561720476648265,190,12.27,661
55.8849584755457,-4.075849548903246,74.0,55.88310705812362,-4.084862107847263,191,9.359,434
55.8849584755457,-4.075849548903246,74.0,55.85616333886266,-4.110333739241922,192,7.921,537
55.8849584755457,-4.075849548903246,74.0,55.90185178498145,-4.152652007721208,193,13.391,1101
55.8849584755457,-4.075849548903246,74.0,55.8837118458465,-4.182392741162416,194,9.777,1650
55.8849584755457,-4.075849548903246,74.0,55.83086049774818,-4.312434105301623,195,25.843,1309
55.8849584755457,-4.075849548903246,74.0,55.821849459706755,-4.176208567338996,196,14.154,746
55.8849584755457,-4.075849548903246,74.0,55.88009750494633,-4.255964552703097,197,20.347,1082
55.8849584755457,-4.075849548903246,74.0,55.87413911675089,-4.369807111055967,198,27.466,1232
55.8849584755457,-4.075849548903246,74.0,55.86354071984154,-4.093406384811447,199,6.058,439
55.917757213101204,-4.2419859496509185,75.0,55.8391698042901,-4.214478482526657,0,12.027,1380
55.917757213101204,-4.2419859496509185,75.0,55.86553667472969,-4.350500876963486,1,15.931,1442
55.917757213101204,-4.2419859496509185,75.0,55.912892829643965,-4.286410947894997,2,5.044,1496
55.917757213101204,-4.2419859496509185,75.0,55.84854019346565,-4.391697428307927,3,19.629,1677
55.917757213101204,-4.2419859496509185,75.0,55.79232875093524,-4.310455024670266,4,22.12,1655
55.917757213101204,-4.2419859496509185,75.0,55.837143362020576,-4.120043492886959,5,22.705,1536
55.917757213101204,-4.2419859496509185,75.0,55.84185129809378,-4.283879851305767,6,16.8,1405
55.917757213101204,-4.2419859496509185,75.0,55.90609664927746,-4.311383718964596,7,8.976,841
55.917757213101204,-4.2419859496509185,75.0,55.7832172019226,-4.31249791159531,8,23.708,1713
55.917757213101204,-4.2419859496509185,75.0,55.8177258987159,-4.260489243356555,9,13.853,1563
55.917757213101204,-4.2419859496509185,75.0,55.903262790870684,-4.212111703691823,10,3.671,725
55.917757213101204,-4.2419859496509185,75.0,55.893978813107424,-4.1413270988368325,11,11.251,1052
55.917757213101204,-4.2419859496509185,75.0,55.894884622950286,-4.154349650804189,12,10.843,921
55.917757213101204,-4.2419859496509185,75.0,55.80680963785043,-4.263605759417426,13,15.694,1823
55.917757213101204,-4.2419859496509185,75.0,55.81824312166051,-4.346878846315483,14,19.283,1569
55.917757213101204,-4.2419859496509185,75.0,55.84742656229786,-4.269221405976544,15,13.276,1293
55.917757213101204,-4.2419859496509185,75.0,55.80730424868546,-4.315177272898423,16,18.989,1554
55.917757213101204,-4.2419859496509185,75.0,55.83798278877758,-4.260604018644594,17,11.223,1338
55.917757213101204,-4.2419859496509185,75.0,55.89424631095569,-4.343398240721316,18,12.101,1105
55.917757213101204,-4.2419859496509185,75.0,55.83908093533876,-4.223069302141199,19,11.474,1406
55.917757213101204,-4.2419859496509185,75.0,55.8357731433788,-4.270556349194068,20,14.08,1304
55.917757213101204,-4.2419859496509185,75.0,55.90309627527835,-4.360750370095284,21,11.639,1113
55.917757213101204,-4.2419859496509185,75.0,55.85652103589449,-4.101365743428073,22,19.682,1349
55.917757213101204,-4.2419859496509185,75.0,55.783736419963375,-4.235306054793451,23,17.913,1854
55.917757213101204,-4.2419859496509185,75.0,55.92064824587275,-4.2358362157531895,24,0.586,369
55.917757213101204,-4.2419859496509185,75.0,55.907674892744176,-4.2497703459088045,25,3.998,1807
55.917757213101204,-4.2419859496509185,75.0,55.919604340921964,-4.226208116301384,26,2.81,566
55.917757213101204,-4.2419859496509185,75.0,55.83219148710444,-4.304581930326681,27,18.161,1596
55.917757213101204,-4.2419859496509185,75.0,55.79569701419853,-4.1769099124482585,28,18.118,1799
55.917757213101204,-4.2419859496509185,75.0,55.81260197667657,-4.197841211154324,29,15.529,1666
55.917757213101204,-4.2419859496509185,75.0,55.826092940761974,-4.176919409292903,30,19.362,1609
55.917757213101204,-4.2419859496509185,75.0,55.828413149208096,-4.109650878166438,31,26.628,1695
55.917757213101204,-4.2419859496509185,75.0,55.8999241737755,-4.257993823533507,32,6.737,706
55.917757213101204,-4.2419859496509185,75.0,55.892514250678616,-4.340118142906542,33,12.13,1110
55.917757213101204,-4.2419859496509185,75.0,55.855241629670886,-4.269936069312288,34,11.12,1033
55.917757213101204,-4.2419859496509185,75.0,55.877364911629314,-4.109701193625618,35,17.231,1411
55.917757213101204,-4.2419859496509185,75.0,55.887053111734645,-4.1280531391159245,36,11.709,1033
55.917757213101204,-4.2419859496509185,75.0,55.89108676863447,-4.105446803942431,37,13.442,1339
55.917757213101204,-4.2419859496509185,75.0,55.842635153466425,-4.334387903339716,38,16.066,1383
55.917757213101204,-4.2419859496509185,75.0,55.89197542936556,-4.19614108945253,39,5.929,845
55.917757213101204,-4.2419859496509185,75.0,55.825849135803445,-4.321179033230789,40,16.339,1496
55.917757213101204,-4.2419859496509185,75.0,55.81864602215581,-4.375055705699034,41,20.312,1578
55.917757213101204,-4.2419859496509185,75.0,55.92613065482397,-4.212698358862173,42,3.438,637
55.917757213101204,-4.2419859496509185,75.0,55.874439929608144,-4.279689658904073,43,10.675,1107
55.917757213101204,-4.2419859496509185,75.0,55.81998166828728,-4.245455535821837,44,13.333,1468
55.917757213101204,-4.2419859496509185,75.0,55.91066980601156,-4.213502644426629,45,2.51,595
55.917757213101204,-4.2419859496509185,75.0,55.8404807486866,-4.356656090229781,46,19.718,1651
55.917757213101204,-4.2419859496509185,75.0,55.88708229912325,-4.079055837843032,47,20.038,1272
55.917757213101204,-4.2419859496509185,75.0,55.84510555179576,-4.178720975321847,48,12.935,1449
55.917757213101204,-4.2419859496509185,75.0,55.84413340760586,-4.085244529493477,49,24.181,1883
55.917757213101204,-4.2419859496509185,75.0,55.83324217210475,-4.157183908594519,50,15.057,1596
55.917757213101204,-4.2419859496509185,75.0,55.895753278756494,-4.323131413571223,51,11.265,1051
55.917757213101204,-4.2419859496509185,75.0,55.88609925330935,-4.38354364327563,52,21.231,1524
55.917757213101204,-4.2419859496509185,75.0,55.86596770908397,-4.338853955125049,53,15.062,1366
55.917757213101204,-4.2419859496509185,75.0,55.819381988004544,-4.256567679373081,54,13.583,1584
55.917757213101204,-4.2419859496509185,75.0,55.919398785577634,-4.298102785445152,55,5.32,1176
55.917757213101204,-4.2419859496509185,75.0,55.81052481551728,-4.0780884232687225,56,29.427,2842
55.917757213101204,-4.2419859496509185,75.0,55.8411814367945,-4.125490362928665,57,24.709,1590
55.917757213101204,-4.2419859496509185,75.0,55.844855881791794,-4.151320272286683,58,14.762,1566
55.917757213101204,-4.2419859496509185,75.0,55.79334532620707,-4.3052187624925375,59,22.451,1661
55.917757213101204,-4.2419859496509185,75.0,55.78499644933002,-4.082518262203789,60,31.317,1769
55.917757213101204,-4.2419859496509185,75.0,55.86482365717543,-4.074666870071637,61,18.168,1578
55.917757213101204,-4.2419859496509185,75.0,55.910543969585106,-4.384534109666136,62,14.071,1248
55.917757213101204,-4.2419859496509185,75.0,55.799715679086134,-4.188568421733812,63,18.1,1957
55.917757213101204,-4.2419859496509185,75.0,55.90005630083831,-4.294022887833187,64,6.892,767
55.917757213101204,-4.2419859496509185,75.0,55.82573931186619,-4.210157383495828,65,13.586,1480
55.917757213101204,-4.2419859496509185,75.0,55.88010014610652,-4.288014027401103,66,9.213,1011
55.917757213101204,-4.2419859496509185,75.0,55.8836463272421,-4.377148406451105,67,21.001,1601
55.917757213101204,-4.2419859496509185,75.0,55.80511293548626,-4.195982430231648,68,16.509,1740
55.917757213101204,-4.2419859496509185,75.0,55.9265186267864,-4.256321117900257,69,2.812,499
55.917757213101204,-4.2419859496509185,75.0,55.90353118048908,-4.119171950823842,70,12.11,1254
55.917757213101204,-4.2419859496509185,75.0,55.81502357146685,-4.260984914919316,71,14.21,1597
55.917757213101204,-4.2419859496509185,75.0,55.894355058439295,-4.293143876300353,72,7.94,851
55.917757213101204,-4.2419859496509185,75.0,55.80246488546192,-4.242274834364847,73,15.474,1694
55.917757213101204,-4.2419859496509185,75.0,55.887581813102464,-4.2985753032369685,74,8.55,921
55.917757213101204,-4.2419859496509185,75.0,55.928290955083554,-4.295962301582311,75,5.742,590
55.917757213101204,-4.2419859496509185,75.0,55.81096058143004,-4.368797105646974,76,21.969,1660
55.917757213101204,-4.2419859496509185,75.0,55.84818750128869,-4.3631808239548375,77,20.704,1503
55.917757213101204,-4.2419859496509185,75.0,55.81610352786554,-4.330910795148831,78,18.308,1409
55.917757213101204,-4.2419859496509185,75.0,55.807034270653475,-4.136077366584948,79,22.596,1859
55.917757213101204,-4.2419859496509185,75.0,55.86778114631985,-4.233612892312959,80,7.287,950
55.917757213101204,-4.2419859496509185,75.0,55.79578956690847,-4.368290459919509,81,27.053,2855
55.917757213101204,-4.2419859496509185,75.0,55.897877306124535,-4.077031107370425,82,15.233,1805
55.917757213101204,-4.2419859496509185,75.0,55.80721289582252,-4.242612882195534,83,14.697,1645
55.917757213101204,-4.2419859496509185,75.0,55.92209393969709,-4.157940141970138,84,8.896,871
55.917757213101204,-4.2419859496509185,75.0,55.79188265083702,-4.28147512844989,85,23.313,1717
55.917757213101204,-4.2419859496509185,75.0,55.88043814367632,-4.104360473798184,86,16.541,1351
55.917757213101204,-4.2419859496509185,75.0,55.90345994988174,-4.293652184560058,87,6.107,688
55.917757213101204,-4.2419859496509185,75.0,55.91230525016259,-4.108196424937476,88,13.134,1163
55.917757213101204,-4.2419859496509185,75.0,55.90569137930351,-4.3852429216612405,89,15.007,1324
55.917757213101204,-4.2419859496509185,75.0,55.824402119970216,-4.298242138123909,90,16.775,1417
55.917757213101204,-4.2419859496509185,75.0,55.887104625653905,-4.201059285828647,91,6.13,944
55.917757213101204,-4.2419859496509185,75.0,55.92006797200308,-4.195257422106852,92,4.284,614
55.917757213101204,-4.2419859496509185,75.0,55.7944551107823,-4.1683749063061635,93,18.248,2233
55.917757213101204,-4.2419859496509185,75.0,55.88003873447475,-4.304350182381346,94,10.846,1122
55.917757213101204,-4.2419859496509185,75.0,55.88308048053683,-4.2942103285768285,95,9.231,1026
55.917757213101204,-4.2419859496509185,75.0,55.80779271908626,-4.3234306371549245,96,19.579,1542
55.917757213101204,-4.2419859496509185,75.0,55.90123467399992,-4.380968632189907,97,17.785,1592
55.917757213101204,-4.2419859496509185,75.0,55.88049231589054,-4.293733205570284,98,10.348,1087
55.917757213101204,-4.2419859496509185,75.0,55.84697147961761,-4.334108806216461,99,16.18,1416
55.917757213101204,-4.2419859496509185,75.0,55.83067141211495,-4.195633651932574,100,18.172,1488
55.917757213101204,-4.2419859496509185,75.0,55.89350845984679,-4.099445363541155,101,13.257,1170
55.917757213101204,-4.2419859496509185,75.0,55.92592408664018,-4.179171340754611,102,6.455,758
55.917757213101204,-4.2419859496509185,75.0,55.84941827409408,-4.169566750359822,103,12.721,1434
55.917757213101204,-4.2419859496509185,75.0,55.92413375575165,-4.226670311636797,104,4.653,1379
55.917757213101204,-4.2419859496509185,75.0,55.88995713457192,-4.285031242761631,105,8.206,834
55.917757213101204,-4.2419859496509185,75.0,55.90528066541109,-4.131569818675147,106,9.472,891
55.917757213101204,-4.2419859496509185,75.0,55.87850608392288,-4.103517886631066,107,16.872,1384
55.917757213101204,-4.2419859496509185,75.0,55.80799405798939,-4.284953473560454,108,18.078,1671
55.917757213101204,-4.2419859496509185,75.0,55.906815669822045,-4.385279074380807,109,14.788,1278
55.917757213101204,-4.2419859496509185,75.0,55.916237634416454,-4.222407816066865,110,2.562,548
55.917757213101204,-4.2419859496509185,75.0,55.915798955837815,-4.088621086891774,111,13.852,1198
55.917757213101204,-4.2419859496509185,75.0,55.827538479175395,-4.350653065976025,112,18.652,1500
55.917757213101204,-4.2419859496509185,75.0,55.799515288981674,-4.0866627646338864,113,31.687,1881
55.917757213101204,-4.2419859496509185,75.0,55.831024245961984,-4.244756518165482,114,11.934,1377
55.917757213101204,-4.2419859496509185,75.0,55.86754360554833,-4.2143078261423845,115,8.528,1109
55.917757213101204,-4.2419859496509185,75.0,55.8574985965699,-4.1521224561179935,116,17.592,1393
55.917757213101204,-4.2419859496509185,75.0,55.88095643501817,-4.32811659177277,117,12.345,1149
55.917757213101204,-4.2419859496509185,75.0,55.85240433608213,-4.177570445500026,118,12.006,1306
55.917757213101204,-4.2419859496509185,75.0,55.91169549549074,-4.359708873069638,119,11.583,1104
55.917757213101204,-4.2419859496509185,75.0,55.92640787519779,-4.300990956079843,120,6.19,639
55.917757213101204,-4.2419859496509185,75.0,55.84019197366069,-4.205566157974415,121,12.513,1478
55.917757213101204,-4.2419859496509185,75.0,55.866619942939494,-4.268153778778456,122,9.836,1158
55.917757213101204,-4.2419859496509185,75.0,55.81327411986783,-4.2587495402872255,123,14.189,1607
55.917757213101204,-4.2419859496509185,75.0,55.86022660117776,-4.154711133590585,124,16.809,1320
55.917757213101204,-4.2419859496509185,75.0,55.831522729053496,-4.370420634377527,125,20.706,1671
55.917757213101204,-4.2419859496509185,75.0,55.84074346341779,-4.172411658039648,126,14.005,1495
55.917757213101204,-4.2419859496509185,75.0,55.8801412435821,-4.258666277618953,127,7.842,799
55.917757213101204,-4.2419859496509185,75.0,55.8434159429892,-4.1056733307349536,128,24.965,1619
55.917757213101204,-4.2419859496509185,75.0,55.83522057783537,-4.25736952395694,129,11.197,1340
55.917757213101204,-4.2419859496509185,75.0,55.86467774065618,-4.2250953414252415,130,8.068,955
55.917757213101204,-4.2419859496509185,75.0,55.8953662249987,-4.231143624453162,131,3.924,680
55.917757213101204,-4.2419859496509185,75.0,55.81920459649808,-4.236238450921302,132,13.917,1519
55.917757213101204,-4.2419859496509185,75.0,55.900795402502105,-4.206009410292495,133,4.484,805
55.917757213101204,-4.2419859496509185,75.0,55.86078490474355,-4.339631469507248,134,15.597,1461
55.917757213101204,-4.2419859496509185,75.0,55.924999437053955,-4.191173279124663,135,4.535,624
55.917757213101204,-4.2419859496509185,75.0,55.81549096669224,-4.126910343137958,136,30.027,1906
55.917757213101204,-4.2419859496509185,75.0,55.90135585493081,-4.207622057499793,137,4.373,767
55.917757213101204,-4.2419859496509185,75.0,55.845816555475636,-4.129576488296543,138,20.782,1562
55.917757213101204,-4.2419859496509185,75.0,55.80470047644827,-4.291960781118721,139,18.105,1650
55.917757213101204,-4.2419859496509185,75.0,55.89185394491289,-4.179857587296262,140,7.444,892
55.917757213101204,-4.2419859496509185,75.0,55.91859399996558,-4.3401659608951215,141,8.951,850
55.917757213101204,-4.2419859496509185,75.0,55.90671476836246,-4.3642865107142725,142,11.67,1076
55.917757213101204,-4.2419859496509185,75.0,55.81273399651921,-4.167613047894911,143,20.645,1670
55.917757213101204,-4.2419859496509185,75.0,55.80939871413575,-4.276056954355674,144,17.986,1636
55.917757213101204,-4.2419859496509185,75.0,55.88312869327199,-4.214542892826467,145,6.953,965
55.917757213101204,-4.2419859496509185,75.0,55.815340374954424,-4.283514492524949,146,16.98,1521
55.917757213101204,-4.2419859496509185,75.0,55.87864379034378,-4.080636908866371,147,20.951,1295
55.917757213101204,-4.2419859496509185,75.0,55.89423440492952,-4.2418874418647645,148,4.487,778
55.917757213101204,-4.2419859496509185,75.0,55.92796852989922,-4.305970400193036,149,6.318,662
55.917757213101204,-4.2419859496509185,75.0,55.92895153496988,-4.082888064137351,150,13.016,1140
55.917757213101204,-4.2419859496509185,75.0,55.790766759429424,-4.135285962371055,151,20.673,1874
55.917757213101204,-4.2419859496509185,75.0,55.80808041573422,-4.184105792933229,152,16.303,1672
55.917757213101204,-4.2419859496509185,75.0,55.7982747224006,-4.3931924101572655,153,22.777,1755
55.917757213101204,-4.2419859496509185,75.0,55.81178474630603,-4.337962602706185,154,19.375,1515
55.917757213101204,-4.2419859496509185,75.0,55.852972007756,-4.353957895039277,155,17.748,1502
55.917757213101204,-4.2419859496509185,75.0,55.797152036890715,-4.311451416173846,156,21.347,1589
55.917757213101204,-4.2419859496509185,75.0,55.84839482833289,-4.1889265673730645,157,11.75,1323
55.917757213101204,-4.2419859496509185,75.0,55.86383954752864,-4.387927326091926,158,23.34,1529
55.917757213101204,-4.2419859496509185,75.0,55.807182357875575,-4.140487806234959,159,22.273,1835
55.917757213101204,-4.2419859496509185,75.0,55.8296607577131,-4.218765551358871,160,12.916,1514
55.917757213101204,-4.2419859496509185,75.0,55.82699494590622,-4.295404959002084,161,16.811,1393
55.917757213101204,-4.2419859496509185,75.0,55.861248665443505,-4.307186036515638,162,15.738,1432
55.917757213101204,-4.2419859496509185,75.0,55.897857165570365,-4.156645648865112,163,8.981,944
55.917757213101204,-4.2419859496509185,75.0,55.877747555317356,-4.342792329217214,164,13.902,1357
55.917757213101204,-4.2419859496509185,75.0,55.92259641850896,-4.389236283866068,165,12.95,1054
55.917757213101204,-4.2419859496509185,75.0,55.92621339590465,-4.2820478996479165,166,4.642,539
55.917757213101204,-4.2419859496509185,75.0,55.80660612206145,-4.094012410496262,167,29.012,1907
55.917757213101204,-4.2419859496509185,75.0,55.84605439624201,-4.09192094471571,168,21.109,1326
55.917757213101204,-4.2419859496509185,75.0,55.83961965364386,-4.1201104741133365,169,24.316,1517
55.917757213101204,-4.2419859496509185,75.0,55.85030951683019,-4.217608837338132,170,10.5,1240
55.917757213101204,-4.2419859496509185,75.0,55.85971342373431,-4.246748195156407,171,8.437,1054
55.917757213101204,-4.2419859496509185,75.0,55.815747728441636,-4.150792968910081,172,21.143,1731
55.917757213101204,-4.2419859496509185,75.0,55.80041195127493,-4.3806303679601495,173,22.193,1707
55.917757213101204,-4.2419859496509185,75.0,55.85487415463933,-4.092829020720908,174,20.919,1327
55.917757213101204,-4.2419859496509185,75.0,55.80456076444065,-4.203157873727267,175,16.528,1742
55.917757213101204,-4.2419859496509185,75.0,55.84723005082115,-4.330151260440624,176,15.701,1360
55.917757213101204,-4.2419859496509185,75.0,55.88775631668876,-4.123428423568879,177,11.844,1039
55.917757213101204,-4.2419859496509185,75.0,55.82857385936083,-4.129579652409029,178,29.634,1885
55.917757213101204,-4.2419859496509185,75.0,55.879865395443076,-4.36272007519476,179,14.449,1395
55.917757213101204,-4.2419859496509185,75.0,55.87973669437185,-4.215636550296907,180,7.219,997
55.917757213101204,-4.2419859496509185,75.0,55.8162521393249,-4.1868605517933455,181,15.67,1654
55.917757213101204,-4.2419859496509185,75.0,55.80755514535402,-4.201625161718038,182,16.281,1709
55.917757213101204,-4.2419859496509185,75.0,55.85565398843102,-4.250533808562208,183,9.251,1209
55.917757213101204,-4.2419859496509185,75.0,55.929636326069506,-4.381100658166308,184,12.012,1013
55.917757213101204,-4.2419859496509185,75.0,55.879581066995904,-4.21986165885879,185,6.317,941
55.917757213101204,-4.2419859496509185,75.0,55.92647877645629,-4.127886630011083,186,10.7,1080
55.917757213101204,-4.2419859496509185,75.0,55.82282427264178,-4.371094162561755,187,19.842,1594
55.917757213101204,-4.2419859496509185,75.0,55.90291353127043,-4.3414180899754955,188,12.798,1173
55.917757213101204,-4.2419859496509185,75.0,55.78437024600116,-4.156926419796477,189,20.017,1889
55.917757213101204,-4.2419859496509185,75.0,55.8321542449311,-4.1561720476648265,190,15.097,1610
55.917757213101204,-4.2419859496509185,75.0,55.88310705812362,-4.084862107847263,191,27.909,1536
55.917757213101204,-4.2419859496509185,75.0,55.85616333886266,-4.110333739241922,192,19.72,1371
55.917757213101204,-4.2419859496509185,75.0,55.90185178498145,-4.152652007721208,193,8.253,1280
55.917757213101204,-4.2419859496509185,75.0,55.8837118458465,-4.182392741162416,194,14.119,2055
55.917757213101204,-4.2419859496509185,75.0,55.83086049774818,-4.312434105301623,195,17.745,1498
55.917757213101204,-4.2419859496509185,75.0,55.821849459706755,-4.176208567338996,196,19.773,1605
55.917757213101204,-4.2419859496509185,75.0,55.88009750494633,-4.255964552703097,197,7.738,793
55.917757213101204,-4.2419859496509185,75.0,55.87413911675089,-4.369807111055967,198,19.342,1420
55.917757213101204,-4.2419859496509185,75.0,55.86354071984154,-4.093406384811447,199,18.848,1443
55.79683873929935,-4.2095178872796515,76.0,55.8391698042901,-4.214478482526657,0,6.897,520
55.79683873929935,-4.2095178872796515,76.0,55.86553667472969,-4.350500876963486,1,20.882,1161
55.79683873929935,-4.2095178872796515,76.0,55.912892829643965,-4.286410947894997,2,20.386,2457
55.79683873929935,-4.2095178872796515,76.0,55.84854019346565,-4.391697428307927,3,20.313,1382
55.79683873929935,-4.2095178872796515,76.0,55.79232875093524,-4.310455024670266,4,8.382,712
55.79683873929935,-4.2095178872796515,76.0,55.837143362020576,-4.120043492886959,5,9.386,614
55.79683873929935,-4.2095178872796515,76.0,55.84185129809378,-4.283879851305767,6,10.293,929
55.79683873929935,-4.2095178872796515,76.0,55.90609664927746,-4.311383718964596,7,18.786,1591
55.79683873929935,-4.2095178872796515,76.0,55.7832172019226,-4.31249791159531,8,8.712,689
55.79683873929935,-4.2095178872796515,76.0,55.8177258987159,-4.260489243356555,9,6.571,552
55.79683873929935,-4.2095178872796515,76.0,55.903262790870684,-4.212111703691823,10,16.859,1466
55.79683873929935,-4.2095178872796515,76.0,55.893978813107424,-4.1413270988368325,11,22.828,1372
55.79683873929935,-4.2095178872796515,76.0,55.894884622950286,-4.154349650804189,12,27.693,1273
55.79683873929935,-4.2095178872796515,76.0,55.80680963785043,-4.263605759417426,13,8.263,770
55.79683873929935,-4.2095178872796515,76.0,55.81824312166051,-4.346878846315483,14,13.024,1159
55.79683873929935,-4.2095178872796515,76.0,55.84742656229786,-4.269221405976544,15,10.49,943
55.79683873929935,-4.2095178872796515,76.0,55.80730424868546,-4.315177272898423,16,10.019,845
55.79683873929935,-4.2095178872796515,76.0,55.83798278877758,-4.260604018644594,17,8.764,743
55.79683873929935,-4.2095178872796515,76.0,55.89424631095569,-4.343398240721316,18,22.698,1410
55.79683873929935,-4.2095178872796515,76.0,55.83908093533876,-4.223069302141199,19,7.927,650
55.79683873929935,-4.2095178872796515,76.0,55.8357731433788,-4.270556349194068,20,9.448,793
55.79683873929935,-4.2095178872796515,76.0,55.90309627527835,-4.360750370095284,21,24.731,1645
55.79683873929935,-4.2095178872796515,76.0,55.85652103589449,-4.101365743428073,22,14.319,937
55.79683873929935,-4.2095178872796515,76.0,55.783736419963375,-4.235306054793451,23,2.761,215
55.79683873929935,-4.2095178872796515,76.0,55.92064824587275,-4.2358362157531895,24,17.984,1447
55.79683873929935,-4.2095178872796515,76.0,55.907674892744176,-4.2497703459088045,25,16.736,2491
55.79683873929935,-4.2095178872796515,76.0,55.919604340921964,-4.226208116301384,26,17.908,1458
55.79683873929935,-4.2095178872796515,76.0,55.83219148710444,-4.304581930326681,27,11.711,1100
55.79683873929935,-4.2095178872796515,76.0,55.79569701419853,-4.1769099124482585,28,3.851,279
55.79683873929935,-4.2095178872796515,76.0,55.81260197667657,-4.197841211154324,29,3.776,316
55.79683873929935,-4.2095178872796515,76.0,55.826092940761974,-4.176919409292903,30,6.893,626
55.79683873929935,-4.2095178872796515,76.0,55.828413149208096,-4.109650878166438,31,13.334,797
55.79683873929935,-4.2095178872796515,76.0,55.8999241737755,-4.257993823533507,32,16.835,1436
55.79683873929935,-4.2095178872796515,76.0,55.892514250678616,-4.340118142906542,33,22.727,1422
55.79683873929935,-4.2095178872796515,76.0,55.855241629670886,-4.269936069312288,34,15.168,1137
55.79683873929935,-4.2095178872796515,76.0,55.877364911629314,-4.109701193625618,35,20.56,1149
55.79683873929935,-4.2095178872796515,76.0,55.887053111734645,-4.1280531391159245,36,26.207,1354
55.79683873929935,-4.2095178872796515,76.0,55.89108676863447,-4.105446803942431,37,20.548,1364
55.79683873929935,-4.2095178872796515,76.0,55.842635153466425,-4.334387903339716,38,16.75,1089
55.79683873929935,-4.2095178872796515,76.0,55.89197542936556,-4.19614108945253,39,15.244,1225
55.79683873929935,-4.2095178872796515,76.0,55.825849135803445,-4.321179033230789,40,11.69,1021
55.79683873929935,-4.2095178872796515,76.0,55.81864602215581,-4.375055705699034,41,13.151,1087
55.79683873929935,-4.2095178872796515,76.0,55.92613065482397,-4.212698358862173,42,18.37,1511
55.79683873929935,-4.2095178872796515,76.0,55.874439929608144,-4.279689658904073,43,14.045,1220
55.79683873929935,-4.2095178872796515,76.0,55.81998166828728,-4.245455535821837,44,6.416,526
55.79683873929935,-4.2095178872796515,76.0,55.91066980601156,-4.213502644426629,45,17.322,1461
55.79683873929935,-4.2095178872796515,76.0,55.8404807486866,-4.356656090229781,46,25.512,1344
55.79683873929935,-4.2095178872796515,76.0,55.88708229912325,-4.079055837843032,47,18.178,957
55.79683873929935,-4.2095178872796515,76.0,55.84510555179576,-4.178720975321847,48,8.72,729
55.79683873929935,-4.2095178872796515,76.0,55.84413340760586,-4.085244529493477,49,14.875,1331
55.79683873929935,-4.2095178872796515,76.0,55.83324217210475,-4.157183908594519,50,6.832,541
55.79683873929935,-4.2095178872796515,76.0,55.895753278756494,-4.323131413571223,51,22.484,1521
55.79683873929935,-4.2095178872796515,76.0,55.88609925330935,-4.38354364327563,52,21.915,1229
55.79683873929935,-4.2095178872796515,76.0,55.86596770908397,-4.338853955125049,53,18.698,1110
55.79683873929935,-4.2095178872796515,76.0,55.819381988004544,-4.256567679373081,54,7.845,659
55.79683873929935,-4.2095178872796515,76.0,55.919398785577634,-4.298102785445152,55,20.662,2137
55.79683873929935,-4.2095178872796515,76.0,55.81052481551728,-4.0780884232687225,56,20.852,2061
55.79683873929935,-4.2095178872796515,76.0,55.8411814367945,-4.125490362928665,57,9.256,745
55.79683873929935,-4.2095178872796515,76.0,55.844855881791794,-4.151320272286683,58,8.552,703
55.79683873929935,-4.2095178872796515,76.0,55.79334532620707,-4.3052187624925375,59,7.977,673
55.79683873929935,-4.2095178872796515,76.0,55.78499644933002,-4.082518262203789,60,11.045,568
55.79683873929935,-4.2095178872796515,76.0,55.86482365717543,-4.074666870071637,61,15.871,1131
55.79683873929935,-4.2095178872796515,76.0,55.910543969585106,-4.384534109666136,62,26.558,1710
55.79683873929935,-4.2095178872796515,76.0,55.799715679086134,-4.188568421733812,63,1.55,302
55.79683873929935,-4.2095178872796515,76.0,55.90005630083831,-4.294022887833187,64,17.858,1544
55.79683873929935,-4.2095178872796515,76.0,55.82573931186619,-4.210157383495828,65,5.066,360
55.79683873929935,-4.2095178872796515,76.0,55.88010014610652,-4.288014027401103,66,16.579,1513
55.79683873929935,-4.2095178872796515,76.0,55.8836463272421,-4.377148406451105,67,21.685,1307
55.79683873929935,-4.2095178872796515,76.0,55.80511293548626,-4.195982430231648,68,3.033,265
55.79683873929935,-4.2095178872796515,76.0,55.9265186267864,-4.256321117900257,69,20.2,1551
55.79683873929935,-4.2095178872796515,76.0,55.90353118048908,-4.119171950823842,70,21.15,1425
55.79683873929935,-4.2095178872796515,76.0,55.81502357146685,-4.260984914919316,71,6.928,587
55.79683873929935,-4.2095178872796515,76.0,55.894355058439295,-4.293143876300353,72,17.148,1492
55.79683873929935,-4.2095178872796515,76.0,55.80246488546192,-4.242274834364847,73,4.168,356
55.79683873929935,-4.2095178872796515,76.0,55.887581813102464,-4.2985753032369685,74,16.76,1488
55.79683873929935,-4.2095178872796515,76.0,55.928290955083554,-4.295962301582311,75,21.084,1551
55.79683873929935,-4.2095178872796515,76.0,55.81096058143004,-4.368797105646974,76,12.316,1061
55.79683873929935,-4.2095178872796515,76.0,55.84818750128869,-4.3631808239548375,77,21.388,1208
55.79683873929935,-4.2095178872796515,76.0,55.81610352786554,-4.330910795148831,78,11.847,988
55.79683873929935,-4.2095178872796515,76.0,55.807034270653475,-4.136077366584948,79,8.599,459
55.79683873929935,-4.2095178872796515,76.0,55.86778114631985,-4.233612892312959,80,11.966,1101
55.79683873929935,-4.2095178872796515,76.0,55.79578956690847,-4.368290459919509,81,21.878,2154
55.79683873929935,-4.2095178872796515,76.0,55.897877306124535,-4.077031107370425,82,20.537,1703
55.79683873929935,-4.2095178872796515,76.0,55.80721289582252,-4.242612882195534,83,4.558,389
55.79683873929935,-4.2095178872796515,76.0,55.92209393969709,-4.157940141970138,84,29.794,1451
55.79683873929935,-4.2095178872796515,76.0,55.79188265083702,-4.28147512844989,85,6.124,511
55.79683873929935,-4.2095178872796515,76.0,55.88043814367632,-4.104360473798184,86,19.87,1089
55.79683873929935,-4.2095178872796515,76.0,55.90345994988174,-4.293652184560058,87,19.859,1593
55.79683873929935,-4.2095178872796515,76.0,55.91230525016259,-4.108196424937476,88,23.83,1327
55.79683873929935,-4.2095178872796515,76.0,55.90569137930351,-4.3852429216612405,89,26.593,1733
55.79683873929935,-4.2095178872796515,76.0,55.824402119970216,-4.298242138123909,90,9.32,912
55.79683873929935,-4.2095178872796515,76.0,55.887104625653905,-4.201059285828647,91,13.487,1362
55.79683873929935,-4.2095178872796515,76.0,55.92006797200308,-4.195257422106852,92,31.864,1497
55.79683873929935,-4.2095178872796515,76.0,55.7944551107823,-4.1683749063061635,93,3.981,713
55.79683873929935,-4.2095178872796515,76.0,55.88003873447475,-4.304350182381346,94,16.623,1432
55.79683873929935,-4.2095178872796515,76.0,55.88308048053683,-4.2942103285768285,95,16.223,1406
55.79683873929935,-4.2095178872796515,76.0,55.80779271908626,-4.3234306371549245,96,10.467,892
55.79683873929935,-4.2095178872796515,76.0,55.90123467399992,-4.380968632189907,97,26.899,1863
55.79683873929935,-4.2095178872796515,76.0,55.88049231589054,-4.293733205570284,98,16.125,1397
55.79683873929935,-4.2095178872796515,76.0,55.84697147961761,-4.334108806216461,99,16.864,1122
55.79683873929935,-4.2095178872796515,76.0,55.83067141211495,-4.195633651932574,100,7.115,570
55.79683873929935,-4.2095178872796515,76.0,55.89350845984679,-4.099445363541155,101,19.615,1135
55.79683873929935,-4.2095178872796515,76.0,55.92592408664018,-4.179171340754611,102,31.135,1535
55.79683873929935,-4.2095178872796515,76.0,55.84941827409408,-4.169566750359822,103,8.829,752
55.79683873929935,-4.2095178872796515,76.0,55.92413375575165,-4.226670311636797,104,19.585,2253
55.79683873929935,-4.2095178872796515,76.0,55.88995713457192,-4.285031242761631,105,16.088,1395
55.79683873929935,-4.2095178872796515,76.0,55.90528066541109,-4.131569818675147,106,27.473,1299
55.79683873929935,-4.2095178872796515,76.0,55.87850608392288,-4.103517886631066,107,20.201,1122
55.79683873929935,-4.2095178872796515,76.0,55.80799405798939,-4.284953473560454,108,9.37,828
55.79683873929935,-4.2095178872796515,76.0,55.906815669822045,-4.385279074380807,109,25.904,1648
55.79683873929935,-4.2095178872796515,76.0,55.916237634416454,-4.222407816066865,110,17.823,1446
55.79683873929935,-4.2095178872796515,76.0,55.915798955837815,-4.088621086891774,111,22.696,1210
55.79683873929935,-4.2095178872796515,76.0,55.827538479175395,-4.350653065976025,112,23.737,1154
55.79683873929935,-4.2095178872796515,76.0,55.799515288981674,-4.0866627646338864,113,11.604,685
55.79683873929935,-4.2095178872796515,76.0,55.831024245961984,-4.244756518165482,114,7.743,649
55.79683873929935,-4.2095178872796515,76.0,55.86754360554833,-4.2143078261423845,115,11.302,1137
55.79683873929935,-4.2095178872796515,76.0,55.8574985965699,-4.1521224561179935,116,9.708,829
55.79683873929935,-4.2095178872796515,76.0,55.88095643501817,-4.32811659177277,117,20.54,1237
55.79683873929935,-4.2095178872796515,76.0,55.85240433608213,-4.177570445500026,118,9.761,809
55.79683873929935,-4.2095178872796515,76.0,55.91169549549074,-4.359708873069638,119,26.716,1837
55.79683873929935,-4.2095178872796515,76.0,55.92640787519779,-4.300990956079843,120,21.532,1600
55.79683873929935,-4.2095178872796515,76.0,55.84019197366069,-4.205566157974415,121,7.383,636
55.79683873929935,-4.2095178872796515,76.0,55.866619942939494,-4.268153778778456,122,14.086,1240
55.79683873929935,-4.2095178872796515,76.0,55.81327411986783,-4.2587495402872255,123,5.991,550
55.79683873929935,-4.2095178872796515,76.0,55.86022660117776,-4.154711133590585,124,10.061,859
55.79683873929935,-4.2095178872796515,76.0,55.831522729053496,-4.370420634377527,125,14.714,1279
55.79683873929935,-4.2095178872796515,76.0,55.84074346341779,-4.172411658039648,126,8.209,679
55.79683873929935,-4.2095178872796515,76.0,55.8801412435821,-4.258666277618953,127,14.362,1254
55.79683873929935,-4.2095178872796515,76.0,55.8434159429892,-4.1056733307349536,128,11.184,801
55.79683873929935,-4.2095178872796515,76.0,55.83522057783537,-4.25736952395694,129,8.738,745
55.79683873929935,-4.2095178872796515,76.0,55.86467774065618,-4.2250953414252415,130,10.527,893
55.79683873929935,-4.2095178872796515,76.0,55.8953662249987,-4.231143624453162,131,15.01,1258
55.79683873929935,-4.2095178872796515,76.0,55.81920459649808,-4.236238450921302,132,6.169,479
55.79683873929935,-4.2095178872796515,76.0,55.900795402502105,-4.206009410292495,133,16.645,1392
55.79683873929935,-4.2095178872796515,76.0,55.86078490474355,-4.339631469507248,134,19.233,1204
55.79683873929935,-4.2095178872796515,76.0,55.924999437053955,-4.191173279124663,135,31.613,1487
55.79683873929935,-4.2095178872796515,76.0,55.81549096669224,-4.126910343137958,136,9.656,548
55.79683873929935,-4.2095178872796515,76.0,55.90135585493081,-4.207622057499793,137,16.644,1369
55.79683873929935,-4.2095178872796515,76.0,55.845816555475636,-4.129576488296543,138,9.925,791
55.79683873929935,-4.2095178872796515,76.0,55.80470047644827,-4.291960781118721,139,9.212,827
55.79683873929935,-4.2095178872796515,76.0,55.89185394491289,-4.179857587296262,140,14.148,1150
55.79683873929935,-4.2095178872796515,76.0,55.91859399996558,-4.3401659608951215,141,25.582,1687
55.79683873929935,-4.2095178872796515,76.0,55.90671476836246,-4.3642865107142725,142,25.483,1701
55.79683873929935,-4.2095178872796515,76.0,55.81273399651921,-4.167613047894911,143,3.852,298
55.79683873929935,-4.2095178872796515,76.0,55.80939871413575,-4.276056954355674,144,8.391,700
55.79683873929935,-4.2095178872796515,76.0,55.88312869327199,-4.214542892826467,145,14.581,1284
55.79683873929935,-4.2095178872796515,76.0,55.815340374954424,-4.283514492524949,146,8.253,729
55.79683873929935,-4.2095178872796515,76.0,55.87864379034378,-4.080636908866371,147,19.158,992
55.79683873929935,-4.2095178872796515,76.0,55.89423440492952,-4.2418874418647645,148,15.573,1342
55.79683873929935,-4.2095178872796515,76.0,55.92796852989922,-4.305970400193036,149,21.66,1623
55.79683873929935,-4.2095178872796515,76.0,55.92895153496988,-4.082888064137351,150,23.654,1218
55.79683873929935,-4.2095178872796515,76.0,55.790766759429424,-4.135285962371055,151,6.406,354
55.79683873929935,-4.2095178872796515,76.0,55.80808041573422,-4.184105792933229,152,2.649,201
55.79683873929935,-4.2095178872796515,76.0,55.7982747224006,-4.3931924101572655,153,13.954,1169
55.79683873929935,-4.2095178872796515,76.0,55.81178474630603,-4.337962602706185,154,11.102,962
55.79683873929935,-4.2095178872796515,76.0,55.852972007756,-4.353957895039277,155,18.432,1208
55.79683873929935,-4.2095178872796515,76.0,55.797152036890715,-4.311451416173846,156,8.267,705
55.79683873929935,-4.2095178872796515,76.0,55.84839482833289,-4.1889265673730645,157,9.481,765
55.79683873929935,-4.2095178872796515,76.0,55.86383954752864,-4.387927326091926,158,24.024,1235
55.79683873929935,-4.2095178872796515,76.0,55.807182357875575,-4.140487806234959,159,5.682,414
55.79683873929935,-4.2095178872796515,76.0,55.8296607577131,-4.218765551358871,160,5.978,484
55.79683873929935,-4.2095178872796515,76.0,55.82699494590622,-4.295404959002084,161,9.387,901
55.79683873929935,-4.2095178872796515,76.0,55.861248665443505,-4.307186036515638,162,16.318,1111
55.79683873929935,-4.2095178872796515,76.0,55.897857165570365,-4.156645648865112,163,15.624,1187
55.79683873929935,-4.2095178872796515,76.0,55.877747555317356,-4.342792329217214,164,21.13,1334
55.79683873929935,-4.2095178872796515,76.0,55.92259641850896,-4.389236283866068,165,37.386,1798
55.79683873929935,-4.2095178872796515,76.0,55.92621339590465,-4.2820478996479165,166,19.984,1500
55.79683873929935,-4.2095178872796515,76.0,55.80660612206145,-4.094012410496262,167,17.482,1135
55.79683873929935,-4.2095178872796515,76.0,55.84605439624201,-4.09192094471571,168,20.387,1060
55.79683873929935,-4.2095178872796515,76.0,55.83961965364386,-4.1201104741133365,169,10.535,699
55.79683873929935,-4.2095178872796515,76.0,55.85030951683019,-4.217608837338132,170,8.277,702
55.79683873929935,-4.2095178872796515,76.0,55.85971342373431,-4.246748195156407,171,10.6,941
55.79683873929935,-4.2095178872796515,76.0,55.815747728441636,-4.150792968910081,172,5.87,512
55.79683873929935,-4.2095178872796515,76.0,55.80041195127493,-4.3806303679601495,173,22.252,1132
55.79683873929935,-4.2095178872796515,76.0,55.85487415463933,-4.092829020720908,174,14.842,892
55.79683873929935,-4.2095178872796515,76.0,55.80456076444065,-4.203157873727267,175,3.524,285
55.79683873929935,-4.2095178872796515,76.0,55.84723005082115,-4.330151260440624,176,16.385,1065
55.79683873929935,-4.2095178872796515,76.0,55.88775631668876,-4.123428423568879,177,22.813,1345
55.79683873929935,-4.2095178872796515,76.0,55.82857385936083,-4.129579652409029,178,11.729,723
55.79683873929935,-4.2095178872796515,76.0,55.879865395443076,-4.36272007519476,179,22.022,1377
55.79683873929935,-4.2095178872796515,76.0,55.87973669437185,-4.215636550296907,180,12.375,1263
55.79683873929935,-4.2095178872796515,76.0,55.8162521393249,-4.1868605517933455,181,4.031,321
55.79683873929935,-4.2095178872796515,76.0,55.80755514535402,-4.201625161718038,182,3.277,252
55.79683873929935,-4.2095178872796515,76.0,55.85565398843102,-4.250533808562208,183,10.417,918
55.79683873929935,-4.2095178872796515,76.0,55.929636326069506,-4.381100658166308,184,38.372,1819
55.79683873929935,-4.2095178872796515,76.0,55.879581066995904,-4.21986165885879,185,13.509,1276
55.79683873929935,-4.2095178872796515,76.0,55.92647877645629,-4.127886630011083,186,24.056,1480
55.79683873929935,-4.2095178872796515,76.0,55.82282427264178,-4.371094162561755,187,13.85,1202
55.79683873929935,-4.2095178872796515,76.0,55.90291353127043,-4.3414180899754955,188,23.529,1579
55.79683873929935,-4.2095178872796515,76.0,55.78437024600116,-4.156926419796477,189,5.75,369
55.79683873929935,-4.2095178872796515,76.0,55.8321542449311,-4.1561720476648265,190,6.872,555
55.79683873929935,-4.2095178872796515,76.0,55.88310705812362,-4.084862107847263,191,16.319,874
55.79683873929935,-4.2095178872796515,76.0,55.85616333886266,-4.110333739241922,192,11.878,995
55.79683873929935,-4.2095178872796515,76.0,55.90185178498145,-4.152652007721208,193,29.423,1831
55.79683873929935,-4.2095178872796515,76.0,55.8837118458465,-4.182392741162416,194,15.302,2128
55.79683873929935,-4.2095178872796515,76.0,55.83086049774818,-4.312434105301623,195,11.295,1002
55.79683873929935,-4.2095178872796515,76.0,55.821849459706755,-4.176208567338996,196,5.269,443
55.79683873929935,-4.2095178872796515,76.0,55.88009750494633,-4.255964552703097,197,14.048,1233
55.79683873929935,-4.2095178872796515,76.0,55.87413911675089,-4.369807111055967,198,20.026,1126
55.79683873929935,-4.2095178872796515,76.0,55.86354071984154,-4.093406384811447,199,16.422,996
55.860369499796676,-4.3509474231282415,77.0,55.8391698042901,-4.214478482526657,0,15.314,735
55.860369499796676,-4.3509474231282415,77.0,55.86553667472969,-4.350500876963486,1,3.151,180
55.860369499796676,-4.3509474231282415,77.0,55.912892829643965,-4.286410947894997,2,16.169,1934
55.860369499796676,-4.3509474231282415,77.0,55.84854019346565,-4.391697428307927,3,5.868,475
55.860369499796676,-4.3509474231282415,77.0,55.79232875093524,-4.310455024670266,4,18.066,903
55.860369499796676,-4.3509474231282415,77.0,55.837143362020576,-4.120043492886959,5,19.013,747
55.860369499796676,-4.3509474231282415,77.0,55.84185129809378,-4.283879851305767,6,8.744,558
55.860369499796676,-4.3509474231282415,77.0,55.90609664927746,-4.311383718964596,7,11.481,799
55.860369499796676,-4.3509474231282415,77.0,55.7832172019226,-4.31249791159531,8,19.654,961
55.860369499796676,-4.3509474231282415,77.0,55.8177258987159,-4.260489243356555,9,13.985,797
55.860369499796676,-4.3509474231282415,77.0,55.903262790870684,-4.212111703691823,10,17.834,1018
55.860369499796676,-4.3509474231282415,77.0,55.893978813107424,-4.1413270988368325,11,19.574,1025
55.860369499796676,-4.3509474231282415,77.0,55.894884622950286,-4.154349650804189,12,21.959,924
55.860369499796676,-4.3509474231282415,77.0,55.80680963785043,-4.263605759417426,13,16.423,1064
55.860369499796676,-4.3509474231282415,77.0,55.81824312166051,-4.346878846315483,14,9.082,689
55.860369499796676,-4.3509474231282415,77.0,55.84742656229786,-4.269221405976544,15,10.813,723
55.860369499796676,-4.3509474231282415,77.0,55.80730424868546,-4.315177272898423,16,14.935,801
55.860369499796676,-4.3509474231282415,77.0,55.83798278877758,-4.260604018644594,17,12.506,698
55.860369499796676,-4.3509474231282415,77.0,55.89424631095569,-4.343398240721316,18,9.152,560
55.860369499796676,-4.3509474231282415,77.0,55.83908093533876,-4.223069302141199,19,12.905,766
55.860369499796676,-4.3509474231282415,77.0,55.8357731433788,-4.270556349194068,20,13.168,715
55.860369499796676,-4.3509474231282415,77.0,55.90309627527835,-4.360750370095284,21,11.185,795
55.860369499796676,-4.3509474231282415,77.0,55.85652103589449,-4.101365743428073,22,22.122,968
55.860369499796676,-4.3509474231282415,77.0,55.783736419963375,-4.235306054793451,23,18.045,1088
55.860369499796676,-4.3509474231282415,77.0,55.92064824587275,-4.2358362157531895,24,18.959,999
55.860369499796676,-4.3509474231282415,77.0,55.907674892744176,-4.2497703459088045,25,17.711,2044
55.860369499796676,-4.3509474231282415,77.0,55.919604340921964,-4.226208116301384,26,18.883,1010
55.860369499796676,-4.3509474231282415,77.0,55.83219148710444,-4.304581930326681,27,14.107,843
55.860369499796676,-4.3509474231282415,77.0,55.79569701419853,-4.1769099124482585,28,19.729,1020
55.860369499796676,-4.3509474231282415,77.0,55.81260197667657,-4.197841211154324,29,17.14,887
55.860369499796676,-4.3509474231282415,77.0,55.826092940761974,-4.176919409292903,30,15.67,820
55.860369499796676,-4.3509474231282415,77.0,55.828413149208096,-4.109650878166438,31,22.474,1010
55.860369499796676,-4.3509474231282415,77.0,55.8999241737755,-4.257993823533507,32,14.917,930
55.860369499796676,-4.3509474231282415,77.0,55.892514250678616,-4.340118142906542,33,9.181,571
55.860369499796676,-4.3509474231282415,77.0,55.855241629670886,-4.269936069312288,34,10.95,556
55.860369499796676,-4.3509474231282415,77.0,55.877364911629314,-4.109701193625618,35,22.523,1069
55.860369499796676,-4.3509474231282415,77.0,55.887053111734645,-4.1280531391159245,36,22.825,1035
55.860369499796676,-4.3509474231282415,77.0,55.89108676863447,-4.105446803942431,37,24.558,1341
55.860369499796676,-4.3509474231282415,77.0,55.842635153466425,-4.334387903339716,38,6.78,416
55.860369499796676,-4.3509474231282415,77.0,55.89197542936556,-4.19614108945253,39,18.832,869
55.860369499796676,-4.3509474231282415,77.0,55.825849135803445,-4.321179033230789,40,12.285,743
55.860369499796676,-4.3509474231282415,77.0,55.81864602215581,-4.375055705699034,41,7.648,563
55.860369499796676,-4.3509474231282415,77.0,55.92613065482397,-4.212698358862173,42,19.345,1063
55.860369499796676,-4.3509474231282415,77.0,55.874439929608144,-4.279689658904073,43,11.557,597
55.860369499796676,-4.3509474231282415,77.0,55.81998166828728,-4.245455535821837,44,13.465,702
55.860369499796676,-4.3509474231282415,77.0,55.91066980601156,-4.213502644426629,45,18.297,1014
55.860369499796676,-4.3509474231282415,77.0,55.8404807486866,-4.356656090229781,46,5.957,451
55.860369499796676,-4.3509474231282415,77.0,55.88708229912325,-4.079055837843032,47,27.805,1091
55.860369499796676,-4.3509474231282415,77.0,55.84510555179576,-4.178720975321847,48,17.335,835
55.860369499796676,-4.3509474231282415,77.0,55.84413340760586,-4.085244529493477,49,24.502,1465
55.860369499796676,-4.3509474231282415,77.0,55.83324217210475,-4.157183908594519,50,17.197,833
55.860369499796676,-4.3509474231282415,77.0,55.895753278756494,-4.323131413571223,51,8.938,671
55.860369499796676,-4.3509474231282415,77.0,55.88609925330935,-4.38354364327563,52,4.184,249
55.860369499796676,-4.3509474231282415,77.0,55.86596770908397,-4.338853955125049,53,4.02,234
55.860369499796676,-4.3509474231282415,77.0,55.819381988004544,-4.256567679373081,54,14.894,852
55.860369499796676,-4.3509474231282415,77.0,55.919398785577634,-4.298102785445152,55,16.445,1614
55.860369499796676,-4.3509474231282415,77.0,55.81052481551728,-4.0780884232687225,56,25.273,2157
55.860369499796676,-4.3509474231282415,77.0,55.8411814367945,-4.125490362928665,57,20.555,906
55.860369499796676,-4.3509474231282415,77.0,55.844855881791794,-4.151320272286683,58,18.187,886
55.860369499796676,-4.3509474231282415,77.0,55.79334532620707,-4.3052187624925375,59,18.397,909
55.860369499796676,-4.3509474231282415,77.0,55.78499644933002,-4.082518262203789,60,28.996,1157
55.860369499796676,-4.3509474231282415,77.0,55.86482365717543,-4.074666870071637,61,24.388,1185
55.860369499796676,-4.3509474231282415,77.0,55.910543969585106,-4.384534109666136,62,20.754,819
55.860369499796676,-4.3509474231282415,77.0,55.799715679086134,-4.188568421733812,63,19.711,1178
55.860369499796676,-4.3509474231282415,77.0,55.90005630083831,-4.294022887833187,64,11.372,876
55.860369499796676,-4.3509474231282415,77.0,55.82573931186619,-4.210157383495828,65,15.197,702
55.860369499796676,-4.3509474231282415,77.0,55.88010014610652,-4.288014027401103,66,13.646,873
55.860369499796676,-4.3509474231282415,77.0,55.8836463272421,-4.377148406451105,67,3.954,326
55.860369499796676,-4.3509474231282415,77.0,55.80511293548626,-4.195982430231648,68,18.12,962
55.860369499796676,-4.3509474231282415,77.0,55.9265186267864,-4.256321117900257,69,18.282,1037
55.860369499796676,-4.3509474231282415,77.0,55.90353118048908,-4.119171950823842,70,23.721,1277
55.860369499796676,-4.3509474231282415,77.0,55.81502357146685,-4.260984914919316,71,14.342,831
55.860369499796676,-4.3509474231282415,77.0,55.894355058439295,-4.293143876300353,72,14.215,852
55.860369499796676,-4.3509474231282415,77.0,55.80246488546192,-4.242274834364847,73,15.606,928
55.860369499796676,-4.3509474231282415,77.0,55.887581813102464,-4.2985753032369685,74,10.458,827
55.860369499796676,-4.3509474231282415,77.0,55.928290955083554,-4.295962301582311,75,13.298,879
55.860369499796676,-4.3509474231282415,77.0,55.81096058143004,-4.368797105646974,76,9.256,750
55.860369499796676,-4.3509474231282415,77.0,55.84818750128869,-4.3631808239548375,77,3.657,228
55.860369499796676,-4.3509474231282415,77.0,55.81610352786554,-4.330910795148831,78,14.254,657
55.860369499796676,-4.3509474231282415,77.0,55.807034270653475,-4.136077366584948,79,18.904,1071
55.860369499796676,-4.3509474231282415,77.0,55.86778114631985,-4.233612892312959,80,13.408,680
55.860369499796676,-4.3509474231282415,77.0,55.79578956690847,-4.368290459919509,81,11.191,1874
55.860369499796676,-4.3509474231282415,77.0,55.897877306124535,-4.077031107370425,82,26.349,1808
55.860369499796676,-4.3509474231282415,77.0,55.80721289582252,-4.242612882195534,83,14.829,879
55.860369499796676,-4.3509474231282415,77.0,55.92209393969709,-4.157940141970138,84,23.492,1075
55.860369499796676,-4.3509474231282415,77.0,55.79188265083702,-4.28147512844989,85,19.259,964
55.860369499796676,-4.3509474231282415,77.0,55.88043814367632,-4.104360473798184,86,22.335,1029
55.860369499796676,-4.3509474231282415,77.0,55.90345994988174,-4.293652184560058,87,11.782,920
55.860369499796676,-4.3509474231282415,77.0,55.91230525016259,-4.108196424937476,88,24.989,1222
55.860369499796676,-4.3509474231282415,77.0,55.90569137930351,-4.3852429216612405,89,20.997,858
55.860369499796676,-4.3509474231282415,77.0,55.824402119970216,-4.298242138123909,90,12.721,664
55.860369499796676,-4.3509474231282415,77.0,55.887104625653905,-4.201059285828647,91,16.544,1018
55.860369499796676,-4.3509474231282415,77.0,55.92006797200308,-4.195257422106852,92,20.191,1041
55.860369499796676,-4.3509474231282415,77.0,55.7944551107823,-4.1683749063061635,93,19.859,1454
55.860369499796676,-4.3509474231282415,77.0,55.88003873447475,-4.304350182381346,94,8.611,668
55.860369499796676,-4.3509474231282415,77.0,55.88308048053683,-4.2942103285768285,95,12.986,728
55.860369499796676,-4.3509474231282415,77.0,55.80779271908626,-4.3234306371549245,96,15.525,789
55.860369499796676,-4.3509474231282415,77.0,55.90123467399992,-4.380968632189907,97,22.195,1071
55.860369499796676,-4.3509474231282415,77.0,55.88049231589054,-4.293733205570284,98,12.888,718
55.860369499796676,-4.3509474231282415,77.0,55.84697147961761,-4.334108806216461,99,5.85,437
55.860369499796676,-4.3509474231282415,77.0,55.83067141211495,-4.195633651932574,100,14.48,699
55.860369499796676,-4.3509474231282415,77.0,55.89350845984679,-4.099445363541155,101,24.373,1173
55.860369499796676,-4.3509474231282415,77.0,55.92592408664018,-4.179171340754611,102,24.833,1158
55.860369499796676,-4.3509474231282415,77.0,55.84941827409408,-4.169566750359822,103,18.04,901
55.860369499796676,-4.3509474231282415,77.0,55.92413375575165,-4.226670311636797,104,20.56,1805
55.860369499796676,-4.3509474231282415,77.0,55.88995713457192,-4.285031242761631,105,13.155,755
55.860369499796676,-4.3509474231282415,77.0,55.90528066541109,-4.131569818675147,106,21.171,922
55.860369499796676,-4.3509474231282415,77.0,55.87850608392288,-4.103517886631066,107,22.666,1062
55.860369499796676,-4.3509474231282415,77.0,55.80799405798939,-4.284953473560454,108,15.731,954
55.860369499796676,-4.3509474231282415,77.0,55.906815669822045,-4.385279074380807,109,20.778,812
55.860369499796676,-4.3509474231282415,77.0,55.916237634416454,-4.222407816066865,110,18.798,998
55.860369499796676,-4.3509474231282415,77.0,55.915798955837815,-4.088621086891774,111,28.073,1253
55.860369499796676,-4.3509474231282415,77.0,55.827538479175395,-4.350653065976025,112,6.5,529
55.860369499796676,-4.3509474231282415,77.0,55.799515288981674,-4.0866627646338864,113,29.366,1269
55.860369499796676,-4.3509474231282415,77.0,55.831024245961984,-4.244756518165482,114,11.946,603
55.860369499796676,-4.3509474231282415,77.0,55.86754360554833,-4.2143078261423845,115,14.748,796
55.860369499796676,-4.3509474231282415,77.0,55.8574985965699,-4.1521224561179935,116,19.343,1012
55.860369499796676,-4.3509474231282415,77.0,55.88095643501817,-4.32811659177277,117,6.994,387
55.860369499796676,-4.3509474231282415,77.0,55.85240433608213,-4.177570445500026,118,18.204,952
55.860369499796676,-4.3509474231282415,77.0,55.91169549549074,-4.359708873069638,119,23.306,1037
55.860369499796676,-4.3509474231282415,77.0,55.92640787519779,-4.300990956079843,120,13.106,900
55.860369499796676,-4.3509474231282415,77.0,55.84019197366069,-4.205566157974415,121,15.8,850
55.860369499796676,-4.3509474231282415,77.0,55.866619942939494,-4.268153778778456,122,11.71,720
55.860369499796676,-4.3509474231282415,77.0,55.81327411986783,-4.2587495402872255,123,14.321,841
55.860369499796676,-4.3509474231282415,77.0,55.86022660117776,-4.154711133590585,124,19.249,939
55.860369499796676,-4.3509474231282415,77.0,55.831522729053496,-4.370420634377527,125,5.962,458
55.860369499796676,-4.3509474231282415,77.0,55.84074346341779,-4.172411658039648,126,16.408,755
55.860369499796676,-4.3509474231282415,77.0,55.8801412435821,-4.258666277618953,127,12.754,746
55.860369499796676,-4.3509474231282415,77.0,55.8434159429892,-4.1056733307349536,128,20.811,934
55.860369499796676,-4.3509474231282415,77.0,55.83522057783537,-4.25736952395694,129,12.48,700
55.860369499796676,-4.3509474231282415,77.0,55.86467774065618,-4.2250953414252415,130,13.532,632
55.860369499796676,-4.3509474231282415,77.0,55.8953662249987,-4.231143624453162,131,15.985,810
55.860369499796676,-4.3509474231282415,77.0,55.81920459649808,-4.236238450921302,132,14.049,753
55.860369499796676,-4.3509474231282415,77.0,55.900795402502105,-4.206009410292495,133,18.152,1005
55.860369499796676,-4.3509474231282415,77.0,55.86078490474355,-4.339631469507248,134,4.063,290
55.860369499796676,-4.3509474231282415,77.0,55.924999437053955,-4.191173279124663,135,20.442,1050
55.860369499796676,-4.3509474231282415,77.0,55.81549096669224,-4.126910343137958,136,19.895,1118
55.860369499796676,-4.3509474231282415,77.0,55.90135585493081,-4.207622057499793,137,18.151,983
55.860369499796676,-4.3509474231282415,77.0,55.845816555475636,-4.129576488296543,138,19.56,976
55.860369499796676,-4.3509474231282415,77.0,55.80470047644827,-4.291960781118721,139,15.564,931
55.860369499796676,-4.3509474231282415,77.0,55.89185394491289,-4.179857587296262,140,17.736,793
55.860369499796676,-4.3509474231282415,77.0,55.91859399996558,-4.3401659608951215,141,12.036,836
55.860369499796676,-4.3509474231282415,77.0,55.90671476836246,-4.3642865107142725,142,11.937,850
55.860369499796676,-4.3509474231282415,77.0,55.81273399651921,-4.167613047894911,143,16.953,881
55.860369499796676,-4.3509474231282415,77.0,55.80939871413575,-4.276056954355674,144,15.445,902
55.860369499796676,-4.3509474231282415,77.0,55.88312869327199,-4.214542892826467,145,15.556,837
55.860369499796676,-4.3509474231282415,77.0,55.815340374954424,-4.283514492524949,146,14.439,787
55.860369499796676,-4.3509474231282415,77.0,55.87864379034378,-4.080636908866371,147,28.785,1125
55.860369499796676,-4.3509474231282415,77.0,55.89423440492952,-4.2418874418647645,148,16.548,894
55.860369499796676,-4.3509474231282415,77.0,55.92796852989922,-4.305970400193036,149,13.234,923
55.860369499796676,-4.3509474231282415,77.0,55.92895153496988,-4.082888064137351,150,28.443,1203
55.860369499796676,-4.3509474231282415,77.0,55.790766759429424,-4.135285962371055,151,22.284,1095
55.860369499796676,-4.3509474231282415,77.0,55.80808041573422,-4.184105792933229,152,17.914,893
55.860369499796676,-4.3509474231282415,77.0,55.7982747224006,-4.3931924101572655,153,10.113,740
55.860369499796676,-4.3509474231282415,77.0,55.81178474630603,-4.337962602706185,154,9.947,696
55.860369499796676,-4.3509474231282415,77.0,55.852972007756,-4.353957895039277,155,3.738,315
55.860369499796676,-4.3509474231282415,77.0,55.797152036890715,-4.311451416173846,156,17.293,837
55.860369499796676,-4.3509474231282415,77.0,55.84839482833289,-4.1889265673730645,157,17.986,870
55.860369499796676,-4.3509474231282415,77.0,55.86383954752864,-4.387927326091926,158,6.293,255
55.860369499796676,-4.3509474231282415,77.0,55.807182357875575,-4.140487806234959,159,18.581,1046
55.860369499796676,-4.3509474231282415,77.0,55.8296607577131,-4.218765551358871,160,13.366,759
55.860369499796676,-4.3509474231282415,77.0,55.82699494590622,-4.295404959002084,161,12.757,641
55.860369499796676,-4.3509474231282415,77.0,55.861248665443505,-4.307186036515638,162,7.005,392
55.860369499796676,-4.3509474231282415,77.0,55.897857165570365,-4.156645648865112,163,19.212,830
55.860369499796676,-4.3509474231282415,77.0,55.877747555317356,-4.342792329217214,164,7.584,483
55.860369499796676,-4.3509474231282415,77.0,55.92259641850896,-4.389236283866068,165,19.655,818
55.860369499796676,-4.3509474231282415,77.0,55.92621339590465,-4.2820478996479165,166,14.465,924
55.860369499796676,-4.3509474231282415,77.0,55.80660612206145,-4.094012410496262,167,24.858,1222
55.860369499796676,-4.3509474231282415,77.0,55.84605439624201,-4.09192094471571,168,23.549,945
55.860369499796676,-4.3509474231282415,77.0,55.83961965364386,-4.1201104741133365,169,20.162,833
55.860369499796676,-4.3509474231282415,77.0,55.85030951683019,-4.217608837338132,170,13.454,801
55.860369499796676,-4.3509474231282415,77.0,55.85971342373431,-4.246748195156407,171,13.901,731
55.860369499796676,-4.3509474231282415,77.0,55.815747728441636,-4.150792968910081,172,17.451,943
55.860369499796676,-4.3509474231282415,77.0,55.80041195127493,-4.3806303679601495,173,9.529,692
55.860369499796676,-4.3509474231282415,77.0,55.85487415463933,-4.092829020720908,174,23.359,946
55.860369499796676,-4.3509474231282415,77.0,55.80456076444065,-4.203157873727267,175,18.139,964
55.860369499796676,-4.3509474231282415,77.0,55.84723005082115,-4.330151260440624,176,6.415,392
55.860369499796676,-4.3509474231282415,77.0,55.88775631668876,-4.123428423568879,177,22.96,1041
55.860369499796676,-4.3509474231282415,77.0,55.82857385936083,-4.129579652409029,178,19.973,1130
55.860369499796676,-4.3509474231282415,77.0,55.879865395443076,-4.36272007519476,179,8.476,526
55.860369499796676,-4.3509474231282415,77.0,55.87973669437185,-4.215636550296907,180,14.843,848
55.860369499796676,-4.3509474231282415,77.0,55.8162521393249,-4.1868605517933455,181,16.333,853
55.860369499796676,-4.3509474231282415,77.0,55.80755514535402,-4.201625161718038,182,17.892,930
55.860369499796676,-4.3509474231282415,77.0,55.85565398843102,-4.250533808562208,183,10.413,651
55.860369499796676,-4.3509474231282415,77.0,55.929636326069506,-4.381100658166308,184,20.641,839
55.860369499796676,-4.3509474231282415,77.0,55.879581066995904,-4.21986165885879,185,14.484,829
55.860369499796676,-4.3509474231282415,77.0,55.92647877645629,-4.127886630011083,186,24.574,1161
55.860369499796676,-4.3509474231282415,77.0,55.82282427264178,-4.371094162561755,187,6.95,544
55.860369499796676,-4.3509474231282415,77.0,55.90291353127043,-4.3414180899754955,188,9.983,728
55.860369499796676,-4.3509474231282415,77.0,55.78437024600116,-4.156926419796477,189,21.628,1110
55.860369499796676,-4.3509474231282415,77.0,55.8321542449311,-4.1561720476648265,190,17.237,846
55.860369499796676,-4.3509474231282415,77.0,55.88310705812362,-4.084862107847263,191,25.946,1007
55.860369499796676,-4.3509474231282415,77.0,55.85616333886266,-4.110333739241922,192,22.16,990
55.860369499796676,-4.3509474231282415,77.0,55.90185178498145,-4.152652007721208,193,23.121,1454
55.860369499796676,-4.3509474231282415,77.0,55.8837118458465,-4.182392741162416,194,19.4,1802
55.860369499796676,-4.3509474231282415,77.0,55.83086049774818,-4.312434105301623,195,13.691,746
55.860369499796676,-4.3509474231282415,77.0,55.821849459706755,-4.176208567338996,196,16.081,817
55.860369499796676,-4.3509474231282415,77.0,55.88009750494633,-4.255964552703097,197,12.44,725
55.860369499796676,-4.3509474231282415,77.0,55.87413911675089,-4.369807111055967,198,2.295,145
55.860369499796676,-4.3509474231282415,77.0,55.86354071984154,-4.093406384811447,199,22.776,1044
55.86869503257873,-4.391466676934799,78.0,55.8391698042901,-4.214478482526657,0,16.427,913
55.86869503257873,-4.391466676934799,78.0,55.86553667472969,-4.350500876963486,1,3.78,328
55.86869503257873,-4.391466676934799,78.0,55.912892829643965,-4.286410947894997,2,17.282,2111
55.86869503257873,-4.391466676934799,78.0,55.84854019346565,-4.391697428307927,3,5.189,510
55.86869503257873,-4.391466676934799,78.0,55.79232875093524,-4.310455024670266,4,13.89,1074
55.86869503257873,-4.391466676934799,78.0,55.837143362020576,-4.120043492886959,5,20.126,925
55.86869503257873,-4.391466676934799,78.0,55.84185129809378,-4.283879851305767,6,9.857,735
55.86869503257873,-4.391466676934799,78.0,55.90609664927746,-4.311383718964596,7,12.594,977
55.86869503257873,-4.391466676934799,78.0,55.7832172019226,-4.31249791159531,8,15.478,1132
55.86869503257873,-4.391466676934799,78.0,55.8177258987159,-4.260489243356555,9,15.098,974
55.86869503257873,-4.391466676934799,78.0,55.903262790870684,-4.212111703691823,10,18.947,1195
55.86869503257873,-4.391466676934799,78.0,55.893978813107424,-4.1413270988368325,11,20.687,1203
55.86869503257873,-4.391466676934799,78.0,55.894884622950286,-4.154349650804189,12,23.072,1101
55.86869503257873,-4.391466676934799,78.0,55.80680963785043,-4.263605759417426,13,17.536,1242
55.86869503257873,-4.391466676934799,78.0,55.81824312166051,-4.346878846315483,14,10.388,847
55.86869503257873,-4.391466676934799,78.0,55.84742656229786,-4.269221405976544,15,11.926,901
55.86869503257873,-4.391466676934799,78.0,55.80730424868546,-4.315177272898423,16,16.048,979
55.86869503257873,-4.391466676934799,78.0,55.83798278877758,-4.260604018644594,17,13.619,876
55.86869503257873,-4.391466676934799,78.0,55.89424631095569,-4.343398240721316,18,10.265,737
55.86869503257873,-4.391466676934799,78.0,55.83908093533876,-4.223069302141199,19,14.018,944
55.86869503257873,-4.391466676934799,78.0,55.8357731433788,-4.270556349194068,20,14.281,892
55.86869503257873,-4.391466676934799,78.0,55.90309627527835,-4.360750370095284,21,12.298,972
55.86869503257873,-4.391466676934799,78.0,55.85652103589449,-4.101365743428073,22,23.235,1146
55.86869503257873,-4.391466676934799,78.0,55.783736419963375,-4.235306054793451,23,19.158,1265
55.86869503257873,-4.391466676934799,78.0,55.92064824587275,-4.2358362157531895,24,20.072,1176
55.86869503257873,-4.391466676934799,78.0,55.907674892744176,-4.2497703459088045,25,18.824,2221
55.86869503257873,-4.391466676934799,78.0,55.919604340921964,-4.226208116301384,26,19.996,1187
55.86869503257873,-4.391466676934799,78.0,55.83219148710444,-4.304581930326681,27,15.22,1021
55.86869503257873,-4.391466676934799,78.0,55.79569701419853,-4.1769099124482585,28,20.842,1197
55.86869503257873,-4.391466676934799,78.0,55.81260197667657,-4.197841211154324,29,18.253,1065
55.86869503257873,-4.391466676934799,78.0,55.826092940761974,-4.176919409292903,30,16.783,997
55.86869503257873,-4.391466676934799,78.0,55.828413149208096,-4.109650878166438,31,23.587,1188
55.86869503257873,-4.391466676934799,78.0,55.8999241737755,-4.257993823533507,32,16.03,1108
55.86869503257873,-4.391466676934799,78.0,55.892514250678616,-4.340118142906542,33,10.294,749
55.86869503257873,-4.391466676934799,78.0,55.855241629670886,-4.269936069312288,34,12.063,733
55.86869503257873,-4.391466676934799,78.0,55.877364911629314,-4.109701193625618,35,23.636,1246
55.86869503257873,-4.391466676934799,78.0,55.887053111734645,-4.1280531391159245,36,23.938,1213
55.86869503257873,-4.391466676934799,78.0,55.89108676863447,-4.105446803942431,37,25.671,1519
55.86869503257873,-4.391466676934799,78.0,55.842635153466425,-4.334387903339716,38,7.893,593
55.86869503257873,-4.391466676934799,78.0,55.89197542936556,-4.19614108945253,39,19.945,1046
55.86869503257873,-4.391466676934799,78.0,55.825849135803445,-4.321179033230789,40,13.398,921
55.86869503257873,-4.391466676934799,78.0,55.81864602215581,-4.375055705699034,41,9.077,702
55.86869503257873,-4.391466676934799,78.0,55.92613065482397,-4.212698358862173,42,20.458,1240
55.86869503257873,-4.391466676934799,78.0,55.874439929608144,-4.279689658904073,43,12.67,775
55.86869503257873,-4.391466676934799,78.0,55.81998166828728,-4.245455535821837,44,14.578,880
55.86869503257873,-4.391466676934799,78.0,55.91066980601156,-4.213502644426629,45,19.41,1191
55.86869503257873,-4.391466676934799,78.0,55.8404807486866,-4.356656090229781,46,7.447,650
55.86869503257873,-4.391466676934799,78.0,55.88708229912325,-4.079055837843032,47,28.918,1268
55.86869503257873,-4.391466676934799,78.0,55.84510555179576,-4.178720975321847,48,18.448,1013
55.86869503257873,-4.391466676934799,78.0,55.84413340760586,-4.085244529493477,49,25.615,1642
55.86869503257873,-4.391466676934799,78.0,55.83324217210475,-4.157183908594519,50,18.31,1010
55.86869503257873,-4.391466676934799,78.0,55.895753278756494,-4.323131413571223,51,10.051,848
55.86869503257873,-4.391466676934799,78.0,55.88609925330935,-4.38354364327563,52,2.367,225
55.86869503257873,-4.391466676934799,78.0,55.86596770908397,-4.338853955125049,53,4.649,381
55.86869503257873,-4.391466676934799,78.0,55.819381988004544,-4.256567679373081,54,16.007,1030
55.86869503257873,-4.391466676934799,78.0,55.919398785577634,-4.298102785445152,55,17.558,1791
55.86869503257873,-4.391466676934799,78.0,55.81052481551728,-4.0780884232687225,56,26.386,2335
55.86869503257873,-4.391466676934799,78.0,55.8411814367945,-4.125490362928665,57,21.668,1083
55.86869503257873,-4.391466676934799,78.0,55.844855881791794,-4.151320272286683,58,19.3,1063
55.86869503257873,-4.391466676934799,78.0,55.79334532620707,-4.3052187624925375,59,14.221,1081
55.86869503257873,-4.391466676934799,78.0,55.78499644933002,-4.082518262203789,60,30.109,1334
55.86869503257873,-4.391466676934799,78.0,55.86482365717543,-4.074666870071637,61,25.501,1363
55.86869503257873,-4.391466676934799,78.0,55.910543969585106,-4.384534109666136,62,18.603,889
55.86869503257873,-4.391466676934799,78.0,55.799715679086134,-4.188568421733812,63,20.824,1356
55.86869503257873,-4.391466676934799,78.0,55.90005630083831,-4.294022887833187,64,12.485,1053
55.86869503257873,-4.391466676934799,78.0,55.82573931186619,-4.210157383495828,65,16.31,879
55.86869503257873,-4.391466676934799,78.0,55.88010014610652,-4.288014027401103,66,14.759,1051
55.86869503257873,-4.391466676934799,78.0,55.8836463272421,-4.377148406451105,67,2.801,304
55.86869503257873,-4.391466676934799,78.0,55.80511293548626,-4.195982430231648,68,19.233,1139
55.86869503257873,-4.391466676934799,78.0,55.9265186267864,-4.256321117900257,69,19.395,1215
55.86869503257873,-4.391466676934799,78.0,55.90353118048908,-4.119171950823842,70,24.834,1454
55.86869503257873,-4.391466676934799,78.0,55.81502357146685,-4.260984914919316,71,15.455,1009
55.86869503257873,-4.391466676934799,78.0,55.894355058439295,-4.293143876300353,72,15.328,1030
55.86869503257873,-4.391466676934799,78.0,55.80246488546192,-4.242274834364847,73,16.719,1105
55.86869503257873,-4.391466676934799,78.0,55.887581813102464,-4.2985753032369685,74,11.571,1005
55.86869503257873,-4.391466676934799,78.0,55.928290955083554,-4.295962301582311,75,14.411,1056
55.86869503257873,-4.391466676934799,78.0,55.81096058143004,-4.368797105646974,76,10.685,893
55.86869503257873,-4.391466676934799,78.0,55.84818750128869,-4.3631808239548375,77,5.147,426
55.86869503257873,-4.391466676934799,78.0,55.81610352786554,-4.330910795148831,78,15.367,834
55.86869503257873,-4.391466676934799,78.0,55.807034270653475,-4.136077366584948,79,20.017,1248
55.86869503257873,-4.391466676934799,78.0,55.86778114631985,-4.233612892312959,80,14.521,858
55.86869503257873,-4.391466676934799,78.0,55.79578956690847,-4.368290459919509,81,12.62,2013
55.86869503257873,-4.391466676934799,78.0,55.897877306124535,-4.077031107370425,82,27.462,1985
55.86869503257873,-4.391466676934799,78.0,55.80721289582252,-4.242612882195534,83,15.942,1057
55.86869503257873,-4.391466676934799,78.0,55.92209393969709,-4.157940141970138,84,24.605,1252
55.86869503257873,-4.391466676934799,78.0,55.79188265083702,-4.28147512844989,85,15.083,1136
55.86869503257873,-4.391466676934799,78.0,55.88043814367632,-4.104360473798184,86,23.448,1206
55.86869503257873,-4.391466676934799,78.0,55.90345994988174,-4.293652184560058,87,12.895,1098
55.86869503257873,-4.391466676934799,78.0,55.91230525016259,-4.108196424937476,88,26.102,1400
55.86869503257873,-4.391466676934799,78.0,55.90569137930351,-4.3852429216612405,89,18.846,927
55.86869503257873,-4.391466676934799,78.0,55.824402119970216,-4.298242138123909,90,13.834,842
55.86869503257873,-4.391466676934799,78.0,55.887104625653905,-4.201059285828647,91,17.657,1195
55.86869503257873,-4.391466676934799,78.0,55.92006797200308,-4.195257422106852,92,21.304,1218
55.86869503257873,-4.391466676934799,78.0,55.7944551107823,-4.1683749063061635,93,20.972,1632
55.86869503257873,-4.391466676934799,78.0,55.88003873447475,-4.304350182381346,94,9.724,845
55.86869503257873,-4.391466676934799,78.0,55.88308048053683,-4.2942103285768285,95,14.099,905
55.86869503257873,-4.391466676934799,78.0,55.80779271908626,-4.3234306371549245,96,16.638,966
55.86869503257873,-4.391466676934799,78.0,55.90123467399992,-4.380968632189907,97,20.044,1141
55.86869503257873,-4.391466676934799,78.0,55.88049231589054,-4.293733205570284,98,14.001,895
55.86869503257873,-4.391466676934799,78.0,55.84697147961761,-4.334108806216461,99,6.734,591
55.86869503257873,-4.391466676934799,78.0,55.83067141211495,-4.195633651932574,100,15.593,876
55.86869503257873,-4.391466676934799,78.0,55.89350845984679,-4.099445363541155,101,25.486,1350
55.86869503257873,-4.391466676934799,78.0,55.92592408664018,-4.179171340754611,102,25.946,1336
55.86869503257873,-4.391466676934799,78.0,55.84941827409408,-4.169566750359822,103,19.153,1079
55.86869503257873,-4.391466676934799,78.0,55.92413375575165,-4.226670311636797,104,21.673,1983
55.86869503257873,-4.391466676934799,78.0,55.88995713457192,-4.285031242761631,105,14.268,932
55.86869503257873,-4.391466676934799,78.0,55.90528066541109,-4.131569818675147,106,22.284,1100
55.86869503257873,-4.391466676934799,78.0,55.87850608392288,-4.103517886631066,107,23.779,1239
55.86869503257873,-4.391466676934799,78.0,55.80799405798939,-4.284953473560454,108,16.844,1131
55.86869503257873,-4.391466676934799,78.0,55.906815669822045,-4.385279074380807,109,18.627,881
55.86869503257873,-4.391466676934799,78.0,55.916237634416454,-4.222407816066865,110,19.911,1176
55.86869503257873,-4.391466676934799,78.0,55.915798955837815,-4.088621086891774,111,29.186,1431
55.86869503257873,-4.391466676934799,78.0,55.827538479175395,-4.350653065976025,112,7.99,727
55.86869503257873,-4.391466676934799,78.0,55.799515288981674,-4.0866627646338864,113,30.479,1447
55.86869503257873,-4.391466676934799,78.0,55.831024245961984,-4.244756518165482,114,13.059,781
55.86869503257873,-4.391466676934799,78.0,55.86754360554833,-4.2143078261423845,115,15.861,973
55.86869503257873,-4.391466676934799,78.0,55.8574985965699,-4.1521224561179935,116,20.456,1189
55.86869503257873,-4.391466676934799,78.0,55.88095643501817,-4.32811659177277,117,8.107,564
55.86869503257873,-4.391466676934799,78.0,55.85240433608213,-4.177570445500026,118,19.317,1130
55.86869503257873,-4.391466676934799,78.0,55.91169549549074,-4.359708873069638,119,21.155,1107
55.86869503257873,-4.391466676934799,78.0,55.92640787519779,-4.300990956079843,120,14.219,1077
55.86869503257873,-4.391466676934799,78.0,55.84019197366069,-4.205566157974415,121,16.913,1028
55.86869503257873,-4.391466676934799,78.0,55.866619942939494,-4.268153778778456,122,12.823,897
55.86869503257873,-4.391466676934799,78.0,55.81327411986783,-4.2587495402872255,123,15.434,1019
55.86869503257873,-4.391466676934799,78.0,55.86022660117776,-4.154711133590585,124,20.362,1117
55.86869503257873,-4.391466676934799,78.0,55.831522729053496,-4.370420634377527,125,7.452,656
55.86869503257873,-4.391466676934799,78.0,55.84074346341779,-4.172411658039648,126,17.521,933
55.86869503257873,-4.391466676934799,78.0,55.8801412435821,-4.258666277618953,127,13.867,923
55.86869503257873,-4.391466676934799,78.0,55.8434159429892,-4.1056733307349536,128,21.924,1112
55.86869503257873,-4.391466676934799,78.0,55.83522057783537,-4.25736952395694,129,13.593,878
55.86869503257873,-4.391466676934799,78.0,55.86467774065618,-4.2250953414252415,130,14.645,810
55.86869503257873,-4.391466676934799,78.0,55.8953662249987,-4.231143624453162,131,17.098,987
55.86869503257873,-4.391466676934799,78.0,55.81920459649808,-4.236238450921302,132,15.162,930
55.86869503257873,-4.391466676934799,78.0,55.900795402502105,-4.206009410292495,133,19.265,1182
55.86869503257873,-4.391466676934799,78.0,55.86078490474355,-4.339631469507248,134,4.692,437
55.86869503257873,-4.391466676934799,78.0,55.924999437053955,-4.191173279124663,135,21.555,1228
55.86869503257873,-4.391466676934799,78.0,55.81549096669224,-4.126910343137958,136,21.008,1295
55.86869503257873,-4.391466676934799,78.0,55.90135585493081,-4.207622057499793,137,19.264,1160
55.86869503257873,-4.391466676934799,78.0,55.845816555475636,-4.129576488296543,138,20.673,1153
55.86869503257873,-4.391466676934799,78.0,55.80470047644827,-4.291960781118721,139,16.677,1108
55.86869503257873,-4.391466676934799,78.0,55.89185394491289,-4.179857587296262,140,18.849,971
55.86869503257873,-4.391466676934799,78.0,55.91859399996558,-4.3401659608951215,141,13.149,1014
55.86869503257873,-4.391466676934799,78.0,55.90671476836246,-4.3642865107142725,142,20.788,1066
55.86869503257873,-4.391466676934799,78.0,55.81273399651921,-4.167613047894911,143,18.066,1059
55.86869503257873,-4.391466676934799,78.0,55.80939871413575,-4.276056954355674,144,16.558,1079
55.86869503257873,-4.391466676934799,78.0,55.88312869327199,-4.214542892826467,145,16.669,1014
55.86869503257873,-4.391466676934799,78.0,55.815340374954424,-4.283514492524949,146,15.552,964
55.86869503257873,-4.391466676934799,78.0,55.87864379034378,-4.080636908866371,147,29.898,1303
55.86869503257873,-4.391466676934799,78.0,55.89423440492952,-4.2418874418647645,148,17.661,1071
55.86869503257873,-4.391466676934799,78.0,55.92796852989922,-4.305970400193036,149,14.347,1100
55.86869503257873,-4.391466676934799,78.0,55.92895153496988,-4.082888064137351,150,29.556,1380
55.86869503257873,-4.391466676934799,78.0,55.790766759429424,-4.135285962371055,151,23.397,1273
55.86869503257873,-4.391466676934799,78.0,55.80808041573422,-4.184105792933229,152,19.027,1071
55.86869503257873,-4.391466676934799,78.0,55.7982747224006,-4.3931924101572655,153,10.651,856
55.86869503257873,-4.391466676934799,78.0,55.81178474630603,-4.337962602706185,154,11.376,840
55.86869503257873,-4.391466676934799,78.0,55.852972007756,-4.353957895039277,155,5.228,513
55.86869503257873,-4.391466676934799,78.0,55.797152036890715,-4.311451416173846,156,13.117,1009
55.86869503257873,-4.391466676934799,78.0,55.84839482833289,-4.1889265673730645,157,19.099,1047
55.86869503257873,-4.391466676934799,78.0,55.86383954752864,-4.387927326091926,158,2.951,213
55.86869503257873,-4.391466676934799,78.0,55.807182357875575,-4.140487806234959,159,19.694,1223
55.86869503257873,-4.391466676934799,78.0,55.8296607577131,-4.218765551358871,160,14.479,937
55.86869503257873,-4.391466676934799,78.0,55.82699494590622,-4.295404959002084,161,13.87,818
55.86869503257873,-4.391466676934799,78.0,55.861248665443505,-4.307186036515638,162,8.118,570
55.86869503257873,-4.391466676934799,78.0,55.897857165570365,-4.156645648865112,163,20.325,1007
55.86869503257873,-4.391466676934799,78.0,55.877747555317356,-4.342792329217214,164,8.697,661
55.86869503257873,-4.391466676934799,78.0,55.92259641850896,-4.389236283866068,165,17.504,888
55.86869503257873,-4.391466676934799,78.0,55.92621339590465,-4.2820478996479165,166,15.578,1101
55.86869503257873,-4.391466676934799,78.0,55.80660612206145,-4.094012410496262,167,25.971,1400
55.86869503257873,-4.391466676934799,78.0,55.84605439624201,-4.09192094471571,168,24.662,1122
55.86869503257873,-4.391466676934799,78.0,55.83961965364386,-4.1201104741133365,169,21.275,1010
55.86869503257873,-4.391466676934799,78.0,55.85030951683019,-4.217608837338132,170,14.567,978
55.86869503257873,-4.391466676934799,78.0,55.85971342373431,-4.246748195156407,171,15.014,908
55.86869503257873,-4.391466676934799,78.0,55.815747728441636,-4.150792968910081,172,18.564,1120
55.86869503257873,-4.391466676934799,78.0,55.80041195127493,-4.3806303679601495,173,10.958,831
55.86869503257873,-4.391466676934799,78.0,55.85487415463933,-4.092829020720908,174,24.472,1123
55.86869503257873,-4.391466676934799,78.0,55.80456076444065,-4.203157873727267,175,19.252,1141
55.86869503257873,-4.391466676934799,78.0,55.84723005082115,-4.330151260440624,176,7.528,570
55.86869503257873,-4.391466676934799,78.0,55.88775631668876,-4.123428423568879,177,24.073,1219
55.86869503257873,-4.391466676934799,78.0,55.82857385936083,-4.129579652409029,178,21.086,1307
55.86869503257873,-4.391466676934799,78.0,55.879865395443076,-4.36272007519476,179,9.589,703
55.86869503257873,-4.391466676934799,78.0,55.87973669437185,-4.215636550296907,180,15.956,1025
55.86869503257873,-4.391466676934799,78.0,55.8162521393249,-4.1868605517933455,181,17.446,1030
55.86869503257873,-4.391466676934799,78.0,55.80755514535402,-4.201625161718038,182,19.005,1108
55.86869503257873,-4.391466676934799,78.0,55.85565398843102,-4.250533808562208,183,11.526,828
55.86869503257873,-4.391466676934799,78.0,55.929636326069506,-4.381100658166308,184,18.49,909
55.86869503257873,-4.391466676934799,78.0,55.879581066995904,-4.21986165885879,185,15.597,1006
55.86869503257873,-4.391466676934799,78.0,55.92647877645629,-4.127886630011083,186,25.687,1338
55.86869503257873,-4.391466676934799,78.0,55.82282427264178,-4.371094162561755,187,8.44,743
55.86869503257873,-4.391466676934799,78.0,55.90291353127043,-4.3414180899754955,188,11.096,906
55.86869503257873,-4.391466676934799,78.0,55.78437024600116,-4.156926419796477,189,22.741,1287
55.86869503257873,-4.391466676934799,78.0,55.8321542449311,-4.1561720476648265,190,18.35,1024
55.86869503257873,-4.391466676934799,78.0,55.88310705812362,-4.084862107847263,191,27.059,1184
55.86869503257873,-4.391466676934799,78.0,55.85616333886266,-4.110333739241922,192,23.273,1167
55.86869503257873,-4.391466676934799,78.0,55.90185178498145,-4.152652007721208,193,24.234,1632
55.86869503257873,-4.391466676934799,78.0,55.8837118458465,-4.182392741162416,194,20.513,1980
55.86869503257873,-4.391466676934799,78.0,55.83086049774818,-4.312434105301623,195,14.804,923
55.86869503257873,-4.391466676934799,78.0,55.821849459706755,-4.176208567338996,196,17.194,994
55.86869503257873,-4.391466676934799,78.0,55.88009750494633,-4.255964552703097,197,13.553,902
55.86869503257873,-4.391466676934799,78.0,55.87413911675089,-4.369807111055967,198,2.244,236
55.86869503257873,-4.391466676934799,78.0,55.86354071984154,-4.093406384811447,199,23.889,1221
55.92677481432617,-4.338945640530484,79.0,55.8391698042901,-4.214478482526657,0,18.017,1378
55.92677481432617,-4.338945640530484,79.0,55.86553667472969,-4.350500876963486,1,9.591,890
55.92677481432617,-4.338945640530484,79.0,55.912892829643965,-4.286410947894997,2,6.663,1375
55.92677481432617,-4.338945640530484,79.0,55.84854019346565,-4.391697428307927,3,13.676,1243
55.92677481432617,-4.338945640530484,79.0,55.79232875093524,-4.310455024670266,4,22.325,1460
55.92677481432617,-4.338945640530484,79.0,55.837143362020576,-4.120043492886959,5,22.91,1341
55.92677481432617,-4.338945640530484,79.0,55.84185129809378,-4.283879851305767,6,14.069,1202
55.92677481432617,-4.338945640530484,79.0,55.90609664927746,-4.311383718964596,7,3.308,347
55.92677481432617,-4.338945640530484,79.0,55.7832172019226,-4.31249791159531,8,23.913,1518
55.92677481432617,-4.338945640530484,79.0,55.8177258987159,-4.260489243356555,9,17.882,1391
55.92677481432617,-4.338945640530484,79.0,55.903262790870684,-4.212111703691823,10,12.304,887
55.92677481432617,-4.338945640530484,79.0,55.893978813107424,-4.1413270988368325,11,18.48,1169
55.92677481432617,-4.338945640530484,79.0,55.894884622950286,-4.154349650804189,12,18.072,1038
55.92677481432617,-4.338945640530484,79.0,55.80680963785043,-4.263605759417426,13,19.647,1615
55.92677481432617,-4.338945640530484,79.0,55.81824312166051,-4.346878846315483,14,19.488,1374
55.92677481432617,-4.338945640530484,79.0,55.84742656229786,-4.269221405976544,15,13.481,1097
55.92677481432617,-4.338945640530484,79.0,55.80730424868546,-4.315177272898423,16,19.194,1359
55.92677481432617,-4.338945640530484,79.0,55.83798278877758,-4.260604018644594,17,14.263,1208
55.92677481432617,-4.338945640530484,79.0,55.89424631095569,-4.343398240721316,18,5.761,553
55.92677481432617,-4.338945640530484,79.0,55.83908093533876,-4.223069302141199,19,17.553,1399
55.92677481432617,-4.338945640530484,79.0,55.8357731433788,-4.270556349194068,20,14.285,1109
55.92677481432617,-4.338945640530484,79.0,55.90309627527835,-4.360750370095284,21,4.001,468
55.92677481432617,-4.338945640530484,79.0,55.85652103589449,-4.101365743428073,22,22.737,1284
55.92677481432617,-4.338945640530484,79.0,55.783736419963375,-4.235306054793451,23,21.942,1682
55.92677481432617,-4.338945640530484,79.0,55.92064824587275,-4.2358362157531895,24,9.015,526
55.92677481432617,-4.338945640530484,79.0,55.907674892744176,-4.2497703459088045,25,12.631,1969
55.92677481432617,-4.338945640530484,79.0,55.919604340921964,-4.226208116301384,26,11.443,728
55.92677481432617,-4.338945640530484,79.0,55.83219148710444,-4.304581930326681,27,18.366,1401
55.92677481432617,-4.338945640530484,79.0,55.79569701419853,-4.1769099124482585,28,23.626,1614
55.92677481432617,-4.338945640530484,79.0,55.81260197667657,-4.197841211154324,29,21.037,1481
55.92677481432617,-4.338945640530484,79.0,55.826092940761974,-4.176919409292903,30,19.567,1414
55.92677481432617,-4.338945640530484,79.0,55.828413149208096,-4.109650878166438,31,29.683,1630
55.92677481432617,-4.338945640530484,79.0,55.8999241737755,-4.257993823533507,32,9.792,641
55.92677481432617,-4.338945640530484,79.0,55.892514250678616,-4.340118142906542,33,5.79,558
55.92677481432617,-4.338945640530484,79.0,55.855241629670886,-4.269936069312288,34,11.325,838
55.92677481432617,-4.338945640530484,79.0,55.877364911629314,-4.109701193625618,35,23.138,1385
55.92677481432617,-4.338945640530484,79.0,55.887053111734645,-4.1280531391159245,36,18.938,1149
55.92677481432617,-4.338945640530484,79.0,55.89108676863447,-4.105446803942431,37,20.671,1455
55.92677481432617,-4.338945640530484,79.0,55.842635153466425,-4.334387903339716,38,11.454,1045
55.92677481432617,-4.338945640530484,79.0,55.89197542936556,-4.19614108945253,39,14.562,990
55.92677481432617,-4.338945640530484,79.0,55.825849135803445,-4.321179033230789,40,16.544,1301
55.92677481432617,-4.338945640530484,79.0,55.81864602215581,-4.375055705699034,41,15.456,1329
55.92677481432617,-4.338945640530484,79.0,55.92613065482397,-4.212698358862173,42,12.071,799
55.92677481432617,-4.338945640530484,79.0,55.874439929608144,-4.279689658904073,43,8.546,794
55.92677481432617,-4.338945640530484,79.0,55.81998166828728,-4.245455535821837,44,17.362,1296
55.92677481432617,-4.338945640530484,79.0,55.91066980601156,-4.213502644426629,45,11.143,757
55.92677481432617,-4.338945640530484,79.0,55.8404807486866,-4.356656090229781,46,13.765,1217
55.92677481432617,-4.338945640530484,79.0,55.88708229912325,-4.079055837843032,47,27.267,1389
55.92677481432617,-4.338945640530484,79.0,55.84510555179576,-4.178720975321847,48,19.014,1442
55.92677481432617,-4.338945640530484,79.0,55.84413340760586,-4.085244529493477,49,27.236,1817
55.92677481432617,-4.338945640530484,79.0,55.83324217210475,-4.157183908594519,50,21.094,1426
55.92677481432617,-4.338945640530484,79.0,55.895753278756494,-4.323131413571223,51,4.925,498
55.92677481432617,-4.338945640530484,79.0,55.88609925330935,-4.38354364327563,52,14.456,1074
55.92677481432617,-4.338945640530484,79.0,55.86596770908397,-4.338853955125049,53,8.722,814
55.92677481432617,-4.338945640530484,79.0,55.819381988004544,-4.256567679373081,54,18.791,1446
55.92677481432617,-4.338945640530484,79.0,55.919398785577634,-4.298102785445152,55,6.939,1055
55.92677481432617,-4.338945640530484,79.0,55.81052481551728,-4.0780884232687225,56,32.482,2777
55.92677481432617,-4.338945640530484,79.0,55.8411814367945,-4.125490362928665,57,27.764,1525
55.92677481432617,-4.338945640530484,79.0,55.844855881791794,-4.151320272286683,58,22.084,1480
55.92677481432617,-4.338945640530484,79.0,55.79334532620707,-4.3052187624925375,59,22.656,1466
55.92677481432617,-4.338945640530484,79.0,55.78499644933002,-4.082518262203789,60,34.372,1703
55.92677481432617,-4.338945640530484,79.0,55.86482365717543,-4.074666870071637,61,25.003,1501
55.92677481432617,-4.338945640530484,79.0,55.910543969585106,-4.384534109666136,62,5.455,506
55.92677481432617,-4.338945640530484,79.0,55.799715679086134,-4.188568421733812,63,23.608,1772
55.92677481432617,-4.338945640530484,79.0,55.90005630083831,-4.294022887833187,64,5.339,460
55.92677481432617,-4.338945640530484,79.0,55.82573931186619,-4.210157383495828,65,19.094,1295
55.92677481432617,-4.338945640530484,79.0,55.88010014610652,-4.288014027401103,66,6.945,680
55.92677481432617,-4.338945640530484,79.0,55.8836463272421,-4.377148406451105,67,14.226,1151
55.92677481432617,-4.338945640530484,79.0,55.80511293548626,-4.195982430231648,68,22.017,1555
55.92677481432617,-4.338945640530484,79.0,55.9265186267864,-4.256321117900257,69,7.913,513
55.92677481432617,-4.338945640530484,79.0,55.90353118048908,-4.119171950823842,70,19.339,1371
55.92677481432617,-4.338945640530484,79.0,55.81502357146685,-4.260984914919316,71,18.239,1425
55.92677481432617,-4.338945640530484,79.0,55.894355058439295,-4.293143876300353,72,5.78,502
55.92677481432617,-4.338945640530484,79.0,55.80246488546192,-4.242274834364847,73,19.503,1522
55.92677481432617,-4.338945640530484,79.0,55.887581813102464,-4.2985753032369685,74,6.282,591
55.92677481432617,-4.338945640530484,79.0,55.928290955083554,-4.295962301582311,75,3.792,320
55.92677481432617,-4.338945640530484,79.0,55.81096058143004,-4.368797105646974,76,22.174,1465
55.92677481432617,-4.338945640530484,79.0,55.84818750128869,-4.3631808239548375,77,13.929,1053
55.92677481432617,-4.338945640530484,79.0,55.81610352786554,-4.330910795148831,78,18.513,1214
55.92677481432617,-4.338945640530484,79.0,55.807034270653475,-4.136077366584948,79,22.801,1664
55.92677481432617,-4.338945640530484,79.0,55.86778114631985,-4.233612892312959,80,14.023,996
55.92677481432617,-4.338945640530484,79.0,55.79578956690847,-4.368290459919509,81,18.999,2640
55.92677481432617,-4.338945640530484,79.0,55.897877306124535,-4.077031107370425,82,22.462,1922
55.92677481432617,-4.338945640530484,79.0,55.80721289582252,-4.242612882195534,83,18.726,1473
55.92677481432617,-4.338945640530484,79.0,55.92209393969709,-4.157940141970138,84,16.125,987
55.92677481432617,-4.338945640530484,79.0,55.79188265083702,-4.28147512844989,85,23.518,1521
55.92677481432617,-4.338945640530484,79.0,55.88043814367632,-4.104360473798184,86,22.95,1345
55.92677481432617,-4.338945640530484,79.0,55.90345994988174,-4.293652184560058,87,5.409,477
55.92677481432617,-4.338945640530484,79.0,55.91230525016259,-4.108196424937476,88,20.363,1280
55.92677481432617,-4.338945640530484,79.0,55.90569137930351,-4.3852429216612405,89,6.391,582
55.92677481432617,-4.338945640530484,79.0,55.824402119970216,-4.298242138123909,90,16.98,1222
55.92677481432617,-4.338945640530484,79.0,55.887104625653905,-4.201059285828647,91,14.763,1090
55.92677481432617,-4.338945640530484,79.0,55.92006797200308,-4.195257422106852,92,11.513,731
55.92677481432617,-4.338945640530484,79.0,55.7944551107823,-4.1683749063061635,93,23.756,2048
55.92677481432617,-4.338945640530484,79.0,55.88003873447475,-4.304350182381346,94,6.747,642
55.92677481432617,-4.338945640530484,79.0,55.88308048053683,-4.2942103285768285,95,7.205,662
55.92677481432617,-4.338945640530484,79.0,55.80779271908626,-4.3234306371549245,96,19.784,1347
55.92677481432617,-4.338945640530484,79.0,55.90123467399992,-4.380968632189907,97,9.169,850
55.92677481432617,-4.338945640530484,79.0,55.88049231589054,-4.293733205570284,98,7.107,652
55.92677481432617,-4.338945640530484,79.0,55.84697147961761,-4.334108806216461,99,11.044,979
55.92677481432617,-4.338945640530484,79.0,55.83067141211495,-4.195633651932574,100,18.377,1292
55.92677481432617,-4.338945640530484,79.0,55.89350845984679,-4.099445363541155,101,20.486,1287
55.92677481432617,-4.338945640530484,79.0,55.92592408664018,-4.179171340754611,102,13.684,875
55.92677481432617,-4.338945640530484,79.0,55.84941827409408,-4.169566750359822,103,18.8,1427
55.92677481432617,-4.338945640530484,79.0,55.92413375575165,-4.226670311636797,104,13.286,1541
55.92677481432617,-4.338945640530484,79.0,55.88995713457192,-4.285031242761631,105,5.938,504
55.92677481432617,-4.338945640530484,79.0,55.90528066541109,-4.131569818675147,106,16.701,1008
55.92677481432617,-4.338945640530484,79.0,55.87850608392288,-4.103517886631066,107,23.281,1378
55.92677481432617,-4.338945640530484,79.0,55.80799405798939,-4.284953473560454,108,18.283,1476
55.92677481432617,-4.338945640530484,79.0,55.906815669822045,-4.385279074380807,109,6.172,536
55.92677481432617,-4.338945640530484,79.0,55.916237634416454,-4.222407816066865,110,11.195,710
55.92677481432617,-4.338945640530484,79.0,55.915798955837815,-4.088621086891774,111,21.081,1314
55.92677481432617,-4.338945640530484,79.0,55.827538479175395,-4.350653065976025,112,14.308,1295
55.92677481432617,-4.338945640530484,79.0,55.799515288981674,-4.0866627646338864,113,34.742,1816
55.92677481432617,-4.338945640530484,79.0,55.831024245961984,-4.244756518165482,114,15.843,1197
55.92677481432617,-4.338945640530484,79.0,55.86754360554833,-4.2143078261423845,115,15.363,1112
55.92677481432617,-4.338945640530484,79.0,55.8574985965699,-4.1521224561179935,116,20.647,1328
55.92677481432617,-4.338945640530484,79.0,55.88095643501817,-4.32811659177277,117,6.005,597
55.92677481432617,-4.338945640530484,79.0,55.85240433608213,-4.177570445500026,118,18.085,1299
55.92677481432617,-4.338945640530484,79.0,55.91169549549074,-4.359708873069638,119,4.55,401
55.92677481432617,-4.338945640530484,79.0,55.92640787519779,-4.300990956079843,120,3.6,341
55.92677481432617,-4.338945640530484,79.0,55.84019197366069,-4.205566157974415,121,18.503,1476
55.92677481432617,-4.338945640530484,79.0,55.866619942939494,-4.268153778778456,122,9.384,924
55.92677481432617,-4.338945640530484,79.0,55.81327411986783,-4.2587495402872255,123,18.218,1435
55.92677481432617,-4.338945640530484,79.0,55.86022660117776,-4.154711133590585,124,19.864,1255
55.92677481432617,-4.338945640530484,79.0,55.831522729053496,-4.370420634377527,125,13.77,1223
55.92677481432617,-4.338945640530484,79.0,55.84074346341779,-4.172411658039648,126,20.305,1349
55.92677481432617,-4.338945640530484,79.0,55.8801412435821,-4.258666277618953,127,10.897,726
55.92677481432617,-4.338945640530484,79.0,55.8434159429892,-4.1056733307349536,128,28.02,1554
55.92677481432617,-4.338945640530484,79.0,55.83522057783537,-4.25736952395694,129,14.902,1235
55.92677481432617,-4.338945640530484,79.0,55.86467774065618,-4.2250953414252415,130,14.147,948
55.92677481432617,-4.338945640530484,79.0,55.8953662249987,-4.231143624453162,131,12.557,842
55.92677481432617,-4.338945640530484,79.0,55.81920459649808,-4.236238450921302,132,17.946,1346
55.92677481432617,-4.338945640530484,79.0,55.900795402502105,-4.206009410292495,133,13.117,967
55.92677481432617,-4.338945640530484,79.0,55.86078490474355,-4.339631469507248,134,9.257,908
55.92677481432617,-4.338945640530484,79.0,55.924999437053955,-4.191173279124663,135,11.764,740
55.92677481432617,-4.338945640530484,79.0,55.81549096669224,-4.126910343137958,136,23.792,1711
55.92677481432617,-4.338945640530484,79.0,55.90135585493081,-4.207622057499793,137,13.006,929
55.92677481432617,-4.338945640530484,79.0,55.845816555475636,-4.129576488296543,138,23.837,1497
55.92677481432617,-4.338945640530484,79.0,55.80470047644827,-4.291960781118721,139,18.31,1454
55.92677481432617,-4.338945640530484,79.0,55.89185394491289,-4.179857587296262,140,17.862,1079
55.92677481432617,-4.338945640530484,79.0,55.91859399996558,-4.3401659608951215,141,1.523,197
55.92677481432617,-4.338945640530484,79.0,55.90671476836246,-4.3642865107142725,142,4.032,431
55.92677481432617,-4.338945640530484,79.0,55.81273399651921,-4.167613047894911,143,20.85,1475
55.92677481432617,-4.338945640530484,79.0,55.80939871413575,-4.276056954355674,144,18.191,1440
55.92677481432617,-4.338945640530484,79.0,55.88312869327199,-4.214542892826467,145,12.94,1037
55.92677481432617,-4.338945640530484,79.0,55.815340374954424,-4.283514492524949,146,17.185,1326
55.92677481432617,-4.338945640530484,79.0,55.87864379034378,-4.080636908866371,147,28.18,1412
55.92677481432617,-4.338945640530484,79.0,55.89423440492952,-4.2418874418647645,148,10.433,754
55.92677481432617,-4.338945640530484,79.0,55.92796852989922,-4.305970400193036,149,3.728,364
55.92677481432617,-4.338945640530484,79.0,55.92895153496988,-4.082888064137351,150,19.649,1247
55.92677481432617,-4.338945640530484,79.0,55.790766759429424,-4.135285962371055,151,26.181,1689
55.92677481432617,-4.338945640530484,79.0,55.80808041573422,-4.184105792933229,152,21.811,1487
55.92677481432617,-4.338945640530484,79.0,55.7982747224006,-4.3931924101572655,153,17.921,1505
55.92677481432617,-4.338945640530484,79.0,55.81178474630603,-4.337962602706185,154,19.58,1320
55.92677481432617,-4.338945640530484,79.0,55.852972007756,-4.353957895039277,155,10.578,1008
55.92677481432617,-4.338945640530484,79.0,55.797152036890715,-4.311451416173846,156,21.552,1394
55.92677481432617,-4.338945640530484,79.0,55.84839482833289,-4.1889265673730645,157,17.829,1316
55.92677481432617,-4.338945640530484,79.0,55.86383954752864,-4.387927326091926,158,23.473,1123
55.92677481432617,-4.338945640530484,79.0,55.807182357875575,-4.140487806234959,159,22.478,1639
55.92677481432617,-4.338945640530484,79.0,55.8296607577131,-4.218765551358871,160,17.263,1353
55.92677481432617,-4.338945640530484,79.0,55.82699494590622,-4.295404959002084,161,17.016,1198
55.92677481432617,-4.338945640530484,79.0,55.861248665443505,-4.307186036515638,162,9.398,880
55.92677481432617,-4.338945640530484,79.0,55.897857165570365,-4.156645648865112,163,19.399,1132
55.92677481432617,-4.338945640530484,79.0,55.877747555317356,-4.342792329217214,164,7.562,804
55.92677481432617,-4.338945640530484,79.0,55.92259641850896,-4.389236283866068,165,4.334,311
55.92677481432617,-4.338945640530484,79.0,55.92621339590465,-4.2820478996479165,166,4.959,365
55.92677481432617,-4.338945640530484,79.0,55.80660612206145,-4.094012410496262,167,32.067,1842
55.92677481432617,-4.338945640530484,79.0,55.84605439624201,-4.09192094471571,168,24.164,1261
55.92677481432617,-4.338945640530484,79.0,55.83961965364386,-4.1201104741133365,169,27.371,1452
55.92677481432617,-4.338945640530484,79.0,55.85030951683019,-4.217608837338132,170,16.579,1233
55.92677481432617,-4.338945640530484,79.0,55.85971342373431,-4.246748195156407,171,14.516,1047
55.92677481432617,-4.338945640530484,79.0,55.815747728441636,-4.150792968910081,172,21.348,1536
55.92677481432617,-4.338945640530484,79.0,55.80041195127493,-4.3806303679601495,173,17.337,1458
55.92677481432617,-4.338945640530484,79.0,55.85487415463933,-4.092829020720908,174,23.974,1262
55.92677481432617,-4.338945640530484,79.0,55.80456076444065,-4.203157873727267,175,22.036,1557
55.92677481432617,-4.338945640530484,79.0,55.84723005082115,-4.330151260440624,176,11.234,960
55.92677481432617,-4.338945640530484,79.0,55.88775631668876,-4.123428423568879,177,19.073,1155
55.92677481432617,-4.338945640530484,79.0,55.82857385936083,-4.129579652409029,178,23.87,1724
55.92677481432617,-4.338945640530484,79.0,55.879865395443076,-4.36272007519476,179,9.4,805
55.92677481432617,-4.338945640530484,79.0,55.87973669437185,-4.215636550296907,180,13.855,1062
55.92677481432617,-4.338945640530484,79.0,55.8162521393249,-4.1868605517933455,181,20.23,1446
55.92677481432617,-4.338945640530484,79.0,55.80755514535402,-4.201625161718038,182,21.789,1524
55.92677481432617,-4.338945640530484,79.0,55.85565398843102,-4.250533808562208,183,12.462,1099
55.92677481432617,-4.338945640530484,79.0,55.929636326069506,-4.381100658166308,184,3.396,271
55.92677481432617,-4.338945640530484,79.0,55.879581066995904,-4.21986165885879,185,12.878,1002
55.92677481432617,-4.338945640530484,79.0,55.92647877645629,-4.127886630011083,186,17.929,1196
55.92677481432617,-4.338945640530484,79.0,55.82282427264178,-4.371094162561755,187,14.758,1310
55.92677481432617,-4.338945640530484,79.0,55.90291353127043,-4.3414180899754955,188,6.458,621
55.92677481432617,-4.338945640530484,79.0,55.78437024600116,-4.156926419796477,189,25.525,1704
55.92677481432617,-4.338945640530484,79.0,55.8321542449311,-4.1561720476648265,190,21.134,1440
55.92677481432617,-4.338945640530484,79.0,55.88310705812362,-4.084862107847263,191,28.228,1424
55.92677481432617,-4.338945640530484,79.0,55.85616333886266,-4.110333739241922,192,22.775,1306
55.92677481432617,-4.338945640530484,79.0,55.90185178498145,-4.152652007721208,193,17.743,1431
55.92677481432617,-4.338945640530484,79.0,55.8837118458465,-4.182392741162416,194,21.348,2171
55.92677481432617,-4.338945640530484,79.0,55.83086049774818,-4.312434105301623,195,17.95,1303
55.92677481432617,-4.338945640530484,79.0,55.821849459706755,-4.176208567338996,196,19.978,1410
55.92677481432617,-4.338945640530484,79.0,55.88009750494633,-4.255964552703097,197,10.793,720
55.92677481432617,-4.338945640530484,79.0,55.87413911675089,-4.369807111055967,198,12.567,970
55.92677481432617,-4.338945640530484,79.0,55.86354071984154,-4.093406384811447,199,23.391,1360
55.783931133761094,-4.115301000630783,80.0,55.8391698042901,-4.214478482526657,0,12.876,739
55.783931133761094,-4.115301000630783,80.0,55.86553667472969,-4.350500876963486,1,30.237,1217
55.783931133761094,-4.115301000630783,80.0,55.912892829643965,-4.286410947894997,2,31.378,2396
55.783931133761094,-4.115301000630783,80.0,55.84854019346565,-4.391697428307927,3,29.668,1439
55.783931133761094,-4.115301000630783,80.0,55.79232875093524,-4.310455024670266,4,17.729,1046
55.783931133761094,-4.115301000630783,80.0,55.837143362020576,-4.120043492886959,5,16.13,608
55.783931133761094,-4.115301000630783,80.0,55.84185129809378,-4.283879851305767,6,22.107,1091
55.783931133761094,-4.115301000630783,80.0,55.90609664927746,-4.311383718964596,7,30.062,1505
55.783931133761094,-4.115301000630783,80.0,55.7832172019226,-4.31249791159531,8,18.059,1023
55.783931133761094,-4.115301000630783,80.0,55.8177258987159,-4.260489243356555,9,13.872,881
55.783931133761094,-4.115301000630783,80.0,55.903262790870684,-4.212111703691823,10,24.615,1286
55.783931133761094,-4.115301000630783,80.0,55.893978813107424,-4.1413270988368325,11,22.116,1080
55.783931133761094,-4.115301000630783,80.0,55.894884622950286,-4.154349650804189,12,26.981,981
55.783931133761094,-4.115301000630783,80.0,55.80680963785043,-4.263605759417426,13,17.61,1105
55.783931133761094,-4.115301000630783,80.0,55.81824312166051,-4.346878846315483,14,29.191,1396
55.783931133761094,-4.115301000630783,80.0,55.84742656229786,-4.269221405976544,15,22.472,1110
55.783931133761094,-4.115301000630783,80.0,55.80730424868546,-4.315177272898423,16,19.366,1179
55.783931133761094,-4.115301000630783,80.0,55.83798278877758,-4.260604018644594,17,20.578,905
55.783931133761094,-4.115301000630783,80.0,55.89424631095569,-4.343398240721316,18,32.053,1467
55.783931133761094,-4.115301000630783,80.0,55.83908093533876,-4.223069302141199,19,13.906,869
55.783931133761094,-4.115301000630783,80.0,55.8357731433788,-4.270556349194068,20,21.262,955
55.783931133761094,-4.115301000630783,80.0,55.90309627527835,-4.360750370095284,21,34.086,1702
55.783931133761094,-4.115301000630783,80.0,55.85652103589449,-4.101365743428073,22,13.607,645
55.783931133761094,-4.115301000630783,80.0,55.783736419963375,-4.235306054793451,23,12.352,649
55.783931133761094,-4.115301000630783,80.0,55.92064824587275,-4.2358362157531895,24,28.976,1386
55.783931133761094,-4.115301000630783,80.0,55.907674892744176,-4.2497703459088045,25,27.728,2431
55.783931133761094,-4.115301000630783,80.0,55.919604340921964,-4.226208116301384,26,33.773,1391
55.783931133761094,-4.115301000630783,80.0,55.83219148710444,-4.304581930326681,27,28.174,1357
55.783931133761094,-4.115301000630783,80.0,55.79569701419853,-4.1769099124482585,28,7.195,368
55.783931133761094,-4.115301000630783,80.0,55.81260197667657,-4.197841211154324,29,9.755,535
55.783931133761094,-4.115301000630783,80.0,55.826092940761974,-4.176919409292903,30,16.048,750
55.783931133761094,-4.115301000630783,80.0,55.828413149208096,-4.109650878166438,31,6.178,459
55.783931133761094,-4.115301000630783,80.0,55.8999241737755,-4.257993823533507,32,27.827,1376
55.783931133761094,-4.115301000630783,80.0,55.892514250678616,-4.340118142906542,33,32.082,1478
55.783931133761094,-4.115301000630783,80.0,55.855241629670886,-4.269936069312288,34,25.914,1015
55.783931133761094,-4.115301000630783,80.0,55.877364911629314,-4.109701193625618,35,19.848,856
55.783931133761094,-4.115301000630783,80.0,55.887053111734645,-4.1280531391159245,36,25.495,1061
55.783931133761094,-4.115301000630783,80.0,55.89108676863447,-4.105446803942431,37,19.836,1072
55.783931133761094,-4.115301000630783,80.0,55.842635153466425,-4.334387903339716,38,26.105,1145
55.783931133761094,-4.115301000630783,80.0,55.89197542936556,-4.19614108945253,39,22.399,1010
55.783931133761094,-4.115301000630783,80.0,55.825849135803445,-4.321179033230789,40,26.352,1257
55.783931133761094,-4.115301000630783,80.0,55.81864602215581,-4.375055705699034,41,29.318,1324
55.783931133761094,-4.115301000630783,80.0,55.92613065482397,-4.212698358862173,42,33.147,1386
55.783931133761094,-4.115301000630783,80.0,55.874439929608144,-4.279689658904073,43,25.755,1137
55.783931133761094,-4.115301000630783,80.0,55.81998166828728,-4.245455535821837,44,12.732,748
55.783931133761094,-4.115301000630783,80.0,55.91066980601156,-4.213502644426629,45,34.129,1441
55.783931133761094,-4.115301000630783,80.0,55.8404807486866,-4.356656090229781,46,29.757,1413
55.783931133761094,-4.115301000630783,80.0,55.88708229912325,-4.079055837843032,47,17.466,665
55.783931133761094,-4.115301000630783,80.0,55.84510555179576,-4.178720975321847,48,15.464,723
55.783931133761094,-4.115301000630783,80.0,55.84413340760586,-4.085244529493477,49,14.619,1051
55.783931133761094,-4.115301000630783,80.0,55.83324217210475,-4.157183908594519,50,14.145,598
55.783931133761094,-4.115301000630783,80.0,55.895753278756494,-4.323131413571223,51,29.694,1559
55.783931133761094,-4.115301000630783,80.0,55.88609925330935,-4.38354364327563,52,31.27,1286
55.783931133761094,-4.115301000630783,80.0,55.86596770908397,-4.338853955125049,53,28.053,1166
55.783931133761094,-4.115301000630783,80.0,55.819381988004544,-4.256567679373081,54,14.781,942
55.783931133761094,-4.115301000630783,80.0,55.919398785577634,-4.298102785445152,55,31.654,2076
55.783931133761094,-4.115301000630783,80.0,55.81052481551728,-4.0780884232687225,56,12.162,1635
55.783931133761094,-4.115301000630783,80.0,55.8411814367945,-4.125490362928665,57,11.679,541
55.783931133761094,-4.115301000630783,80.0,55.844855881791794,-4.151320272286683,58,15.296,697
55.783931133761094,-4.115301000630783,80.0,55.79334532620707,-4.3052187624925375,59,17.324,1007
55.783931133761094,-4.115301000630783,80.0,55.78499644933002,-4.082518262203789,60,2.355,142
55.783931133761094,-4.115301000630783,80.0,55.86482365717543,-4.074666870071637,61,15.159,838
55.783931133761094,-4.115301000630783,80.0,55.910543969585106,-4.384534109666136,62,35.913,1767
55.783931133761094,-4.115301000630783,80.0,55.799715679086134,-4.188568421733812,63,8.855,596
55.783931133761094,-4.115301000630783,80.0,55.90005630083831,-4.294022887833187,64,29.134,1459
55.783931133761094,-4.115301000630783,80.0,55.82573931186619,-4.210157383495828,65,11.045,579
55.783931133761094,-4.115301000630783,80.0,55.88010014610652,-4.288014027401103,66,27.855,1427
55.783931133761094,-4.115301000630783,80.0,55.8836463272421,-4.377148406451105,67,31.04,1363
55.783931133761094,-4.115301000630783,80.0,55.80511293548626,-4.195982430231648,68,9.012,484
55.783931133761094,-4.115301000630783,80.0,55.9265186267864,-4.256321117900257,69,31.192,1490
55.783931133761094,-4.115301000630783,80.0,55.90353118048908,-4.119171950823842,70,20.438,1132
55.783931133761094,-4.115301000630783,80.0,55.81502357146685,-4.260984914919316,71,14.229,916
55.783931133761094,-4.115301000630783,80.0,55.894355058439295,-4.293143876300353,72,28.424,1406
55.783931133761094,-4.115301000630783,80.0,55.80246488546192,-4.242274834364847,73,13.759,791
55.783931133761094,-4.115301000630783,80.0,55.887581813102464,-4.2985753032369685,74,28.036,1402
55.783931133761094,-4.115301000630783,80.0,55.928290955083554,-4.295962301582311,75,32.076,1491
55.783931133761094,-4.115301000630783,80.0,55.81096058143004,-4.368797105646974,76,28.483,1298
55.783931133761094,-4.115301000630783,80.0,55.84818750128869,-4.3631808239548375,77,30.743,1265
55.783931133761094,-4.115301000630783,80.0,55.81610352786554,-4.330910795148831,78,28.321,1170
55.783931133761094,-4.115301000630783,80.0,55.807034270653475,-4.136077366584948,79,5.125,330
55.783931133761094,-4.115301000630783,80.0,55.86778114631985,-4.233612892312959,80,22.885,1001
55.783931133761094,-4.115301000630783,80.0,55.79578956690847,-4.368290459919509,81,27.578,2337
55.783931133761094,-4.115301000630783,80.0,55.897877306124535,-4.077031107370425,82,19.825,1410
55.783931133761094,-4.115301000630783,80.0,55.80721289582252,-4.242612882195534,83,14.149,823
55.783931133761094,-4.115301000630783,80.0,55.92209393969709,-4.157940141970138,84,29.082,1159
55.783931133761094,-4.115301000630783,80.0,55.79188265083702,-4.28147512844989,85,15.471,845
55.783931133761094,-4.115301000630783,80.0,55.88043814367632,-4.104360473798184,86,19.158,796
55.783931133761094,-4.115301000630783,80.0,55.90345994988174,-4.293652184560058,87,30.851,1532
55.783931133761094,-4.115301000630783,80.0,55.91230525016259,-4.108196424937476,88,23.118,1034
55.783931133761094,-4.115301000630783,80.0,55.90569137930351,-4.3852429216612405,89,35.948,1790
55.783931133761094,-4.115301000630783,80.0,55.824402119970216,-4.298242138123909,90,26.788,1178
55.783931133761094,-4.115301000630783,80.0,55.887104625653905,-4.201059285828647,91,22.173,1084
55.783931133761094,-4.115301000630783,80.0,55.92006797200308,-4.195257422106852,92,31.152,1204
55.783931133761094,-4.115301000630783,80.0,55.7944551107823,-4.1683749063061635,93,7.342,801
55.783931133761094,-4.115301000630783,80.0,55.88003873447475,-4.304350182381346,94,27.369,1310
55.783931133761094,-4.115301000630783,80.0,55.88308048053683,-4.2942103285768285,95,26.969,1285
55.783931133761094,-4.115301000630783,80.0,55.80779271908626,-4.3234306371549245,96,19.814,1226
55.783931133761094,-4.115301000630783,80.0,55.90123467399992,-4.380968632189907,97,36.254,1919
55.783931133761094,-4.115301000630783,80.0,55.88049231589054,-4.293733205570284,98,26.871,1275
55.783931133761094,-4.115301000630783,80.0,55.84697147961761,-4.334108806216461,99,26.219,1178
55.783931133761094,-4.115301000630783,80.0,55.83067141211495,-4.195633651932574,100,17.066,752
55.783931133761094,-4.115301000630783,80.0,55.89350845984679,-4.099445363541155,101,18.903,842
55.783931133761094,-4.115301000630783,80.0,55.92592408664018,-4.179171340754611,102,30.423,1242
55.783931133761094,-4.115301000630783,80.0,55.84941827409408,-4.169566750359822,103,15.573,746
55.783931133761094,-4.115301000630783,80.0,55.92413375575165,-4.226670311636797,104,34.362,2129
55.783931133761094,-4.115301000630783,80.0,55.88995713457192,-4.285031242761631,105,27.364,1309
55.783931133761094,-4.115301000630783,80.0,55.90528066541109,-4.131569818675147,106,26.761,1006
55.783931133761094,-4.115301000630783,80.0,55.87850608392288,-4.103517886631066,107,19.489,829
55.783931133761094,-4.115301000630783,80.0,55.80799405798939,-4.284953473560454,108,18.717,1163
55.783931133761094,-4.115301000630783,80.0,55.906815669822045,-4.385279074380807,109,35.259,1705
55.783931133761094,-4.115301000630783,80.0,55.916237634416454,-4.222407816066865,110,33.688,1379
55.783931133761094,-4.115301000630783,80.0,55.915798955837815,-4.088621086891774,111,21.984,917
55.783931133761094,-4.115301000630783,80.0,55.827538479175395,-4.350653065976025,112,28.665,1261
55.783931133761094,-4.115301000630783,80.0,55.799515288981674,-4.0866627646338864,113,3.352,293
55.783931133761094,-4.115301000630783,80.0,55.831024245961984,-4.244756518165482,114,20.018,810
55.783931133761094,-4.115301000630783,80.0,55.86754360554833,-4.2143078261423845,115,21.558,987
55.783931133761094,-4.115301000630783,80.0,55.8574985965699,-4.1521224561179935,116,16.452,823
55.783931133761094,-4.115301000630783,80.0,55.88095643501817,-4.32811659177277,117,29.895,1294
55.783931133761094,-4.115301000630783,80.0,55.85240433608213,-4.177570445500026,118,16.505,804
55.783931133761094,-4.115301000630783,80.0,55.91169549549074,-4.359708873069638,119,33.52,1788
55.783931133761094,-4.115301000630783,80.0,55.92640787519779,-4.300990956079843,120,32.524,1539
55.783931133761094,-4.115301000630783,80.0,55.84019197366069,-4.205566157974415,121,13.362,854
55.783931133761094,-4.115301000630783,80.0,55.866619942939494,-4.268153778778456,122,24.832,1118
55.783931133761094,-4.115301000630783,80.0,55.81327411986783,-4.2587495402872255,123,14.208,925
55.783931133761094,-4.115301000630783,80.0,55.86022660117776,-4.154711133590585,124,17.887,766
55.783931133761094,-4.115301000630783,80.0,55.831522729053496,-4.370420634377527,125,30.719,1431
55.783931133761094,-4.115301000630783,80.0,55.84074346341779,-4.172411658039648,126,15.126,642
55.783931133761094,-4.115301000630783,80.0,55.8801412435821,-4.258666277618953,127,25.108,1132
55.783931133761094,-4.115301000630783,80.0,55.8434159429892,-4.1056733307349536,128,11.935,570
55.783931133761094,-4.115301000630783,80.0,55.83522057783537,-4.25736952395694,129,20.552,907
55.783931133761094,-4.115301000630783,80.0,55.86467774065618,-4.2250953414252415,130,22.778,905
55.783931133761094,-4.115301000630783,80.0,55.8953662249987,-4.231143624453162,131,26.002,1197
55.783931133761094,-4.115301000630783,80.0,55.81920459649808,-4.236238450921302,132,12.148,697
55.783931133761094,-4.115301000630783,80.0,55.900795402502105,-4.206009410292495,133,23.8,1177
55.783931133761094,-4.115301000630783,80.0,55.86078490474355,-4.339631469507248,134,28.588,1261
55.783931133761094,-4.115301000630783,80.0,55.924999437053955,-4.191173279124663,135,30.901,1195
55.783931133761094,-4.115301000630783,80.0,55.81549096669224,-4.126910343137958,136,5.634,391
55.783931133761094,-4.115301000630783,80.0,55.90135585493081,-4.207622057499793,137,23.799,1154
55.783931133761094,-4.115301000630783,80.0,55.845816555475636,-4.129576488296543,138,13.579,666
55.783931133761094,-4.115301000630783,80.0,55.80470047644827,-4.291960781118721,139,18.559,1161
55.783931133761094,-4.115301000630783,80.0,55.89185394491289,-4.179857587296262,140,23.003,953
55.783931133761094,-4.115301000630783,80.0,55.91859399996558,-4.3401659608951215,141,32.386,1639
55.783931133761094,-4.115301000630783,80.0,55.90671476836246,-4.3642865107142725,142,34.838,1757
55.783931133761094,-4.115301000630783,80.0,55.81273399651921,-4.167613047894911,143,9.028,468
55.783931133761094,-4.115301000630783,80.0,55.80939871413575,-4.276056954355674,144,17.738,1034
55.783931133761094,-4.115301000630783,80.0,55.88312869327199,-4.214542892826467,145,21.8,1055
55.783931133761094,-4.115301000630783,80.0,55.815340374954424,-4.283514492524949,146,15.554,1058
55.783931133761094,-4.115301000630783,80.0,55.87864379034378,-4.080636908866371,147,18.446,699
55.783931133761094,-4.115301000630783,80.0,55.89423440492952,-4.2418874418647645,148,26.565,1281
55.783931133761094,-4.115301000630783,80.0,55.92796852989922,-4.305970400193036,149,32.652,1563
55.783931133761094,-4.115301000630783,80.0,55.92895153496988,-4.082888064137351,150,22.942,925
55.783931133761094,-4.115301000630783,80.0,55.790766759429424,-4.135285962371055,151,3.971,265
55.783931133761094,-4.115301000630783,80.0,55.80808041573422,-4.184105792933229,152,8.628,420
55.783931133761094,-4.115301000630783,80.0,55.7982747224006,-4.3931924101572655,153,30.121,1406
55.783931133761094,-4.115301000630783,80.0,55.81178474630603,-4.337962602706185,154,27.269,1199
55.783931133761094,-4.115301000630783,80.0,55.852972007756,-4.353957895039277,155,27.787,1264
55.783931133761094,-4.115301000630783,80.0,55.797152036890715,-4.311451416173846,156,17.614,1040
55.783931133761094,-4.115301000630783,80.0,55.84839482833289,-4.1889265673730645,157,16.225,759
55.783931133761094,-4.115301000630783,80.0,55.86383954752864,-4.387927326091926,158,33.379,1291
55.783931133761094,-4.115301000630783,80.0,55.807182357875575,-4.140487806234959,159,5.336,328
55.783931133761094,-4.115301000630783,80.0,55.8296607577131,-4.218765551358871,160,11.957,703
55.783931133761094,-4.115301000630783,80.0,55.82699494590622,-4.295404959002084,161,26.824,1154
55.783931133761094,-4.115301000630783,80.0,55.861248665443505,-4.307186036515638,162,25.673,1167
55.783931133761094,-4.115301000630783,80.0,55.897857165570365,-4.156645648865112,163,24.479,990
55.783931133761094,-4.115301000630783,80.0,55.877747555317356,-4.342792329217214,164,30.485,1391
55.783931133761094,-4.115301000630783,80.0,55.92259641850896,-4.389236283866068,165,46.741,1855
55.783931133761094,-4.115301000630783,80.0,55.92621339590465,-4.2820478996479165,166,30.976,1439
55.783931133761094,-4.115301000630783,80.0,55.80660612206145,-4.094012410496262,167,12.564,764
55.783931133761094,-4.115301000630783,80.0,55.84605439624201,-4.09192094471571,168,19.675,768
55.783931133761094,-4.115301000630783,80.0,55.83961965364386,-4.1201104741133365,169,11.286,468
55.783931133761094,-4.115301000630783,80.0,55.85030951683019,-4.217608837338132,170,18.06,868
55.783931133761094,-4.115301000630783,80.0,55.85971342373431,-4.246748195156407,171,23.491,1051
55.783931133761094,-4.115301000630783,80.0,55.815747728441636,-4.150792968910081,172,6.241,464
55.783931133761094,-4.115301000630783,80.0,55.80041195127493,-4.3806303679601495,173,27.952,1315
55.783931133761094,-4.115301000630783,80.0,55.85487415463933,-4.092829020720908,174,14.13,599
55.783931133761094,-4.115301000630783,80.0,55.80456076444065,-4.203157873727267,175,9.503,504
55.783931133761094,-4.115301000630783,80.0,55.84723005082115,-4.330151260440624,176,25.74,1122
55.783931133761094,-4.115301000630783,80.0,55.88775631668876,-4.123428423568879,177,22.101,1052
55.783931133761094,-4.115301000630783,80.0,55.82857385936083,-4.129579652409029,178,6.906,517
55.783931133761094,-4.115301000630783,80.0,55.879865395443076,-4.36272007519476,179,31.377,1433
55.783931133761094,-4.115301000630783,80.0,55.87973669437185,-4.215636550296907,180,22.516,1151
55.783931133761094,-4.115301000630783,80.0,55.8162521393249,-4.1868605517933455,181,10.01,540
55.783931133761094,-4.115301000630783,80.0,55.80755514535402,-4.201625161718038,182,9.256,471
55.783931133761094,-4.115301000630783,80.0,55.85565398843102,-4.250533808562208,183,22.231,1094
55.783931133761094,-4.115301000630783,80.0,55.929636326069506,-4.381100658166308,184,47.727,1876
55.783931133761094,-4.115301000630783,80.0,55.879581066995904,-4.21986165885879,185,22.701,1186
55.783931133761094,-4.115301000630783,80.0,55.92647877645629,-4.127886630011083,186,23.344,1187
55.783931133761094,-4.115301000630783,80.0,55.82282427264178,-4.371094162561755,187,29.855,1354
55.783931133761094,-4.115301000630783,80.0,55.90291353127043,-4.3414180899754955,188,32.884,1635
55.783931133761094,-4.115301000630783,80.0,55.78437024600116,-4.156926419796477,189,5.84,365
55.783931133761094,-4.115301000630783,80.0,55.8321542449311,-4.1561720476648265,190,14.185,611
55.783931133761094,-4.115301000630783,80.0,55.88310705812362,-4.084862107847263,191,15.607,581
55.783931133761094,-4.115301000630783,80.0,55.85616333886266,-4.110333739241922,192,14.25,696
55.783931133761094,-4.115301000630783,80.0,55.90185178498145,-4.152652007721208,193,28.711,1538
55.783931133761094,-4.115301000630783,80.0,55.8837118458465,-4.182392741162416,194,22.37,1837
55.783931133761094,-4.115301000630783,80.0,55.83086049774818,-4.312434105301623,195,27.758,1259
55.783931133761094,-4.115301000630783,80.0,55.821849459706755,-4.176208567338996,196,7.857,593
55.783931133761094,-4.115301000630783,80.0,55.88009750494633,-4.255964552703097,197,24.794,1111
55.783931133761094,-4.115301000630783,80.0,55.87413911675089,-4.369807111055967,198,29.381,1182
55.783931133761094,-4.115301000630783,80.0,55.86354071984154,-4.093406384811447,199,15.71,703
55.791261996333176,-4.258240110939205,81.0,55.8391698042901,-4.214478482526657,0,8.447,994
55.791261996333176,-4.258240110939205,81.0,55.86553667472969,-4.350500876963486,1,17.027,1285
55.791261996333176,-4.258240110939205,81.0,55.912892829643965,-4.286410947894997,2,18.809,2634
55.791261996333176,-4.258240110939205,81.0,55.84854019346565,-4.391697428307927,3,16.458,1507
55.791261996333176,-4.258240110939205,81.0,55.79232875093524,-4.310455024670266,4,7.84,945
55.791261996333176,-4.258240110939205,81.0,55.837143362020576,-4.120043492886959,5,14.078,1119
55.791261996333176,-4.258240110939205,81.0,55.84185129809378,-4.283879851305767,6,7.938,1030
55.791261996333176,-4.258240110939205,81.0,55.90609664927746,-4.311383718964596,7,16.431,1692
55.791261996333176,-4.258240110939205,81.0,55.7832172019226,-4.31249791159531,8,8.17,922
55.791261996333176,-4.258240110939205,81.0,55.8177258987159,-4.260489243356555,9,4.216,654
55.791261996333176,-4.258240110939205,81.0,55.903262790870684,-4.212111703691823,10,15.282,1642
55.791261996333176,-4.258240110939205,81.0,55.893978813107424,-4.1413270988368325,11,16.758,1645
55.791261996333176,-4.258240110939205,81.0,55.894884622950286,-4.154349650804189,12,19.143,1543
55.791261996333176,-4.258240110939205,81.0,55.80680963785043,-4.263605759417426,13,6.654,921
55.791261996333176,-4.258240110939205,81.0,55.81824312166051,-4.346878846315483,14,11.226,1317
55.791261996333176,-4.258240110939205,81.0,55.84742656229786,-4.269221405976544,15,8.135,1044
55.791261996333176,-4.258240110939205,81.0,55.80730424868546,-4.315177272898423,16,9.477,1078
55.791261996333176,-4.258240110939205,81.0,55.83798278877758,-4.260604018644594,17,6.409,852
55.791261996333176,-4.258240110939205,81.0,55.89424631095569,-4.343398240721316,18,18.843,1535
55.791261996333176,-4.258240110939205,81.0,55.83908093533876,-4.223069302141199,19,7.969,1090
55.791261996333176,-4.258240110939205,81.0,55.8357731433788,-4.270556349194068,20,7.093,894
55.791261996333176,-4.258240110939205,81.0,55.90309627527835,-4.360750370095284,21,20.876,1770
55.791261996333176,-4.258240110939205,81.0,55.85652103589449,-4.101365743428073,22,19.011,1443
55.791261996333176,-4.258240110939205,81.0,55.783736419963375,-4.235306054793451,23,3.049,534
55.791261996333176,-4.258240110939205,81.0,55.92064824587275,-4.2358362157531895,24,16.407,1623
55.791261996333176,-4.258240110939205,81.0,55.907674892744176,-4.2497703459088045,25,15.159,2668
55.791261996333176,-4.258240110939205,81.0,55.919604340921964,-4.226208116301384,26,16.331,1634
55.791261996333176,-4.258240110939205,81.0,55.83219148710444,-4.304581930326681,27,9.356,1201
55.791261996333176,-4.258240110939205,81.0,55.79569701419853,-4.1769099124482585,28,7.933,815
55.791261996333176,-4.258240110939205,81.0,55.81260197667657,-4.197841211154324,29,5.956,836
55.791261996333176,-4.258240110939205,81.0,55.826092940761974,-4.176919409292903,30,8.443,1099
55.791261996333176,-4.258240110939205,81.0,55.828413149208096,-4.109650878166438,31,17.416,1333
55.791261996333176,-4.258240110939205,81.0,55.8999241737755,-4.257993823533507,32,15.258,1613
55.791261996333176,-4.258240110939205,81.0,55.892514250678616,-4.340118142906542,33,18.872,1546
55.791261996333176,-4.258240110939205,81.0,55.855241629670886,-4.269936069312288,34,11.13,1263
55.791261996333176,-4.258240110939205,81.0,55.877364911629314,-4.109701193625618,35,25.252,1654
55.791261996333176,-4.258240110939205,81.0,55.887053111734645,-4.1280531391159245,36,20.009,1654
55.791261996333176,-4.258240110939205,81.0,55.89108676863447,-4.105446803942431,37,25.24,1870
55.791261996333176,-4.258240110939205,81.0,55.842635153466425,-4.334387903339716,38,12.895,1213
55.791261996333176,-4.258240110939205,81.0,55.89197542936556,-4.19614108945253,39,16.016,1488
55.791261996333176,-4.258240110939205,81.0,55.825849135803445,-4.321179033230789,40,9.335,1122
55.791261996333176,-4.258240110939205,81.0,55.81864602215581,-4.375055705699034,41,12.609,1320
55.791261996333176,-4.258240110939205,81.0,55.92613065482397,-4.212698358862173,42,16.793,1687
55.791261996333176,-4.258240110939205,81.0,55.874439929608144,-4.279689658904073,43,11.69,1321
55.791261996333176,-4.258240110939205,81.0,55.81998166828728,-4.245455535821837,44,4.061,628
55.791261996333176,-4.258240110939205,81.0,55.91066980601156,-4.213502644426629,45,15.745,1638
55.791261996333176,-4.258240110939205,81.0,55.8404807486866,-4.356656090229781,46,12.37,1437
55.791261996333176,-4.258240110939205,81.0,55.88708229912325,-4.079055837843032,47,22.87,1462
55.791261996333176,-4.258240110939205,81.0,55.84510555179576,-4.178720975321847,48,12.4,1207
55.791261996333176,-4.258240110939205,81.0,55.84413340760586,-4.085244529493477,49,19.567,1837
55.791261996333176,-4.258240110939205,81.0,55.83324217210475,-4.157183908594519,50,10.914,1077
55.791261996333176,-4.258240110939205,81.0,55.895753278756494,-4.323131413571223,51,18.629,1646
55.791261996333176,-4.258240110939205,81.0,55.88609925330935,-4.38354364327563,52,18.06,1354
55.791261996333176,-4.258240110939205,81.0,55.86596770908397,-4.338853955125049,53,14.843,1234
55.791261996333176,-4.258240110939205,81.0,55.819381988004544,-4.256567679373081,54,5.49,760
55.791261996333176,-4.258240110939205,81.0,55.919398785577634,-4.298102785445152,55,19.085,2313
55.791261996333176,-4.258240110939205,81.0,55.81052481551728,-4.0780884232687225,56,20.338,2529
55.791261996333176,-4.258240110939205,81.0,55.8411814367945,-4.125490362928665,57,13.338,1281
55.791261996333176,-4.258240110939205,81.0,55.844855881791794,-4.151320272286683,58,12.634,1239
55.791261996333176,-4.258240110939205,81.0,55.79334532620707,-4.3052187624925375,59,7.435,905
55.791261996333176,-4.258240110939205,81.0,55.78499644933002,-4.082518262203789,60,15.127,1103
55.791261996333176,-4.258240110939205,81.0,55.86482365717543,-4.074666870071637,61,20.563,1636
55.791261996333176,-4.258240110939205,81.0,55.910543969585106,-4.384534109666136,62,22.703,1835
55.791261996333176,-4.258240110939205,81.0,55.799715679086134,-4.188568421733812,63,5.632,851
55.791261996333176,-4.258240110939205,81.0,55.90005630083831,-4.294022887833187,64,15.503,1646
55.791261996333176,-4.258240110939205,81.0,55.82573931186619,-4.210157383495828,65,6.616,834
55.791261996333176,-4.258240110939205,81.0,55.88010014610652,-4.288014027401103,66,14.224,1614
55.791261996333176,-4.258240110939205,81.0,55.8836463272421,-4.377148406451105,67,17.83,1431
55.791261996333176,-4.258240110939205,81.0,55.80511293548626,-4.195982430231648,68,7.115,814
55.791261996333176,-4.258240110939205,81.0,55.9265186267864,-4.256321117900257,69,18.623,1728
55.791261996333176,-4.258240110939205,81.0,55.90353118048908,-4.119171950823842,70,25.842,1930
55.791261996333176,-4.258240110939205,81.0,55.81502357146685,-4.260984914919316,71,4.573,688
55.791261996333176,-4.258240110939205,81.0,55.894355058439295,-4.293143876300353,72,14.793,1593
55.791261996333176,-4.258240110939205,81.0,55.80246488546192,-4.242274834364847,73,2.198,498
55.791261996333176,-4.258240110939205,81.0,55.887581813102464,-4.2985753032369685,74,14.405,1590
55.791261996333176,-4.258240110939205,81.0,55.928290955083554,-4.295962301582311,75,19.507,1728
55.791261996333176,-4.258240110939205,81.0,55.81096058143004,-4.368797105646974,76,11.774,1294
55.791261996333176,-4.258240110939205,81.0,55.84818750128869,-4.3631808239548375,77,17.533,1333
55.791261996333176,-4.258240110939205,81.0,55.81610352786554,-4.330910795148831,78,9.456,1074
55.791261996333176,-4.258240110939205,81.0,55.807034270653475,-4.136077366584948,79,12.681,995
55.791261996333176,-4.258240110939205,81.0,55.86778114631985,-4.233612892312959,80,10.485,1269
55.791261996333176,-4.258240110939205,81.0,55.79578956690847,-4.368290459919509,81,21.336,2387
55.791261996333176,-4.258240110939205,81.0,55.897877306124535,-4.077031107370425,82,25.229,2208
55.791261996333176,-4.258240110939205,81.0,55.80721289582252,-4.242612882195534,83,2.203,490
55.791261996333176,-4.258240110939205,81.0,55.92209393969709,-4.157940141970138,84,20.676,1694
55.791261996333176,-4.258240110939205,81.0,55.79188265083702,-4.28147512844989,85,5.582,743
55.791261996333176,-4.258240110939205,81.0,55.88043814367632,-4.104360473798184,86,24.562,1594
55.791261996333176,-4.258240110939205,81.0,55.90345994988174,-4.293652184560058,87,15.972,1691
55.791261996333176,-4.258240110939205,81.0,55.91230525016259,-4.108196424937476,88,28.522,1832
55.791261996333176,-4.258240110939205,81.0,55.90569137930351,-4.3852429216612405,89,22.738,1858
55.791261996333176,-4.258240110939205,81.0,55.824402119970216,-4.298242138123909,90,6.965,1014
55.791261996333176,-4.258240110939205,81.0,55.887104625653905,-4.201059285828647,91,13.621,1606
55.791261996333176,-4.258240110939205,81.0,55.92006797200308,-4.195257422106852,92,17.639,1665
55.791261996333176,-4.258240110939205,81.0,55.7944551107823,-4.1683749063061635,93,8.063,1249
55.791261996333176,-4.258240110939205,81.0,55.88003873447475,-4.304350182381346,94,13.96,1537
55.791261996333176,-4.258240110939205,81.0,55.88308048053683,-4.2942103285768285,95,13.56,1511
55.791261996333176,-4.258240110939205,81.0,55.80779271908626,-4.3234306371549245,96,9.925,1124
55.791261996333176,-4.258240110939205,81.0,55.90123467399992,-4.380968632189907,97,23.044,1987
55.791261996333176,-4.258240110939205,81.0,55.88049231589054,-4.293733205570284,98,13.462,1502
55.791261996333176,-4.258240110939205,81.0,55.84697147961761,-4.334108806216461,99,13.009,1246
55.791261996333176,-4.258240110939205,81.0,55.83067141211495,-4.195633651932574,100,8.665,1044
55.791261996333176,-4.258240110939205,81.0,55.89350845984679,-4.099445363541155,101,24.307,1640
55.791261996333176,-4.258240110939205,81.0,55.92592408664018,-4.179171340754611,102,22.017,1778
55.791261996333176,-4.258240110939205,81.0,55.84941827409408,-4.169566750359822,103,13.105,1273
55.791261996333176,-4.258240110939205,81.0,55.92413375575165,-4.226670311636797,104,18.008,2430
55.791261996333176,-4.258240110939205,81.0,55.88995713457192,-4.285031242761631,105,13.733,1496
55.791261996333176,-4.258240110939205,81.0,55.90528066541109,-4.131569818675147,106,18.355,1541
55.791261996333176,-4.258240110939205,81.0,55.87850608392288,-4.103517886631066,107,24.893,1627
55.791261996333176,-4.258240110939205,81.0,55.80799405798939,-4.284953473560454,108,6.44,925
55.791261996333176,-4.258240110939205,81.0,55.906815669822045,-4.385279074380807,109,22.049,1773
55.791261996333176,-4.258240110939205,81.0,55.916237634416454,-4.222407816066865,110,16.246,1623
55.791261996333176,-4.258240110939205,81.0,55.915798955837815,-4.088621086891774,111,27.388,1715
55.791261996333176,-4.258240110939205,81.0,55.827538479175395,-4.350653065976025,112,10.595,1248
55.791261996333176,-4.258240110939205,81.0,55.799515288981674,-4.0866627646338864,113,15.686,1221
55.791261996333176,-4.258240110939205,81.0,55.831024245961984,-4.244756518165482,114,5.388,750
55.791261996333176,-4.258240110939205,81.0,55.86754360554833,-4.2143078261423845,115,11.932,1415
55.791261996333176,-4.258240110939205,81.0,55.8574985965699,-4.1521224561179935,116,13.79,1364
55.791261996333176,-4.258240110939205,81.0,55.88095643501817,-4.32811659177277,117,16.685,1362
55.791261996333176,-4.258240110939205,81.0,55.85240433608213,-4.177570445500026,118,13.269,1324
55.791261996333176,-4.258240110939205,81.0,55.91169549549074,-4.359708873069638,119,22.861,1961
55.791261996333176,-4.258240110939205,81.0,55.92640787519779,-4.300990956079843,120,19.955,1777
55.791261996333176,-4.258240110939205,81.0,55.84019197366069,-4.205566157974415,121,8.933,1109
55.791261996333176,-4.258240110939205,81.0,55.866619942939494,-4.268153778778456,122,11.483,1402
55.791261996333176,-4.258240110939205,81.0,55.81327411986783,-4.2587495402872255,123,3.636,652
55.791261996333176,-4.258240110939205,81.0,55.86022660117776,-4.154711133590585,124,14.143,1395
55.791261996333176,-4.258240110939205,81.0,55.831522729053496,-4.370420634377527,125,12.649,1419
55.791261996333176,-4.258240110939205,81.0,55.84074346341779,-4.172411658039648,126,11.473,1127
55.791261996333176,-4.258240110939205,81.0,55.8801412435821,-4.258666277618953,127,12.639,1480
55.791261996333176,-4.258240110939205,81.0,55.8434159429892,-4.1056733307349536,128,15.876,1306
55.791261996333176,-4.258240110939205,81.0,55.83522057783537,-4.25736952395694,129,6.383,854
55.791261996333176,-4.258240110939205,81.0,55.86467774065618,-4.2250953414252415,130,10.29,1181
55.791261996333176,-4.258240110939205,81.0,55.8953662249987,-4.231143624453162,131,13.433,1435
55.791261996333176,-4.258240110939205,81.0,55.81920459649808,-4.236238450921302,132,4.645,678
55.791261996333176,-4.258240110939205,81.0,55.900795402502105,-4.206009410292495,133,15.6,1629
55.791261996333176,-4.258240110939205,81.0,55.86078490474355,-4.339631469507248,134,15.378,1329
55.791261996333176,-4.258240110939205,81.0,55.924999437053955,-4.191173279124663,135,17.89,1675
55.791261996333176,-4.258240110939205,81.0,55.81549096669224,-4.126910343137958,136,13.738,1084
55.791261996333176,-4.258240110939205,81.0,55.90135585493081,-4.207622057499793,137,15.599,1607
55.791261996333176,-4.258240110939205,81.0,55.845816555475636,-4.129576488296543,138,14.007,1327
55.791261996333176,-4.258240110939205,81.0,55.80470047644827,-4.291960781118721,139,8.67,1059
55.791261996333176,-4.258240110939205,81.0,55.89185394491289,-4.179857587296262,140,14.92,1412
55.791261996333176,-4.258240110939205,81.0,55.91859399996558,-4.3401659608951215,141,21.727,1812
55.791261996333176,-4.258240110939205,81.0,55.90671476836246,-4.3642865107142725,142,21.628,1825
55.791261996333176,-4.258240110939205,81.0,55.81273399651921,-4.167613047894911,143,7.934,833
55.791261996333176,-4.258240110939205,81.0,55.80939871413575,-4.276056954355674,144,5.728,813
55.791261996333176,-4.258240110939205,81.0,55.88312869327199,-4.214542892826467,145,13.004,1461
55.791261996333176,-4.258240110939205,81.0,55.815340374954424,-4.283514492524949,146,5.898,830
55.791261996333176,-4.258240110939205,81.0,55.87864379034378,-4.080636908866371,147,23.85,1497
55.791261996333176,-4.258240110939205,81.0,55.89423440492952,-4.2418874418647645,148,13.996,1518
55.791261996333176,-4.258240110939205,81.0,55.92796852989922,-4.305970400193036,149,20.083,1800
55.791261996333176,-4.258240110939205,81.0,55.92895153496988,-4.082888064137351,150,28.346,1723
55.791261996333176,-4.258240110939205,81.0,55.790766759429424,-4.135285962371055,151,10.488,890
55.791261996333176,-4.258240110939205,81.0,55.80808041573422,-4.184105792933229,152,6.731,751
55.791261996333176,-4.258240110939205,81.0,55.7982747224006,-4.3931924101572655,153,13.412,1402
55.791261996333176,-4.258240110939205,81.0,55.81178474630603,-4.337962602706185,154,9.871,1120
55.791261996333176,-4.258240110939205,81.0,55.852972007756,-4.353957895039277,155,14.577,1332
55.791261996333176,-4.258240110939205,81.0,55.797152036890715,-4.311451416173846,156,7.725,938
55.791261996333176,-4.258240110939205,81.0,55.84839482833289,-4.1889265673730645,157,13.051,1242
55.791261996333176,-4.258240110939205,81.0,55.86383954752864,-4.387927326091926,158,20.169,1360
55.791261996333176,-4.258240110939205,81.0,55.807182357875575,-4.140487806234959,159,9.764,950
55.791261996333176,-4.258240110939205,81.0,55.8296607577131,-4.218765551358871,160,6.382,880
55.791261996333176,-4.258240110939205,81.0,55.82699494590622,-4.295404959002084,161,7.032,1003
55.791261996333176,-4.258240110939205,81.0,55.861248665443505,-4.307186036515638,162,12.463,1236
55.791261996333176,-4.258240110939205,81.0,55.897857165570365,-4.156645648865112,163,16.396,1449
55.791261996333176,-4.258240110939205,81.0,55.877747555317356,-4.342792329217214,164,17.275,1459
55.791261996333176,-4.258240110939205,81.0,55.92259641850896,-4.389236283866068,165,33.531,1923
55.791261996333176,-4.258240110939205,81.0,55.92621339590465,-4.2820478996479165,166,18.407,1676
55.791261996333176,-4.258240110939205,81.0,55.80660612206145,-4.094012410496262,167,19.923,1594
55.791261996333176,-4.258240110939205,81.0,55.84605439624201,-4.09192094471571,168,25.079,1566
55.791261996333176,-4.258240110939205,81.0,55.83961965364386,-4.1201104741133365,169,15.227,1204
55.791261996333176,-4.258240110939205,81.0,55.85030951683019,-4.217608837338132,170,8.518,1124
55.791261996333176,-4.258240110939205,81.0,55.85971342373431,-4.246748195156407,171,9.023,1118
55.791261996333176,-4.258240110939205,81.0,55.815747728441636,-4.150792968910081,172,9.952,1048
55.791261996333176,-4.258240110939205,81.0,55.80041195127493,-4.3806303679601495,173,21.71,1364
55.791261996333176,-4.258240110939205,81.0,55.85487415463933,-4.092829020720908,174,19.534,1397
55.791261996333176,-4.258240110939205,81.0,55.80456076444065,-4.203157873727267,175,7.606,835
55.791261996333176,-4.258240110939205,81.0,55.84723005082115,-4.330151260440624,176,12.53,1190
55.791261996333176,-4.258240110939205,81.0,55.88775631668876,-4.123428423568879,177,20.144,1661
55.791261996333176,-4.258240110939205,81.0,55.82857385936083,-4.129579652409029,178,15.811,1258
55.791261996333176,-4.258240110939205,81.0,55.879865395443076,-4.36272007519476,179,18.167,1501
55.791261996333176,-4.258240110939205,81.0,55.87973669437185,-4.215636550296907,180,12.291,1472
55.791261996333176,-4.258240110939205,81.0,55.8162521393249,-4.1868605517933455,181,8.113,857
55.791261996333176,-4.258240110939205,81.0,55.80755514535402,-4.201625161718038,182,5.014,794
55.791261996333176,-4.258240110939205,81.0,55.85565398843102,-4.250533808562208,183,8.062,1019
55.791261996333176,-4.258240110939205,81.0,55.929636326069506,-4.381100658166308,184,34.517,1944
55.791261996333176,-4.258240110939205,81.0,55.879581066995904,-4.21986165885879,185,11.932,1453
55.791261996333176,-4.258240110939205,81.0,55.92647877645629,-4.127886630011083,186,21.758,1780
55.791261996333176,-4.258240110939205,81.0,55.82282427264178,-4.371094162561755,187,11.785,1342
55.791261996333176,-4.258240110939205,81.0,55.90291353127043,-4.3414180899754955,188,19.674,1704
55.791261996333176,-4.258240110939205,81.0,55.78437024600116,-4.156926419796477,189,9.832,905
55.791261996333176,-4.258240110939205,81.0,55.8321542449311,-4.1561720476648265,190,10.954,1090
55.791261996333176,-4.258240110939205,81.0,55.88310705812362,-4.084862107847263,191,21.011,1379
55.791261996333176,-4.258240110939205,81.0,55.85616333886266,-4.110333739241922,192,19.654,1494
55.791261996333176,-4.258240110939205,81.0,55.90185178498145,-4.152652007721208,193,20.305,2073
55.791261996333176,-4.258240110939205,81.0,55.8837118458465,-4.182392741162416,194,16.584,2421
55.791261996333176,-4.258240110939205,81.0,55.83086049774818,-4.312434105301623,195,8.94,1104
55.791261996333176,-4.258240110939205,81.0,55.821849459706755,-4.176208567338996,196,9.351,979
55.791261996333176,-4.258240110939205,81.0,55.88009750494633,-4.255964552703097,197,12.325,1459
55.791261996333176,-4.258240110939205,81.0,55.87413911675089,-4.369807111055967,198,16.171,1250
55.791261996333176,-4.258240110939205,81.0,55.86354071984154,-4.093406384811447,199,21.114,1501
55.7825582257485,-4.301391498583771,82.0,55.8391698042901,-4.214478482526657,0,14.169,1032
55.7825582257485,-4.301391498583771,82.0,55.86553667472969,-4.350500876963486,1,19.335,1118
55.7825582257485,-4.301391498583771,82.0,55.912892829643965,-4.286410947894997,2,25.134,2409
55.7825582257485,-4.301391498583771,82.0,55.84854019346565,-4.391697428307927,3,12.792,1078
55.7825582257485,-4.301391498583771,82.0,55.79232875093524,-4.310455024670266,4,2.473,234
55.7825582257485,-4.301391498583771,82.0,55.837143362020576,-4.120043492886959,5,16.561,1101
55.7825582257485,-4.301391498583771,82.0,55.84185129809378,-4.283879851305767,6,9.601,794
55.7825582257485,-4.301391498583771,82.0,55.90609664927746,-4.311383718964596,7,22.519,1417
55.7825582257485,-4.301391498583771,82.0,55.7832172019226,-4.31249791159531,8,0.943,131
55.7825582257485,-4.301391498583771,82.0,55.8177258987159,-4.260489243356555,9,5.608,508
55.7825582257485,-4.301391498583771,82.0,55.903262790870684,-4.212111703691823,10,24.5,1483
55.7825582257485,-4.301391498583771,82.0,55.893978813107424,-4.1413270988368325,11,26.24,1491
55.7825582257485,-4.301391498583771,82.0,55.894884622950286,-4.154349650804189,12,28.625,1389
55.7825582257485,-4.301391498583771,82.0,55.80680963785043,-4.263605759417426,13,4.185,430
55.7825582257485,-4.301391498583771,82.0,55.81824312166051,-4.346878846315483,14,7.977,756
55.7825582257485,-4.301391498583771,82.0,55.84742656229786,-4.269221405976544,15,9.884,814
55.7825582257485,-4.301391498583771,82.0,55.80730424868546,-4.315177272898423,16,4.972,442
55.7825582257485,-4.301391498583771,82.0,55.83798278877758,-4.260604018644594,17,8.009,778
55.7825582257485,-4.301391498583771,82.0,55.89424631095569,-4.343398240721316,18,18.602,1320
55.7825582257485,-4.301391498583771,82.0,55.83908093533876,-4.223069302141199,19,10.452,1072
55.7825582257485,-4.301391498583771,82.0,55.8357731433788,-4.270556349194068,20,8.038,640
55.7825582257485,-4.301391498583771,82.0,55.90309627527835,-4.360750370095284,21,20.635,1555
55.7825582257485,-4.301391498583771,82.0,55.85652103589449,-4.101365743428073,22,28.842,1465
55.7825582257485,-4.301391498583771,82.0,55.783736419963375,-4.235306054793451,23,5.6,418
55.7825582257485,-4.301391498583771,82.0,55.92064824587275,-4.2358362157531895,24,25.625,1464
55.7825582257485,-4.301391498583771,82.0,55.907674892744176,-4.2497703459088045,25,24.377,2509
55.7825582257485,-4.301391498583771,82.0,55.919604340921964,-4.226208116301384,26,25.549,1476
55.7825582257485,-4.301391498583771,82.0,55.83219148710444,-4.304581930326681,27,8.596,770
55.7825582257485,-4.301391498583771,82.0,55.79569701419853,-4.1769099124482585,28,11.123,790
55.7825582257485,-4.301391498583771,82.0,55.81260197667657,-4.197841211154324,29,11.048,828
55.7825582257485,-4.301391498583771,82.0,55.826092940761974,-4.176919409292903,30,14.165,1137
55.7825582257485,-4.301391498583771,82.0,55.828413149208096,-4.109650878166438,31,21.183,1274
55.7825582257485,-4.301391498583771,82.0,55.8999241737755,-4.257993823533507,32,21.583,1396
55.7825582257485,-4.301391498583771,82.0,55.892514250678616,-4.340118142906542,33,18.631,1332
55.7825582257485,-4.301391498583771,82.0,55.855241629670886,-4.269936069312288,34,17.616,1021
55.7825582257485,-4.301391498583771,82.0,55.877364911629314,-4.109701193625618,35,29.189,1534
55.7825582257485,-4.301391498583771,82.0,55.887053111734645,-4.1280531391159245,36,29.491,1501
55.7825582257485,-4.301391498583771,82.0,55.89108676863447,-4.105446803942431,37,35.071,1892
55.7825582257485,-4.301391498583771,82.0,55.842635153466425,-4.334387903339716,38,13.956,884
55.7825582257485,-4.301391498583771,82.0,55.89197542936556,-4.19614108945253,39,25.498,1334
55.7825582257485,-4.301391498583771,82.0,55.825849135803445,-4.321179033230789,40,8.575,692
55.7825582257485,-4.301391498583771,82.0,55.81864602215581,-4.375055705699034,41,8.104,684
55.7825582257485,-4.301391498583771,82.0,55.92613065482397,-4.212698358862173,42,26.011,1528
55.7825582257485,-4.301391498583771,82.0,55.874439929608144,-4.279689658904073,43,18.223,1063
55.7825582257485,-4.301391498583771,82.0,55.81998166828728,-4.245455535821837,44,6.544,610
55.7825582257485,-4.301391498583771,82.0,55.91066980601156,-4.213502644426629,45,24.963,1479
55.7825582257485,-4.301391498583771,82.0,55.8404807486866,-4.356656090229781,46,12.103,888
55.7825582257485,-4.301391498583771,82.0,55.88708229912325,-4.079055837843032,47,32.701,1485
55.7825582257485,-4.301391498583771,82.0,55.84510555179576,-4.178720975321847,48,14.883,1189
55.7825582257485,-4.301391498583771,82.0,55.84413340760586,-4.085244529493477,49,29.854,1871
55.7825582257485,-4.301391498583771,82.0,55.83324217210475,-4.157183908594519,50,14.104,1052
55.7825582257485,-4.301391498583771,82.0,55.895753278756494,-4.323131413571223,51,18.388,1431
55.7825582257485,-4.301391498583771,82.0,55.88609925330935,-4.38354364327563,52,20.368,1186
55.7825582257485,-4.301391498583771,82.0,55.86596770908397,-4.338853955125049,53,17.151,1066
55.7825582257485,-4.301391498583771,82.0,55.819381988004544,-4.256567679373081,54,5.674,502
55.7825582257485,-4.301391498583771,82.0,55.919398785577634,-4.298102785445152,55,25.41,2089
55.7825582257485,-4.301391498583771,82.0,55.81052481551728,-4.0780884232687225,56,27.397,2456
55.7825582257485,-4.301391498583771,82.0,55.8411814367945,-4.125490362928665,57,16.528,1256
55.7825582257485,-4.301391498583771,82.0,55.844855881791794,-4.151320272286683,58,15.824,1214
55.7825582257485,-4.301391498583771,82.0,55.79334532620707,-4.3052187624925375,59,2.563,221
55.7825582257485,-4.301391498583771,82.0,55.78499644933002,-4.082518262203789,60,17.59,962
55.7825582257485,-4.301391498583771,82.0,55.86482365717543,-4.074666870071637,61,30.394,1659
55.7825582257485,-4.301391498583771,82.0,55.910543969585106,-4.384534109666136,62,22.462,1620
55.7825582257485,-4.301391498583771,82.0,55.799715679086134,-4.188568421733812,63,8.822,827
55.7825582257485,-4.301391498583771,82.0,55.90005630083831,-4.294022887833187,64,21.591,1370
55.7825582257485,-4.301391498583771,82.0,55.82573931186619,-4.210157383495828,65,12.338,872
55.7825582257485,-4.301391498583771,82.0,55.88010014610652,-4.288014027401103,66,20.312,1339
55.7825582257485,-4.301391498583771,82.0,55.8836463272421,-4.377148406451105,67,20.138,1263
55.7825582257485,-4.301391498583771,82.0,55.80511293548626,-4.195982430231648,68,10.305,777
55.7825582257485,-4.301391498583771,82.0,55.9265186267864,-4.256321117900257,69,24.948,1503
55.7825582257485,-4.301391498583771,82.0,55.90353118048908,-4.119171950823842,70,30.387,1742
55.7825582257485,-4.301391498583771,82.0,55.81502357146685,-4.260984914919316,71,5.277,454
55.7825582257485,-4.301391498583771,82.0,55.894355058439295,-4.293143876300353,72,20.881,1318
55.7825582257485,-4.301391498583771,82.0,55.80246488546192,-4.242274834364847,73,6.73,554
55.7825582257485,-4.301391498583771,82.0,55.887581813102464,-4.2985753032369685,74,20.493,1314
55.7825582257485,-4.301391498583771,82.0,55.928290955083554,-4.295962301582311,75,25.832,1503
55.7825582257485,-4.301391498583771,82.0,55.81096058143004,-4.368797105646974,76,7.269,658
55.7825582257485,-4.301391498583771,82.0,55.84818750128869,-4.3631808239548375,77,12.134,1029
55.7825582257485,-4.301391498583771,82.0,55.81610352786554,-4.330910795148831,78,6.8,584
55.7825582257485,-4.301391498583771,82.0,55.807034270653475,-4.136077366584948,79,15.871,971
55.7825582257485,-4.301391498583771,82.0,55.86778114631985,-4.233612892312959,80,20.074,1146
55.7825582257485,-4.301391498583771,82.0,55.79578956690847,-4.368290459919509,81,8.286,1592
55.7825582257485,-4.301391498583771,82.0,55.897877306124535,-4.077031107370425,82,35.06,2230
55.7825582257485,-4.301391498583771,82.0,55.80721289582252,-4.242612882195534,83,7.107,582
55.7825582257485,-4.301391498583771,82.0,55.92209393969709,-4.157940141970138,84,30.158,1540
55.7825582257485,-4.301391498583771,82.0,55.79188265083702,-4.28147512844989,85,2.046,170
55.7825582257485,-4.301391498583771,82.0,55.88043814367632,-4.104360473798184,86,29.001,1494
55.7825582257485,-4.301391498583771,82.0,55.90345994988174,-4.293652184560058,87,22.06,1416
55.7825582257485,-4.301391498583771,82.0,55.91230525016259,-4.108196424937476,88,31.655,1688
55.7825582257485,-4.301391498583771,82.0,55.90569137930351,-4.3852429216612405,89,22.497,1643
55.7825582257485,-4.301391498583771,82.0,55.824402119970216,-4.298242138123909,90,6.963,611
55.7825582257485,-4.301391498583771,82.0,55.887104625653905,-4.201059285828647,91,23.21,1484
55.7825582257485,-4.301391498583771,82.0,55.92006797200308,-4.195257422106852,92,26.857,1506
55.7825582257485,-4.301391498583771,82.0,55.7944551107823,-4.1683749063061635,93,11.253,1225
55.7825582257485,-4.301391498583771,82.0,55.88003873447475,-4.304350182381346,94,20.052,1219
55.7825582257485,-4.301391498583771,82.0,55.88308048053683,-4.2942103285768285,95,19.652,1193
55.7825582257485,-4.301391498583771,82.0,55.80779271908626,-4.3234306371549245,96,5.42,488
55.7825582257485,-4.301391498583771,82.0,55.90123467399992,-4.380968632189907,97,22.827,1765
55.7825582257485,-4.301391498583771,82.0,55.88049231589054,-4.293733205570284,98,19.554,1184
55.7825582257485,-4.301391498583771,82.0,55.84697147961761,-4.334108806216461,99,14.267,960
55.7825582257485,-4.301391498583771,82.0,55.83067141211495,-4.195633651932574,100,14.387,1082
55.7825582257485,-4.301391498583771,82.0,55.89350845984679,-4.099445363541155,101,34.138,1662
55.7825582257485,-4.301391498583771,82.0,55.92592408664018,-4.179171340754611,102,31.499,1624
55.7825582257485,-4.301391498583771,82.0,55.84941827409408,-4.169566750359822,103,16.101,1264
55.7825582257485,-4.301391498583771,82.0,55.92413375575165,-4.226670311636797,104,27.226,2271
55.7825582257485,-4.301391498583771,82.0,55.88995713457192,-4.285031242761631,105,19.821,1221
55.7825582257485,-4.301391498583771,82.0,55.90528066541109,-4.131569818675147,106,27.837,1388
55.7825582257485,-4.301391498583771,82.0,55.87850608392288,-4.103517886631066,107,29.332,1527
55.7825582257485,-4.301391498583771,82.0,55.80799405798939,-4.284953473560454,108,5.025,481
55.7825582257485,-4.301391498583771,82.0,55.906815669822045,-4.385279074380807,109,21.808,1558
55.7825582257485,-4.301391498583771,82.0,55.916237634416454,-4.222407816066865,110,25.464,1464
55.7825582257485,-4.301391498583771,82.0,55.915798955837815,-4.088621086891774,111,37.219,1738
55.7825582257485,-4.301391498583771,82.0,55.827538479175395,-4.350653065976025,112,10.328,699
55.7825582257485,-4.301391498583771,82.0,55.799515288981674,-4.0866627646338864,113,18.357,1107
55.7825582257485,-4.301391498583771,82.0,55.831024245961984,-4.244756518165482,114,7.871,732
55.7825582257485,-4.301391498583771,82.0,55.86754360554833,-4.2143078261423845,115,21.414,1261
55.7825582257485,-4.301391498583771,82.0,55.8574985965699,-4.1521224561179935,116,16.98,1340
55.7825582257485,-4.301391498583771,82.0,55.88095643501817,-4.32811659177277,117,16.444,1147
55.7825582257485,-4.301391498583771,82.0,55.85240433608213,-4.177570445500026,118,17.033,1321
55.7825582257485,-4.301391498583771,82.0,55.91169549549074,-4.359708873069638,119,25.977,1700
55.7825582257485,-4.301391498583771,82.0,55.92640787519779,-4.300990956079843,120,26.28,1552
55.7825582257485,-4.301391498583771,82.0,55.84019197366069,-4.205566157974415,121,14.655,1147
55.7825582257485,-4.301391498583771,82.0,55.866619942939494,-4.268153778778456,122,13.064,1167
55.7825582257485,-4.301391498583771,82.0,55.81327411986783,-4.2587495402872255,123,5.998,556
55.7825582257485,-4.301391498583771,82.0,55.86022660117776,-4.154711133590585,124,17.333,1371
55.7825582257485,-4.301391498583771,82.0,55.831522729053496,-4.370420634377527,125,9.667,876
55.7825582257485,-4.301391498583771,82.0,55.84074346341779,-4.172411658039648,126,13.956,1109
55.7825582257485,-4.301391498583771,82.0,55.8801412435821,-4.258666277618953,127,19.42,1211
55.7825582257485,-4.301391498583771,82.0,55.8434159429892,-4.1056733307349536,128,18.359,1288
55.7825582257485,-4.301391498583771,82.0,55.83522057783537,-4.25736952395694,129,7.983,779
55.7825582257485,-4.301391498583771,82.0,55.86467774065618,-4.2250953414252415,130,20.198,1098
55.7825582257485,-4.301391498583771,82.0,55.8953662249987,-4.231143624453162,131,22.651,1276
55.7825582257485,-4.301391498583771,82.0,55.81920459649808,-4.236238450921302,132,7.128,660
55.7825582257485,-4.301391498583771,82.0,55.900795402502105,-4.206009410292495,133,24.818,1471
55.7825582257485,-4.301391498583771,82.0,55.86078490474355,-4.339631469507248,134,17.686,1161
55.7825582257485,-4.301391498583771,82.0,55.924999437053955,-4.191173279124663,135,27.108,1516
55.7825582257485,-4.301391498583771,82.0,55.81549096669224,-4.126910343137958,136,16.928,1059
55.7825582257485,-4.301391498583771,82.0,55.90135585493081,-4.207622057499793,137,24.817,1448
55.7825582257485,-4.301391498583771,82.0,55.845816555475636,-4.129576488296543,138,17.197,1302
55.7825582257485,-4.301391498583771,82.0,55.80470047644827,-4.291960781118721,139,4.583,437
55.7825582257485,-4.301391498583771,82.0,55.89185394491289,-4.179857587296262,140,24.402,1259
55.7825582257485,-4.301391498583771,82.0,55.91859399996558,-4.3401659608951215,141,24.843,1550
55.7825582257485,-4.301391498583771,82.0,55.90671476836246,-4.3642865107142725,142,21.387,1611
55.7825582257485,-4.301391498583771,82.0,55.81273399651921,-4.167613047894911,143,11.124,809
55.7825582257485,-4.301391498583771,82.0,55.80939871413575,-4.276056954355674,144,4.313,360
55.7825582257485,-4.301391498583771,82.0,55.88312869327199,-4.214542892826467,145,22.222,1302
55.7825582257485,-4.301391498583771,82.0,55.815340374954424,-4.283514492524949,146,5.335,463
55.7825582257485,-4.301391498583771,82.0,55.87864379034378,-4.080636908866371,147,33.681,1520
55.7825582257485,-4.301391498583771,82.0,55.89423440492952,-4.2418874418647645,148,23.214,1359
55.7825582257485,-4.301391498583771,82.0,55.92796852989922,-4.305970400193036,149,26.408,1575
55.7825582257485,-4.301391498583771,82.0,55.92895153496988,-4.082888064137351,150,38.177,1746
55.7825582257485,-4.301391498583771,82.0,55.790766759429424,-4.135285962371055,151,13.678,866
55.7825582257485,-4.301391498583771,82.0,55.80808041573422,-4.184105792933229,152,9.921,713
55.7825582257485,-4.301391498583771,82.0,55.7982747224006,-4.3931924101572655,153,9.609,651
55.7825582257485,-4.301391498583771,82.0,55.81178474630603,-4.337962602706185,154,6.055,559
55.7825582257485,-4.301391498583771,82.0,55.852972007756,-4.353957895039277,155,15.635,1111
55.7825582257485,-4.301391498583771,82.0,55.797152036890715,-4.311451416173846,156,3.22,297
55.7825582257485,-4.301391498583771,82.0,55.84839482833289,-4.1889265673730645,157,15.534,1224
55.7825582257485,-4.301391498583771,82.0,55.86383954752864,-4.387927326091926,158,15.406,1165
55.7825582257485,-4.301391498583771,82.0,55.807182357875575,-4.140487806234959,159,12.954,926
55.7825582257485,-4.301391498583771,82.0,55.8296607577131,-4.218765551358871,160,9.506,907
55.7825582257485,-4.301391498583771,82.0,55.82699494590622,-4.295404959002084,161,7.03,601
55.7825582257485,-4.301391498583771,82.0,55.861248665443505,-4.307186036515638,162,14.53,985
55.7825582257485,-4.301391498583771,82.0,55.897857165570365,-4.156645648865112,163,25.878,1295
55.7825582257485,-4.301391498583771,82.0,55.877747555317356,-4.342792329217214,164,17.042,1253
55.7825582257485,-4.301391498583771,82.0,55.92259641850896,-4.389236283866068,165,35.839,1755
55.7825582257485,-4.301391498583771,82.0,55.92621339590465,-4.2820478996479165,166,24.732,1452
55.7825582257485,-4.301391498583771,82.0,55.80660612206145,-4.094012410496262,167,27.799,1585
55.7825582257485,-4.301391498583771,82.0,55.84605439624201,-4.09192094471571,168,30.215,1410
55.7825582257485,-4.301391498583771,82.0,55.83961965364386,-4.1201104741133365,169,17.71,1186
55.7825582257485,-4.301391498583771,82.0,55.85030951683019,-4.217608837338132,170,11.001,1106
55.7825582257485,-4.301391498583771,82.0,55.85971342373431,-4.246748195156407,171,11.506,1100
55.7825582257485,-4.301391498583771,82.0,55.815747728441636,-4.150792968910081,172,13.142,1024
55.7825582257485,-4.301391498583771,82.0,55.80041195127493,-4.3806303679601495,173,8.286,540
55.7825582257485,-4.301391498583771,82.0,55.85487415463933,-4.092829020720908,174,29.365,1419
55.7825582257485,-4.301391498583771,82.0,55.80456076444065,-4.203157873727267,175,10.796,797
55.7825582257485,-4.301391498583771,82.0,55.84723005082115,-4.330151260440624,176,14.155,929
55.7825582257485,-4.301391498583771,82.0,55.88775631668876,-4.123428423568879,177,29.626,1507
55.7825582257485,-4.301391498583771,82.0,55.82857385936083,-4.129579652409029,178,19.001,1234
55.7825582257485,-4.301391498583771,82.0,55.879865395443076,-4.36272007519476,179,17.95,1279
55.7825582257485,-4.301391498583771,82.0,55.87973669437185,-4.215636550296907,180,21.509,1314
55.7825582257485,-4.301391498583771,82.0,55.8162521393249,-4.1868605517933455,181,11.303,833
55.7825582257485,-4.301391498583771,82.0,55.80755514535402,-4.201625161718038,182,10.549,764
55.7825582257485,-4.301391498583771,82.0,55.85565398843102,-4.250533808562208,183,10.545,1001
55.7825582257485,-4.301391498583771,82.0,55.929636326069506,-4.381100658166308,184,36.825,1776
55.7825582257485,-4.301391498583771,82.0,55.879581066995904,-4.21986165885879,185,21.15,1294
55.7825582257485,-4.301391498583771,82.0,55.92647877645629,-4.127886630011083,186,31.24,1626
55.7825582257485,-4.301391498583771,82.0,55.82282427264178,-4.371094162561755,187,8.803,799
55.7825582257485,-4.301391498583771,82.0,55.90291353127043,-4.3414180899754955,188,19.433,1489
55.7825582257485,-4.301391498583771,82.0,55.78437024600116,-4.156926419796477,189,13.568,844
55.7825582257485,-4.301391498583771,82.0,55.8321542449311,-4.1561720476648265,190,14.144,1066
55.7825582257485,-4.301391498583771,82.0,55.88310705812362,-4.084862107847263,191,30.842,1401
55.7825582257485,-4.301391498583771,82.0,55.85616333886266,-4.110333739241922,192,29.485,1517
55.7825582257485,-4.301391498583771,82.0,55.90185178498145,-4.152652007721208,193,29.787,1920
55.7825582257485,-4.301391498583771,82.0,55.8837118458465,-4.182392741162416,194,26.066,2268
55.7825582257485,-4.301391498583771,82.0,55.83086049774818,-4.312434105301623,195,8.18,673
55.7825582257485,-4.301391498583771,82.0,55.821849459706755,-4.176208567338996,196,12.541,954
55.7825582257485,-4.301391498583771,82.0,55.88009750494633,-4.255964552703097,197,19.106,1190
55.7825582257485,-4.301391498583771,82.0,55.87413911675089,-4.369807111055967,198,18.479,1082
55.7825582257485,-4.301391498583771,82.0,55.86354071984154,-4.093406384811447,199,30.945,1524
55.82679682581213,-4.203022913868835,83.0,55.8391698042901,-4.214478482526657,0,2.168,244
55.82679682581213,-4.203022913868835,83.0,55.86553667472969,-4.350500876963486,1,15.037,775
55.82679682581213,-4.203022913868835,83.0,55.912892829643965,-4.286410947894997,2,15.657,2180
55.82679682581213,-4.203022913868835,83.0,55.84854019346565,-4.391697428307927,3,14.468,996
55.82679682581213,-4.203022913868835,83.0,55.79232875093524,-4.310455024670266,4,16.933,973
55.82679682581213,-4.203022913868835,83.0,55.837143362020576,-4.120043492886959,5,6.228,353
55.82679682581213,-4.203022913868835,83.0,55.84185129809378,-4.283879851305767,6,6.907,649
55.82679682581213,-4.203022913868835,83.0,55.90609664927746,-4.311383718964596,7,19.182,1264
55.82679682581213,-4.203022913868835,83.0,55.7832172019226,-4.31249791159531,8,12.89,1015
55.82679682581213,-4.203022913868835,83.0,55.8177258987159,-4.260489243356555,9,4.777,525
55.82679682581213,-4.203022913868835,83.0,55.903262790870684,-4.212111703691823,10,12.13,1189
55.82679682581213,-4.203022913868835,83.0,55.893978813107424,-4.1413270988368325,11,19.67,1111
55.82679682581213,-4.203022913868835,83.0,55.894884622950286,-4.154349650804189,12,24.535,1012
55.82679682581213,-4.203022913868835,83.0,55.80680963785043,-4.263605759417426,13,7.215,792
55.82679682581213,-4.203022913868835,83.0,55.81824312166051,-4.346878846315483,14,14.096,887
55.82679682581213,-4.203022913868835,83.0,55.84742656229786,-4.269221405976544,15,7.272,667
55.82679682581213,-4.203022913868835,83.0,55.80730424868546,-4.315177272898423,16,13.802,872
55.82679682581213,-4.203022913868835,83.0,55.83798278877758,-4.260604018644594,17,5.378,463
55.82679682581213,-4.203022913868835,83.0,55.89424631095569,-4.343398240721316,18,16.853,1024
55.82679682581213,-4.203022913868835,83.0,55.83908093533876,-4.223069302141199,19,3.198,373
55.82679682581213,-4.203022913868835,83.0,55.8357731433788,-4.270556349194068,20,6.062,513
55.82679682581213,-4.203022913868835,83.0,55.90309627527835,-4.360750370095284,21,18.886,1259
55.82679682581213,-4.203022913868835,83.0,55.85652103589449,-4.101365743428073,22,11.161,676
55.82679682581213,-4.203022913868835,83.0,55.783736419963375,-4.235306054793451,23,8.692,621
55.82679682581213,-4.203022913868835,83.0,55.92064824587275,-4.2358362157531895,24,13.255,1170
55.82679682581213,-4.203022913868835,83.0,55.907674892744176,-4.2497703459088045,25,12.007,2215
55.82679682581213,-4.203022913868835,83.0,55.919604340921964,-4.226208116301384,26,13.179,1181
55.82679682581213,-4.203022913868835,83.0,55.83219148710444,-4.304581930326681,27,12.974,914
55.82679682581213,-4.203022913868835,83.0,55.79569701419853,-4.1769099124482585,28,5.213,409
55.82679682581213,-4.203022913868835,83.0,55.81260197667657,-4.197841211154324,29,2.624,276
55.82679682581213,-4.203022913868835,83.0,55.826092940761974,-4.176919409292903,30,2.029,290
55.82679682581213,-4.203022913868835,83.0,55.828413149208096,-4.109650878166438,31,9.689,615
55.82679682581213,-4.203022913868835,83.0,55.8999241737755,-4.257993823533507,32,12.106,1160
55.82679682581213,-4.203022913868835,83.0,55.892514250678616,-4.340118142906542,33,16.882,1036
55.82679682581213,-4.203022913868835,83.0,55.855241629670886,-4.269936069312288,34,10.439,860
55.82679682581213,-4.203022913868835,83.0,55.877364911629314,-4.109701193625618,35,17.402,888
55.82679682581213,-4.203022913868835,83.0,55.887053111734645,-4.1280531391159245,36,23.049,1092
55.82679682581213,-4.203022913868835,83.0,55.89108676863447,-4.105446803942431,37,17.39,1103
55.82679682581213,-4.203022913868835,83.0,55.842635153466425,-4.334387903339716,38,10.905,703
55.82679682581213,-4.203022913868835,83.0,55.89197542936556,-4.19614108945253,39,10.515,949
55.82679682581213,-4.203022913868835,83.0,55.825849135803445,-4.321179033230789,40,11.152,814
55.82679682581213,-4.203022913868835,83.0,55.81864602215581,-4.375055705699034,41,15.125,896
55.82679682581213,-4.203022913868835,83.0,55.92613065482397,-4.212698358862173,42,13.641,1234
55.82679682581213,-4.203022913868835,83.0,55.874439929608144,-4.279689658904073,43,14.689,938
55.82679682581213,-4.203022913868835,83.0,55.81998166828728,-4.245455535821837,44,3.706,410
55.82679682581213,-4.203022913868835,83.0,55.91066980601156,-4.213502644426629,45,12.593,1185
55.82679682581213,-4.203022913868835,83.0,55.8404807486866,-4.356656090229781,46,14.557,970
55.82679682581213,-4.203022913868835,83.0,55.88708229912325,-4.079055837843032,47,15.02,696
55.82679682581213,-4.203022913868835,83.0,55.84510555179576,-4.178720975321847,48,4.55,441
55.82679682581213,-4.203022913868835,83.0,55.84413340760586,-4.085244529493477,49,11.717,1070
55.82679682581213,-4.203022913868835,83.0,55.83324217210475,-4.157183908594519,50,4.33,402
55.82679682581213,-4.203022913868835,83.0,55.895753278756494,-4.323131413571223,51,16.639,1135
55.82679682581213,-4.203022913868835,83.0,55.88609925330935,-4.38354364327563,52,16.07,843
55.82679682581213,-4.203022913868835,83.0,55.86596770908397,-4.338853955125049,53,12.853,724
55.82679682581213,-4.203022913868835,83.0,55.819381988004544,-4.256567679373081,54,5.686,580
55.82679682581213,-4.203022913868835,83.0,55.919398785577634,-4.298102785445152,55,15.933,1860
55.82679682581213,-4.203022913868835,83.0,55.81052481551728,-4.0780884232687225,56,12.488,1763
55.82679682581213,-4.203022913868835,83.0,55.8411814367945,-4.125490362928665,57,7.77,511
55.82679682581213,-4.203022913868835,83.0,55.844855881791794,-4.151320272286683,58,5.402,491
55.82679682581213,-4.203022913868835,83.0,55.79334532620707,-4.3052187624925375,59,11.633,964
55.82679682581213,-4.203022913868835,83.0,55.78499644933002,-4.082518262203789,60,12.407,698
55.82679682581213,-4.203022913868835,83.0,55.86482365717543,-4.074666870071637,61,12.713,870
55.82679682581213,-4.203022913868835,83.0,55.910543969585106,-4.384534109666136,62,20.713,1324
55.82679682581213,-4.203022913868835,83.0,55.799715679086134,-4.188568421733812,63,5.195,567
55.82679682581213,-4.203022913868835,83.0,55.90005630083831,-4.294022887833187,64,18.057,1246
55.82679682581213,-4.203022913868835,83.0,55.82573931186619,-4.210157383495828,65,0.681,91
55.82679682581213,-4.203022913868835,83.0,55.88010014610652,-4.288014027401103,66,16.778,1215
55.82679682581213,-4.203022913868835,83.0,55.8836463272421,-4.377148406451105,67,15.84,921
55.82679682581213,-4.203022913868835,83.0,55.80511293548626,-4.195982430231648,68,3.604,351
55.82679682581213,-4.203022913868835,83.0,55.9265186267864,-4.256321117900257,69,15.471,1274
55.82679682581213,-4.203022913868835,83.0,55.90353118048908,-4.119171950823842,70,17.992,1163
55.82679682581213,-4.203022913868835,83.0,55.81502357146685,-4.260984914919316,71,5.134,559
55.82679682581213,-4.203022913868835,83.0,55.894355058439295,-4.293143876300353,72,17.347,1194
55.82679682581213,-4.203022913868835,83.0,55.80246488546192,-4.242274834364847,73,5.823,572
55.82679682581213,-4.203022913868835,83.0,55.887581813102464,-4.2985753032369685,74,16.959,1190
55.82679682581213,-4.203022913868835,83.0,55.928290955083554,-4.295962301582311,75,16.355,1274
55.82679682581213,-4.203022913868835,83.0,55.81096058143004,-4.368797105646974,76,16.782,978
55.82679682581213,-4.203022913868835,83.0,55.84818750128869,-4.3631808239548375,77,15.543,822
55.82679682581213,-4.203022913868835,83.0,55.81610352786554,-4.330910795148831,78,13.121,728
55.82679682581213,-4.203022913868835,83.0,55.807034270653475,-4.136077366584948,79,5.263,541
55.82679682581213,-4.203022913868835,83.0,55.86778114631985,-4.233612892312959,80,7.237,824
55.82679682581213,-4.203022913868835,83.0,55.79578956690847,-4.368290459919509,81,21.866,2173
55.82679682581213,-4.203022913868835,83.0,55.897877306124535,-4.077031107370425,82,17.379,1441
55.82679682581213,-4.203022913868835,83.0,55.80721289582252,-4.242612882195534,83,5.162,534
55.82679682581213,-4.203022913868835,83.0,55.92209393969709,-4.157940141970138,84,26.636,1190
55.82679682581213,-4.203022913868835,83.0,55.79188265083702,-4.28147512844989,85,8.588,850
55.82679682581213,-4.203022913868835,83.0,55.88043814367632,-4.104360473798184,86,16.712,828
55.82679682581213,-4.203022913868835,83.0,55.90345994988174,-4.293652184560058,87,15.13,1316
55.82679682581213,-4.203022913868835,83.0,55.91230525016259,-4.108196424937476,88,20.672,1065
55.82679682581213,-4.203022913868835,83.0,55.90569137930351,-4.3852429216612405,89,20.748,1347
55.82679682581213,-4.203022913868835,83.0,55.824402119970216,-4.298242138123909,90,11.588,735
55.82679682581213,-4.203022913868835,83.0,55.887104625653905,-4.201059285828647,91,8.758,1085
55.82679682581213,-4.203022913868835,83.0,55.92006797200308,-4.195257422106852,92,28.706,1235
55.82679682581213,-4.203022913868835,83.0,55.7944551107823,-4.1683749063061635,93,5.343,843
55.82679682581213,-4.203022913868835,83.0,55.88003873447475,-4.304350182381346,94,16.518,1094
55.82679682581213,-4.203022913868835,83.0,55.88308048053683,-4.2942103285768285,95,16.118,1069
55.82679682581213,-4.203022913868835,83.0,55.80779271908626,-4.3234306371549245,96,14.392,860
55.82679682581213,-4.203022913868835,83.0,55.90123467399992,-4.380968632189907,97,21.054,1477
55.82679682581213,-4.203022913868835,83.0,55.88049231589054,-4.293733205570284,98,16.02,1059
55.82679682581213,-4.203022913868835,83.0,55.84697147961761,-4.334108806216461,99,11.019,736
55.82679682581213,-4.203022913868835,83.0,55.83067141211495,-4.195633651932574,100,1.849,270
55.82679682581213,-4.203022913868835,83.0,55.89350845984679,-4.099445363541155,101,16.457,873
55.82679682581213,-4.203022913868835,83.0,55.92592408664018,-4.179171340754611,102,27.977,1273
55.82679682581213,-4.203022913868835,83.0,55.84941827409408,-4.169566750359822,103,5.255,507
55.82679682581213,-4.203022913868835,83.0,55.92413375575165,-4.226670311636797,104,14.856,1976
55.82679682581213,-4.203022913868835,83.0,55.88995713457192,-4.285031242761631,105,16.287,1096
55.82679682581213,-4.203022913868835,83.0,55.90528066541109,-4.131569818675147,106,24.315,1037
55.82679682581213,-4.203022913868835,83.0,55.87850608392288,-4.103517886631066,107,17.043,861
55.82679682581213,-4.203022913868835,83.0,55.80799405798939,-4.284953473560454,108,7.001,796
55.82679682581213,-4.203022913868835,83.0,55.906815669822045,-4.385279074380807,109,20.059,1262
55.82679682581213,-4.203022913868835,83.0,55.916237634416454,-4.222407816066865,110,13.094,1169
55.82679682581213,-4.203022913868835,83.0,55.915798955837815,-4.088621086891774,111,19.538,949
55.82679682581213,-4.203022913868835,83.0,55.827538479175395,-4.350653065976025,112,13.465,819
55.82679682581213,-4.203022913868835,83.0,55.799515288981674,-4.0866627646338864,113,9.005,774
55.82679682581213,-4.203022913868835,83.0,55.831024245961984,-4.244756518165482,114,4.818,368
55.82679682581213,-4.203022913868835,83.0,55.86754360554833,-4.2143078261423845,115,6.573,860
55.82679682581213,-4.203022913868835,83.0,55.8574985965699,-4.1521224561179935,116,6.558,617
55.82679682581213,-4.203022913868835,83.0,55.88095643501817,-4.32811659177277,117,14.695,851
55.82679682581213,-4.203022913868835,83.0,55.85240433608213,-4.177570445500026,118,5.419,558
55.82679682581213,-4.203022913868835,83.0,55.91169549549074,-4.359708873069638,119,20.871,1451
55.82679682581213,-4.203022913868835,83.0,55.92640787519779,-4.300990956079843,120,16.803,1323
55.82679682581213,-4.203022913868835,83.0,55.84019197366069,-4.205566157974415,121,2.654,359
55.82679682581213,-4.203022913868835,83.0,55.866619942939494,-4.268153778778456,122,9.357,963
55.82679682581213,-4.203022913868835,83.0,55.81327411986783,-4.2587495402872255,123,5.113,569
55.82679682581213,-4.203022913868835,83.0,55.86022660117776,-4.154711133590585,124,6.911,648
55.82679682581213,-4.203022913868835,83.0,55.831522729053496,-4.370420634377527,125,15.519,989
55.82679682581213,-4.203022913868835,83.0,55.84074346341779,-4.172411658039648,126,3.623,360
55.82679682581213,-4.203022913868835,83.0,55.8801412435821,-4.258666277618953,127,9.633,977
55.82679682581213,-4.203022913868835,83.0,55.8434159429892,-4.1056733307349536,128,8.026,540
55.82679682581213,-4.203022913868835,83.0,55.83522057783537,-4.25736952395694,129,5.352,465
55.82679682581213,-4.203022913868835,83.0,55.86467774065618,-4.2250953414252415,130,5.798,617
55.82679682581213,-4.203022913868835,83.0,55.8953662249987,-4.231143624453162,131,10.281,981
55.82679682581213,-4.203022913868835,83.0,55.81920459649808,-4.236238450921302,132,3.122,360
55.82679682581213,-4.203022913868835,83.0,55.900795402502105,-4.206009410292495,133,11.916,1115
55.82679682581213,-4.203022913868835,83.0,55.86078490474355,-4.339631469507248,134,13.388,818
55.82679682581213,-4.203022913868835,83.0,55.924999437053955,-4.191173279124663,135,28.455,1226
55.82679682581213,-4.203022913868835,83.0,55.81549096669224,-4.126910343137958,136,6.254,588
55.82679682581213,-4.203022913868835,83.0,55.90135585493081,-4.207622057499793,137,11.915,1093
55.82679682581213,-4.203022913868835,83.0,55.845816555475636,-4.129576488296543,138,6.775,581
55.82679682581213,-4.203022913868835,83.0,55.80470047644827,-4.291960781118721,139,10.087,892
55.82679682581213,-4.203022913868835,83.0,55.89185394491289,-4.179857587296262,140,9.419,873
55.82679682581213,-4.203022913868835,83.0,55.91859399996558,-4.3401659608951215,141,19.737,1301
55.82679682581213,-4.203022913868835,83.0,55.90671476836246,-4.3642865107142725,142,19.638,1315
55.82679682581213,-4.203022913868835,83.0,55.81273399651921,-4.167613047894911,143,3.312,352
55.82679682581213,-4.203022913868835,83.0,55.80939871413575,-4.276056954355674,144,6.289,684
55.82679682581213,-4.203022913868835,83.0,55.88312869327199,-4.214542892826467,145,9.852,1008
55.82679682581213,-4.203022913868835,83.0,55.815340374954424,-4.283514492524949,146,6.459,701
55.82679682581213,-4.203022913868835,83.0,55.87864379034378,-4.080636908866371,147,16.0,731
55.82679682581213,-4.203022913868835,83.0,55.89423440492952,-4.2418874418647645,148,10.844,1065
55.82679682581213,-4.203022913868835,83.0,55.92796852989922,-4.305970400193036,149,16.931,1346
55.82679682581213,-4.203022913868835,83.0,55.92895153496988,-4.082888064137351,150,20.496,957
55.82679682581213,-4.203022913868835,83.0,55.790766759429424,-4.135285962371055,151,7.768,484
55.82679682581213,-4.203022913868835,83.0,55.80808041573422,-4.184105792933229,152,3.398,282
55.82679682581213,-4.203022913868835,83.0,55.7982747224006,-4.3931924101572655,153,17.59,1073
55.82679682581213,-4.203022913868835,83.0,55.81178474630603,-4.337962602706185,154,14.188,834
55.82679682581213,-4.203022913868835,83.0,55.852972007756,-4.353957895039277,155,12.587,822
55.82679682581213,-4.203022913868835,83.0,55.797152036890715,-4.311451416173846,156,16.16,908
55.82679682581213,-4.203022913868835,83.0,55.84839482833289,-4.1889265673730645,157,5.201,475
55.82679682581213,-4.203022913868835,83.0,55.86383954752864,-4.387927326091926,158,18.179,849
55.82679682581213,-4.203022913868835,83.0,55.807182357875575,-4.140487806234959,159,4.94,516
55.82679682581213,-4.203022913868835,83.0,55.8296607577131,-4.218765551358871,160,1.249,207
55.82679682581213,-4.203022913868835,83.0,55.82699494590622,-4.295404959002084,161,11.624,712
55.82679682581213,-4.203022913868835,83.0,55.861248665443505,-4.307186036515638,162,10.473,725
55.82679682581213,-4.203022913868835,83.0,55.897857165570365,-4.156645648865112,163,10.895,910
55.82679682581213,-4.203022913868835,83.0,55.877747555317356,-4.342792329217214,164,15.285,948
55.82679682581213,-4.203022913868835,83.0,55.92259641850896,-4.389236283866068,165,31.541,1412
55.82679682581213,-4.203022913868835,83.0,55.92621339590465,-4.2820478996479165,166,15.255,1223
55.82679682581213,-4.203022913868835,83.0,55.80660612206145,-4.094012410496262,167,12.073,828
55.82679682581213,-4.203022913868835,83.0,55.84605439624201,-4.09192094471571,168,17.229,799
55.82679682581213,-4.203022913868835,83.0,55.83961965364386,-4.1201104741133365,169,7.377,438
55.82679682581213,-4.203022913868835,83.0,55.85030951683019,-4.217608837338132,170,3.548,425
55.82679682581213,-4.203022913868835,83.0,55.85971342373431,-4.246748195156407,171,5.871,664
55.82679682581213,-4.203022913868835,83.0,55.815747728441636,-4.150792968910081,172,3.81,413
55.82679682581213,-4.203022913868835,83.0,55.80041195127493,-4.3806303679601495,173,17.006,1026
55.82679682581213,-4.203022913868835,83.0,55.85487415463933,-4.092829020720908,174,11.684,630
55.82679682581213,-4.203022913868835,83.0,55.80456076444065,-4.203157873727267,175,3.623,353
55.82679682581213,-4.203022913868835,83.0,55.84723005082115,-4.330151260440624,176,10.54,679
55.82679682581213,-4.203022913868835,83.0,55.88775631668876,-4.123428423568879,177,19.655,1084
55.82679682581213,-4.203022913868835,83.0,55.82857385936083,-4.129579652409029,178,6.332,600
55.82679682581213,-4.203022913868835,83.0,55.879865395443076,-4.36272007519476,179,16.177,991
55.82679682581213,-4.203022913868835,83.0,55.87973669437185,-4.215636550296907,180,7.646,986
55.82679682581213,-4.203022913868835,83.0,55.8162521393249,-4.1868605517933455,181,2.765,264
55.82679682581213,-4.203022913868835,83.0,55.80755514535402,-4.201625161718038,182,3.376,319
55.82679682581213,-4.203022913868835,83.0,55.85565398843102,-4.250533808562208,183,7.031,651
55.82679682581213,-4.203022913868835,83.0,55.929636326069506,-4.381100658166308,184,32.527,1433
55.82679682581213,-4.203022913868835,83.0,55.879581066995904,-4.21986165885879,185,8.78,1000
55.82679682581213,-4.203022913868835,83.0,55.92647877645629,-4.127886630011083,186,20.898,1218
55.82679682581213,-4.203022913868835,83.0,55.82282427264178,-4.371094162561755,187,14.655,912
55.82679682581213,-4.203022913868835,83.0,55.90291353127043,-4.3414180899754955,188,17.684,1193
55.82679682581213,-4.203022913868835,83.0,55.78437024600116,-4.156926419796477,189,7.112,499
55.82679682581213,-4.203022913868835,83.0,55.8321542449311,-4.1561720476648265,190,4.37,415
55.82679682581213,-4.203022913868835,83.0,55.88310705812362,-4.084862107847263,191,13.161,612
55.82679682581213,-4.203022913868835,83.0,55.85616333886266,-4.110333739241922,192,11.804,727
55.82679682581213,-4.203022913868835,83.0,55.90185178498145,-4.152652007721208,193,26.265,1569
55.82679682581213,-4.203022913868835,83.0,55.8837118458465,-4.182392741162416,194,10.573,1851
55.82679682581213,-4.203022913868835,83.0,55.83086049774818,-4.312434105301623,195,12.558,816
55.82679682581213,-4.203022913868835,83.0,55.821849459706755,-4.176208567338996,196,2.44,287
55.82679682581213,-4.203022913868835,83.0,55.88009750494633,-4.255964552703097,197,9.319,956
55.82679682581213,-4.203022913868835,83.0,55.87413911675089,-4.369807111055967,198,14.181,740
55.82679682581213,-4.203022913868835,83.0,55.86354071984154,-4.093406384811447,199,13.264,735
55.873521198118496,-4.309710639085825,84.0,55.8391698042901,-4.214478482526657,0,13.139,888
55.873521198118496,-4.309710639085825,84.0,55.86553667472969,-4.350500876963486,1,4.74,554
55.873521198118496,-4.309710639085825,84.0,55.912892829643965,-4.286410947894997,2,9.959,1726
55.873521198118496,-4.309710639085825,84.0,55.84854019346565,-4.391697428307927,3,8.825,907
55.873521198118496,-4.309710639085825,84.0,55.79232875093524,-4.310455024670266,4,16.253,1019
55.873521198118496,-4.309710639085825,84.0,55.837143362020576,-4.120043492886959,5,16.838,900
55.873521198118496,-4.309710639085825,84.0,55.84185129809378,-4.283879851305767,6,10.933,769
55.873521198118496,-4.309710639085825,84.0,55.90609664927746,-4.311383718964596,7,6.378,686
55.873521198118496,-4.309710639085825,84.0,55.7832172019226,-4.31249791159531,8,17.841,1077
55.873521198118496,-4.309710639085825,84.0,55.8177258987159,-4.260489243356555,9,11.81,949
55.873521198118496,-4.309710639085825,84.0,55.903262790870684,-4.212111703691823,10,9.52,1029
55.873521198118496,-4.309710639085825,84.0,55.893978813107424,-4.1413270988368325,11,15.027,1028
55.873521198118496,-4.309710639085825,84.0,55.894884622950286,-4.154349650804189,12,17.412,927
55.873521198118496,-4.309710639085825,84.0,55.80680963785043,-4.263605759417426,13,13.575,1174
55.873521198118496,-4.309710639085825,84.0,55.81824312166051,-4.346878846315483,14,13.416,933
55.873521198118496,-4.309710639085825,84.0,55.84742656229786,-4.269221405976544,15,7.409,656
55.873521198118496,-4.309710639085825,84.0,55.80730424868546,-4.315177272898423,16,13.122,918
55.873521198118496,-4.309710639085825,84.0,55.83798278877758,-4.260604018644594,17,8.191,766
55.873521198118496,-4.309710639085825,84.0,55.89424631095569,-4.343398240721316,18,4.49,541
55.873521198118496,-4.309710639085825,84.0,55.83908093533876,-4.223069302141199,19,10.73,919
55.873521198118496,-4.309710639085825,84.0,55.8357731433788,-4.270556349194068,20,8.213,668
55.873521198118496,-4.309710639085825,84.0,55.90309627527835,-4.360750370095284,21,6.523,777
55.873521198118496,-4.309710639085825,84.0,55.85652103589449,-4.101365743428073,22,17.575,971
55.873521198118496,-4.309710639085825,84.0,55.783736419963375,-4.235306054793451,23,15.87,1240
55.873521198118496,-4.309710639085825,84.0,55.92064824587275,-4.2358362157531895,24,10.875,832
55.873521198118496,-4.309710639085825,84.0,55.907674892744176,-4.2497703459088045,25,9.397,2055
55.873521198118496,-4.309710639085825,84.0,55.919604340921964,-4.226208116301384,26,13.303,1035
55.873521198118496,-4.309710639085825,84.0,55.83219148710444,-4.304581930326681,27,12.294,960
55.873521198118496,-4.309710639085825,84.0,55.79569701419853,-4.1769099124482585,28,17.554,1172
55.873521198118496,-4.309710639085825,84.0,55.81260197667657,-4.197841211154324,29,14.965,1040
55.873521198118496,-4.309710639085825,84.0,55.826092940761974,-4.176919409292903,30,13.495,972
55.873521198118496,-4.309710639085825,84.0,55.828413149208096,-4.109650878166438,31,20.299,1163
55.873521198118496,-4.309710639085825,84.0,55.8999241737755,-4.257993823533507,32,6.408,705
55.873521198118496,-4.309710639085825,84.0,55.892514250678616,-4.340118142906542,33,4.519,553
55.873521198118496,-4.309710639085825,84.0,55.855241629670886,-4.269936069312288,34,5.253,397
55.873521198118496,-4.309710639085825,84.0,55.877364911629314,-4.109701193625618,35,17.976,1072
55.873521198118496,-4.309710639085825,84.0,55.887053111734645,-4.1280531391159245,36,18.278,1038
55.873521198118496,-4.309710639085825,84.0,55.89108676863447,-4.105446803942431,37,20.011,1344
55.873521198118496,-4.309710639085825,84.0,55.842635153466425,-4.334387903339716,38,6.603,710
55.873521198118496,-4.309710639085825,84.0,55.89197542936556,-4.19614108945253,39,14.285,871
55.873521198118496,-4.309710639085825,84.0,55.825849135803445,-4.321179033230789,40,10.472,860
55.873521198118496,-4.309710639085825,84.0,55.81864602215581,-4.375055705699034,41,14.445,942
55.873521198118496,-4.309710639085825,84.0,55.92613065482397,-4.212698358862173,42,11.031,1074
55.873521198118496,-4.309710639085825,84.0,55.874439929608144,-4.279689658904073,43,2.902,440
55.873521198118496,-4.309710639085825,84.0,55.81998166828728,-4.245455535821837,44,11.29,855
55.873521198118496,-4.309710639085825,84.0,55.91066980601156,-4.213502644426629,45,9.983,1025
55.873521198118496,-4.309710639085825,84.0,55.8404807486866,-4.356656090229781,46,8.914,881
55.873521198118496,-4.309710639085825,84.0,55.88708229912325,-4.079055837843032,47,20.82,1204
55.873521198118496,-4.309710639085825,84.0,55.84510555179576,-4.178720975321847,48,15.16,988
55.873521198118496,-4.309710639085825,84.0,55.84413340760586,-4.085244529493477,49,22.074,1504
55.873521198118496,-4.309710639085825,84.0,55.83324217210475,-4.157183908594519,50,15.022,985
55.873521198118496,-4.309710639085825,84.0,55.895753278756494,-4.323131413571223,51,4.276,653
55.873521198118496,-4.309710639085825,84.0,55.88609925330935,-4.38354364327563,52,9.605,738
55.873521198118496,-4.309710639085825,84.0,55.86596770908397,-4.338853955125049,53,3.871,478
55.873521198118496,-4.309710639085825,84.0,55.819381988004544,-4.256567679373081,54,12.719,1005
55.873521198118496,-4.309710639085825,84.0,55.919398785577634,-4.298102785445152,55,10.235,1405
55.873521198118496,-4.309710639085825,84.0,55.81052481551728,-4.0780884232687225,56,23.098,2310
55.873521198118496,-4.309710639085825,84.0,55.8411814367945,-4.125490362928665,57,18.38,1058
55.873521198118496,-4.309710639085825,84.0,55.844855881791794,-4.151320272286683,58,16.012,1038
55.873521198118496,-4.309710639085825,84.0,55.79334532620707,-4.3052187624925375,59,16.584,1025
55.873521198118496,-4.309710639085825,84.0,55.78499644933002,-4.082518262203789,60,26.821,1309
55.873521198118496,-4.309710639085825,84.0,55.86482365717543,-4.074666870071637,61,19.841,1188
55.873521198118496,-4.309710639085825,84.0,55.910543969585106,-4.384534109666136,62,8.35,851
55.873521198118496,-4.309710639085825,84.0,55.799715679086134,-4.188568421733812,63,17.536,1331
55.873521198118496,-4.309710639085825,84.0,55.90005630083831,-4.294022887833187,64,5.45,621
55.873521198118496,-4.309710639085825,84.0,55.82573931186619,-4.210157383495828,65,13.022,854
55.873521198118496,-4.309710639085825,84.0,55.88010014610652,-4.288014027401103,66,3.472,565
55.873521198118496,-4.309710639085825,84.0,55.8836463272421,-4.377148406451105,67,9.375,816
55.873521198118496,-4.309710639085825,84.0,55.80511293548626,-4.195982430231648,68,15.945,1114
55.873521198118496,-4.309710639085825,84.0,55.9265186267864,-4.256321117900257,69,9.773,820
55.873521198118496,-4.309710639085825,84.0,55.90353118048908,-4.119171950823842,70,19.174,1280
55.873521198118496,-4.309710639085825,84.0,55.81502357146685,-4.260984914919316,71,12.167,984
55.873521198118496,-4.309710639085825,84.0,55.894355058439295,-4.293143876300353,72,4.74,568
55.873521198118496,-4.309710639085825,84.0,55.80246488546192,-4.242274834364847,73,13.431,1080
55.873521198118496,-4.309710639085825,84.0,55.887581813102464,-4.2985753032369685,74,3.364,484
55.873521198118496,-4.309710639085825,84.0,55.928290955083554,-4.295962301582311,75,10.657,820
55.873521198118496,-4.309710639085825,84.0,55.81096058143004,-4.368797105646974,76,16.102,1024
55.873521198118496,-4.309710639085825,84.0,55.84818750128869,-4.3631808239548375,77,9.078,717
55.873521198118496,-4.309710639085825,84.0,55.81610352786554,-4.330910795148831,78,12.441,773
55.873521198118496,-4.309710639085825,84.0,55.807034270653475,-4.136077366584948,79,16.729,1223
55.873521198118496,-4.309710639085825,84.0,55.86778114631985,-4.233612892312959,80,8.861,683
55.873521198118496,-4.309710639085825,84.0,55.79578956690847,-4.368290459919509,81,21.186,2218
55.873521198118496,-4.309710639085825,84.0,55.897877306124535,-4.077031107370425,82,21.802,1811
55.873521198118496,-4.309710639085825,84.0,55.80721289582252,-4.242612882195534,83,12.654,1032
55.873521198118496,-4.309710639085825,84.0,55.92209393969709,-4.157940141970138,84,18.945,1078
55.873521198118496,-4.309710639085825,84.0,55.79188265083702,-4.28147512844989,85,17.446,1080
55.873521198118496,-4.309710639085825,84.0,55.88043814367632,-4.104360473798184,86,17.788,1031
55.873521198118496,-4.309710639085825,84.0,55.90345994988174,-4.293652184560058,87,5.919,666
55.873521198118496,-4.309710639085825,84.0,55.91230525016259,-4.108196424937476,88,20.442,1225
55.873521198118496,-4.309710639085825,84.0,55.90569137930351,-4.3852429216612405,89,8.385,874
55.873521198118496,-4.309710639085825,84.0,55.824402119970216,-4.298242138123909,90,10.908,781
55.873521198118496,-4.309710639085825,84.0,55.887104625653905,-4.201059285828647,91,11.997,1021
55.873521198118496,-4.309710639085825,84.0,55.92006797200308,-4.195257422106852,92,11.877,1052
55.873521198118496,-4.309710639085825,84.0,55.7944551107823,-4.1683749063061635,93,17.684,1607
55.873521198118496,-4.309710639085825,84.0,55.88003873447475,-4.304350182381346,94,2.123,332
55.873521198118496,-4.309710639085825,84.0,55.88308048053683,-4.2942103285768285,95,2.812,405
55.873521198118496,-4.309710639085825,84.0,55.80779271908626,-4.3234306371549245,96,13.712,905
55.873521198118496,-4.309710639085825,84.0,55.90123467399992,-4.380968632189907,97,9.209,983
55.873521198118496,-4.309710639085825,84.0,55.88049231589054,-4.293733205570284,98,2.714,395
55.873521198118496,-4.309710639085825,84.0,55.84697147961761,-4.334108806216461,99,6.193,644
55.873521198118496,-4.309710639085825,84.0,55.83067141211495,-4.195633651932574,100,12.305,851
55.873521198118496,-4.309710639085825,84.0,55.89350845984679,-4.099445363541155,101,19.826,1176
55.873521198118496,-4.309710639085825,84.0,55.92592408664018,-4.179171340754611,102,14.048,1196
55.873521198118496,-4.309710639085825,84.0,55.84941827409408,-4.169566750359822,103,15.865,1054
55.873521198118496,-4.309710639085825,84.0,55.92413375575165,-4.226670311636797,104,12.246,1817
55.873521198118496,-4.309710639085825,84.0,55.88995713457192,-4.285031242761631,105,3.68,471
55.873521198118496,-4.309710639085825,84.0,55.90528066541109,-4.131569818675147,106,16.624,925
55.873521198118496,-4.309710639085825,84.0,55.87850608392288,-4.103517886631066,107,18.119,1065
55.873521198118496,-4.309710639085825,84.0,55.80799405798939,-4.284953473560454,108,12.211,1035
55.873521198118496,-4.309710639085825,84.0,55.906815669822045,-4.385279074380807,109,7.696,779
55.873521198118496,-4.309710639085825,84.0,55.916237634416454,-4.222407816066865,110,13.055,1017
55.873521198118496,-4.309710639085825,84.0,55.915798955837815,-4.088621086891774,111,23.526,1256
55.873521198118496,-4.309710639085825,84.0,55.827538479175395,-4.350653065976025,112,12.785,864
55.873521198118496,-4.309710639085825,84.0,55.799515288981674,-4.0866627646338864,113,27.191,1422
55.873521198118496,-4.309710639085825,84.0,55.831024245961984,-4.244756518165482,114,9.771,756
55.873521198118496,-4.309710639085825,84.0,55.86754360554833,-4.2143078261423845,115,10.201,799
55.873521198118496,-4.309710639085825,84.0,55.8574985965699,-4.1521224561179935,116,15.485,1015
55.873521198118496,-4.309710639085825,84.0,55.88095643501817,-4.32811659177277,117,2.332,368
55.873521198118496,-4.309710639085825,84.0,55.85240433608213,-4.177570445500026,118,12.923,985
55.873521198118496,-4.309710639085825,84.0,55.91169549549074,-4.359708873069638,119,8.508,968
55.873521198118496,-4.309710639085825,84.0,55.92640787519779,-4.300990956079843,120,9.015,842
55.873521198118496,-4.309710639085825,84.0,55.84019197366069,-4.205566157974415,121,13.625,1003
55.873521198118496,-4.309710639085825,84.0,55.866619942939494,-4.268153778778456,122,3.752,650
55.873521198118496,-4.309710639085825,84.0,55.81327411986783,-4.2587495402872255,123,12.146,994
55.873521198118496,-4.309710639085825,84.0,55.86022660117776,-4.154711133590585,124,14.702,942
55.873521198118496,-4.309710639085825,84.0,55.831522729053496,-4.370420634377527,125,8.919,888
55.873521198118496,-4.309710639085825,84.0,55.84074346341779,-4.172411658039648,126,14.233,908
55.873521198118496,-4.309710639085825,84.0,55.8801412435821,-4.258666277618953,127,5.679,658
55.873521198118496,-4.309710639085825,84.0,55.8434159429892,-4.1056733307349536,128,18.636,1087
55.873521198118496,-4.309710639085825,84.0,55.83522057783537,-4.25736952395694,129,8.83,794
55.873521198118496,-4.309710639085825,84.0,55.86467774065618,-4.2250953414252415,130,8.985,635
55.873521198118496,-4.309710639085825,84.0,55.8953662249987,-4.231143624453162,131,7.671,821
55.873521198118496,-4.309710639085825,84.0,55.81920459649808,-4.236238450921302,132,11.874,905
55.873521198118496,-4.309710639085825,84.0,55.900795402502105,-4.206009410292495,133,9.838,1016
55.873521198118496,-4.309710639085825,84.0,55.86078490474355,-4.339631469507248,134,4.406,573
55.873521198118496,-4.309710639085825,84.0,55.924999437053955,-4.191173279124663,135,12.128,1062
55.873521198118496,-4.309710639085825,84.0,55.81549096669224,-4.126910343137958,136,17.72,1270
55.873521198118496,-4.309710639085825,84.0,55.90135585493081,-4.207622057499793,137,9.837,994
55.873521198118496,-4.309710639085825,84.0,55.845816555475636,-4.129576488296543,138,17.385,1128
55.873521198118496,-4.309710639085825,84.0,55.80470047644827,-4.291960781118721,139,12.238,1013
55.873521198118496,-4.309710639085825,84.0,55.89185394491289,-4.179857587296262,140,13.189,796
55.873521198118496,-4.309710639085825,84.0,55.91859399996558,-4.3401659608951215,141,7.374,818
55.873521198118496,-4.309710639085825,84.0,55.90671476836246,-4.3642865107142725,142,7.275,832
55.873521198118496,-4.309710639085825,84.0,55.81273399651921,-4.167613047894911,143,14.778,1034
55.873521198118496,-4.309710639085825,84.0,55.80939871413575,-4.276056954355674,144,12.119,999
55.873521198118496,-4.309710639085825,84.0,55.88312869327199,-4.214542892826467,145,11.009,839
55.873521198118496,-4.309710639085825,84.0,55.815340374954424,-4.283514492524949,146,11.113,885
55.873521198118496,-4.309710639085825,84.0,55.87864379034378,-4.080636908866371,147,21.8,1239
55.873521198118496,-4.309710639085825,84.0,55.89423440492952,-4.2418874418647645,148,6.771,798
55.873521198118496,-4.309710639085825,84.0,55.92796852989922,-4.305970400193036,149,9.143,865
55.873521198118496,-4.309710639085825,84.0,55.92895153496988,-4.082888064137351,150,23.896,1205
55.873521198118496,-4.309710639085825,84.0,55.790766759429424,-4.135285962371055,151,20.109,1248
55.873521198118496,-4.309710639085825,84.0,55.80808041573422,-4.184105792933229,152,15.739,1046
55.873521198118496,-4.309710639085825,84.0,55.7982747224006,-4.3931924101572655,153,16.91,1118
55.873521198118496,-4.309710639085825,84.0,55.81178474630603,-4.337962602706185,154,13.508,879
55.873521198118496,-4.309710639085825,84.0,55.852972007756,-4.353957895039277,155,5.727,672
55.873521198118496,-4.309710639085825,84.0,55.797152036890715,-4.311451416173846,156,15.48,953
55.873521198118496,-4.309710639085825,84.0,55.84839482833289,-4.1889265673730645,157,15.811,1022
55.873521198118496,-4.309710639085825,84.0,55.86383954752864,-4.387927326091926,158,11.714,744
55.873521198118496,-4.309710639085825,84.0,55.807182357875575,-4.140487806234959,159,16.406,1198
55.873521198118496,-4.309710639085825,84.0,55.8296607577131,-4.218765551358871,160,11.191,912
55.873521198118496,-4.309710639085825,84.0,55.82699494590622,-4.295404959002084,161,10.944,757
55.873521198118496,-4.309710639085825,84.0,55.861248665443505,-4.307186036515638,162,4.547,544
55.873521198118496,-4.309710639085825,84.0,55.897857165570365,-4.156645648865112,163,14.665,833
55.873521198118496,-4.309710639085825,84.0,55.877747555317356,-4.342792329217214,164,3.454,475
55.873521198118496,-4.309710639085825,84.0,55.92259641850896,-4.389236283866068,165,11.373,1024
55.873521198118496,-4.309710639085825,84.0,55.92621339590465,-4.2820478996479165,166,9.557,768
55.873521198118496,-4.309710639085825,84.0,55.80660612206145,-4.094012410496262,167,22.683,1375
55.873521198118496,-4.309710639085825,84.0,55.84605439624201,-4.09192094471571,168,19.002,948
55.873521198118496,-4.309710639085825,84.0,55.83961965364386,-4.1201104741133365,169,17.987,985
55.873521198118496,-4.309710639085825,84.0,55.85030951683019,-4.217608837338132,170,11.417,920
55.873521198118496,-4.309710639085825,84.0,55.85971342373431,-4.246748195156407,171,9.354,733
55.873521198118496,-4.309710639085825,84.0,55.815747728441636,-4.150792968910081,172,15.276,1095
55.873521198118496,-4.309710639085825,84.0,55.80041195127493,-4.3806303679601495,173,16.326,1071
55.873521198118496,-4.309710639085825,84.0,55.85487415463933,-4.092829020720908,174,18.812,949
55.873521198118496,-4.309710639085825,84.0,55.80456076444065,-4.203157873727267,175,15.964,1116
55.873521198118496,-4.309710639085825,84.0,55.84723005082115,-4.330151260440624,176,6.383,625
55.873521198118496,-4.309710639085825,84.0,55.88775631668876,-4.123428423568879,177,18.413,1044
55.873521198118496,-4.309710639085825,84.0,55.82857385936083,-4.129579652409029,178,17.798,1282
55.873521198118496,-4.309710639085825,84.0,55.879865395443076,-4.36272007519476,179,4.332,497
55.873521198118496,-4.309710639085825,84.0,55.87973669437185,-4.215636550296907,180,10.296,851
55.873521198118496,-4.309710639085825,84.0,55.8162521393249,-4.1868605517933455,181,14.158,1005
55.873521198118496,-4.309710639085825,84.0,55.80755514535402,-4.201625161718038,182,15.717,1083
55.873521198118496,-4.309710639085825,84.0,55.85565398843102,-4.250533808562208,183,6.39,657
55.873521198118496,-4.309710639085825,84.0,55.929636326069506,-4.381100658166308,184,10.435,984
55.873521198118496,-4.309710639085825,84.0,55.879581066995904,-4.21986165885879,185,9.937,831
55.873521198118496,-4.309710639085825,84.0,55.92647877645629,-4.127886630011083,186,20.027,1164
55.873521198118496,-4.309710639085825,84.0,55.82282427264178,-4.371094162561755,187,13.975,957
55.873521198118496,-4.309710639085825,84.0,55.90291353127043,-4.3414180899754955,188,5.321,710
55.873521198118496,-4.309710639085825,84.0,55.78437024600116,-4.156926419796477,189,19.453,1262
55.873521198118496,-4.309710639085825,84.0,55.8321542449311,-4.1561720476648265,190,15.062,999
55.873521198118496,-4.309710639085825,84.0,55.88310705812362,-4.084862107847263,191,23.066,1111
55.873521198118496,-4.309710639085825,84.0,55.85616333886266,-4.110333739241922,192,17.613,993
55.873521198118496,-4.309710639085825,84.0,55.90185178498145,-4.152652007721208,193,18.574,1457
55.873521198118496,-4.309710639085825,84.0,55.8837118458465,-4.182392741162416,194,14.853,1805
55.873521198118496,-4.309710639085825,84.0,55.83086049774818,-4.312434105301623,195,11.878,862
55.873521198118496,-4.309710639085825,84.0,55.821849459706755,-4.176208567338996,196,13.906,969
55.873521198118496,-4.309710639085825,84.0,55.88009750494633,-4.255964552703097,197,5.575,653
55.873521198118496,-4.309710639085825,84.0,55.87413911675089,-4.369807111055967,198,7.716,635
55.873521198118496,-4.309710639085825,84.0,55.86354071984154,-4.093406384811447,199,18.229,1046
55.927677245191056,-4.297787966359194,85.0,55.8391698042901,-4.214478482526657,0,14.35,1068
55.927677245191056,-4.297787966359194,85.0,55.86553667472969,-4.350500876963486,1,10.064,853
55.927677245191056,-4.297787966359194,85.0,55.912892829643965,-4.286410947894997,2,2.996,1066
55.927677245191056,-4.297787966359194,85.0,55.84854019346565,-4.391697428307927,3,14.149,1206
55.927677245191056,-4.297787966359194,85.0,55.79232875093524,-4.310455024670266,4,21.508,1280
55.927677245191056,-4.297787966359194,85.0,55.837143362020576,-4.120043492886959,5,22.093,1161
55.927677245191056,-4.297787966359194,85.0,55.84185129809378,-4.283879851305767,6,16.188,1031
55.927677245191056,-4.297787966359194,85.0,55.90609664927746,-4.311383718964596,7,3.109,252
55.927677245191056,-4.297787966359194,85.0,55.7832172019226,-4.31249791159531,8,23.096,1338
55.927677245191056,-4.297787966359194,85.0,55.8177258987159,-4.260489243356555,9,17.065,1211
55.927677245191056,-4.297787966359194,85.0,55.903262790870684,-4.212111703691823,10,8.637,577
55.927677245191056,-4.297787966359194,85.0,55.893978813107424,-4.1413270988368325,11,14.813,859
55.927677245191056,-4.297787966359194,85.0,55.894884622950286,-4.154349650804189,12,14.405,728
55.927677245191056,-4.297787966359194,85.0,55.80680963785043,-4.263605759417426,13,18.83,1435
55.927677245191056,-4.297787966359194,85.0,55.81824312166051,-4.346878846315483,14,18.671,1194
55.927677245191056,-4.297787966359194,85.0,55.84742656229786,-4.269221405976544,15,12.664,918
55.927677245191056,-4.297787966359194,85.0,55.80730424868546,-4.315177272898423,16,18.377,1179
55.927677245191056,-4.297787966359194,85.0,55.83798278877758,-4.260604018644594,17,13.635,1021
55.927677245191056,-4.297787966359194,85.0,55.89424631095569,-4.343398240721316,18,6.234,516
55.927677245191056,-4.297787966359194,85.0,55.83908093533876,-4.223069302141199,19,13.886,1089
55.927677245191056,-4.297787966359194,85.0,55.8357731433788,-4.270556349194068,20,13.468,929
55.927677245191056,-4.297787966359194,85.0,55.90309627527835,-4.360750370095284,21,5.772,524
55.927677245191056,-4.297787966359194,85.0,55.85652103589449,-4.101365743428073,22,19.07,975
55.927677245191056,-4.297787966359194,85.0,55.783736419963375,-4.235306054793451,23,21.125,1502
55.927677245191056,-4.297787966359194,85.0,55.92064824587275,-4.2358362157531895,24,5.348,216
55.927677245191056,-4.297787966359194,85.0,55.907674892744176,-4.2497703459088045,25,8.964,1659
55.927677245191056,-4.297787966359194,85.0,55.919604340921964,-4.226208116301384,26,7.776,418
55.927677245191056,-4.297787966359194,85.0,55.83219148710444,-4.304581930326681,27,17.549,1221
55.927677245191056,-4.297787966359194,85.0,55.79569701419853,-4.1769099124482585,28,22.809,1434
55.927677245191056,-4.297787966359194,85.0,55.81260197667657,-4.197841211154324,29,20.22,1301
55.927677245191056,-4.297787966359194,85.0,55.826092940761974,-4.176919409292903,30,18.75,1234
55.927677245191056,-4.297787966359194,85.0,55.828413149208096,-4.109650878166438,31,26.016,1320
55.927677245191056,-4.297787966359194,85.0,55.8999241737755,-4.257993823533507,32,6.125,331
55.927677245191056,-4.297787966359194,85.0,55.892514250678616,-4.340118142906542,33,6.263,521
55.927677245191056,-4.297787966359194,85.0,55.855241629670886,-4.269936069312288,34,10.508,659
55.927677245191056,-4.297787966359194,85.0,55.877364911629314,-4.109701193625618,35,19.471,1075
55.927677245191056,-4.297787966359194,85.0,55.887053111734645,-4.1280531391159245,36,15.271,839
55.927677245191056,-4.297787966359194,85.0,55.89108676863447,-4.105446803942431,37,17.004,1146
55.927677245191056,-4.297787966359194,85.0,55.842635153466425,-4.334387903339716,38,11.927,1009
55.927677245191056,-4.297787966359194,85.0,55.89197542936556,-4.19614108945253,39,10.895,681
55.927677245191056,-4.297787966359194,85.0,55.825849135803445,-4.321179033230789,40,15.727,1121
55.927677245191056,-4.297787966359194,85.0,55.81864602215581,-4.375055705699034,41,19.7,1203
55.927677245191056,-4.297787966359194,85.0,55.92613065482397,-4.212698358862173,42,8.404,489
55.927677245191056,-4.297787966359194,85.0,55.874439929608144,-4.279689658904073,43,8.347,699
55.927677245191056,-4.297787966359194,85.0,55.81998166828728,-4.245455535821837,44,16.545,1116
55.927677245191056,-4.297787966359194,85.0,55.91066980601156,-4.213502644426629,45,7.476,447
55.927677245191056,-4.297787966359194,85.0,55.8404807486866,-4.356656090229781,46,14.238,1180
55.927677245191056,-4.297787966359194,85.0,55.88708229912325,-4.079055837843032,47,23.6,1079
55.927677245191056,-4.297787966359194,85.0,55.84510555179576,-4.178720975321847,48,15.347,1132
55.927677245191056,-4.297787966359194,85.0,55.84413340760586,-4.085244529493477,49,23.569,1508
55.927677245191056,-4.297787966359194,85.0,55.83324217210475,-4.157183908594519,50,26.561,1272
55.927677245191056,-4.297787966359194,85.0,55.895753278756494,-4.323131413571223,51,5.398,461
55.927677245191056,-4.297787966359194,85.0,55.88609925330935,-4.38354364327563,52,14.929,1037
55.927677245191056,-4.297787966359194,85.0,55.86596770908397,-4.338853955125049,53,9.195,777
55.927677245191056,-4.297787966359194,85.0,55.819381988004544,-4.256567679373081,54,15.995,1267
55.927677245191056,-4.297787966359194,85.0,55.919398785577634,-4.298102785445152,55,3.272,745
55.927677245191056,-4.297787966359194,85.0,55.81052481551728,-4.0780884232687225,56,28.815,2467
55.927677245191056,-4.297787966359194,85.0,55.8411814367945,-4.125490362928665,57,24.097,1215
55.927677245191056,-4.297787966359194,85.0,55.844855881791794,-4.151320272286683,58,19.199,1233
55.927677245191056,-4.297787966359194,85.0,55.79334532620707,-4.3052187624925375,59,21.839,1287
55.927677245191056,-4.297787966359194,85.0,55.78499644933002,-4.082518262203789,60,30.705,1394
55.927677245191056,-4.297787966359194,85.0,55.86482365717543,-4.074666870071637,61,21.336,1192
55.927677245191056,-4.297787966359194,85.0,55.910543969585106,-4.384534109666136,62,8.204,659
55.927677245191056,-4.297787966359194,85.0,55.799715679086134,-4.188568421733812,63,22.791,1592
55.927677245191056,-4.297787966359194,85.0,55.90005630083831,-4.294022887833187,64,5.14,365
55.927677245191056,-4.297787966359194,85.0,55.82573931186619,-4.210157383495828,65,18.277,1116
55.927677245191056,-4.297787966359194,85.0,55.88010014610652,-4.288014027401103,66,6.746,585
55.927677245191056,-4.297787966359194,85.0,55.8836463272421,-4.377148406451105,67,14.699,1114
55.927677245191056,-4.297787966359194,85.0,55.80511293548626,-4.195982430231648,68,21.2,1376
55.927677245191056,-4.297787966359194,85.0,55.9265186267864,-4.256321117900257,69,4.246,203
55.927677245191056,-4.297787966359194,85.0,55.90353118048908,-4.119171950823842,70,15.672,1061
55.927677245191056,-4.297787966359194,85.0,55.81502357146685,-4.260984914919316,71,17.422,1245
55.927677245191056,-4.297787966359194,85.0,55.894355058439295,-4.293143876300353,72,5.581,407
55.927677245191056,-4.297787966359194,85.0,55.80246488546192,-4.242274834364847,73,18.686,1342
55.927677245191056,-4.297787966359194,85.0,55.887581813102464,-4.2985753032369685,74,6.083,496
55.927677245191056,-4.297787966359194,85.0,55.928290955083554,-4.295962301582311,75,0.492,18
55.927677245191056,-4.297787966359194,85.0,55.81096058143004,-4.368797105646974,76,21.357,1285
55.927677245191056,-4.297787966359194,85.0,55.84818750128869,-4.3631808239548375,77,14.402,1016
55.927677245191056,-4.297787966359194,85.0,55.81610352786554,-4.330910795148831,78,17.696,1035
55.927677245191056,-4.297787966359194,85.0,55.807034270653475,-4.136077366584948,79,21.984,1485
55.927677245191056,-4.297787966359194,85.0,55.86778114631985,-4.233612892312959,80,10.356,687
55.927677245191056,-4.297787966359194,85.0,55.79578956690847,-4.368290459919509,81,26.441,2480
55.927677245191056,-4.297787966359194,85.0,55.897877306124535,-4.077031107370425,82,18.795,1612
55.927677245191056,-4.297787966359194,85.0,55.80721289582252,-4.242612882195534,83,17.909,1293
55.927677245191056,-4.297787966359194,85.0,55.92209393969709,-4.157940141970138,84,12.458,678
55.927677245191056,-4.297787966359194,85.0,55.79188265083702,-4.28147512844989,85,22.701,1342
55.927677245191056,-4.297787966359194,85.0,55.88043814367632,-4.104360473798184,86,19.283,1035
55.927677245191056,-4.297787966359194,85.0,55.90345994988174,-4.293652184560058,87,5.495,314
55.927677245191056,-4.297787966359194,85.0,55.91230525016259,-4.108196424937476,88,16.696,970
55.927677245191056,-4.297787966359194,85.0,55.90569137930351,-4.3852429216612405,89,9.14,735
55.927677245191056,-4.297787966359194,85.0,55.824402119970216,-4.298242138123909,90,16.163,1042
55.927677245191056,-4.297787966359194,85.0,55.887104625653905,-4.201059285828647,91,11.096,780
55.927677245191056,-4.297787966359194,85.0,55.92006797200308,-4.195257422106852,92,7.846,421
55.927677245191056,-4.297787966359194,85.0,55.7944551107823,-4.1683749063061635,93,22.939,1868
55.927677245191056,-4.297787966359194,85.0,55.88003873447475,-4.304350182381346,94,7.22,605
55.927677245191056,-4.297787966359194,85.0,55.88308048053683,-4.2942103285768285,95,6.764,601
55.927677245191056,-4.297787966359194,85.0,55.80779271908626,-4.3234306371549245,96,18.967,1167
55.927677245191056,-4.297787966359194,85.0,55.90123467399992,-4.380968632189907,97,11.918,1003
55.927677245191056,-4.297787966359194,85.0,55.88049231589054,-4.293733205570284,98,7.58,615
55.927677245191056,-4.297787966359194,85.0,55.84697147961761,-4.334108806216461,99,11.517,942
55.927677245191056,-4.297787966359194,85.0,55.83067141211495,-4.195633651932574,100,17.56,1113
55.927677245191056,-4.297787966359194,85.0,55.89350845984679,-4.099445363541155,101,16.819,977
55.927677245191056,-4.297787966359194,85.0,55.92592408664018,-4.179171340754611,102,10.017,565
55.927677245191056,-4.297787966359194,85.0,55.84941827409408,-4.169566750359822,103,15.133,1117
55.927677245191056,-4.297787966359194,85.0,55.92413375575165,-4.226670311636797,104,9.619,1231
55.927677245191056,-4.297787966359194,85.0,55.88995713457192,-4.285031242761631,105,5.739,409
55.927677245191056,-4.297787966359194,85.0,55.90528066541109,-4.131569818675147,106,13.034,698
55.927677245191056,-4.297787966359194,85.0,55.87850608392288,-4.103517886631066,107,19.614,1068
55.927677245191056,-4.297787966359194,85.0,55.80799405798939,-4.284953473560454,108,17.466,1297
55.927677245191056,-4.297787966359194,85.0,55.906815669822045,-4.385279074380807,109,8.921,689
55.927677245191056,-4.297787966359194,85.0,55.916237634416454,-4.222407816066865,110,7.528,401
55.927677245191056,-4.297787966359194,85.0,55.915798955837815,-4.088621086891774,111,17.414,1005
55.927677245191056,-4.297787966359194,85.0,55.827538479175395,-4.350653065976025,112,18.04,1125
55.927677245191056,-4.297787966359194,85.0,55.799515288981674,-4.0866627646338864,113,31.075,1507
55.927677245191056,-4.297787966359194,85.0,55.831024245961984,-4.244756518165482,114,15.026,1017
55.927677245191056,-4.297787966359194,85.0,55.86754360554833,-4.2143078261423845,115,11.696,802
55.927677245191056,-4.297787966359194,85.0,55.8574985965699,-4.1521224561179935,116,16.98,1019
55.927677245191056,-4.297787966359194,85.0,55.88095643501817,-4.32811659177277,117,6.478,560
55.927677245191056,-4.297787966359194,85.0,55.85240433608213,-4.177570445500026,118,14.418,989
55.927677245191056,-4.297787966359194,85.0,55.91169549549074,-4.359708873069638,119,5.716,515
55.927677245191056,-4.297787966359194,85.0,55.92640787519779,-4.300990956079843,120,0.323,44
55.927677245191056,-4.297787966359194,85.0,55.84019197366069,-4.205566157974415,121,14.836,1166
55.927677245191056,-4.297787966359194,85.0,55.866619942939494,-4.268153778778456,122,9.697,796
55.927677245191056,-4.297787966359194,85.0,55.81327411986783,-4.2587495402872255,123,17.401,1255
55.927677245191056,-4.297787966359194,85.0,55.86022660117776,-4.154711133590585,124,16.197,946
55.927677245191056,-4.297787966359194,85.0,55.831522729053496,-4.370420634377527,125,14.243,1186
55.927677245191056,-4.297787966359194,85.0,55.84074346341779,-4.172411658039648,126,16.417,1179
55.927677245191056,-4.297787966359194,85.0,55.8801412435821,-4.258666277618953,127,7.23,424
55.927677245191056,-4.297787966359194,85.0,55.8434159429892,-4.1056733307349536,128,24.353,1244
55.927677245191056,-4.297787966359194,85.0,55.83522057783537,-4.25736952395694,129,13.609,1023
55.927677245191056,-4.297787966359194,85.0,55.86467774065618,-4.2250953414252415,130,10.48,639
55.927677245191056,-4.297787966359194,85.0,55.8953662249987,-4.231143624453162,131,8.89,533
55.927677245191056,-4.297787966359194,85.0,55.81920459649808,-4.236238450921302,132,17.129,1167
55.927677245191056,-4.297787966359194,85.0,55.900795402502105,-4.206009410292495,133,9.45,657
55.927677245191056,-4.297787966359194,85.0,55.86078490474355,-4.339631469507248,134,9.73,871
55.927677245191056,-4.297787966359194,85.0,55.924999437053955,-4.191173279124663,135,8.097,431
55.927677245191056,-4.297787966359194,85.0,55.81549096669224,-4.126910343137958,136,29.415,1531
55.927677245191056,-4.297787966359194,85.0,55.90135585493081,-4.207622057499793,137,9.339,620
55.927677245191056,-4.297787966359194,85.0,55.845816555475636,-4.129576488296543,138,20.17,1187
55.927677245191056,-4.297787966359194,85.0,55.80470047644827,-4.291960781118721,139,17.493,1275
55.927677245191056,-4.297787966359194,85.0,55.89185394491289,-4.179857587296262,140,14.195,770
55.927677245191056,-4.297787966359194,85.0,55.91859399996558,-4.3401659608951215,141,3.084,260
55.927677245191056,-4.297787966359194,85.0,55.90671476836246,-4.3642865107142725,142,5.803,487
55.927677245191056,-4.297787966359194,85.0,55.81273399651921,-4.167613047894911,143,20.033,1295
55.927677245191056,-4.297787966359194,85.0,55.80939871413575,-4.276056954355674,144,17.374,1261
55.927677245191056,-4.297787966359194,85.0,55.88312869327199,-4.214542892826467,145,9.273,728
55.927677245191056,-4.297787966359194,85.0,55.815340374954424,-4.283514492524949,146,16.368,1146
55.927677245191056,-4.297787966359194,85.0,55.87864379034378,-4.080636908866371,147,24.513,1102
55.927677245191056,-4.297787966359194,85.0,55.89423440492952,-4.2418874418647645,148,6.766,444
55.927677245191056,-4.297787966359194,85.0,55.92796852989922,-4.305970400193036,149,0.451,67
55.927677245191056,-4.297787966359194,85.0,55.92895153496988,-4.082888064137351,150,15.982,937
55.927677245191056,-4.297787966359194,85.0,55.790766759429424,-4.135285962371055,151,25.364,1509
55.927677245191056,-4.297787966359194,85.0,55.80808041573422,-4.184105792933229,152,20.994,1307
55.927677245191056,-4.297787966359194,85.0,55.7982747224006,-4.3931924101572655,153,22.165,1380
55.927677245191056,-4.297787966359194,85.0,55.81178474630603,-4.337962602706185,154,18.763,1141
55.927677245191056,-4.297787966359194,85.0,55.852972007756,-4.353957895039277,155,11.051,971
55.927677245191056,-4.297787966359194,85.0,55.797152036890715,-4.311451416173846,156,20.735,1215
55.927677245191056,-4.297787966359194,85.0,55.84839482833289,-4.1889265673730645,157,14.162,1007
55.927677245191056,-4.297787966359194,85.0,55.86383954752864,-4.387927326091926,158,17.038,1043
55.927677245191056,-4.297787966359194,85.0,55.807182357875575,-4.140487806234959,159,21.661,1460
55.927677245191056,-4.297787966359194,85.0,55.8296607577131,-4.218765551358871,160,16.446,1173
55.927677245191056,-4.297787966359194,85.0,55.82699494590622,-4.295404959002084,161,16.199,1019
55.927677245191056,-4.297787966359194,85.0,55.861248665443505,-4.307186036515638,162,9.871,843
55.927677245191056,-4.297787966359194,85.0,55.897857165570365,-4.156645648865112,163,15.732,822
55.927677245191056,-4.297787966359194,85.0,55.877747555317356,-4.342792329217214,164,8.035,767
55.927677245191056,-4.297787966359194,85.0,55.92259641850896,-4.389236283866068,165,7.083,464
55.927677245191056,-4.297787966359194,85.0,55.92621339590465,-4.2820478996479165,166,1.292,55
55.927677245191056,-4.297787966359194,85.0,55.80660612206145,-4.094012410496262,167,28.4,1532
55.927677245191056,-4.297787966359194,85.0,55.84605439624201,-4.09192094471571,168,20.497,951
55.927677245191056,-4.297787966359194,85.0,55.83961965364386,-4.1201104741133365,169,23.704,1142
55.927677245191056,-4.297787966359194,85.0,55.85030951683019,-4.217608837338132,170,12.912,923
55.927677245191056,-4.297787966359194,85.0,55.85971342373431,-4.246748195156407,171,10.849,737
55.927677245191056,-4.297787966359194,85.0,55.815747728441636,-4.150792968910081,172,20.531,1357
55.927677245191056,-4.297787966359194,85.0,55.80041195127493,-4.3806303679601495,173,21.581,1332
55.927677245191056,-4.297787966359194,85.0,55.85487415463933,-4.092829020720908,174,20.307,952
55.927677245191056,-4.297787966359194,85.0,55.80456076444065,-4.203157873727267,175,21.219,1377
55.927677245191056,-4.297787966359194,85.0,55.84723005082115,-4.330151260440624,176,11.707,923
55.927677245191056,-4.297787966359194,85.0,55.88775631668876,-4.123428423568879,177,15.406,845
55.927677245191056,-4.297787966359194,85.0,55.82857385936083,-4.129579652409029,178,29.022,1510
55.927677245191056,-4.297787966359194,85.0,55.879865395443076,-4.36272007519476,179,8.582,805
55.927677245191056,-4.297787966359194,85.0,55.87973669437185,-4.215636550296907,180,10.188,752
55.927677245191056,-4.297787966359194,85.0,55.8162521393249,-4.1868605517933455,181,19.413,1267
55.927677245191056,-4.297787966359194,85.0,55.80755514535402,-4.201625161718038,182,20.972,1344
55.927677245191056,-4.297787966359194,85.0,55.85565398843102,-4.250533808562208,183,11.663,892
55.927677245191056,-4.297787966359194,85.0,55.929636326069506,-4.381100658166308,184,6.145,424
55.927677245191056,-4.297787966359194,85.0,55.879581066995904,-4.21986165885879,185,9.211,692
55.927677245191056,-4.297787966359194,85.0,55.92647877645629,-4.127886630011083,186,14.262,887
55.927677245191056,-4.297787966359194,85.0,55.82282427264178,-4.371094162561755,187,19.23,1219
55.927677245191056,-4.297787966359194,85.0,55.90291353127043,-4.3414180899754955,188,6.931,584
55.927677245191056,-4.297787966359194,85.0,55.78437024600116,-4.156926419796477,189,24.708,1524
55.927677245191056,-4.297787966359194,85.0,55.8321542449311,-4.1561720476648265,190,26.601,1286
55.927677245191056,-4.297787966359194,85.0,55.88310705812362,-4.084862107847263,191,24.561,1114
55.927677245191056,-4.297787966359194,85.0,55.85616333886266,-4.110333739241922,192,19.108,996
55.927677245191056,-4.297787966359194,85.0,55.90185178498145,-4.152652007721208,193,14.076,1121
55.927677245191056,-4.297787966359194,85.0,55.8837118458465,-4.182392741162416,194,17.681,1862
55.927677245191056,-4.297787966359194,85.0,55.83086049774818,-4.312434105301623,195,17.133,1123
55.927677245191056,-4.297787966359194,85.0,55.821849459706755,-4.176208567338996,196,19.161,1231
55.927677245191056,-4.297787966359194,85.0,55.88009750494633,-4.255964552703097,197,7.126,418
55.927677245191056,-4.297787966359194,85.0,55.87413911675089,-4.369807111055967,198,13.04,933
55.927677245191056,-4.297787966359194,85.0,55.86354071984154,-4.093406384811447,199,19.724,1050
55.88242539533387,-4.123653467857099,86.0,55.8391698042901,-4.214478482526657,0,16.099,826
55.88242539533387,-4.123653467857099,86.0,55.86553667472969,-4.350500876963486,1,21.331,1059
55.88242539533387,-4.123653467857099,86.0,55.912892829643965,-4.286410947894997,2,17.717,2019
55.88242539533387,-4.123653467857099,86.0,55.84854019346565,-4.391697428307927,3,20.762,1281
55.88242539533387,-4.123653467857099,86.0,55.79232875093524,-4.310455024670266,4,23.253,1259
55.88242539533387,-4.123653467857099,86.0,55.837143362020576,-4.120043492886959,5,14.329,645
55.88242539533387,-4.123653467857099,86.0,55.84185129809378,-4.283879851305767,6,17.933,1010
55.88242539533387,-4.123653467857099,86.0,55.90609664927746,-4.311383718964596,7,16.401,1128
55.88242539533387,-4.123653467857099,86.0,55.7832172019226,-4.31249791159531,8,24.841,1317
55.88242539533387,-4.123653467857099,86.0,55.8177258987159,-4.260489243356555,9,20.256,1041
55.88242539533387,-4.123653467857099,86.0,55.903262790870684,-4.212111703691823,10,10.954,908
55.88242539533387,-4.123653467857099,86.0,55.893978813107424,-4.1413270988368325,11,6.128,593
55.88242539533387,-4.123653467857099,86.0,55.894884622950286,-4.154349650804189,12,9.426,559
55.88242539533387,-4.123653467857099,86.0,55.80680963785043,-4.263605759417426,13,22.694,1308
55.88242539533387,-4.123653467857099,86.0,55.81824312166051,-4.346878846315483,14,20.416,1173
55.88242539533387,-4.123653467857099,86.0,55.84742656229786,-4.269221405976544,15,14.409,897
55.88242539533387,-4.123653467857099,86.0,55.80730424868546,-4.315177272898423,16,20.122,1158
55.88242539533387,-4.123653467857099,86.0,55.83798278877758,-4.260604018644594,17,18.777,942
55.88242539533387,-4.123653467857099,86.0,55.89424631095569,-4.343398240721316,18,16.262,1108
55.88242539533387,-4.123653467857099,86.0,55.83908093533876,-4.223069302141199,19,10.404,916
55.88242539533387,-4.123653467857099,86.0,55.8357731433788,-4.270556349194068,20,15.213,908
55.88242539533387,-4.123653467857099,86.0,55.90309627527835,-4.360750370095284,21,18.295,1343
55.88242539533387,-4.123653467857099,86.0,55.85652103589449,-4.101365743428073,22,4.853,337
55.88242539533387,-4.123653467857099,86.0,55.783736419963375,-4.235306054793451,23,21.167,1218
55.88242539533387,-4.123653467857099,86.0,55.92064824587275,-4.2358362157531895,24,17.43,1027
55.88242539533387,-4.123653467857099,86.0,55.907674892744176,-4.2497703459088045,25,14.067,2053
55.88242539533387,-4.123653467857099,86.0,55.919604340921964,-4.226208116301384,26,16.164,962
55.88242539533387,-4.123653467857099,86.0,55.83219148710444,-4.304581930326681,27,19.294,1200
55.88242539533387,-4.123653467857099,86.0,55.79569701419853,-4.1769099124482585,28,17.342,974
55.88242539533387,-4.123653467857099,86.0,55.81260197667657,-4.197841211154324,29,17.964,961
55.88242539533387,-4.123653467857099,86.0,55.826092940761974,-4.176919409292903,30,14.247,787
55.88242539533387,-4.123653467857099,86.0,55.828413149208096,-4.109650878166438,31,11.799,682
55.88242539533387,-4.123653467857099,86.0,55.8999241737755,-4.257993823533507,32,14.166,998
55.88242539533387,-4.123653467857099,86.0,55.892514250678616,-4.340118142906542,33,16.291,1119
55.88242539533387,-4.123653467857099,86.0,55.855241629670886,-4.269936069312288,34,12.253,638
55.88242539533387,-4.123653467857099,86.0,55.877364911629314,-4.109701193625618,35,1.7,118
55.88242539533387,-4.123653467857099,86.0,55.887053111734645,-4.1280531391159245,36,8.345,573
55.88242539533387,-4.123653467857099,86.0,55.89108676863447,-4.105446803942431,37,6.215,598
55.88242539533387,-4.123653467857099,86.0,55.842635153466425,-4.334387903339716,38,17.199,987
55.88242539533387,-4.123653467857099,86.0,55.89197542936556,-4.19614108945253,39,8.738,632
55.88242539533387,-4.123653467857099,86.0,55.825849135803445,-4.321179033230789,40,17.472,1100
55.88242539533387,-4.123653467857099,86.0,55.81864602215581,-4.375055705699034,41,21.445,1182
55.88242539533387,-4.123653467857099,86.0,55.92613065482397,-4.212698358862173,42,15.538,957
55.88242539533387,-4.123653467857099,86.0,55.874439929608144,-4.279689658904073,43,12.094,759
55.88242539533387,-4.123653467857099,86.0,55.81998166828728,-4.245455535821837,44,19.736,946
55.88242539533387,-4.123653467857099,86.0,55.91066980601156,-4.213502644426629,45,16.52,1012
55.88242539533387,-4.123653467857099,86.0,55.8404807486866,-4.356656090229781,46,20.851,1255
55.88242539533387,-4.123653467857099,86.0,55.88708229912325,-4.079055837843032,47,4.544,255
55.88242539533387,-4.123653467857099,86.0,55.84510555179576,-4.178720975321847,48,7.821,706
55.88242539533387,-4.123653467857099,86.0,55.84413340760586,-4.085244529493477,49,9.305,882
55.88242539533387,-4.123653467857099,86.0,55.83324217210475,-4.157183908594519,50,12.344,635
55.88242539533387,-4.123653467857099,86.0,55.895753278756494,-4.323131413571223,51,16.033,1181
55.88242539533387,-4.123653467857099,86.0,55.88609925330935,-4.38354364327563,52,22.364,1128
55.88242539533387,-4.123653467857099,86.0,55.86596770908397,-4.338853955125049,53,19.147,1008
55.88242539533387,-4.123653467857099,86.0,55.819381988004544,-4.256567679373081,54,21.165,1096
55.88242539533387,-4.123653467857099,86.0,55.919398785577634,-4.298102785445152,55,17.993,1698
55.88242539533387,-4.123653467857099,86.0,55.81052481551728,-4.0780884232687225,56,13.955,1833
55.88242539533387,-4.123653467857099,86.0,55.8411814367945,-4.125490362928665,57,6.922,576
55.88242539533387,-4.123653467857099,86.0,55.844855881791794,-4.151320272286683,58,7.223,640
55.88242539533387,-4.123653467857099,86.0,55.79334532620707,-4.3052187624925375,59,23.584,1266
55.88242539533387,-4.123653467857099,86.0,55.78499644933002,-4.082518262203789,60,16.488,756
55.88242539533387,-4.123653467857099,86.0,55.86482365717543,-4.074666870071637,61,5.723,445
55.88242539533387,-4.123653467857099,86.0,55.910543969585106,-4.384534109666136,62,20.122,1408
55.88242539533387,-4.123653467857099,86.0,55.799715679086134,-4.188568421733812,63,17.67,1165
55.88242539533387,-4.123653467857099,86.0,55.90005630083831,-4.294022887833187,64,15.473,1081
55.88242539533387,-4.123653467857099,86.0,55.82573931186619,-4.210157383495828,65,16.021,775
55.88242539533387,-4.123653467857099,86.0,55.88010014610652,-4.288014027401103,66,14.194,1050
55.88242539533387,-4.123653467857099,86.0,55.8836463272421,-4.377148406451105,67,22.134,1205
55.88242539533387,-4.123653467857099,86.0,55.80511293548626,-4.195982430231648,68,18.944,1035
55.88242539533387,-4.123653467857099,86.0,55.9265186267864,-4.256321117900257,69,19.656,1157
55.88242539533387,-4.123653467857099,86.0,55.90353118048908,-4.119171950823842,70,6.817,659
55.88242539533387,-4.123653467857099,86.0,55.81502357146685,-4.260984914919316,71,20.613,1075
55.88242539533387,-4.123653467857099,86.0,55.894355058439295,-4.293143876300353,72,14.763,1029
55.88242539533387,-4.123653467857099,86.0,55.80246488546192,-4.242274834364847,73,21.877,1172
55.88242539533387,-4.123653467857099,86.0,55.887581813102464,-4.2985753032369685,74,14.375,1025
55.88242539533387,-4.123653467857099,86.0,55.928290955083554,-4.295962301582311,75,21.283,1191
55.88242539533387,-4.123653467857099,86.0,55.81096058143004,-4.368797105646974,76,23.102,1264
55.88242539533387,-4.123653467857099,86.0,55.84818750128869,-4.3631808239548375,77,21.837,1107
55.88242539533387,-4.123653467857099,86.0,55.81610352786554,-4.330910795148831,78,19.441,1014
55.88242539533387,-4.123653467857099,86.0,55.807034270653475,-4.136077366584948,79,16.368,923
55.88242539533387,-4.123653467857099,86.0,55.86778114631985,-4.233612892312959,80,9.224,623
55.88242539533387,-4.123653467857099,86.0,55.79578956690847,-4.368290459919509,81,28.186,2459
55.88242539533387,-4.123653467857099,86.0,55.897877306124535,-4.077031107370425,82,6.204,937
55.88242539533387,-4.123653467857099,86.0,55.80721289582252,-4.242612882195534,83,21.1,1123
55.88242539533387,-4.123653467857099,86.0,55.92209393969709,-4.157940141970138,84,10.78,676
55.88242539533387,-4.123653467857099,86.0,55.79188265083702,-4.28147512844989,85,24.446,1321
55.88242539533387,-4.123653467857099,86.0,55.88043814367632,-4.104360473798184,86,1.512,78
55.88242539533387,-4.123653467857099,86.0,55.90345994988174,-4.293652184560058,87,17.19,1154
55.88242539533387,-4.123653467857099,86.0,55.91230525016259,-4.108196424937476,88,7.611,568
55.88242539533387,-4.123653467857099,86.0,55.90569137930351,-4.3852429216612405,89,20.157,1431
55.88242539533387,-4.123653467857099,86.0,55.824402119970216,-4.298242138123909,90,17.908,1021
55.88242539533387,-4.123653467857099,86.0,55.887104625653905,-4.201059285828647,91,8.512,707
55.88242539533387,-4.123653467857099,86.0,55.92006797200308,-4.195257422106852,92,13.543,775
55.88242539533387,-4.123653467857099,86.0,55.7944551107823,-4.1683749063061635,93,17.472,1409
55.88242539533387,-4.123653467857099,86.0,55.88003873447475,-4.304350182381346,94,13.708,932
55.88242539533387,-4.123653467857099,86.0,55.88308048053683,-4.2942103285768285,95,13.308,907
55.88242539533387,-4.123653467857099,86.0,55.80779271908626,-4.3234306371549245,96,20.712,1146
55.88242539533387,-4.123653467857099,86.0,55.90123467399992,-4.380968632189907,97,23.31,1607
55.88242539533387,-4.123653467857099,86.0,55.88049231589054,-4.293733205570284,98,13.21,897
55.88242539533387,-4.123653467857099,86.0,55.84697147961761,-4.334108806216461,99,17.313,1020
55.88242539533387,-4.123653467857099,86.0,55.83067141211495,-4.195633651932574,100,15.265,789
55.88242539533387,-4.123653467857099,86.0,55.89350845984679,-4.099445363541155,101,5.282,369
55.88242539533387,-4.123653467857099,86.0,55.92592408664018,-4.179171340754611,102,12.814,813
55.88242539533387,-4.123653467857099,86.0,55.84941827409408,-4.169566750359822,103,6.392,586
55.88242539533387,-4.123653467857099,86.0,55.92413375575165,-4.226670311636797,104,16.753,1700
55.88242539533387,-4.123653467857099,86.0,55.88995713457192,-4.285031242761631,105,13.703,931
55.88242539533387,-4.123653467857099,86.0,55.90528066541109,-4.131569818675147,106,9.152,577
55.88242539533387,-4.123653467857099,86.0,55.87850608392288,-4.103517886631066,107,1.843,111
55.88242539533387,-4.123653467857099,86.0,55.80799405798939,-4.284953473560454,108,19.211,1276
55.88242539533387,-4.123653467857099,86.0,55.906815669822045,-4.385279074380807,109,19.468,1346
55.88242539533387,-4.123653467857099,86.0,55.916237634416454,-4.222407816066865,110,16.079,950
55.88242539533387,-4.123653467857099,86.0,55.915798955837815,-4.088621086891774,111,9.149,521
55.88242539533387,-4.123653467857099,86.0,55.827538479175395,-4.350653065976025,112,19.785,1104
55.88242539533387,-4.123653467857099,86.0,55.799515288981674,-4.0866627646338864,113,16.858,869
55.88242539533387,-4.123653467857099,86.0,55.831024245961984,-4.244756518165482,114,18.217,847
55.88242539533387,-4.123653467857099,86.0,55.86754360554833,-4.2143078261423845,115,7.897,609
55.88242539533387,-4.123653467857099,86.0,55.8574985965699,-4.1521224561179935,116,5.004,425
55.88242539533387,-4.123653467857099,86.0,55.88095643501817,-4.32811659177277,117,16.927,989
55.88242539533387,-4.123653467857099,86.0,55.85240433608213,-4.177570445500026,118,6.67,601
55.88242539533387,-4.123653467857099,86.0,55.91169549549074,-4.359708873069638,119,19.859,1411
55.88242539533387,-4.123653467857099,86.0,55.92640787519779,-4.300990956079843,120,21.731,1240
55.88242539533387,-4.123653467857099,86.0,55.84019197366069,-4.205566157974415,121,16.585,941
55.88242539533387,-4.123653467857099,86.0,55.866619942939494,-4.268153778778456,122,11.171,740
55.88242539533387,-4.123653467857099,86.0,55.81327411986783,-4.2587495402872255,123,20.592,1085
55.88242539533387,-4.123653467857099,86.0,55.86022660117776,-4.154711133590585,124,4.221,352
55.88242539533387,-4.123653467857099,86.0,55.831522729053496,-4.370420634377527,125,21.839,1275
55.88242539533387,-4.123653467857099,86.0,55.84074346341779,-4.172411658039648,126,7.543,667
55.88242539533387,-4.123653467857099,86.0,55.8801412435821,-4.258666277618953,127,11.447,755
55.88242539533387,-4.123653467857099,86.0,55.8434159429892,-4.1056733307349536,128,10.136,607
55.88242539533387,-4.123653467857099,86.0,55.83522057783537,-4.25736952395694,129,18.751,944
55.88242539533387,-4.123653467857099,86.0,55.86467774065618,-4.2250953414252415,130,9.117,527
55.88242539533387,-4.123653467857099,86.0,55.8953662249987,-4.231143624453162,131,12.341,820
55.88242539533387,-4.123653467857099,86.0,55.81920459649808,-4.236238450921302,132,20.32,997
55.88242539533387,-4.123653467857099,86.0,55.900795402502105,-4.206009410292495,133,10.139,799
55.88242539533387,-4.123653467857099,86.0,55.86078490474355,-4.339631469507248,134,19.682,1103
55.88242539533387,-4.123653467857099,86.0,55.924999437053955,-4.191173279124663,135,13.292,765
55.88242539533387,-4.123653467857099,86.0,55.81549096669224,-4.126910343137958,136,15.198,894
55.88242539533387,-4.123653467857099,86.0,55.90135585493081,-4.207622057499793,137,10.138,776
55.88242539533387,-4.123653467857099,86.0,55.845816555475636,-4.129576488296543,138,5.77,495
55.88242539533387,-4.123653467857099,86.0,55.80470047644827,-4.291960781118721,139,19.238,1254
55.88242539533387,-4.123653467857099,86.0,55.89185394491289,-4.179857587296262,140,9.342,575
55.88242539533387,-4.123653467857099,86.0,55.91859399996558,-4.3401659608951215,141,18.725,1261
55.88242539533387,-4.123653467857099,86.0,55.90671476836246,-4.3642865107142725,142,19.946,1383
55.88242539533387,-4.123653467857099,86.0,55.81273399651921,-4.167613047894911,143,14.801,776
55.88242539533387,-4.123653467857099,86.0,55.80939871413575,-4.276056954355674,144,21.768,1200
55.88242539533387,-4.123653467857099,86.0,55.88312869327199,-4.214542892826467,145,8.139,677
55.88242539533387,-4.123653467857099,86.0,55.815340374954424,-4.283514492524949,146,18.113,1125
55.88242539533387,-4.123653467857099,86.0,55.87864379034378,-4.080636908866371,147,5.524,290
55.88242539533387,-4.123653467857099,86.0,55.89423440492952,-4.2418874418647645,148,12.904,903
55.88242539533387,-4.123653467857099,86.0,55.92796852989922,-4.305970400193036,149,21.859,1263
55.88242539533387,-4.123653467857099,86.0,55.92895153496988,-4.082888064137351,150,10.107,529
55.88242539533387,-4.123653467857099,86.0,55.790766759429424,-4.135285962371055,151,18.496,979
55.88242539533387,-4.123653467857099,86.0,55.80808041573422,-4.184105792933229,152,16.28,892
55.88242539533387,-4.123653467857099,86.0,55.7982747224006,-4.3931924101572655,153,23.91,1359
55.88242539533387,-4.123653467857099,86.0,55.81178474630603,-4.337962602706185,154,20.508,1119
55.88242539533387,-4.123653467857099,86.0,55.852972007756,-4.353957895039277,155,18.881,1106
55.88242539533387,-4.123653467857099,86.0,55.797152036890715,-4.311451416173846,156,22.48,1193
55.88242539533387,-4.123653467857099,86.0,55.84839482833289,-4.1889265673730645,157,8.582,742
55.88242539533387,-4.123653467857099,86.0,55.86383954752864,-4.387927326091926,158,24.473,1134
55.88242539533387,-4.123653467857099,86.0,55.807182357875575,-4.140487806234959,159,16.045,898
55.88242539533387,-4.123653467857099,86.0,55.8296607577131,-4.218765551358871,160,16.362,867
55.88242539533387,-4.123653467857099,86.0,55.82699494590622,-4.295404959002084,161,17.944,997
55.88242539533387,-4.123653467857099,86.0,55.861248665443505,-4.307186036515638,162,17.584,1032
55.88242539533387,-4.123653467857099,86.0,55.897857165570365,-4.156645648865112,163,10.818,612
55.88242539533387,-4.123653467857099,86.0,55.877747555317356,-4.342792329217214,164,17.525,1095
55.88242539533387,-4.123653467857099,86.0,55.92259641850896,-4.389236283866068,165,22.724,1467
55.88242539533387,-4.123653467857099,86.0,55.92621339590465,-4.2820478996479165,166,17.315,1061
55.88242539533387,-4.123653467857099,86.0,55.80660612206145,-4.094012410496262,167,13.54,898
55.88242539533387,-4.123653467857099,86.0,55.84605439624201,-4.09192094471571,168,6.28,314
55.88242539533387,-4.123653467857099,86.0,55.83961965364386,-4.1201104741133365,169,9.487,505
55.88242539533387,-4.123653467857099,86.0,55.85030951683019,-4.217608837338132,170,9.152,786
55.88242539533387,-4.123653467857099,86.0,55.85971342373431,-4.246748195156407,171,9.83,674
55.88242539533387,-4.123653467857099,86.0,55.815747728441636,-4.150792968910081,172,14.915,794
55.88242539533387,-4.123653467857099,86.0,55.80041195127493,-4.3806303679601495,173,23.326,1311
55.88242539533387,-4.123653467857099,86.0,55.85487415463933,-4.092829020720908,174,7.189,347
55.88242539533387,-4.123653467857099,86.0,55.80456076444065,-4.203157873727267,175,18.963,1037
55.88242539533387,-4.123653467857099,86.0,55.84723005082115,-4.330151260440624,176,16.834,964
55.88242539533387,-4.123653467857099,86.0,55.88775631668876,-4.123428423568879,177,8.48,579
55.88242539533387,-4.123653467857099,86.0,55.82857385936083,-4.129579652409029,178,14.805,873
55.88242539533387,-4.123653467857099,86.0,55.879865395443076,-4.36272007519476,179,18.433,1121
55.88242539533387,-4.123653467857099,86.0,55.87973669437185,-4.215636550296907,180,8.855,774
55.88242539533387,-4.123653467857099,86.0,55.8162521393249,-4.1868605517933455,181,15.388,890
55.88242539533387,-4.123653467857099,86.0,55.80755514535402,-4.201625161718038,182,18.716,1004
55.88242539533387,-4.123653467857099,86.0,55.85565398843102,-4.250533808562208,183,10.644,829
55.88242539533387,-4.123653467857099,86.0,55.929636326069506,-4.381100658166308,184,21.786,1427
55.88242539533387,-4.123653467857099,86.0,55.879581066995904,-4.21986165885879,185,9.04,808
55.88242539533387,-4.123653467857099,86.0,55.92647877645629,-4.127886630011083,186,9.723,714
55.88242539533387,-4.123653467857099,86.0,55.82282427264178,-4.371094162561755,187,20.975,1198
55.88242539533387,-4.123653467857099,86.0,55.90291353127043,-4.3414180899754955,188,17.093,1276
55.88242539533387,-4.123653467857099,86.0,55.78437024600116,-4.156926419796477,189,22.087,1032
55.88242539533387,-4.123653467857099,86.0,55.8321542449311,-4.1561720476648265,190,12.384,648
55.88242539533387,-4.123653467857099,86.0,55.88310705812362,-4.084862107847263,191,11.443,509
55.88242539533387,-4.123653467857099,86.0,55.85616333886266,-4.110333739241922,192,4.891,359
55.88242539533387,-4.123653467857099,86.0,55.90185178498145,-4.152652007721208,193,11.102,1109
55.88242539533387,-4.123653467857099,86.0,55.8837118458465,-4.182392741162416,194,5.954,1361
55.88242539533387,-4.123653467857099,86.0,55.83086049774818,-4.312434105301623,195,18.878,1102
55.88242539533387,-4.123653467857099,86.0,55.821849459706755,-4.176208567338996,196,14.268,733
55.88242539533387,-4.123653467857099,86.0,55.88009750494633,-4.255964552703097,197,11.133,733
55.88242539533387,-4.123653467857099,86.0,55.87413911675089,-4.369807111055967,198,20.475,1024
55.88242539533387,-4.123653467857099,86.0,55.86354071984154,-4.093406384811447,199,6.403,311
55.91599049820302,-4.2191260616955635,87.0,55.8391698042901,-4.214478482526657,0,10.934,982
55.91599049820302,-4.2191260616955635,87.0,55.86553667472969,-4.350500876963486,1,18.903,1079
55.91599049820302,-4.2191260616955635,87.0,55.912892829643965,-4.286410947894997,2,6.417,1318
55.91599049820302,-4.2191260616955635,87.0,55.84854019346565,-4.391697428307927,3,18.334,1300
55.91599049820302,-4.2191260616955635,87.0,55.79232875093524,-4.310455024670266,4,20.825,1279
55.91599049820302,-4.2191260616955635,87.0,55.837143362020576,-4.120043492886959,5,21.41,1160
55.91599049820302,-4.2191260616955635,87.0,55.84185129809378,-4.283879851305767,6,15.505,1029
55.91599049820302,-4.2191260616955635,87.0,55.90609664927746,-4.311383718964596,7,10.349,663
55.91599049820302,-4.2191260616955635,87.0,55.7832172019226,-4.31249791159531,8,22.413,1337
55.91599049820302,-4.2191260616955635,87.0,55.8177258987159,-4.260489243356555,9,12.76,1165
55.91599049820302,-4.2191260616955635,87.0,55.903262790870684,-4.212111703691823,10,2.578,329
55.91599049820302,-4.2191260616955635,87.0,55.893978813107424,-4.1413270988368325,11,9.516,616
55.91599049820302,-4.2191260616955635,87.0,55.894884622950286,-4.154349650804189,12,9.108,485
55.91599049820302,-4.2191260616955635,87.0,55.80680963785043,-4.263605759417426,13,14.601,1425
55.91599049820302,-4.2191260616955635,87.0,55.81824312166051,-4.346878846315483,14,17.988,1193
55.91599049820302,-4.2191260616955635,87.0,55.84742656229786,-4.269221405976544,15,11.981,916
55.91599049820302,-4.2191260616955635,87.0,55.80730424868546,-4.315177272898423,16,17.694,1178
55.91599049820302,-4.2191260616955635,87.0,55.83798278877758,-4.260604018644594,17,10.13,940
55.91599049820302,-4.2191260616955635,87.0,55.89424631095569,-4.343398240721316,18,13.474,927
55.91599049820302,-4.2191260616955635,87.0,55.83908093533876,-4.223069302141199,19,10.381,1008
55.91599049820302,-4.2191260616955635,87.0,55.8357731433788,-4.270556349194068,20,12.785,928
55.91599049820302,-4.2191260616955635,87.0,55.90309627527835,-4.360750370095284,21,13.012,936
55.91599049820302,-4.2191260616955635,87.0,55.85652103589449,-4.101365743428073,22,15.498,942
55.91599049820302,-4.2191260616955635,87.0,55.783736419963375,-4.235306054793451,23,16.82,1456
55.91599049820302,-4.2191260616955635,87.0,55.92064824587275,-4.2358362157531895,24,1.959,192
55.91599049820302,-4.2191260616955635,87.0,55.907674892744176,-4.2497703459088045,25,2.905,1410
55.91599049820302,-4.2191260616955635,87.0,55.919604340921964,-4.226208116301384,26,1.241,145
55.91599049820302,-4.2191260616955635,87.0,55.83219148710444,-4.304581930326681,27,16.866,1220
55.91599049820302,-4.2191260616955635,87.0,55.79569701419853,-4.1769099124482585,28,17.025,1401
55.91599049820302,-4.2191260616955635,87.0,55.81260197667657,-4.197841211154324,29,14.436,1268
55.91599049820302,-4.2191260616955635,87.0,55.826092940761974,-4.176919409292903,30,18.067,1232
55.91599049820302,-4.2191260616955635,87.0,55.828413149208096,-4.109650878166438,31,28.5,1362
55.91599049820302,-4.2191260616955635,87.0,55.8999241737755,-4.257993823533507,32,8.11,528
55.91599049820302,-4.2191260616955635,87.0,55.892514250678616,-4.340118142906542,33,13.503,932
55.91599049820302,-4.2191260616955635,87.0,55.855241629670886,-4.269936069312288,34,9.825,657
55.91599049820302,-4.2191260616955635,87.0,55.877364911629314,-4.109701193625618,35,15.496,975
55.91599049820302,-4.2191260616955635,87.0,55.887053111734645,-4.1280531391159245,36,9.974,597
55.91599049820302,-4.2191260616955635,87.0,55.89108676863447,-4.105446803942431,37,11.707,903
55.91599049820302,-4.2191260616955635,87.0,55.842635153466425,-4.334387903339716,38,14.771,1007
55.91599049820302,-4.2191260616955635,87.0,55.89197542936556,-4.19614108945253,39,5.296,410
55.91599049820302,-4.2191260616955635,87.0,55.825849135803445,-4.321179033230789,40,15.044,1120
55.91599049820302,-4.2191260616955635,87.0,55.81864602215581,-4.375055705699034,41,19.017,1202
55.91599049820302,-4.2191260616955635,87.0,55.92613065482397,-4.212698358862173,42,1.703,201
55.91599049820302,-4.2191260616955635,87.0,55.874439929608144,-4.279689658904073,43,9.666,779
55.91599049820302,-4.2191260616955635,87.0,55.81998166828728,-4.245455535821837,44,12.24,1071
55.91599049820302,-4.2191260616955635,87.0,55.91066980601156,-4.213502644426629,45,1.049,176
55.91599049820302,-4.2191260616955635,87.0,55.8404807486866,-4.356656090229781,46,18.423,1274
55.91599049820302,-4.2191260616955635,87.0,55.88708229912325,-4.079055837843032,47,18.303,836
55.91599049820302,-4.2191260616955635,87.0,55.84510555179576,-4.178720975321847,48,11.842,1051
55.91599049820302,-4.2191260616955635,87.0,55.84413340760586,-4.085244529493477,49,19.997,1475
55.91599049820302,-4.2191260616955635,87.0,55.83324217210475,-4.157183908594519,50,13.964,1199
55.91599049820302,-4.2191260616955635,87.0,55.895753278756494,-4.323131413571223,51,12.638,873
55.91599049820302,-4.2191260616955635,87.0,55.88609925330935,-4.38354364327563,52,19.936,1147
55.91599049820302,-4.2191260616955635,87.0,55.86596770908397,-4.338853955125049,53,16.719,1028
55.91599049820302,-4.2191260616955635,87.0,55.819381988004544,-4.256567679373081,54,12.49,1186
55.91599049820302,-4.2191260616955635,87.0,55.919398785577634,-4.298102785445152,55,6.693,998
55.91599049820302,-4.2191260616955635,87.0,55.81052481551728,-4.0780884232687225,56,31.299,2509
55.91599049820302,-4.2191260616955635,87.0,55.8411814367945,-4.125490362928665,57,26.581,1257
55.91599049820302,-4.2191260616955635,87.0,55.844855881791794,-4.151320272286683,58,13.669,1168
55.91599049820302,-4.2191260616955635,87.0,55.79334532620707,-4.3052187624925375,59,21.156,1285
55.91599049820302,-4.2191260616955635,87.0,55.78499644933002,-4.082518262203789,60,33.189,1435
55.91599049820302,-4.2191260616955635,87.0,55.86482365717543,-4.074666870071637,61,16.433,1142
55.91599049820302,-4.2191260616955635,87.0,55.910543969585106,-4.384534109666136,62,15.444,1071
55.91599049820302,-4.2191260616955635,87.0,55.799715679086134,-4.188568421733812,63,17.007,1559
55.91599049820302,-4.2191260616955635,87.0,55.90005630083831,-4.294022887833187,64,8.265,589
55.91599049820302,-4.2191260616955635,87.0,55.82573931186619,-4.210157383495828,65,12.493,1083
55.91599049820302,-4.2191260616955635,87.0,55.88010014610652,-4.288014027401103,66,10.586,833
55.91599049820302,-4.2191260616955635,87.0,55.8836463272421,-4.377148406451105,67,19.706,1225
55.91599049820302,-4.2191260616955635,87.0,55.80511293548626,-4.195982430231648,68,15.416,1343
55.91599049820302,-4.2191260616955635,87.0,55.9265186267864,-4.256321117900257,69,4.185,321
55.91599049820302,-4.2191260616955635,87.0,55.90353118048908,-4.119171950823842,70,10.375,818
55.91599049820302,-4.2191260616955635,87.0,55.81502357146685,-4.260984914919316,71,13.117,1200
55.91599049820302,-4.2191260616955635,87.0,55.894355058439295,-4.293143876300353,72,9.313,674
55.91599049820302,-4.2191260616955635,87.0,55.80246488546192,-4.242274834364847,73,14.381,1296
55.91599049820302,-4.2191260616955635,87.0,55.887581813102464,-4.2985753032369685,74,9.923,743
55.91599049820302,-4.2191260616955635,87.0,55.928290955083554,-4.295962301582311,75,7.115,413
55.91599049820302,-4.2191260616955635,87.0,55.81096058143004,-4.368797105646974,76,20.674,1284
55.91599049820302,-4.2191260616955635,87.0,55.84818750128869,-4.3631808239548375,77,19.409,1126
55.91599049820302,-4.2191260616955635,87.0,55.81610352786554,-4.330910795148831,78,17.013,1033
55.91599049820302,-4.2191260616955635,87.0,55.807034270653475,-4.136077366584948,79,17.988,1487
55.91599049820302,-4.2191260616955635,87.0,55.86778114631985,-4.233612892312959,80,6.194,552
55.91599049820302,-4.2191260616955635,87.0,55.79578956690847,-4.368290459919509,81,25.758,2478
55.91599049820302,-4.2191260616955635,87.0,55.897877306124535,-4.077031107370425,82,13.498,1369
55.91599049820302,-4.2191260616955635,87.0,55.80721289582252,-4.242612882195534,83,13.604,1248
55.91599049820302,-4.2191260616955635,87.0,55.92209393969709,-4.157940141970138,84,7.161,435
55.91599049820302,-4.2191260616955635,87.0,55.79188265083702,-4.28147512844989,85,22.018,1340
55.91599049820302,-4.2191260616955635,87.0,55.88043814367632,-4.104360473798184,86,14.806,915
55.91599049820302,-4.2191260616955635,87.0,55.90345994988174,-4.293652184560058,87,7.48,510
55.91599049820302,-4.2191260616955635,87.0,55.91230525016259,-4.108196424937476,88,11.399,727
55.91599049820302,-4.2191260616955635,87.0,55.90569137930351,-4.3852429216612405,89,16.38,1146
55.91599049820302,-4.2191260616955635,87.0,55.824402119970216,-4.298242138123909,90,15.48,1041
55.91599049820302,-4.2191260616955635,87.0,55.887104625653905,-4.201059285828647,91,5.037,531
55.91599049820302,-4.2191260616955635,87.0,55.92006797200308,-4.195257422106852,92,2.549,179
55.91599049820302,-4.2191260616955635,87.0,55.7944551107823,-4.1683749063061635,93,17.155,1835
55.91599049820302,-4.2191260616955635,87.0,55.88003873447475,-4.304350182381346,94,12.219,944
55.91599049820302,-4.2191260616955635,87.0,55.88308048053683,-4.2942103285768285,95,10.604,848
55.91599049820302,-4.2191260616955635,87.0,55.80779271908626,-4.3234306371549245,96,18.284,1165
55.91599049820302,-4.2191260616955635,87.0,55.90123467399992,-4.380968632189907,97,19.158,1414
55.91599049820302,-4.2191260616955635,87.0,55.88049231589054,-4.293733205570284,98,11.721,909
55.91599049820302,-4.2191260616955635,87.0,55.84697147961761,-4.334108806216461,99,14.885,1040
55.91599049820302,-4.2191260616955635,87.0,55.83067141211495,-4.195633651932574,100,16.877,1111
55.91599049820302,-4.2191260616955635,87.0,55.89350845984679,-4.099445363541155,101,11.522,734
55.91599049820302,-4.2191260616955635,87.0,55.92592408664018,-4.179171340754611,102,4.72,322
55.91599049820302,-4.2191260616955635,87.0,55.84941827409408,-4.169566750359822,103,11.628,1036
55.91599049820302,-4.2191260616955635,87.0,55.92413375575165,-4.226670311636797,104,2.918,943
55.91599049820302,-4.2191260616955635,87.0,55.88995713457192,-4.285031242761631,105,9.579,656
55.91599049820302,-4.2191260616955635,87.0,55.90528066541109,-4.131569818675147,106,7.737,455
55.91599049820302,-4.2191260616955635,87.0,55.87850608392288,-4.103517886631066,107,15.137,948
55.91599049820302,-4.2191260616955635,87.0,55.80799405798939,-4.284953473560454,108,16.783,1295
55.91599049820302,-4.2191260616955635,87.0,55.906815669822045,-4.385279074380807,109,16.161,1100
55.91599049820302,-4.2191260616955635,87.0,55.916237634416454,-4.222407816066865,110,1.156,133
55.91599049820302,-4.2191260616955635,87.0,55.915798955837815,-4.088621086891774,111,12.117,762
55.91599049820302,-4.2191260616955635,87.0,55.827538479175395,-4.350653065976025,112,17.357,1124
55.91599049820302,-4.2191260616955635,87.0,55.799515288981674,-4.0866627646338864,113,33.559,1548
55.91599049820302,-4.2191260616955635,87.0,55.831024245961984,-4.244756518165482,114,10.841,979
55.91599049820302,-4.2191260616955635,87.0,55.86754360554833,-4.2143078261423845,115,7.435,712
55.91599049820302,-4.2191260616955635,87.0,55.8574985965699,-4.1521224561179935,116,13.408,986
55.91599049820302,-4.2191260616955635,87.0,55.88095643501817,-4.32811659177277,117,13.718,972
55.91599049820302,-4.2191260616955635,87.0,55.85240433608213,-4.177570445500026,118,10.913,908
55.91599049820302,-4.2191260616955635,87.0,55.91169549549074,-4.359708873069638,119,12.956,927
55.91599049820302,-4.2191260616955635,87.0,55.92640787519779,-4.300990956079843,120,7.563,462
55.91599049820302,-4.2191260616955635,87.0,55.84019197366069,-4.205566157974415,121,11.42,1080
55.91599049820302,-4.2191260616955635,87.0,55.866619942939494,-4.268153778778456,122,8.743,760
55.91599049820302,-4.2191260616955635,87.0,55.81327411986783,-4.2587495402872255,123,13.096,1210
55.91599049820302,-4.2191260616955635,87.0,55.86022660117776,-4.154711133590585,124,12.625,913
55.91599049820302,-4.2191260616955635,87.0,55.831522729053496,-4.370420634377527,125,19.411,1294
55.91599049820302,-4.2191260616955635,87.0,55.84074346341779,-4.172411658039648,126,12.912,1098
55.91599049820302,-4.2191260616955635,87.0,55.8801412435821,-4.258666277618953,127,9.215,613
55.91599049820302,-4.2191260616955635,87.0,55.8434159429892,-4.1056733307349536,128,26.837,1286
55.91599049820302,-4.2191260616955635,87.0,55.83522057783537,-4.25736952395694,129,10.104,942
55.91599049820302,-4.2191260616955635,87.0,55.86467774065618,-4.2250953414252415,130,6.975,558
55.91599049820302,-4.2191260616955635,87.0,55.8953662249987,-4.231143624453162,131,2.831,284
55.91599049820302,-4.2191260616955635,87.0,55.81920459649808,-4.236238450921302,132,12.824,1121
55.91599049820302,-4.2191260616955635,87.0,55.900795402502105,-4.206009410292495,133,3.391,408
55.91599049820302,-4.2191260616955635,87.0,55.86078490474355,-4.339631469507248,134,17.254,1123
55.91599049820302,-4.2191260616955635,87.0,55.924999437053955,-4.191173279124663,135,2.8,188
55.91599049820302,-4.2191260616955635,87.0,55.81549096669224,-4.126910343137958,136,31.899,1573
55.91599049820302,-4.2191260616955635,87.0,55.90135585493081,-4.207622057499793,137,3.28,371
55.91599049820302,-4.2191260616955635,87.0,55.845816555475636,-4.129576488296543,138,16.598,1154
55.91599049820302,-4.2191260616955635,87.0,55.80470047644827,-4.291960781118721,139,16.81,1273
55.91599049820302,-4.2191260616955635,87.0,55.89185394491289,-4.179857587296262,140,5.709,456
55.91599049820302,-4.2191260616955635,87.0,55.91859399996558,-4.3401659608951215,141,10.324,672
55.91599049820302,-4.2191260616955635,87.0,55.90671476836246,-4.3642865107142725,142,13.043,899
55.91599049820302,-4.2191260616955635,87.0,55.81273399651921,-4.167613047894911,143,19.35,1294
55.91599049820302,-4.2191260616955635,87.0,55.80939871413575,-4.276056954355674,144,16.691,1259
55.91599049820302,-4.2191260616955635,87.0,55.88312869327199,-4.214542892826467,145,5.86,569
55.91599049820302,-4.2191260616955635,87.0,55.815340374954424,-4.283514492524949,146,15.685,1144
55.91599049820302,-4.2191260616955635,87.0,55.87864379034378,-4.080636908866371,147,19.216,859
55.91599049820302,-4.2191260616955635,87.0,55.89423440492952,-4.2418874418647645,148,3.394,381
55.91599049820302,-4.2191260616955635,87.0,55.92796852989922,-4.305970400193036,149,7.691,485
55.91599049820302,-4.2191260616955635,87.0,55.92895153496988,-4.082888064137351,150,11.281,704
55.91599049820302,-4.2191260616955635,87.0,55.790766759429424,-4.135285962371055,151,19.58,1476
55.91599049820302,-4.2191260616955635,87.0,55.80808041573422,-4.184105792933229,152,15.21,1274
55.91599049820302,-4.2191260616955635,87.0,55.7982747224006,-4.3931924101572655,153,21.482,1378
55.91599049820302,-4.2191260616955635,87.0,55.81178474630603,-4.337962602706185,154,18.08,1139
55.91599049820302,-4.2191260616955635,87.0,55.852972007756,-4.353957895039277,155,16.453,1126
55.91599049820302,-4.2191260616955635,87.0,55.797152036890715,-4.311451416173846,156,20.052,1213
55.91599049820302,-4.2191260616955635,87.0,55.84839482833289,-4.1889265673730645,157,10.657,926
55.91599049820302,-4.2191260616955635,87.0,55.86383954752864,-4.387927326091926,158,22.045,1153
55.91599049820302,-4.2191260616955635,87.0,55.807182357875575,-4.140487806234959,159,17.665,1462
55.91599049820302,-4.2191260616955635,87.0,55.8296607577131,-4.218765551358871,160,11.823,1117
55.91599049820302,-4.2191260616955635,87.0,55.82699494590622,-4.295404959002084,161,15.516,1017
55.91599049820302,-4.2191260616955635,87.0,55.861248665443505,-4.307186036515638,162,15.156,1052
55.91599049820302,-4.2191260616955635,87.0,55.897857165570365,-4.156645648865112,163,7.246,508
55.91599049820302,-4.2191260616955635,87.0,55.877747555317356,-4.342792329217214,164,15.097,1115
55.91599049820302,-4.2191260616955635,87.0,55.92259641850896,-4.389236283866068,165,14.323,876
55.91599049820302,-4.2191260616955635,87.0,55.92621339590465,-4.2820478996479165,166,6.015,361
55.91599049820302,-4.2191260616955635,87.0,55.80660612206145,-4.094012410496262,167,30.884,1574
55.91599049820302,-4.2191260616955635,87.0,55.84605439624201,-4.09192094471571,168,16.925,918
55.91599049820302,-4.2191260616955635,87.0,55.83961965364386,-4.1201104741133365,169,26.188,1184
55.91599049820302,-4.2191260616955635,87.0,55.85030951683019,-4.217608837338132,170,9.407,842
55.91599049820302,-4.2191260616955635,87.0,55.85971342373431,-4.246748195156407,171,7.344,656
55.91599049820302,-4.2191260616955635,87.0,55.815747728441636,-4.150792968910081,172,16.535,1359
55.91599049820302,-4.2191260616955635,87.0,55.80041195127493,-4.3806303679601495,173,20.898,1331
55.91599049820302,-4.2191260616955635,87.0,55.85487415463933,-4.092829020720908,174,16.735,920
55.91599049820302,-4.2191260616955635,87.0,55.80456076444065,-4.203157873727267,175,15.435,1345
55.91599049820302,-4.2191260616955635,87.0,55.84723005082115,-4.330151260440624,176,14.406,984
55.91599049820302,-4.2191260616955635,87.0,55.88775631668876,-4.123428423568879,177,10.109,603
55.91599049820302,-4.2191260616955635,87.0,55.82857385936083,-4.129579652409029,178,31.506,1552
55.91599049820302,-4.2191260616955635,87.0,55.879865395443076,-4.36272007519476,179,16.005,1140
55.91599049820302,-4.2191260616955635,87.0,55.87973669437185,-4.215636550296907,180,6.126,600
55.91599049820302,-4.2191260616955635,87.0,55.8162521393249,-4.1868605517933455,181,14.577,1256
55.91599049820302,-4.2191260616955635,87.0,55.80755514535402,-4.201625161718038,182,15.188,1311
55.91599049820302,-4.2191260616955635,87.0,55.85565398843102,-4.250533808562208,183,8.158,811
55.91599049820302,-4.2191260616955635,87.0,55.929636326069506,-4.381100658166308,184,13.385,835
55.91599049820302,-4.2191260616955635,87.0,55.879581066995904,-4.21986165885879,185,5.224,543
55.91599049820302,-4.2191260616955635,87.0,55.92647877645629,-4.127886630011083,186,8.965,644
55.91599049820302,-4.2191260616955635,87.0,55.82282427264178,-4.371094162561755,187,18.547,1217
55.91599049820302,-4.2191260616955635,87.0,55.90291353127043,-4.3414180899754955,188,14.171,996
55.91599049820302,-4.2191260616955635,87.0,55.78437024600116,-4.156926419796477,189,18.924,1491
55.91599049820302,-4.2191260616955635,87.0,55.8321542449311,-4.1561720476648265,190,14.004,1212
55.91599049820302,-4.2191260616955635,87.0,55.88310705812362,-4.084862107847263,191,26.174,1100
55.91599049820302,-4.2191260616955635,87.0,55.85616333886266,-4.110333739241922,192,15.536,963
55.91599049820302,-4.2191260616955635,87.0,55.90185178498145,-4.152652007721208,193,6.518,844
55.91599049820302,-4.2191260616955635,87.0,55.8837118458465,-4.182392741162416,194,12.384,1619
55.91599049820302,-4.2191260616955635,87.0,55.83086049774818,-4.312434105301623,195,16.45,1122
55.91599049820302,-4.2191260616955635,87.0,55.821849459706755,-4.176208567338996,196,18.478,1229
55.91599049820302,-4.2191260616955635,87.0,55.88009750494633,-4.255964552703097,197,9.111,608
55.91599049820302,-4.2191260616955635,87.0,55.87413911675089,-4.369807111055967,198,18.047,1044
55.91599049820302,-4.2191260616955635,87.0,55.86354071984154,-4.093406384811447,199,17.113,1007
55.7932927133057,-4.333966054444984,88.0,55.8391698042901,-4.214478482526657,0,17.334,959
55.7932927133057,-4.333966054444984,88.0,55.86553667472969,-4.350500876963486,1,14.703,876
55.7932927133057,-4.333966054444984,88.0,55.912892829643965,-4.286410947894997,2,20.502,2168
55.7932927133057,-4.333966054444984,88.0,55.84854019346565,-4.391697428307927,3,9.914,814
55.7932927133057,-4.333966054444984,88.0,55.79232875093524,-4.310455024670266,4,2.737,246
55.7932927133057,-4.333966054444984,88.0,55.837143362020576,-4.120043492886959,5,21.033,971
55.7932927133057,-4.333966054444984,88.0,55.84185129809378,-4.283879851305767,6,6.902,562
55.7932927133057,-4.333966054444984,88.0,55.90609664927746,-4.311383718964596,7,17.887,1176
55.7932927133057,-4.333966054444984,88.0,55.7832172019226,-4.31249791159531,8,3.486,280
55.7932927133057,-4.333966054444984,88.0,55.8177258987159,-4.260489243356555,9,7.323,643
55.7932927133057,-4.333966054444984,88.0,55.903262790870684,-4.212111703691823,10,19.868,1242
55.7932927133057,-4.333966054444984,88.0,55.893978813107424,-4.1413270988368325,11,21.608,1250
55.7932927133057,-4.333966054444984,88.0,55.894884622950286,-4.154349650804189,12,23.993,1148
55.7932927133057,-4.333966054444984,88.0,55.80680963785043,-4.263605759417426,13,6.553,606
55.7932927133057,-4.333966054444984,88.0,55.81824312166051,-4.346878846315483,14,5.099,492
55.7932927133057,-4.333966054444984,88.0,55.84742656229786,-4.269221405976544,15,8.8,755
55.7932927133057,-4.333966054444984,88.0,55.80730424868546,-4.315177272898423,16,2.094,178
55.7932927133057,-4.333966054444984,88.0,55.83798278877758,-4.260604018644594,17,7.518,741
55.7932927133057,-4.333966054444984,88.0,55.89424631095569,-4.343398240721316,18,16.519,1126
55.7932927133057,-4.333966054444984,88.0,55.83908093533876,-4.223069302141199,19,14.925,990
55.7932927133057,-4.333966054444984,88.0,55.8357731433788,-4.270556349194068,20,6.641,562
55.7932927133057,-4.333966054444984,88.0,55.90309627527835,-4.360750370095284,21,18.552,1361
55.7932927133057,-4.333966054444984,88.0,55.85652103589449,-4.101365743428073,22,24.156,1192
55.7932927133057,-4.333966054444984,88.0,55.783736419963375,-4.235306054793451,23,8.216,635
55.7932927133057,-4.333966054444984,88.0,55.92064824587275,-4.2358362157531895,24,20.993,1223
55.7932927133057,-4.333966054444984,88.0,55.907674892744176,-4.2497703459088045,25,19.745,2268
55.7932927133057,-4.333966054444984,88.0,55.919604340921964,-4.226208116301384,26,20.917,1234
55.7932927133057,-4.333966054444984,88.0,55.83219148710444,-4.304581930326681,27,5.897,538
55.7932927133057,-4.333966054444984,88.0,55.79569701419853,-4.1769099124482585,28,13.739,1008
55.7932927133057,-4.333966054444984,88.0,55.81260197667657,-4.197841211154324,29,13.664,1045
55.7932927133057,-4.333966054444984,88.0,55.826092940761974,-4.176919409292903,30,17.69,1044
55.7932927133057,-4.333966054444984,88.0,55.828413149208096,-4.109650878166438,31,24.494,1234
55.7932927133057,-4.333966054444984,88.0,55.8999241737755,-4.257993823533507,32,16.951,1155
55.7932927133057,-4.333966054444984,88.0,55.892514250678616,-4.340118142906542,33,16.548,1137
55.7932927133057,-4.333966054444984,88.0,55.855241629670886,-4.269936069312288,34,12.984,780
55.7932927133057,-4.333966054444984,88.0,55.877364911629314,-4.109701193625618,35,24.557,1293
55.7932927133057,-4.333966054444984,88.0,55.887053111734645,-4.1280531391159245,36,24.859,1260
55.7932927133057,-4.333966054444984,88.0,55.89108676863447,-4.105446803942431,37,26.592,1566
55.7932927133057,-4.333966054444984,88.0,55.842635153466425,-4.334387903339716,38,9.324,642
55.7932927133057,-4.333966054444984,88.0,55.89197542936556,-4.19614108945253,39,20.866,1093
55.7932927133057,-4.333966054444984,88.0,55.825849135803445,-4.321179033230789,40,5.876,460
55.7932927133057,-4.333966054444984,88.0,55.81864602215581,-4.375055705699034,41,5.226,420
55.7932927133057,-4.333966054444984,88.0,55.92613065482397,-4.212698358862173,42,21.379,1287
55.7932927133057,-4.333966054444984,88.0,55.874439929608144,-4.279689658904073,43,13.591,821
55.7932927133057,-4.333966054444984,88.0,55.81998166828728,-4.245455535821837,44,8.259,745
55.7932927133057,-4.333966054444984,88.0,55.91066980601156,-4.213502644426629,45,20.331,1238
55.7932927133057,-4.333966054444984,88.0,55.8404807486866,-4.356656090229781,46,7.502,650
55.7932927133057,-4.333966054444984,88.0,55.88708229912325,-4.079055837843032,47,29.825,1314
55.7932927133057,-4.333966054444984,88.0,55.84510555179576,-4.178720975321847,48,19.355,1059
55.7932927133057,-4.333966054444984,88.0,55.84413340760586,-4.085244529493477,49,26.522,1688
55.7932927133057,-4.333966054444984,88.0,55.83324217210475,-4.157183908594519,50,19.217,1056
55.7932927133057,-4.333966054444984,88.0,55.895753278756494,-4.323131413571223,51,16.305,1237
55.7932927133057,-4.333966054444984,88.0,55.88609925330935,-4.38354364327563,52,15.736,945
55.7932927133057,-4.333966054444984,88.0,55.86596770908397,-4.338853955125049,53,12.519,825
55.7932927133057,-4.333966054444984,88.0,55.819381988004544,-4.256567679373081,54,7.389,637
55.7932927133057,-4.333966054444984,88.0,55.919398785577634,-4.298102785445152,55,20.778,1847
55.7932927133057,-4.333966054444984,88.0,55.81052481551728,-4.0780884232687225,56,27.293,2381
55.7932927133057,-4.333966054444984,88.0,55.8411814367945,-4.125490362928665,57,22.575,1129
55.7932927133057,-4.333966054444984,88.0,55.844855881791794,-4.151320272286683,58,20.207,1110
55.7932927133057,-4.333966054444984,88.0,55.79334532620707,-4.3052187624925375,59,3.068,252
55.7932927133057,-4.333966054444984,88.0,55.78499644933002,-4.082518262203789,60,20.206,1180
55.7932927133057,-4.333966054444984,88.0,55.86482365717543,-4.074666870071637,61,26.422,1410
55.7932927133057,-4.333966054444984,88.0,55.910543969585106,-4.384534109666136,62,20.379,1426
55.7932927133057,-4.333966054444984,88.0,55.799715679086134,-4.188568421733812,63,11.438,1044
55.7932927133057,-4.333966054444984,88.0,55.90005630083831,-4.294022887833187,64,16.959,1129
55.7932927133057,-4.333966054444984,88.0,55.82573931186619,-4.210157383495828,65,17.217,925
55.7932927133057,-4.333966054444984,88.0,55.88010014610652,-4.288014027401103,66,15.68,1098
55.7932927133057,-4.333966054444984,88.0,55.8836463272421,-4.377148406451105,67,15.506,1022
55.7932927133057,-4.333966054444984,88.0,55.80511293548626,-4.195982430231648,68,12.921,994
55.7932927133057,-4.333966054444984,88.0,55.9265186267864,-4.256321117900257,69,20.316,1262
55.7932927133057,-4.333966054444984,88.0,55.90353118048908,-4.119171950823842,70,25.755,1501
55.7932927133057,-4.333966054444984,88.0,55.81502357146685,-4.260984914919316,71,7.645,627
55.7932927133057,-4.333966054444984,88.0,55.894355058439295,-4.293143876300353,72,16.249,1077
55.7932927133057,-4.333966054444984,88.0,55.80246488546192,-4.242274834364847,73,9.346,772
55.7932927133057,-4.333966054444984,88.0,55.887581813102464,-4.2985753032369685,74,15.861,1073
55.7932927133057,-4.333966054444984,88.0,55.928290955083554,-4.295962301582311,75,21.2,1262
55.7932927133057,-4.333966054444984,88.0,55.81096058143004,-4.368797105646974,76,4.391,394
55.7932927133057,-4.333966054444984,88.0,55.84818750128869,-4.3631808239548375,77,9.256,765
55.7932927133057,-4.333966054444984,88.0,55.81610352786554,-4.330910795148831,78,3.922,321
55.7932927133057,-4.333966054444984,88.0,55.807034270653475,-4.136077366584948,79,18.487,1188
55.7932927133057,-4.333966054444984,88.0,55.86778114631985,-4.233612892312959,80,15.442,904
55.7932927133057,-4.333966054444984,88.0,55.79578956690847,-4.368290459919509,81,5.943,1399
55.7932927133057,-4.333966054444984,88.0,55.897877306124535,-4.077031107370425,82,28.383,2032
55.7932927133057,-4.333966054444984,88.0,55.80721289582252,-4.242612882195534,83,9.723,799
55.7932927133057,-4.333966054444984,88.0,55.92209393969709,-4.157940141970138,84,25.526,1299
55.7932927133057,-4.333966054444984,88.0,55.79188265083702,-4.28147512844989,85,3.93,307
55.7932927133057,-4.333966054444984,88.0,55.88043814367632,-4.104360473798184,86,24.369,1253
55.7932927133057,-4.333966054444984,88.0,55.90345994988174,-4.293652184560058,87,17.428,1174
55.7932927133057,-4.333966054444984,88.0,55.91230525016259,-4.108196424937476,88,27.023,1446
55.7932927133057,-4.333966054444984,88.0,55.90569137930351,-4.3852429216612405,89,20.414,1449
55.7932927133057,-4.333966054444984,88.0,55.824402119970216,-4.298242138123909,90,4.694,421
55.7932927133057,-4.333966054444984,88.0,55.887104625653905,-4.201059285828647,91,18.578,1242
55.7932927133057,-4.333966054444984,88.0,55.92006797200308,-4.195257422106852,92,22.225,1265
55.7932927133057,-4.333966054444984,88.0,55.7944551107823,-4.1683749063061635,93,13.869,1442
55.7932927133057,-4.333966054444984,88.0,55.88003873447475,-4.304350182381346,94,15.42,977
55.7932927133057,-4.333966054444984,88.0,55.88308048053683,-4.2942103285768285,95,15.02,952
55.7932927133057,-4.333966054444984,88.0,55.80779271908626,-4.3234306371549245,96,2.542,225
55.7932927133057,-4.333966054444984,88.0,55.90123467399992,-4.380968632189907,97,20.72,1578
55.7932927133057,-4.333966054444984,88.0,55.88049231589054,-4.293733205570284,98,14.922,942
55.7932927133057,-4.333966054444984,88.0,55.84697147961761,-4.334108806216461,99,9.635,719
55.7932927133057,-4.333966054444984,88.0,55.83067141211495,-4.195633651932574,100,16.5,922
55.7932927133057,-4.333966054444984,88.0,55.89350845984679,-4.099445363541155,101,26.407,1397
55.7932927133057,-4.333966054444984,88.0,55.92592408664018,-4.179171340754611,102,26.867,1383
55.7932927133057,-4.333966054444984,88.0,55.84941827409408,-4.169566750359822,103,20.06,1125
55.7932927133057,-4.333966054444984,88.0,55.92413375575165,-4.226670311636797,104,22.594,2029
55.7932927133057,-4.333966054444984,88.0,55.88995713457192,-4.285031242761631,105,15.189,979
55.7932927133057,-4.333966054444984,88.0,55.90528066541109,-4.131569818675147,106,23.205,1146
55.7932927133057,-4.333966054444984,88.0,55.87850608392288,-4.103517886631066,107,24.7,1286
55.7932927133057,-4.333966054444984,88.0,55.80799405798939,-4.284953473560454,108,4.566,436
55.7932927133057,-4.333966054444984,88.0,55.906815669822045,-4.385279074380807,109,19.725,1364
55.7932927133057,-4.333966054444984,88.0,55.916237634416454,-4.222407816066865,110,20.832,1223
55.7932927133057,-4.333966054444984,88.0,55.915798955837815,-4.088621086891774,111,30.107,1477
55.7932927133057,-4.333966054444984,88.0,55.827538479175395,-4.350653065976025,112,5.696,457
55.7932927133057,-4.333966054444984,88.0,55.799515288981674,-4.0866627646338864,113,20.973,1324
55.7932927133057,-4.333966054444984,88.0,55.831024245961984,-4.244756518165482,114,13.966,827
55.7932927133057,-4.333966054444984,88.0,55.86754360554833,-4.2143078261423845,115,16.782,1020
55.7932927133057,-4.333966054444984,88.0,55.8574985965699,-4.1521224561179935,116,21.363,1235
55.7932927133057,-4.333966054444984,88.0,55.88095643501817,-4.32811659177277,117,14.361,953
55.7932927133057,-4.333966054444984,88.0,55.85240433608213,-4.177570445500026,118,20.224,1176
55.7932927133057,-4.333966054444984,88.0,55.91169549549074,-4.359708873069638,119,21.345,1459
55.7932927133057,-4.333966054444984,88.0,55.92640787519779,-4.300990956079843,120,21.648,1311
55.7932927133057,-4.333966054444984,88.0,55.84019197366069,-4.205566157974415,121,17.82,1074
55.7932927133057,-4.333966054444984,88.0,55.866619942939494,-4.268153778778456,122,13.744,944
55.7932927133057,-4.333966054444984,88.0,55.81327411986783,-4.2587495402872255,123,7.713,691
55.7932927133057,-4.333966054444984,88.0,55.86022660117776,-4.154711133590585,124,21.283,1163
55.7932927133057,-4.333966054444984,88.0,55.831522729053496,-4.370420634377527,125,6.789,612
55.7932927133057,-4.333966054444984,88.0,55.84074346341779,-4.172411658039648,126,18.428,979
55.7932927133057,-4.333966054444984,88.0,55.8801412435821,-4.258666277618953,127,14.788,970
55.7932927133057,-4.333966054444984,88.0,55.8434159429892,-4.1056733307349536,128,22.831,1158
55.7932927133057,-4.333966054444984,88.0,55.83522057783537,-4.25736952395694,129,7.57,728
55.7932927133057,-4.333966054444984,88.0,55.86467774065618,-4.2250953414252415,130,15.566,857
55.7932927133057,-4.333966054444984,88.0,55.8953662249987,-4.231143624453162,131,18.019,1034
55.7932927133057,-4.333966054444984,88.0,55.81920459649808,-4.236238450921302,132,8.843,796
55.7932927133057,-4.333966054444984,88.0,55.900795402502105,-4.206009410292495,133,20.186,1229
55.7932927133057,-4.333966054444984,88.0,55.86078490474355,-4.339631469507248,134,13.054,920
55.7932927133057,-4.333966054444984,88.0,55.924999437053955,-4.191173279124663,135,22.476,1274
55.7932927133057,-4.333966054444984,88.0,55.81549096669224,-4.126910343137958,136,19.544,1277
55.7932927133057,-4.333966054444984,88.0,55.90135585493081,-4.207622057499793,137,20.185,1207
55.7932927133057,-4.333966054444984,88.0,55.845816555475636,-4.129576488296543,138,21.58,1200
55.7932927133057,-4.333966054444984,88.0,55.80470047644827,-4.291960781118721,139,4.124,393
55.7932927133057,-4.333966054444984,88.0,55.89185394491289,-4.179857587296262,140,19.77,1017
55.7932927133057,-4.333966054444984,88.0,55.91859399996558,-4.3401659608951215,141,20.211,1309
55.7932927133057,-4.333966054444984,88.0,55.90671476836246,-4.3642865107142725,142,19.304,1416
55.7932927133057,-4.333966054444984,88.0,55.81273399651921,-4.167613047894911,143,13.74,1026
55.7932927133057,-4.333966054444984,88.0,55.80939871413575,-4.276056954355674,144,5.441,482
55.7932927133057,-4.333966054444984,88.0,55.88312869327199,-4.214542892826467,145,17.59,1061
55.7932927133057,-4.333966054444984,88.0,55.815340374954424,-4.283514492524949,146,4.823,427
55.7932927133057,-4.333966054444984,88.0,55.87864379034378,-4.080636908866371,147,30.805,1349
55.7932927133057,-4.333966054444984,88.0,55.89423440492952,-4.2418874418647645,148,18.582,1118
55.7932927133057,-4.333966054444984,88.0,55.92796852989922,-4.305970400193036,149,21.776,1334
55.7932927133057,-4.333966054444984,88.0,55.92895153496988,-4.082888064137351,150,30.477,1427
55.7932927133057,-4.333966054444984,88.0,55.790766759429424,-4.135285962371055,151,16.294,1083
55.7932927133057,-4.333966054444984,88.0,55.80808041573422,-4.184105792933229,152,12.537,930
55.7932927133057,-4.333966054444984,88.0,55.7982747224006,-4.3931924101572655,153,7.266,458
55.7932927133057,-4.333966054444984,88.0,55.81178474630603,-4.337962602706185,154,3.177,295
55.7932927133057,-4.333966054444984,88.0,55.852972007756,-4.353957895039277,155,9.469,877
55.7932927133057,-4.333966054444984,88.0,55.797152036890715,-4.311451416173846,156,1.964,180
55.7932927133057,-4.333966054444984,88.0,55.84839482833289,-4.1889265673730645,157,20.006,1093
55.7932927133057,-4.333966054444984,88.0,55.86383954752864,-4.387927326091926,158,12.528,902
55.7932927133057,-4.333966054444984,88.0,55.807182357875575,-4.140487806234959,159,15.57,1143
55.7932927133057,-4.333966054444984,88.0,55.8296607577131,-4.218765551358871,160,15.386,983
55.7932927133057,-4.333966054444984,88.0,55.82699494590622,-4.295404959002084,161,5.278,425
55.7932927133057,-4.333966054444984,88.0,55.861248665443505,-4.307186036515638,162,9.898,744
55.7932927133057,-4.333966054444984,88.0,55.897857165570365,-4.156645648865112,163,21.246,1054
55.7932927133057,-4.333966054444984,88.0,55.877747555317356,-4.342792329217214,164,14.951,1050
55.7932927133057,-4.333966054444984,88.0,55.92259641850896,-4.389236283866068,165,31.207,1514
55.7932927133057,-4.333966054444984,88.0,55.92621339590465,-4.2820478996479165,166,20.1,1210
55.7932927133057,-4.333966054444984,88.0,55.80660612206145,-4.094012410496262,167,26.878,1446
55.7932927133057,-4.333966054444984,88.0,55.84605439624201,-4.09192094471571,168,25.583,1169
55.7932927133057,-4.333966054444984,88.0,55.83961965364386,-4.1201104741133365,169,22.182,1056
55.7932927133057,-4.333966054444984,88.0,55.85030951683019,-4.217608837338132,170,15.474,1024
55.7932927133057,-4.333966054444984,88.0,55.85971342373431,-4.246748195156407,171,15.935,955
55.7932927133057,-4.333966054444984,88.0,55.815747728441636,-4.150792968910081,172,19.471,1166
55.7932927133057,-4.333966054444984,88.0,55.80041195127493,-4.3806303679601495,173,5.943,347
55.7932927133057,-4.333966054444984,88.0,55.85487415463933,-4.092829020720908,174,25.393,1170
55.7932927133057,-4.333966054444984,88.0,55.80456076444065,-4.203157873727267,175,13.412,1014
55.7932927133057,-4.333966054444984,88.0,55.84723005082115,-4.330151260440624,176,9.523,687
55.7932927133057,-4.333966054444984,88.0,55.88775631668876,-4.123428423568879,177,24.994,1266
55.7932927133057,-4.333966054444984,88.0,55.82857385936083,-4.129579652409029,178,21.993,1354
55.7932927133057,-4.333966054444984,88.0,55.879865395443076,-4.36272007519476,179,15.843,1092
55.7932927133057,-4.333966054444984,88.0,55.87973669437185,-4.215636550296907,180,16.877,1072
55.7932927133057,-4.333966054444984,88.0,55.8162521393249,-4.1868605517933455,181,13.919,1050
55.7932927133057,-4.333966054444984,88.0,55.80755514535402,-4.201625161718038,182,13.165,981
55.7932927133057,-4.333966054444984,88.0,55.85565398843102,-4.250533808562208,183,12.433,874
55.7932927133057,-4.333966054444984,88.0,55.929636326069506,-4.381100658166308,184,32.193,1535
55.7932927133057,-4.333966054444984,88.0,55.879581066995904,-4.21986165885879,185,16.518,1053
55.7932927133057,-4.333966054444984,88.0,55.92647877645629,-4.127886630011083,186,26.608,1385
55.7932927133057,-4.333966054444984,88.0,55.82282427264178,-4.371094162561755,187,5.925,535
55.7932927133057,-4.333966054444984,88.0,55.90291353127043,-4.3414180899754955,188,17.35,1294
55.7932927133057,-4.333966054444984,88.0,55.78437024600116,-4.156926419796477,189,16.184,1061
55.7932927133057,-4.333966054444984,88.0,55.8321542449311,-4.1561720476648265,190,19.257,1070
55.7932927133057,-4.333966054444984,88.0,55.88310705812362,-4.084862107847263,191,27.966,1231
55.7932927133057,-4.333966054444984,88.0,55.85616333886266,-4.110333739241922,192,24.194,1214
55.7932927133057,-4.333966054444984,88.0,55.90185178498145,-4.152652007721208,193,25.155,1678
55.7932927133057,-4.333966054444984,88.0,55.8837118458465,-4.182392741162416,194,21.434,2026
55.7932927133057,-4.333966054444984,88.0,55.83086049774818,-4.312434105301623,195,5.481,441
55.7932927133057,-4.333966054444984,88.0,55.821849459706755,-4.176208567338996,196,18.101,1040
55.7932927133057,-4.333966054444984,88.0,55.88009750494633,-4.255964552703097,197,14.474,949
55.7932927133057,-4.333966054444984,88.0,55.87413911675089,-4.369807111055967,198,13.847,841
55.7932927133057,-4.333966054444984,88.0,55.86354071984154,-4.093406384811447,199,24.81,1268
55.84255757397622,-4.352333933028948,89.0,55.8391698042901,-4.214478482526657,0,12.875,923
55.84255757397622,-4.352333933028948,89.0,55.86553667472969,-4.350500876963486,1,3.828,439
55.84255757397622,-4.352333933028948,89.0,55.912892829643965,-4.286410947894997,2,14.933,2080
55.84255757397622,-4.352333933028948,89.0,55.84854019346565,-4.391697428307927,3,3.058,372
55.84255757397622,-4.352333933028948,89.0,55.79232875093524,-4.310455024670266,4,9.651,826
55.84255757397622,-4.352333933028948,89.0,55.837143362020576,-4.120043492886959,5,16.574,935
55.84255757397622,-4.352333933028948,89.0,55.84185129809378,-4.283879851305767,6,5.393,605
55.84255757397622,-4.352333933028948,89.0,55.90609664927746,-4.311383718964596,7,10.245,945
55.84255757397622,-4.352333933028948,89.0,55.7832172019226,-4.31249791159531,8,11.239,884
55.84255757397622,-4.352333933028948,89.0,55.8177258987159,-4.260489243356555,9,9.169,937
55.84255757397622,-4.352333933028948,89.0,55.903262790870684,-4.212111703691823,10,15.395,1206
55.84255757397622,-4.352333933028948,89.0,55.893978813107424,-4.1413270988368325,11,17.135,1213
55.84255757397622,-4.352333933028948,89.0,55.894884622950286,-4.154349650804189,12,19.52,1112
55.84255757397622,-4.352333933028948,89.0,55.80680963785043,-4.263605759417426,13,9.651,1014
55.84255757397622,-4.352333933028948,89.0,55.81824312166051,-4.346878846315483,14,4.417,567
55.84255757397622,-4.352333933028948,89.0,55.84742656229786,-4.269221405976544,15,7.965,892
55.84255757397622,-4.352333933028948,89.0,55.80730424868546,-4.315177272898423,16,7.685,739
55.84255757397622,-4.352333933028948,89.0,55.83798278877758,-4.260604018644594,17,10.067,886
55.84255757397622,-4.352333933028948,89.0,55.89424631095569,-4.343398240721316,18,7.916,706
55.84255757397622,-4.352333933028948,89.0,55.83908093533876,-4.223069302141199,19,10.466,954
55.84255757397622,-4.352333933028948,89.0,55.8357731433788,-4.270556349194068,20,6.278,762
55.84255757397622,-4.352333933028948,89.0,55.90309627527835,-4.360750370095284,21,9.949,941
55.84255757397622,-4.352333933028948,89.0,55.85652103589449,-4.101365743428073,22,19.683,1156
55.84255757397622,-4.352333933028948,89.0,55.783736419963375,-4.235306054793451,23,24.166,1262
55.84255757397622,-4.352333933028948,89.0,55.92064824587275,-4.2358362157531895,24,16.52,1187
55.84255757397622,-4.352333933028948,89.0,55.907674892744176,-4.2497703459088045,25,15.272,2232
55.84255757397622,-4.352333933028948,89.0,55.919604340921964,-4.226208116301384,26,16.444,1198
55.84255757397622,-4.352333933028948,89.0,55.83219148710444,-4.304581930326681,27,7.731,827
55.84255757397622,-4.352333933028948,89.0,55.79569701419853,-4.1769099124482585,28,17.29,1208
55.84255757397622,-4.352333933028948,89.0,55.81260197667657,-4.197841211154324,29,14.701,1075
55.84255757397622,-4.352333933028948,89.0,55.826092940761974,-4.176919409292903,30,13.231,1008
55.84255757397622,-4.352333933028948,89.0,55.828413149208096,-4.109650878166438,31,20.035,1198
55.84255757397622,-4.352333933028948,89.0,55.8999241737755,-4.257993823533507,32,12.478,1118
55.84255757397622,-4.352333933028948,89.0,55.892514250678616,-4.340118142906542,33,7.945,717
55.84255757397622,-4.352333933028948,89.0,55.855241629670886,-4.269936069312288,34,9.774,719
55.84255757397622,-4.352333933028948,89.0,55.877364911629314,-4.109701193625618,35,20.084,1257
55.84255757397622,-4.352333933028948,89.0,55.887053111734645,-4.1280531391159245,36,20.386,1223
55.84255757397622,-4.352333933028948,89.0,55.89108676863447,-4.105446803942431,37,22.119,1529
55.84255757397622,-4.352333933028948,89.0,55.842635153466425,-4.334387903339716,38,1.727,276
55.84255757397622,-4.352333933028948,89.0,55.89197542936556,-4.19614108945253,39,16.393,1057
55.84255757397622,-4.352333933028948,89.0,55.825849135803445,-4.321179033230789,40,7.71,748
55.84255757397622,-4.352333933028948,89.0,55.81864602215581,-4.375055705699034,41,4.838,458
55.84255757397622,-4.352333933028948,89.0,55.92613065482397,-4.212698358862173,42,16.906,1251
55.84255757397622,-4.352333933028948,89.0,55.874439929608144,-4.279689658904073,43,9.118,785
55.84255757397622,-4.352333933028948,89.0,55.81998166828728,-4.245455535821837,44,11.026,890
55.84255757397622,-4.352333933028948,89.0,55.91066980601156,-4.213502644426629,45,15.858,1202
55.84255757397622,-4.352333933028948,89.0,55.8404807486866,-4.356656090229781,46,3.147,346
55.84255757397622,-4.352333933028948,89.0,55.88708229912325,-4.079055837843032,47,25.366,1279
55.84255757397622,-4.352333933028948,89.0,55.84510555179576,-4.178720975321847,48,14.896,1023
55.84255757397622,-4.352333933028948,89.0,55.84413340760586,-4.085244529493477,49,22.063,1653
55.84255757397622,-4.352333933028948,89.0,55.83324217210475,-4.157183908594519,50,14.758,1021
55.84255757397622,-4.352333933028948,89.0,55.895753278756494,-4.323131413571223,51,7.702,817
55.84255757397622,-4.352333933028948,89.0,55.88609925330935,-4.38354364327563,52,6.48,530
55.84255757397622,-4.352333933028948,89.0,55.86596770908397,-4.338853955125049,53,3.916,405
55.84255757397622,-4.352333933028948,89.0,55.819381988004544,-4.256567679373081,54,9.235,931
55.84255757397622,-4.352333933028948,89.0,55.919398785577634,-4.298102785445152,55,15.209,1760
55.84255757397622,-4.352333933028948,89.0,55.81052481551728,-4.0780884232687225,56,22.834,2345
55.84255757397622,-4.352333933028948,89.0,55.8411814367945,-4.125490362928665,57,18.116,1093
55.84255757397622,-4.352333933028948,89.0,55.844855881791794,-4.151320272286683,58,15.748,1074
55.84255757397622,-4.352333933028948,89.0,55.79334532620707,-4.3052187624925375,59,9.982,833
55.84255757397622,-4.352333933028948,89.0,55.78499644933002,-4.082518262203789,60,26.557,1345
55.84255757397622,-4.352333933028948,89.0,55.86482365717543,-4.074666870071637,61,21.949,1373
55.84255757397622,-4.352333933028948,89.0,55.910543969585106,-4.384534109666136,62,11.776,1005
55.84255757397622,-4.352333933028948,89.0,55.799715679086134,-4.188568421733812,63,17.272,1366
55.84255757397622,-4.352333933028948,89.0,55.90005630083831,-4.294022887833187,64,10.136,1022
55.84255757397622,-4.352333933028948,89.0,55.82573931186619,-4.210157383495828,65,12.758,890
55.84255757397622,-4.352333933028948,89.0,55.88010014610652,-4.288014027401103,66,11.207,1061
55.84255757397622,-4.352333933028948,89.0,55.8836463272421,-4.377148406451105,67,6.25,607
55.84255757397622,-4.352333933028948,89.0,55.80511293548626,-4.195982430231648,68,15.681,1150
55.84255757397622,-4.352333933028948,89.0,55.9265186267864,-4.256321117900257,69,16.183,1218
55.84255757397622,-4.352333933028948,89.0,55.90353118048908,-4.119171950823842,70,21.282,1465
55.84255757397622,-4.352333933028948,89.0,55.81502357146685,-4.260984914919316,71,8.88,914
55.84255757397622,-4.352333933028948,89.0,55.894355058439295,-4.293143876300353,72,9.985,1026
55.84255757397622,-4.352333933028948,89.0,55.80246488546192,-4.242274834364847,73,13.167,1116
55.84255757397622,-4.352333933028948,89.0,55.887581813102464,-4.2985753032369685,74,9.222,973
55.84255757397622,-4.352333933028948,89.0,55.928290955083554,-4.295962301582311,75,12.062,1025
55.84255757397622,-4.352333933028948,89.0,55.81096058143004,-4.368797105646974,76,6.446,646
55.84255757397622,-4.352333933028948,89.0,55.84818750128869,-4.3631808239548375,77,2.297,272
55.84255757397622,-4.352333933028948,89.0,55.81610352786554,-4.330910795148831,78,4.912,568
55.84255757397622,-4.352333933028948,89.0,55.807034270653475,-4.136077366584948,79,16.465,1259
55.84255757397622,-4.352333933028948,89.0,55.86778114631985,-4.233612892312959,80,10.969,868
55.84255757397622,-4.352333933028948,89.0,55.79578956690847,-4.368290459919509,81,8.381,1770
55.84255757397622,-4.352333933028948,89.0,55.897877306124535,-4.077031107370425,82,23.91,1996
55.84255757397622,-4.352333933028948,89.0,55.80721289582252,-4.242612882195534,83,12.39,1067
55.84255757397622,-4.352333933028948,89.0,55.92209393969709,-4.157940141970138,84,21.053,1263
55.84255757397622,-4.352333933028948,89.0,55.79188265083702,-4.28147512844989,85,10.844,888
55.84255757397622,-4.352333933028948,89.0,55.88043814367632,-4.104360473798184,86,19.896,1217
55.84255757397622,-4.352333933028948,89.0,55.90345994988174,-4.293652184560058,87,10.546,1066
55.84255757397622,-4.352333933028948,89.0,55.91230525016259,-4.108196424937476,88,22.55,1410
55.84255757397622,-4.352333933028948,89.0,55.90569137930351,-4.3852429216612405,89,11.811,1029
55.84255757397622,-4.352333933028948,89.0,55.824402119970216,-4.298242138123909,90,5.831,711
55.84255757397622,-4.352333933028948,89.0,55.887104625653905,-4.201059285828647,91,14.105,1206
55.84255757397622,-4.352333933028948,89.0,55.92006797200308,-4.195257422106852,92,17.752,1229
55.84255757397622,-4.352333933028948,89.0,55.7944551107823,-4.1683749063061635,93,17.42,1642
55.84255757397622,-4.352333933028948,89.0,55.88003873447475,-4.304350182381346,94,7.375,814
55.84255757397622,-4.352333933028948,89.0,55.88308048053683,-4.2942103285768285,95,9.073,902
55.84255757397622,-4.352333933028948,89.0,55.80779271908626,-4.3234306371549245,96,6.183,701
55.84255757397622,-4.352333933028948,89.0,55.90123467399992,-4.380968632189907,97,12.117,1158
55.84255757397622,-4.352333933028948,89.0,55.88049231589054,-4.293733205570284,98,8.975,892
55.84255757397622,-4.352333933028948,89.0,55.84697147961761,-4.334108806216461,99,1.769,293
55.84255757397622,-4.352333933028948,89.0,55.83067141211495,-4.195633651932574,100,12.041,887
55.84255757397622,-4.352333933028948,89.0,55.89350845984679,-4.099445363541155,101,21.934,1361
55.84255757397622,-4.352333933028948,89.0,55.92592408664018,-4.179171340754611,102,22.394,1346
55.84255757397622,-4.352333933028948,89.0,55.84941827409408,-4.169566750359822,103,15.601,1089
55.84255757397622,-4.352333933028948,89.0,55.92413375575165,-4.226670311636797,104,18.121,1993
55.84255757397622,-4.352333933028948,89.0,55.88995713457192,-4.285031242761631,105,10.716,943
55.84255757397622,-4.352333933028948,89.0,55.90528066541109,-4.131569818675147,106,18.732,1110
55.84255757397622,-4.352333933028948,89.0,55.87850608392288,-4.103517886631066,107,20.227,1250
55.84255757397622,-4.352333933028948,89.0,55.80799405798939,-4.284953473560454,108,8.481,892
55.84255757397622,-4.352333933028948,89.0,55.906815669822045,-4.385279074380807,109,11.122,943
55.84255757397622,-4.352333933028948,89.0,55.916237634416454,-4.222407816066865,110,16.359,1186
55.84255757397622,-4.352333933028948,89.0,55.915798955837815,-4.088621086891774,111,25.634,1441
55.84255757397622,-4.352333933028948,89.0,55.827538479175395,-4.350653065976025,112,3.69,424
55.84255757397622,-4.352333933028948,89.0,55.799515288981674,-4.0866627646338864,113,26.927,1457
55.84255757397622,-4.352333933028948,89.0,55.831024245961984,-4.244756518165482,114,9.507,791
55.84255757397622,-4.352333933028948,89.0,55.86754360554833,-4.2143078261423845,115,12.309,984
55.84255757397622,-4.352333933028948,89.0,55.8574985965699,-4.1521224561179935,116,16.904,1200
55.84255757397622,-4.352333933028948,89.0,55.88095643501817,-4.32811659177277,117,5.758,533
55.84255757397622,-4.352333933028948,89.0,55.85240433608213,-4.177570445500026,118,15.765,1140
55.84255757397622,-4.352333933028948,89.0,55.91169549549074,-4.359708873069638,119,11.934,1132
55.84255757397622,-4.352333933028948,89.0,55.92640787519779,-4.300990956079843,120,11.87,1046
55.84255757397622,-4.352333933028948,89.0,55.84019197366069,-4.205566157974415,121,13.361,1038
55.84255757397622,-4.352333933028948,89.0,55.866619942939494,-4.268153778778456,122,9.271,908
55.84255757397622,-4.352333933028948,89.0,55.81327411986783,-4.2587495402872255,123,9.559,985
55.84255757397622,-4.352333933028948,89.0,55.86022660117776,-4.154711133590585,124,16.81,1127
55.84255757397622,-4.352333933028948,89.0,55.831522729053496,-4.370420634377527,125,3.152,353
55.84255757397622,-4.352333933028948,89.0,55.84074346341779,-4.172411658039648,126,13.969,943
55.84255757397622,-4.352333933028948,89.0,55.8801412435821,-4.258666277618953,127,10.315,934
55.84255757397622,-4.352333933028948,89.0,55.8434159429892,-4.1056733307349536,128,18.372,1122
55.84255757397622,-4.352333933028948,89.0,55.83522057783537,-4.25736952395694,129,7.252,879
55.84255757397622,-4.352333933028948,89.0,55.86467774065618,-4.2250953414252415,130,11.093,820
55.84255757397622,-4.352333933028948,89.0,55.8953662249987,-4.231143624453162,131,13.546,998
55.84255757397622,-4.352333933028948,89.0,55.81920459649808,-4.236238450921302,132,11.61,941
55.84255757397622,-4.352333933028948,89.0,55.900795402502105,-4.206009410292495,133,15.713,1193
55.84255757397622,-4.352333933028948,89.0,55.86078490474355,-4.339631469507248,134,3.59,491
55.84255757397622,-4.352333933028948,89.0,55.924999437053955,-4.191173279124663,135,18.003,1238
55.84255757397622,-4.352333933028948,89.0,55.81549096669224,-4.126910343137958,136,17.456,1306
55.84255757397622,-4.352333933028948,89.0,55.90135585493081,-4.207622057499793,137,15.712,1170
55.84255757397622,-4.352333933028948,89.0,55.845816555475636,-4.129576488296543,138,17.121,1164
55.84255757397622,-4.352333933028948,89.0,55.80470047644827,-4.291960781118721,139,8.314,869
55.84255757397622,-4.352333933028948,89.0,55.89185394491289,-4.179857587296262,140,15.297,981
55.84255757397622,-4.352333933028948,89.0,55.91859399996558,-4.3401659608951215,141,10.8,982
55.84255757397622,-4.352333933028948,89.0,55.90671476836246,-4.3642865107142725,142,10.701,996
55.84255757397622,-4.352333933028948,89.0,55.81273399651921,-4.167613047894911,143,14.514,1069
55.84255757397622,-4.352333933028948,89.0,55.80939871413575,-4.276056954355674,144,8.195,840
55.84255757397622,-4.352333933028948,89.0,55.88312869327199,-4.214542892826467,145,13.117,1025
55.84255757397622,-4.352333933028948,89.0,55.815340374954424,-4.283514492524949,146,7.189,725
55.84255757397622,-4.352333933028948,89.0,55.87864379034378,-4.080636908866371,147,26.346,1313
55.84255757397622,-4.352333933028948,89.0,55.89423440492952,-4.2418874418647645,148,14.109,1082
55.84255757397622,-4.352333933028948,89.0,55.92796852989922,-4.305970400193036,149,11.998,1069
55.84255757397622,-4.352333933028948,89.0,55.92895153496988,-4.082888064137351,150,26.004,1390
55.84255757397622,-4.352333933028948,89.0,55.790766759429424,-4.135285962371055,151,19.845,1283
55.84255757397622,-4.352333933028948,89.0,55.80808041573422,-4.184105792933229,152,15.475,1081
55.84255757397622,-4.352333933028948,89.0,55.7982747224006,-4.3931924101572655,153,7.303,635
55.84255757397622,-4.352333933028948,89.0,55.81178474630603,-4.337962602706185,154,7.137,592
55.84255757397622,-4.352333933028948,89.0,55.852972007756,-4.353957895039277,155,1.361,296
55.84255757397622,-4.352333933028948,89.0,55.797152036890715,-4.311451416173846,156,8.878,761
55.84255757397622,-4.352333933028948,89.0,55.84839482833289,-4.1889265673730645,157,15.547,1058
55.84255757397622,-4.352333933028948,89.0,55.86383954752864,-4.387927326091926,158,6.446,465
55.84255757397622,-4.352333933028948,89.0,55.807182357875575,-4.140487806234959,159,16.142,1234
55.84255757397622,-4.352333933028948,89.0,55.8296607577131,-4.218765551358871,160,10.927,947
55.84255757397622,-4.352333933028948,89.0,55.82699494590622,-4.295404959002084,161,5.867,688
55.84255757397622,-4.352333933028948,89.0,55.861248665443505,-4.307186036515638,162,4.638,523
55.84255757397622,-4.352333933028948,89.0,55.897857165570365,-4.156645648865112,163,16.773,1018
55.84255757397622,-4.352333933028948,89.0,55.877747555317356,-4.342792329217214,164,6.348,629
55.84255757397622,-4.352333933028948,89.0,55.92259641850896,-4.389236283866068,165,21.949,1112
55.84255757397622,-4.352333933028948,89.0,55.92621339590465,-4.2820478996479165,166,13.229,1070
55.84255757397622,-4.352333933028948,89.0,55.80660612206145,-4.094012410496262,167,22.419,1410
55.84255757397622,-4.352333933028948,89.0,55.84605439624201,-4.09192094471571,168,21.11,1133
55.84255757397622,-4.352333933028948,89.0,55.83961965364386,-4.1201104741133365,169,17.723,1021
55.84255757397622,-4.352333933028948,89.0,55.85030951683019,-4.217608837338132,170,11.015,989
55.84255757397622,-4.352333933028948,89.0,55.85971342373431,-4.246748195156407,171,11.462,919
55.84255757397622,-4.352333933028948,89.0,55.815747728441636,-4.150792968910081,172,15.012,1131
55.84255757397622,-4.352333933028948,89.0,55.80041195127493,-4.3806303679601495,173,6.719,588
55.84255757397622,-4.352333933028948,89.0,55.85487415463933,-4.092829020720908,174,20.92,1134
55.84255757397622,-4.352333933028948,89.0,55.80456076444065,-4.203157873727267,175,15.7,1151
55.84255757397622,-4.352333933028948,89.0,55.84723005082115,-4.330151260440624,176,1.959,274
55.84255757397622,-4.352333933028948,89.0,55.88775631668876,-4.123428423568879,177,20.521,1229
55.84255757397622,-4.352333933028948,89.0,55.82857385936083,-4.129579652409029,178,17.534,1318
55.84255757397622,-4.352333933028948,89.0,55.879865395443076,-4.36272007519476,179,7.24,672
55.84255757397622,-4.352333933028948,89.0,55.87973669437185,-4.215636550296907,180,12.404,1036
55.84255757397622,-4.352333933028948,89.0,55.8162521393249,-4.1868605517933455,181,13.894,1041
55.84255757397622,-4.352333933028948,89.0,55.80755514535402,-4.201625161718038,182,15.453,1118
55.84255757397622,-4.352333933028948,89.0,55.85565398843102,-4.250533808562208,183,7.483,838
55.84255757397622,-4.352333933028948,89.0,55.929636326069506,-4.381100658166308,184,22.935,1133
55.84255757397622,-4.352333933028948,89.0,55.879581066995904,-4.21986165885879,185,12.045,1017
55.84255757397622,-4.352333933028948,89.0,55.92647877645629,-4.127886630011083,186,22.135,1349
55.84255757397622,-4.352333933028948,89.0,55.82282427264178,-4.371094162561755,187,4.14,440
55.84255757397622,-4.352333933028948,89.0,55.90291353127043,-4.3414180899754955,188,8.747,874
55.84255757397622,-4.352333933028948,89.0,55.78437024600116,-4.156926419796477,189,19.189,1298
55.84255757397622,-4.352333933028948,89.0,55.8321542449311,-4.1561720476648265,190,14.798,1034
55.84255757397622,-4.352333933028948,89.0,55.88310705812362,-4.084862107847263,191,23.507,1195
55.84255757397622,-4.352333933028948,89.0,55.85616333886266,-4.110333739241922,192,19.721,1178
55.84255757397622,-4.352333933028948,89.0,55.90185178498145,-4.152652007721208,193,20.682,1642
55.84255757397622,-4.352333933028948,89.0,55.8837118458465,-4.182392741162416,194,16.961,1990
55.84255757397622,-4.352333933028948,89.0,55.83086049774818,-4.312434105301623,195,7.315,729
55.84255757397622,-4.352333933028948,89.0,55.821849459706755,-4.176208567338996,196,13.642,1005
55.84255757397622,-4.352333933028948,89.0,55.88009750494633,-4.255964552703097,197,10.001,913
55.84255757397622,-4.352333933028948,89.0,55.87413911675089,-4.369807111055967,198,4.591,426
55.84255757397622,-4.352333933028948,89.0,55.86354071984154,-4.093406384811447,199,20.337,1232
55.887599010093325,-4.242766746323924,90.0,55.8391698042901,-4.214478482526657,0,8.199,828
55.887599010093325,-4.242766746323924,90.0,55.86553667472969,-4.350500876963486,1,16.168,926
55.887599010093325,-4.242766746323924,90.0,55.912892829643965,-4.286410947894997,2,6.307,1339
55.887599010093325,-4.242766746323924,90.0,55.84854019346565,-4.391697428307927,3,15.599,1147
55.887599010093325,-4.242766746323924,90.0,55.79232875093524,-4.310455024670266,4,18.09,1125
55.887599010093325,-4.242766746323924,90.0,55.837143362020576,-4.120043492886959,5,18.675,1006
55.887599010093325,-4.242766746323924,90.0,55.84185129809378,-4.283879851305767,6,12.77,876
55.887599010093325,-4.242766746323924,90.0,55.90609664927746,-4.311383718964596,7,6.244,605
55.887599010093325,-4.242766746323924,90.0,55.7832172019226,-4.31249791159531,8,19.678,1183
55.887599010093325,-4.242766746323924,90.0,55.8177258987159,-4.260489243356555,9,10.025,1012
55.887599010093325,-4.242766746323924,90.0,55.903262790870684,-4.212111703691823,10,4.274,480
55.887599010093325,-4.242766746323924,90.0,55.893978813107424,-4.1413270988368325,11,10.215,845
55.887599010093325,-4.242766746323924,90.0,55.894884622950286,-4.154349650804189,12,10.492,716
55.887599010093325,-4.242766746323924,90.0,55.80680963785043,-4.263605759417426,13,11.866,1272
55.887599010093325,-4.242766746323924,90.0,55.81824312166051,-4.346878846315483,14,15.253,1039
55.887599010093325,-4.242766746323924,90.0,55.84742656229786,-4.269221405976544,15,9.246,763
55.887599010093325,-4.242766746323924,90.0,55.80730424868546,-4.315177272898423,16,14.959,1024
55.887599010093325,-4.242766746323924,90.0,55.83798278877758,-4.260604018644594,17,7.395,787
55.887599010093325,-4.242766746323924,90.0,55.89424631095569,-4.343398240721316,18,7.585,779
55.887599010093325,-4.242766746323924,90.0,55.83908093533876,-4.223069302141199,19,7.646,855
55.887599010093325,-4.242766746323924,90.0,55.8357731433788,-4.270556349194068,20,10.05,774
55.887599010093325,-4.242766746323924,90.0,55.90309627527835,-4.360750370095284,21,9.758,897
55.887599010093325,-4.242766746323924,90.0,55.85652103589449,-4.101365743428073,22,12.763,788
55.887599010093325,-4.242766746323924,90.0,55.783736419963375,-4.235306054793451,23,14.085,1303
55.887599010093325,-4.242766746323924,90.0,55.92064824587275,-4.2358362157531895,24,7.223,446
55.887599010093325,-4.242766746323924,90.0,55.907674892744176,-4.2497703459088045,25,4.151,1506
55.887599010093325,-4.242766746323924,90.0,55.919604340921964,-4.226208116301384,26,5.323,474
55.887599010093325,-4.242766746323924,90.0,55.83219148710444,-4.304581930326681,27,14.131,1066
55.887599010093325,-4.242766746323924,90.0,55.79569701419853,-4.1769099124482585,28,14.29,1248
55.887599010093325,-4.242766746323924,90.0,55.81260197667657,-4.197841211154324,29,11.701,1115
55.887599010093325,-4.242766746323924,90.0,55.826092940761974,-4.176919409292903,30,15.332,1079
55.887599010093325,-4.242766746323924,90.0,55.828413149208096,-4.109650878166438,31,19.709,1134
55.887599010093325,-4.242766746323924,90.0,55.8999241737755,-4.257993823533507,32,2.756,319
55.887599010093325,-4.242766746323924,90.0,55.892514250678616,-4.340118142906542,33,7.614,790
55.887599010093325,-4.242766746323924,90.0,55.855241629670886,-4.269936069312288,34,7.09,504
55.887599010093325,-4.242766746323924,90.0,55.877364911629314,-4.109701193625618,35,13.164,889
55.887599010093325,-4.242766746323924,90.0,55.887053111734645,-4.1280531391159245,36,11.358,828
55.887599010093325,-4.242766746323924,90.0,55.89108676863447,-4.105446803942431,37,13.091,1134
55.887599010093325,-4.242766746323924,90.0,55.842635153466425,-4.334387903339716,38,12.036,853
55.887599010093325,-4.242766746323924,90.0,55.89197542936556,-4.19614108945253,39,4.974,459
55.887599010093325,-4.242766746323924,90.0,55.825849135803445,-4.321179033230789,40,12.309,966
55.887599010093325,-4.242766746323924,90.0,55.81864602215581,-4.375055705699034,41,16.282,1048
55.887599010093325,-4.242766746323924,90.0,55.92613065482397,-4.212698358862173,42,5.785,526
55.887599010093325,-4.242766746323924,90.0,55.874439929608144,-4.279689658904073,43,4.86,559
55.887599010093325,-4.242766746323924,90.0,55.81998166828728,-4.245455535821837,44,9.505,917
55.887599010093325,-4.242766746323924,90.0,55.91066980601156,-4.213502644426629,45,4.737,477
55.887599010093325,-4.242766746323924,90.0,55.8404807486866,-4.356656090229781,46,15.688,1121
55.887599010093325,-4.242766746323924,90.0,55.88708229912325,-4.079055837843032,47,16.008,1021
55.887599010093325,-4.242766746323924,90.0,55.84510555179576,-4.178720975321847,48,9.107,898
55.887599010093325,-4.242766746323924,90.0,55.84413340760586,-4.085244529493477,49,17.262,1321
55.887599010093325,-4.242766746323924,90.0,55.83324217210475,-4.157183908594519,50,11.229,1045
55.887599010093325,-4.242766746323924,90.0,55.895753278756494,-4.323131413571223,51,6.746,727
55.887599010093325,-4.242766746323924,90.0,55.88609925330935,-4.38354364327563,52,17.201,994
55.887599010093325,-4.242766746323924,90.0,55.86596770908397,-4.338853955125049,53,13.984,874
55.887599010093325,-4.242766746323924,90.0,55.819381988004544,-4.256567679373081,54,9.755,1033
55.887599010093325,-4.242766746323924,90.0,55.919398785577634,-4.298102785445152,55,6.583,1019
55.887599010093325,-4.242766746323924,90.0,55.81052481551728,-4.0780884232687225,56,22.508,2281
55.887599010093325,-4.242766746323924,90.0,55.8411814367945,-4.125490362928665,57,17.79,1029
55.887599010093325,-4.242766746323924,90.0,55.844855881791794,-4.151320272286683,58,10.934,1015
55.887599010093325,-4.242766746323924,90.0,55.79334532620707,-4.3052187624925375,59,18.421,1132
55.887599010093325,-4.242766746323924,90.0,55.78499644933002,-4.082518262203789,60,24.398,1207
55.887599010093325,-4.242766746323924,90.0,55.86482365717543,-4.074666870071637,61,15.029,1005
55.887599010093325,-4.242766746323924,90.0,55.910543969585106,-4.384534109666136,62,15.334,1092
55.887599010093325,-4.242766746323924,90.0,55.799715679086134,-4.188568421733812,63,14.272,1406
55.887599010093325,-4.242766746323924,90.0,55.90005630083831,-4.294022887833187,64,6.565,554
55.887599010093325,-4.242766746323924,90.0,55.82573931186619,-4.210157383495828,65,9.758,929
55.887599010093325,-4.242766746323924,90.0,55.88010014610652,-4.288014027401103,66,4.037,540
55.887599010093325,-4.242766746323924,90.0,55.8836463272421,-4.377148406451105,67,16.971,1071
55.887599010093325,-4.242766746323924,90.0,55.80511293548626,-4.195982430231648,68,12.681,1189
55.887599010093325,-4.242766746323924,90.0,55.9265186267864,-4.256321117900257,69,6.121,433
55.887599010093325,-4.242766746323924,90.0,55.90353118048908,-4.119171950823842,70,13.167,1091
55.887599010093325,-4.242766746323924,90.0,55.81502357146685,-4.260984914919316,71,10.382,1046
55.887599010093325,-4.242766746323924,90.0,55.894355058439295,-4.293143876300353,72,4.606,488
55.887599010093325,-4.242766746323924,90.0,55.80246488546192,-4.242274834364847,73,11.646,1143
55.887599010093325,-4.242766746323924,90.0,55.887581813102464,-4.2985753032369685,74,4.218,484
55.887599010093325,-4.242766746323924,90.0,55.928290955083554,-4.295962301582311,75,7.005,434
55.887599010093325,-4.242766746323924,90.0,55.81096058143004,-4.368797105646974,76,17.939,1130
55.887599010093325,-4.242766746323924,90.0,55.84818750128869,-4.3631808239548375,77,16.674,973
55.887599010093325,-4.242766746323924,90.0,55.81610352786554,-4.330910795148831,78,14.278,880
55.887599010093325,-4.242766746323924,90.0,55.807034270653475,-4.136077366584948,79,15.253,1333
55.887599010093325,-4.242766746323924,90.0,55.86778114631985,-4.233612892312959,80,3.459,399
55.887599010093325,-4.242766746323924,90.0,55.79578956690847,-4.368290459919509,81,23.023,2325
55.887599010093325,-4.242766746323924,90.0,55.897877306124535,-4.077031107370425,82,14.882,1600
55.887599010093325,-4.242766746323924,90.0,55.80721289582252,-4.242612882195534,83,10.869,1094
55.887599010093325,-4.242766746323924,90.0,55.92209393969709,-4.157940141970138,84,9.953,708
55.887599010093325,-4.242766746323924,90.0,55.79188265083702,-4.28147512844989,85,19.283,1187
55.887599010093325,-4.242766746323924,90.0,55.88043814367632,-4.104360473798184,86,12.976,849
55.887599010093325,-4.242766746323924,90.0,55.90345994988174,-4.293652184560058,87,5.78,475
55.887599010093325,-4.242766746323924,90.0,55.91230525016259,-4.108196424937476,88,14.191,1000
55.887599010093325,-4.242766746323924,90.0,55.90569137930351,-4.3852429216612405,89,11.48,1102
55.887599010093325,-4.242766746323924,90.0,55.824402119970216,-4.298242138123909,90,12.745,887
55.887599010093325,-4.242766746323924,90.0,55.887104625653905,-4.201059285828647,91,5.175,558
55.887599010093325,-4.242766746323924,90.0,55.92006797200308,-4.195257422106852,92,6.631,504
55.887599010093325,-4.242766746323924,90.0,55.7944551107823,-4.1683749063061635,93,14.42,1682
55.887599010093325,-4.242766746323924,90.0,55.88003873447475,-4.304350182381346,94,5.031,573
55.887599010093325,-4.242766746323924,90.0,55.88308048053683,-4.2942103285768285,95,4.055,524
55.887599010093325,-4.242766746323924,90.0,55.80779271908626,-4.3234306371549245,96,15.549,1012
55.887599010093325,-4.242766746323924,90.0,55.90123467399992,-4.380968632189907,97,14.21,1373
55.887599010093325,-4.242766746323924,90.0,55.88049231589054,-4.293733205570284,98,4.533,538
55.887599010093325,-4.242766746323924,90.0,55.84697147961761,-4.334108806216461,99,12.15,887
55.887599010093325,-4.242766746323924,90.0,55.83067141211495,-4.195633651932574,100,14.142,958
55.887599010093325,-4.242766746323924,90.0,55.89350845984679,-4.099445363541155,101,12.906,966
55.887599010093325,-4.242766746323924,90.0,55.92592408664018,-4.179171340754611,102,8.802,647
55.887599010093325,-4.242766746323924,90.0,55.84941827409408,-4.169566750359822,103,8.893,883
55.887599010093325,-4.242766746323924,90.0,55.92413375575165,-4.226670311636797,104,7.0,1269
55.887599010093325,-4.242766746323924,90.0,55.88995713457192,-4.285031242761631,105,3.546,422
55.887599010093325,-4.242766746323924,90.0,55.90528066541109,-4.131569818675147,106,10.529,728
55.887599010093325,-4.242766746323924,90.0,55.87850608392288,-4.103517886631066,107,13.307,882
55.887599010093325,-4.242766746323924,90.0,55.80799405798939,-4.284953473560454,108,14.048,1142
55.887599010093325,-4.242766746323924,90.0,55.906815669822045,-4.385279074380807,109,10.791,1017
55.887599010093325,-4.242766746323924,90.0,55.916237634416454,-4.222407816066865,110,5.238,462
55.887599010093325,-4.242766746323924,90.0,55.915798955837815,-4.088621086891774,111,14.909,1035
55.887599010093325,-4.242766746323924,90.0,55.827538479175395,-4.350653065976025,112,14.622,970
55.887599010093325,-4.242766746323924,90.0,55.799515288981674,-4.0866627646338864,113,24.768,1320
55.887599010093325,-4.242766746323924,90.0,55.831024245961984,-4.244756518165482,114,8.106,826
55.887599010093325,-4.242766746323924,90.0,55.86754360554833,-4.2143078261423845,115,4.7,558
55.887599010093325,-4.242766746323924,90.0,55.8574985965699,-4.1521224561179935,116,10.673,832
55.887599010093325,-4.242766746323924,90.0,55.88095643501817,-4.32811659177277,117,7.827,755
55.887599010093325,-4.242766746323924,90.0,55.85240433608213,-4.177570445500026,118,8.178,755
55.887599010093325,-4.242766746323924,90.0,55.91169549549074,-4.359708873069638,119,9.702,889
55.887599010093325,-4.242766746323924,90.0,55.92640787519779,-4.300990956079843,120,7.453,482
55.887599010093325,-4.242766746323924,90.0,55.84019197366069,-4.205566157974415,121,8.685,927
55.887599010093325,-4.242766746323924,90.0,55.866619942939494,-4.268153778778456,122,6.008,607
55.887599010093325,-4.242766746323924,90.0,55.81327411986783,-4.2587495402872255,123,10.361,1056
55.887599010093325,-4.242766746323924,90.0,55.86022660117776,-4.154711133590585,124,9.89,759
55.887599010093325,-4.242766746323924,90.0,55.831522729053496,-4.370420634377527,125,16.676,1141
55.887599010093325,-4.242766746323924,90.0,55.84074346341779,-4.172411658039648,126,10.177,944
55.887599010093325,-4.242766746323924,90.0,55.8801412435821,-4.258666277618953,127,2.027,249
55.887599010093325,-4.242766746323924,90.0,55.8434159429892,-4.1056733307349536,128,18.046,1058
55.887599010093325,-4.242766746323924,90.0,55.83522057783537,-4.25736952395694,129,7.369,789
55.887599010093325,-4.242766746323924,90.0,55.86467774065618,-4.2250953414252415,130,4.24,404
55.887599010093325,-4.242766746323924,90.0,55.8953662249987,-4.231143624453162,131,2.425,272
55.887599010093325,-4.242766746323924,90.0,55.81920459649808,-4.236238450921302,132,10.089,968
55.887599010093325,-4.242766746323924,90.0,55.900795402502105,-4.206009410292495,133,4.592,467
55.887599010093325,-4.242766746323924,90.0,55.86078490474355,-4.339631469507248,134,14.519,969
55.887599010093325,-4.242766746323924,90.0,55.924999437053955,-4.191173279124663,135,6.882,514
55.887599010093325,-4.242766746323924,90.0,55.81549096669224,-4.126910343137958,136,23.108,1345
55.887599010093325,-4.242766746323924,90.0,55.90135585493081,-4.207622057499793,137,4.591,445
55.887599010093325,-4.242766746323924,90.0,55.845816555475636,-4.129576488296543,138,13.863,1001
55.887599010093325,-4.242766746323924,90.0,55.80470047644827,-4.291960781118721,139,14.075,1120
55.887599010093325,-4.242766746323924,90.0,55.89185394491289,-4.179857587296262,140,6.208,570
55.887599010093325,-4.242766746323924,90.0,55.91859399996558,-4.3401659608951215,141,10.214,693
55.887599010093325,-4.242766746323924,90.0,55.90671476836246,-4.3642865107142725,142,9.789,861
55.887599010093325,-4.242766746323924,90.0,55.81273399651921,-4.167613047894911,143,16.615,1140
55.887599010093325,-4.242766746323924,90.0,55.80939871413575,-4.276056954355674,144,13.956,1106
55.887599010093325,-4.242766746323924,90.0,55.88312869327199,-4.214542892826467,145,2.476,411
55.887599010093325,-4.242766746323924,90.0,55.815340374954424,-4.283514492524949,146,12.95,991
55.887599010093325,-4.242766746323924,90.0,55.87864379034378,-4.080636908866371,147,16.988,1056
55.887599010093325,-4.242766746323924,90.0,55.89423440492952,-4.2418874418647645,148,1.819,325
55.887599010093325,-4.242766746323924,90.0,55.92796852989922,-4.305970400193036,149,7.581,506
55.887599010093325,-4.242766746323924,90.0,55.92895153496988,-4.082888064137351,150,16.976,995
55.887599010093325,-4.242766746323924,90.0,55.790766759429424,-4.135285962371055,151,16.845,1323
55.887599010093325,-4.242766746323924,90.0,55.80808041573422,-4.184105792933229,152,12.475,1121
55.887599010093325,-4.242766746323924,90.0,55.7982747224006,-4.3931924101572655,153,18.747,1225
55.887599010093325,-4.242766746323924,90.0,55.81178474630603,-4.337962602706185,154,15.345,985
55.887599010093325,-4.242766746323924,90.0,55.852972007756,-4.353957895039277,155,13.718,972
55.887599010093325,-4.242766746323924,90.0,55.797152036890715,-4.311451416173846,156,17.317,1060
55.887599010093325,-4.242766746323924,90.0,55.84839482833289,-4.1889265673730645,157,7.922,772
55.887599010093325,-4.242766746323924,90.0,55.86383954752864,-4.387927326091926,158,19.31,1000
55.887599010093325,-4.242766746323924,90.0,55.807182357875575,-4.140487806234959,159,14.93,1308
55.887599010093325,-4.242766746323924,90.0,55.8296607577131,-4.218765551358871,160,9.088,963
55.887599010093325,-4.242766746323924,90.0,55.82699494590622,-4.295404959002084,161,12.781,864
55.887599010093325,-4.242766746323924,90.0,55.861248665443505,-4.307186036515638,162,12.421,899
55.887599010093325,-4.242766746323924,90.0,55.897857165570365,-4.156645648865112,163,7.745,622
55.887599010093325,-4.242766746323924,90.0,55.877747555317356,-4.342792329217214,164,8.425,861
55.887599010093325,-4.242766746323924,90.0,55.92259641850896,-4.389236283866068,165,14.213,897
55.887599010093325,-4.242766746323924,90.0,55.92621339590465,-4.2820478996479165,166,5.905,382
55.887599010093325,-4.242766746323924,90.0,55.80660612206145,-4.094012410496262,167,22.093,1346
55.887599010093325,-4.242766746323924,90.0,55.84605439624201,-4.09192094471571,168,14.19,765
55.887599010093325,-4.242766746323924,90.0,55.83961965364386,-4.1201104741133365,169,17.397,956
55.887599010093325,-4.242766746323924,90.0,55.85030951683019,-4.217608837338132,170,6.672,689
55.887599010093325,-4.242766746323924,90.0,55.85971342373431,-4.246748195156407,171,4.609,503
55.887599010093325,-4.242766746323924,90.0,55.815747728441636,-4.150792968910081,172,13.8,1205
55.887599010093325,-4.242766746323924,90.0,55.80041195127493,-4.3806303679601495,173,18.163,1177
55.887599010093325,-4.242766746323924,90.0,55.85487415463933,-4.092829020720908,174,14.0,766
55.887599010093325,-4.242766746323924,90.0,55.80456076444065,-4.203157873727267,175,12.7,1191
55.887599010093325,-4.242766746323924,90.0,55.84723005082115,-4.330151260440624,176,11.671,830
55.887599010093325,-4.242766746323924,90.0,55.88775631668876,-4.123428423568879,177,11.493,834
55.887599010093325,-4.242766746323924,90.0,55.82857385936083,-4.129579652409029,178,22.715,1324
55.887599010093325,-4.242766746323924,90.0,55.879865395443076,-4.36272007519476,179,9.333,887
55.887599010093325,-4.242766746323924,90.0,55.87973669437185,-4.215636550296907,180,3.391,435
55.887599010093325,-4.242766746323924,90.0,55.8162521393249,-4.1868605517933455,181,11.842,1103
55.887599010093325,-4.242766746323924,90.0,55.80755514535402,-4.201625161718038,182,12.453,1158
55.887599010093325,-4.242766746323924,90.0,55.85565398843102,-4.250533808562208,183,5.423,658
55.887599010093325,-4.242766746323924,90.0,55.929636326069506,-4.381100658166308,184,13.275,856
55.887599010093325,-4.242766746323924,90.0,55.879581066995904,-4.21986165885879,185,2.414,375
55.887599010093325,-4.242766746323924,90.0,55.92647877645629,-4.127886630011083,186,11.757,917
55.887599010093325,-4.242766746323924,90.0,55.82282427264178,-4.371094162561755,187,15.812,1064
55.887599010093325,-4.242766746323924,90.0,55.90291353127043,-4.3414180899754955,188,8.279,850
55.887599010093325,-4.242766746323924,90.0,55.78437024600116,-4.156926419796477,189,16.189,1338
55.887599010093325,-4.242766746323924,90.0,55.8321542449311,-4.1561720476648265,190,11.269,1059
55.887599010093325,-4.242766746323924,90.0,55.88310705812362,-4.084862107847263,191,18.254,928
55.887599010093325,-4.242766746323924,90.0,55.85616333886266,-4.110333739241922,192,12.801,810
55.887599010093325,-4.242766746323924,90.0,55.90185178498145,-4.152652007721208,193,8.289,1022
55.887599010093325,-4.242766746323924,90.0,55.8837118458465,-4.182392741162416,194,10.041,1622
55.887599010093325,-4.242766746323924,90.0,55.83086049774818,-4.312434105301623,195,13.715,968
55.887599010093325,-4.242766746323924,90.0,55.821849459706755,-4.176208567338996,196,15.743,1076
55.887599010093325,-4.242766746323924,90.0,55.88009750494633,-4.255964552703097,197,1.923,244
55.887599010093325,-4.242766746323924,90.0,55.87413911675089,-4.369807111055967,198,15.312,890
55.887599010093325,-4.242766746323924,90.0,55.86354071984154,-4.093406384811447,199,13.417,864
55.8169527430969,-4.295122354131909,91.0,55.8391698042901,-4.214478482526657,0,8.502,865
55.8169527430969,-4.295122354131909,91.0,55.86553667472969,-4.350500876963486,1,11.24,808
55.8169527430969,-4.295122354131909,91.0,55.912892829643965,-4.286410947894997,2,17.031,2124
55.8169527430969,-4.295122354131909,91.0,55.84854019346565,-4.391697428307927,3,9.716,842
55.8169527430969,-4.295122354131909,91.0,55.79232875093524,-4.310455024670266,4,4.111,404
55.8169527430969,-4.295122354131909,91.0,55.837143362020576,-4.120043492886959,5,13.968,948
55.8169527430969,-4.295122354131909,91.0,55.84185129809378,-4.283879851305767,6,4.2,397
55.8169527430969,-4.295122354131909,91.0,55.90609664927746,-4.311383718964596,7,14.416,1132
55.8169527430969,-4.295122354131909,91.0,55.7832172019226,-4.31249791159531,8,4.963,410
55.8169527430969,-4.295122354131909,91.0,55.8177258987159,-4.260489243356555,9,3.015,355
55.8169527430969,-4.295122354131909,91.0,55.903262790870684,-4.212111703691823,10,16.397,1199
55.8169527430969,-4.295122354131909,91.0,55.893978813107424,-4.1413270988368325,11,18.137,1206
55.8169527430969,-4.295122354131909,91.0,55.894884622950286,-4.154349650804189,12,20.522,1105
55.8169527430969,-4.295122354131909,91.0,55.80680963785043,-4.263605759417426,13,3.497,432
55.8169527430969,-4.295122354131909,91.0,55.81824312166051,-4.346878846315483,14,5.065,490
55.8169527430969,-4.295122354131909,91.0,55.84742656229786,-4.269221405976544,15,5.099,494
55.8169527430969,-4.295122354131909,91.0,55.80730424868546,-4.315177272898423,16,2.55,257
55.8169527430969,-4.295122354131909,91.0,55.83798278877758,-4.260604018644594,17,4.13,499
55.8169527430969,-4.295122354131909,91.0,55.89424631095569,-4.343398240721316,18,13.817,1000
55.8169527430969,-4.295122354131909,91.0,55.83908093533876,-4.223069302141199,19,7.859,919
55.8169527430969,-4.295122354131909,91.0,55.8357731433788,-4.270556349194068,20,3.253,320
55.8169527430969,-4.295122354131909,91.0,55.90309627527835,-4.360750370095284,21,15.85,1235
55.8169527430969,-4.295122354131909,91.0,55.85652103589449,-4.101365743428073,22,20.685,1149
55.8169527430969,-4.295122354131909,91.0,55.783736419963375,-4.235306054793451,23,8.854,741
55.8169527430969,-4.295122354131909,91.0,55.92064824587275,-4.2358362157531895,24,17.522,1180
55.8169527430969,-4.295122354131909,91.0,55.907674892744176,-4.2497703459088045,25,16.274,2225
55.8169527430969,-4.295122354131909,91.0,55.919604340921964,-4.226208116301384,26,17.446,1191
55.8169527430969,-4.295122354131909,91.0,55.83219148710444,-4.304581930326681,27,3.195,374
55.8169527430969,-4.295122354131909,91.0,55.79569701419853,-4.1769099124482585,28,10.26,957
55.8169527430969,-4.295122354131909,91.0,55.81260197667657,-4.197841211154324,29,7.762,824
55.8169527430969,-4.295122354131909,91.0,55.826092940761974,-4.176919409292903,30,9.479,1015
55.8169527430969,-4.295122354131909,91.0,55.828413149208096,-4.109650878166438,31,17.429,1211
55.8169527430969,-4.295122354131909,91.0,55.8999241737755,-4.257993823533507,32,13.48,1111
55.8169527430969,-4.295122354131909,91.0,55.892514250678616,-4.340118142906542,33,13.846,1012
55.8169527430969,-4.295122354131909,91.0,55.855241629670886,-4.269936069312288,34,7.926,708
55.8169527430969,-4.295122354131909,91.0,55.877364911629314,-4.109701193625618,35,21.086,1250
55.8169527430969,-4.295122354131909,91.0,55.887053111734645,-4.1280531391159245,36,21.388,1216
55.8169527430969,-4.295122354131909,91.0,55.89108676863447,-4.105446803942431,37,23.121,1522
55.8169527430969,-4.295122354131909,91.0,55.842635153466425,-4.334387903339716,38,5.861,574
55.8169527430969,-4.295122354131909,91.0,55.89197542936556,-4.19614108945253,39,17.395,1050
55.8169527430969,-4.295122354131909,91.0,55.825849135803445,-4.321179033230789,40,3.174,295
55.8169527430969,-4.295122354131909,91.0,55.81864602215581,-4.375055705699034,41,6.094,498
55.8169527430969,-4.295122354131909,91.0,55.92613065482397,-4.212698358862173,42,17.908,1244
55.8169527430969,-4.295122354131909,91.0,55.874439929608144,-4.279689658904073,43,10.12,778
55.8169527430969,-4.295122354131909,91.0,55.81998166828728,-4.245455535821837,44,3.951,456
55.8169527430969,-4.295122354131909,91.0,55.91066980601156,-4.213502644426629,45,16.86,1195
55.8169527430969,-4.295122354131909,91.0,55.8404807486866,-4.356656090229781,46,6.209,610
55.8169527430969,-4.295122354131909,91.0,55.88708229912325,-4.079055837843032,47,22.76,1291
55.8169527430969,-4.295122354131909,91.0,55.84510555179576,-4.178720975321847,48,12.29,1036
55.8169527430969,-4.295122354131909,91.0,55.84413340760586,-4.085244529493477,49,19.457,1665
55.8169527430969,-4.295122354131909,91.0,55.83324217210475,-4.157183908594519,50,12.152,1033
55.8169527430969,-4.295122354131909,91.0,55.895753278756494,-4.323131413571223,51,13.603,1111
55.8169527430969,-4.295122354131909,91.0,55.88609925330935,-4.38354364327563,52,12.273,876
55.8169527430969,-4.295122354131909,91.0,55.86596770908397,-4.338853955125049,53,9.056,757
55.8169527430969,-4.295122354131909,91.0,55.819381988004544,-4.256567679373081,54,3.081,358
55.8169527430969,-4.295122354131909,91.0,55.919398785577634,-4.298102785445152,55,17.307,1804
55.8169527430969,-4.295122354131909,91.0,55.81052481551728,-4.0780884232687225,56,20.228,2358
55.8169527430969,-4.295122354131909,91.0,55.8411814367945,-4.125490362928665,57,15.51,1106
55.8169527430969,-4.295122354131909,91.0,55.844855881791794,-4.151320272286683,58,13.142,1087
55.8169527430969,-4.295122354131909,91.0,55.79334532620707,-4.3052187624925375,59,3.706,365
55.8169527430969,-4.295122354131909,91.0,55.78499644933002,-4.082518262203789,60,17.454,1246
55.8169527430969,-4.295122354131909,91.0,55.86482365717543,-4.074666870071637,61,22.951,1366
55.8169527430969,-4.295122354131909,91.0,55.910543969585106,-4.384534109666136,62,17.677,1300
55.8169527430969,-4.295122354131909,91.0,55.799715679086134,-4.188568421733812,63,10.771,1110
55.8169527430969,-4.295122354131909,91.0,55.90005630083831,-4.294022887833187,64,13.488,1086
55.8169527430969,-4.295122354131909,91.0,55.82573931186619,-4.210157383495828,65,6.979,752
55.8169527430969,-4.295122354131909,91.0,55.88010014610652,-4.288014027401103,66,12.209,1054
55.8169527430969,-4.295122354131909,91.0,55.8836463272421,-4.377148406451105,67,12.043,954
55.8169527430969,-4.295122354131909,91.0,55.80511293548626,-4.195982430231648,68,8.487,857
55.8169527430969,-4.295122354131909,91.0,55.9265186267864,-4.256321117900257,69,16.845,1218
55.8169527430969,-4.295122354131909,91.0,55.90353118048908,-4.119171950823842,70,22.284,1458
55.8169527430969,-4.295122354131909,91.0,55.81502357146685,-4.260984914919316,71,2.726,332
55.8169527430969,-4.295122354131909,91.0,55.894355058439295,-4.293143876300353,72,12.778,1033
55.8169527430969,-4.295122354131909,91.0,55.80246488546192,-4.242274834364847,73,5.749,632
55.8169527430969,-4.295122354131909,91.0,55.887581813102464,-4.2985753032369685,74,12.39,1030
55.8169527430969,-4.295122354131909,91.0,55.928290955083554,-4.295962301582311,75,17.729,1219
55.8169527430969,-4.295122354131909,91.0,55.81096058143004,-4.368797105646974,76,6.197,559
55.8169527430969,-4.295122354131909,91.0,55.84818750128869,-4.3631808239548375,77,8.955,744
55.8169527430969,-4.295122354131909,91.0,55.81610352786554,-4.330910795148831,78,3.295,247
55.8169527430969,-4.295122354131909,91.0,55.807034270653475,-4.136077366584948,79,15.008,1138
55.8169527430969,-4.295122354131909,91.0,55.86778114631985,-4.233612892312959,80,11.971,861
55.8169527430969,-4.295122354131909,91.0,55.79578956690847,-4.368290459919509,81,8.913,1801
55.8169527430969,-4.295122354131909,91.0,55.897877306124535,-4.077031107370425,82,24.912,1989
55.8169527430969,-4.295122354131909,91.0,55.80721289582252,-4.242612882195534,83,4.972,584
55.8169527430969,-4.295122354131909,91.0,55.92209393969709,-4.157940141970138,84,22.055,1256
55.8169527430969,-4.295122354131909,91.0,55.79188265083702,-4.28147512844989,85,4.568,413
55.8169527430969,-4.295122354131909,91.0,55.88043814367632,-4.104360473798184,86,20.898,1210
55.8169527430969,-4.295122354131909,91.0,55.90345994988174,-4.293652184560058,87,13.957,1131
55.8169527430969,-4.295122354131909,91.0,55.91230525016259,-4.108196424937476,88,23.552,1403
55.8169527430969,-4.295122354131909,91.0,55.90569137930351,-4.3852429216612405,89,17.712,1323
55.8169527430969,-4.295122354131909,91.0,55.824402119970216,-4.298242138123909,90,1.686,237
55.8169527430969,-4.295122354131909,91.0,55.887104625653905,-4.201059285828647,91,15.107,1199
55.8169527430969,-4.295122354131909,91.0,55.92006797200308,-4.195257422106852,92,18.754,1222
55.8169527430969,-4.295122354131909,91.0,55.7944551107823,-4.1683749063061635,93,10.39,1392
55.8169527430969,-4.295122354131909,91.0,55.88003873447475,-4.304350182381346,94,11.949,934
55.8169527430969,-4.295122354131909,91.0,55.88308048053683,-4.2942103285768285,95,11.549,909
55.8169527430969,-4.295122354131909,91.0,55.80779271908626,-4.3234306371549245,96,3.15,326
55.8169527430969,-4.295122354131909,91.0,55.90123467399992,-4.380968632189907,97,18.042,1445
55.8169527430969,-4.295122354131909,91.0,55.88049231589054,-4.293733205570284,98,11.451,899
55.8169527430969,-4.295122354131909,91.0,55.84697147961761,-4.334108806216461,99,6.172,650
55.8169527430969,-4.295122354131909,91.0,55.83067141211495,-4.195633651932574,100,9.435,899
55.8169527430969,-4.295122354131909,91.0,55.89350845984679,-4.099445363541155,101,22.936,1354
55.8169527430969,-4.295122354131909,91.0,55.92592408664018,-4.179171340754611,102,23.396,1339
55.8169527430969,-4.295122354131909,91.0,55.84941827409408,-4.169566750359822,103,12.995,1102
55.8169527430969,-4.295122354131909,91.0,55.92413375575165,-4.226670311636797,104,19.123,1986
55.8169527430969,-4.295122354131909,91.0,55.88995713457192,-4.285031242761631,105,11.718,936
55.8169527430969,-4.295122354131909,91.0,55.90528066541109,-4.131569818675147,106,19.734,1103
55.8169527430969,-4.295122354131909,91.0,55.87850608392288,-4.103517886631066,107,21.229,1243
55.8169527430969,-4.295122354131909,91.0,55.80799405798939,-4.284953473560454,108,2.327,309
55.8169527430969,-4.295122354131909,91.0,55.906815669822045,-4.385279074380807,109,17.023,1238
55.8169527430969,-4.295122354131909,91.0,55.916237634416454,-4.222407816066865,110,17.361,1179
55.8169527430969,-4.295122354131909,91.0,55.915798955837815,-4.088621086891774,111,26.636,1434
55.8169527430969,-4.295122354131909,91.0,55.827538479175395,-4.350653065976025,112,4.434,421
55.8169527430969,-4.295122354131909,91.0,55.799515288981674,-4.0866627646338864,113,18.013,1363
55.8169527430969,-4.295122354131909,91.0,55.831024245961984,-4.244756518165482,114,5.278,579
55.8169527430969,-4.295122354131909,91.0,55.86754360554833,-4.2143078261423845,115,13.311,977
55.8169527430969,-4.295122354131909,91.0,55.8574985965699,-4.1521224561179935,116,14.298,1212
55.8169527430969,-4.295122354131909,91.0,55.88095643501817,-4.32811659177277,117,11.659,827
55.8169527430969,-4.295122354131909,91.0,55.85240433608213,-4.177570445500026,118,13.159,1153
55.8169527430969,-4.295122354131909,91.0,55.91169549549074,-4.359708873069638,119,17.874,1416
55.8169527430969,-4.295122354131909,91.0,55.92640787519779,-4.300990956079843,120,18.177,1268
55.8169527430969,-4.295122354131909,91.0,55.84019197366069,-4.205566157974415,121,8.988,980
55.8169527430969,-4.295122354131909,91.0,55.866619942939494,-4.268153778778456,122,8.279,847
55.8169527430969,-4.295122354131909,91.0,55.81327411986783,-4.2587495402872255,123,3.405,403
55.8169527430969,-4.295122354131909,91.0,55.86022660117776,-4.154711133590585,124,17.812,1120
55.8169527430969,-4.295122354131909,91.0,55.831522729053496,-4.370420634377527,125,6.488,591
55.8169527430969,-4.295122354131909,91.0,55.84074346341779,-4.172411658039648,126,11.363,956
55.8169527430969,-4.295122354131909,91.0,55.8801412435821,-4.258666277618953,127,11.317,927
55.8169527430969,-4.295122354131909,91.0,55.8434159429892,-4.1056733307349536,128,15.766,1135
55.8169527430969,-4.295122354131909,91.0,55.83522057783537,-4.25736952395694,129,4.182,486
55.8169527430969,-4.295122354131909,91.0,55.86467774065618,-4.2250953414252415,130,12.095,813
55.8169527430969,-4.295122354131909,91.0,55.8953662249987,-4.231143624453162,131,14.548,991
55.8169527430969,-4.295122354131909,91.0,55.81920459649808,-4.236238450921302,132,4.535,507
55.8169527430969,-4.295122354131909,91.0,55.900795402502105,-4.206009410292495,133,16.715,1186
55.8169527430969,-4.295122354131909,91.0,55.86078490474355,-4.339631469507248,134,9.591,852
55.8169527430969,-4.295122354131909,91.0,55.924999437053955,-4.191173279124663,135,19.005,1231
55.8169527430969,-4.295122354131909,91.0,55.81549096669224,-4.126910343137958,136,16.065,1226
55.8169527430969,-4.295122354131909,91.0,55.90135585493081,-4.207622057499793,137,16.714,1163
55.8169527430969,-4.295122354131909,91.0,55.845816555475636,-4.129576488296543,138,14.515,1177
55.8169527430969,-4.295122354131909,91.0,55.80470047644827,-4.291960781118721,139,2.16,286
55.8169527430969,-4.295122354131909,91.0,55.89185394491289,-4.179857587296262,140,16.299,974
55.8169527430969,-4.295122354131909,91.0,55.91859399996558,-4.3401659608951215,141,16.74,1266
55.8169527430969,-4.295122354131909,91.0,55.90671476836246,-4.3642865107142725,142,16.602,1291
55.8169527430969,-4.295122354131909,91.0,55.81273399651921,-4.167613047894911,143,9.991,963
55.8169527430969,-4.295122354131909,91.0,55.80939871413575,-4.276056954355674,144,2.041,257
55.8169527430969,-4.295122354131909,91.0,55.88312869327199,-4.214542892826467,145,14.119,1018
55.8169527430969,-4.295122354131909,91.0,55.815340374954424,-4.283514492524949,146,1.035,142
55.8169527430969,-4.295122354131909,91.0,55.87864379034378,-4.080636908866371,147,23.74,1326
55.8169527430969,-4.295122354131909,91.0,55.89423440492952,-4.2418874418647645,148,15.111,1075
55.8169527430969,-4.295122354131909,91.0,55.92796852989922,-4.305970400193036,149,18.305,1291
55.8169527430969,-4.295122354131909,91.0,55.92895153496988,-4.082888064137351,150,27.006,1384
55.8169527430969,-4.295122354131909,91.0,55.790766759429424,-4.135285962371055,151,12.815,1033
55.8169527430969,-4.295122354131909,91.0,55.80808041573422,-4.184105792933229,152,8.788,865
55.8169527430969,-4.295122354131909,91.0,55.7982747224006,-4.3931924101572655,153,7.835,667
55.8169527430969,-4.295122354131909,91.0,55.81178474630603,-4.337962602706185,154,3.71,292
55.8169527430969,-4.295122354131909,91.0,55.852972007756,-4.353957895039277,155,7.54,801
55.8169527430969,-4.295122354131909,91.0,55.797152036890715,-4.311451416173846,156,3.996,398
55.8169527430969,-4.295122354131909,91.0,55.84839482833289,-4.1889265673730645,157,12.941,1070
55.8169527430969,-4.295122354131909,91.0,55.86383954752864,-4.387927326091926,158,14.382,882
55.8169527430969,-4.295122354131909,91.0,55.807182357875575,-4.140487806234959,159,12.091,1092
55.8169527430969,-4.295122354131909,91.0,55.8296607577131,-4.218765551358871,160,6.913,754
55.8169527430969,-4.295122354131909,91.0,55.82699494590622,-4.295404959002084,161,1.967,232
55.8169527430969,-4.295122354131909,91.0,55.861248665443505,-4.307186036515638,162,6.435,675
55.8169527430969,-4.295122354131909,91.0,55.897857165570365,-4.156645648865112,163,17.775,1011
55.8169527430969,-4.295122354131909,91.0,55.877747555317356,-4.342792329217214,164,12.257,933
55.8169527430969,-4.295122354131909,91.0,55.92259641850896,-4.389236283866068,165,27.744,1446
55.8169527430969,-4.295122354131909,91.0,55.92621339590465,-4.2820478996479165,166,16.629,1167
55.8169527430969,-4.295122354131909,91.0,55.80660612206145,-4.094012410496262,167,19.813,1423
55.8169527430969,-4.295122354131909,91.0,55.84605439624201,-4.09192094471571,168,22.112,1126
55.8169527430969,-4.295122354131909,91.0,55.83961965364386,-4.1201104741133365,169,15.117,1033
55.8169527430969,-4.295122354131909,91.0,55.85030951683019,-4.217608837338132,170,8.408,953
55.8169527430969,-4.295122354131909,91.0,55.85971342373431,-4.246748195156407,171,7.586,861
55.8169527430969,-4.295122354131909,91.0,55.815747728441636,-4.150792968910081,172,11.26,1138
55.8169527430969,-4.295122354131909,91.0,55.80041195127493,-4.3806303679601495,173,7.251,619
55.8169527430969,-4.295122354131909,91.0,55.85487415463933,-4.092829020720908,174,21.922,1127
55.8169527430969,-4.295122354131909,91.0,55.80456076444065,-4.203157873727267,175,8.506,859
55.8169527430969,-4.295122354131909,91.0,55.84723005082115,-4.330151260440624,176,6.06,619
55.8169527430969,-4.295122354131909,91.0,55.88775631668876,-4.123428423568879,177,21.523,1222
55.8169527430969,-4.295122354131909,91.0,55.82857385936083,-4.129579652409029,178,13.782,1325
55.8169527430969,-4.295122354131909,91.0,55.879865395443076,-4.36272007519476,179,13.165,959
55.8169527430969,-4.295122354131909,91.0,55.87973669437185,-4.215636550296907,180,13.406,1029
55.8169527430969,-4.295122354131909,91.0,55.8162521393249,-4.1868605517933455,181,8.259,855
55.8169527430969,-4.295122354131909,91.0,55.80755514535402,-4.201625161718038,182,7.741,806
55.8169527430969,-4.295122354131909,91.0,55.85565398843102,-4.250533808562208,183,6.112,715
55.8169527430969,-4.295122354131909,91.0,55.929636326069506,-4.381100658166308,184,28.73,1467
55.8169527430969,-4.295122354131909,91.0,55.879581066995904,-4.21986165885879,185,13.047,1010
55.8169527430969,-4.295122354131909,91.0,55.92647877645629,-4.127886630011083,186,23.137,1342
55.8169527430969,-4.295122354131909,91.0,55.82282427264178,-4.371094162561755,187,5.624,514
55.8169527430969,-4.295122354131909,91.0,55.90291353127043,-4.3414180899754955,188,14.648,1169
55.8169527430969,-4.295122354131909,91.0,55.78437024600116,-4.156926419796477,189,12.159,1047
55.8169527430969,-4.295122354131909,91.0,55.8321542449311,-4.1561720476648265,190,12.192,1047
55.8169527430969,-4.295122354131909,91.0,55.88310705812362,-4.084862107847263,191,20.901,1208
55.8169527430969,-4.295122354131909,91.0,55.85616333886266,-4.110333739241922,192,20.723,1171
55.8169527430969,-4.295122354131909,91.0,55.90185178498145,-4.152652007721208,193,21.684,1635
55.8169527430969,-4.295122354131909,91.0,55.8837118458465,-4.182392741162416,194,17.963,1983
55.8169527430969,-4.295122354131909,91.0,55.83086049774818,-4.312434105301623,195,2.779,276
55.8169527430969,-4.295122354131909,91.0,55.821849459706755,-4.176208567338996,196,9.89,1012
55.8169527430969,-4.295122354131909,91.0,55.88009750494633,-4.255964552703097,197,11.003,906
55.8169527430969,-4.295122354131909,91.0,55.87413911675089,-4.369807111055967,198,10.384,773
55.8169527430969,-4.295122354131909,91.0,55.86354071984154,-4.093406384811447,199,21.339,1225
55.85150203561305,-4.132085263818125,92.0,55.8391698042901,-4.214478482526657,0,7.523,586
55.85150203561305,-4.132085263818125,92.0,55.86553667472969,-4.350500876963486,1,19.86,1015
55.85150203561305,-4.132085263818125,92.0,55.912892829643965,-4.286410947894997,2,18.772,2084
55.85150203561305,-4.132085263818125,92.0,55.84854019346565,-4.391697428307927,3,19.291,1236
55.85150203561305,-4.132085263818125,92.0,55.79232875093524,-4.310455024670266,4,21.756,1213
55.85150203561305,-4.132085263818125,92.0,55.837143362020576,-4.120043492886959,5,5.719,378
55.85150203561305,-4.132085263818125,92.0,55.84185129809378,-4.283879851305767,6,11.73,889
55.85150203561305,-4.132085263818125,92.0,55.90609664927746,-4.311383718964596,7,17.456,1193
55.85150203561305,-4.132085263818125,92.0,55.7832172019226,-4.31249791159531,8,17.713,1255
55.85150203561305,-4.132085263818125,92.0,55.8177258987159,-4.260489243356555,9,11.68,801
55.85150203561305,-4.132085263818125,92.0,55.903262790870684,-4.212111703691823,10,12.009,974
55.85150203561305,-4.132085263818125,92.0,55.893978813107424,-4.1413270988368325,11,9.938,748
55.85150203561305,-4.132085263818125,92.0,55.894884622950286,-4.154349650804189,12,17.832,763
55.85150203561305,-4.132085263818125,92.0,55.80680963785043,-4.263605759417426,13,14.118,1068
55.85150203561305,-4.132085263818125,92.0,55.81824312166051,-4.346878846315483,14,18.919,1127
55.85150203561305,-4.132085263818125,92.0,55.84742656229786,-4.269221405976544,15,12.095,907
55.85150203561305,-4.132085263818125,92.0,55.80730424868546,-4.315177272898423,16,18.625,1112
55.85150203561305,-4.132085263818125,92.0,55.83798278877758,-4.260604018644594,17,10.201,703
55.85150203561305,-4.132085263818125,92.0,55.89424631095569,-4.343398240721316,18,17.317,1173
55.85150203561305,-4.132085263818125,92.0,55.83908093533876,-4.223069302141199,19,8.022,674
55.85150203561305,-4.132085263818125,92.0,55.8357731433788,-4.270556349194068,20,10.885,753
55.85150203561305,-4.132085263818125,92.0,55.90309627527835,-4.360750370095284,21,19.35,1408
55.85150203561305,-4.132085263818125,92.0,55.85652103589449,-4.101365743428073,22,2.528,262
55.85150203561305,-4.132085263818125,92.0,55.783736419963375,-4.235306054793451,23,12.376,914
55.85150203561305,-4.132085263818125,92.0,55.92064824587275,-4.2358362157531895,24,16.37,1074
55.85150203561305,-4.132085263818125,92.0,55.907674892744176,-4.2497703459088045,25,15.122,2119
55.85150203561305,-4.132085263818125,92.0,55.919604340921964,-4.226208116301384,26,14.216,1034
55.85150203561305,-4.132085263818125,92.0,55.83219148710444,-4.304581930326681,27,17.797,1154
55.85150203561305,-4.132085263818125,92.0,55.79569701419853,-4.1769099124482585,28,8.551,670
55.85150203561305,-4.132085263818125,92.0,55.81260197667657,-4.197841211154324,29,9.388,721
55.85150203561305,-4.132085263818125,92.0,55.826092940761974,-4.176919409292903,30,5.647,523
55.85150203561305,-4.132085263818125,92.0,55.828413149208096,-4.109650878166438,31,5.672,438
55.85150203561305,-4.132085263818125,92.0,55.8999241737755,-4.257993823533507,32,15.221,1064
55.85150203561305,-4.132085263818125,92.0,55.892514250678616,-4.340118142906542,33,17.346,1185
55.85150203561305,-4.132085263818125,92.0,55.855241629670886,-4.269936069312288,34,13.308,703
55.85150203561305,-4.132085263818125,92.0,55.877364911629314,-4.109701193625618,35,6.745,575
55.85150203561305,-4.132085263818125,92.0,55.887053111734645,-4.1280531391159245,36,16.346,843
55.85150203561305,-4.132085263818125,92.0,55.89108676863447,-4.105446803942431,37,10.687,854
55.85150203561305,-4.132085263818125,92.0,55.842635153466425,-4.334387903339716,38,15.728,943
55.85150203561305,-4.132085263818125,92.0,55.89197542936556,-4.19614108945253,39,9.793,698
55.85150203561305,-4.132085263818125,92.0,55.825849135803445,-4.321179033230789,40,15.975,1054
55.85150203561305,-4.132085263818125,92.0,55.81864602215581,-4.375055705699034,41,19.948,1136
55.85150203561305,-4.132085263818125,92.0,55.92613065482397,-4.212698358862173,42,14.08,1056
55.85150203561305,-4.132085263818125,92.0,55.874439929608144,-4.279689658904073,43,13.149,825
55.85150203561305,-4.132085263818125,92.0,55.81998166828728,-4.245455535821837,44,11.16,706
55.85150203561305,-4.132085263818125,92.0,55.91066980601156,-4.213502644426629,45,13.711,1049
55.85150203561305,-4.132085263818125,92.0,55.8404807486866,-4.356656090229781,46,19.38,1210
55.85150203561305,-4.132085263818125,92.0,55.88708229912325,-4.079055837843032,47,8.317,447
55.85150203561305,-4.132085263818125,92.0,55.84510555179576,-4.178720975321847,48,4.175,386
55.85150203561305,-4.132085263818125,92.0,55.84413340760586,-4.085244529493477,49,7.234,859
55.85150203561305,-4.132085263818125,92.0,55.83324217210475,-4.157183908594519,50,3.553,330
55.85150203561305,-4.132085263818125,92.0,55.895753278756494,-4.323131413571223,51,17.088,1247
55.85150203561305,-4.132085263818125,92.0,55.88609925330935,-4.38354364327563,52,20.893,1083
55.85150203561305,-4.132085263818125,92.0,55.86596770908397,-4.338853955125049,53,17.676,963
55.85150203561305,-4.132085263818125,92.0,55.819381988004544,-4.256567679373081,54,12.589,856
55.85150203561305,-4.132085263818125,92.0,55.919398785577634,-4.298102785445152,55,19.048,1764
55.85150203561305,-4.132085263818125,92.0,55.81052481551728,-4.0780884232687225,56,8.471,1585
55.85150203561305,-4.132085263818125,92.0,55.8411814367945,-4.125490362928665,57,1.926,188
55.85150203561305,-4.132085263818125,92.0,55.844855881791794,-4.151320272286683,58,3.611,342
55.85150203561305,-4.132085263818125,92.0,55.79334532620707,-4.3052187624925375,59,16.456,1203
55.85150203561305,-4.132085263818125,92.0,55.78499644933002,-4.082518262203789,60,12.537,630
55.85150203561305,-4.132085263818125,92.0,55.86482365717543,-4.074666870071637,61,5.001,543
55.85150203561305,-4.132085263818125,92.0,55.910543969585106,-4.384534109666136,62,21.177,1473
55.85150203561305,-4.132085263818125,92.0,55.799715679086134,-4.188568421733812,63,8.879,860
55.85150203561305,-4.132085263818125,92.0,55.90005630083831,-4.294022887833187,64,16.528,1147
55.85150203561305,-4.132085263818125,92.0,55.82573931186619,-4.210157383495828,65,7.445,535
55.85150203561305,-4.132085263818125,92.0,55.88010014610652,-4.288014027401103,66,15.249,1115
55.85150203561305,-4.132085263818125,92.0,55.8836463272421,-4.377148406451105,67,20.663,1160
55.85150203561305,-4.132085263818125,92.0,55.80511293548626,-4.195982430231648,68,8.703,715
55.85150203561305,-4.132085263818125,92.0,55.9265186267864,-4.256321117900257,69,18.586,1178
55.85150203561305,-4.132085263818125,92.0,55.90353118048908,-4.119171950823842,70,11.289,914
55.85150203561305,-4.132085263818125,92.0,55.81502357146685,-4.260984914919316,71,12.037,836
55.85150203561305,-4.132085263818125,92.0,55.894355058439295,-4.293143876300353,72,15.818,1094
55.85150203561305,-4.132085263818125,92.0,55.80246488546192,-4.242274834364847,73,13.301,932
55.85150203561305,-4.132085263818125,92.0,55.887581813102464,-4.2985753032369685,74,15.43,1090
55.85150203561305,-4.132085263818125,92.0,55.928290955083554,-4.295962301582311,75,19.47,1178
55.85150203561305,-4.132085263818125,92.0,55.81096058143004,-4.368797105646974,76,21.605,1218
55.85150203561305,-4.132085263818125,92.0,55.84818750128869,-4.3631808239548375,77,20.366,1062
55.85150203561305,-4.132085263818125,92.0,55.81610352786554,-4.330910795148831,78,17.944,968
55.85150203561305,-4.132085263818125,92.0,55.807034270653475,-4.136077366584948,79,7.577,618
55.85150203561305,-4.132085263818125,92.0,55.86778114631985,-4.233612892312959,80,10.279,689
55.85150203561305,-4.132085263818125,92.0,55.79578956690847,-4.368290459919509,81,26.689,2413
55.85150203561305,-4.132085263818125,92.0,55.897877306124535,-4.077031107370425,82,10.676,1192
55.85150203561305,-4.132085263818125,92.0,55.80721289582252,-4.242612882195534,83,12.524,884
55.85150203561305,-4.132085263818125,92.0,55.92209393969709,-4.157940141970138,84,19.933,941
55.85150203561305,-4.132085263818125,92.0,55.79188265083702,-4.28147512844989,85,15.491,1127
55.85150203561305,-4.132085263818125,92.0,55.88043814367632,-4.104360473798184,86,9.006,549
55.85150203561305,-4.132085263818125,92.0,55.90345994988174,-4.293652184560058,87,18.245,1220
55.85150203561305,-4.132085263818125,92.0,55.91230525016259,-4.108196424937476,88,13.969,816
55.85150203561305,-4.132085263818125,92.0,55.90569137930351,-4.3852429216612405,89,21.212,1496
55.85150203561305,-4.132085263818125,92.0,55.824402119970216,-4.298242138123909,90,16.411,975
55.85150203561305,-4.132085263818125,92.0,55.887104625653905,-4.201059285828647,91,9.567,772
55.85150203561305,-4.132085263818125,92.0,55.92006797200308,-4.195257422106852,92,22.003,986
55.85150203561305,-4.132085263818125,92.0,55.7944551107823,-4.1683749063061635,93,8.681,1104
55.85150203561305,-4.132085263818125,92.0,55.88003873447475,-4.304350182381346,94,14.763,998
55.85150203561305,-4.132085263818125,92.0,55.88308048053683,-4.2942103285768285,95,14.363,973
55.85150203561305,-4.132085263818125,92.0,55.80779271908626,-4.3234306371549245,96,19.215,1100
55.85150203561305,-4.132085263818125,92.0,55.90123467399992,-4.380968632189907,97,24.365,1672
55.85150203561305,-4.132085263818125,92.0,55.88049231589054,-4.293733205570284,98,14.265,963
55.85150203561305,-4.132085263818125,92.0,55.84697147961761,-4.334108806216461,99,15.842,976
55.85150203561305,-4.132085263818125,92.0,55.83067141211495,-4.195633651932574,100,6.689,550
55.85150203561305,-4.132085263818125,92.0,55.89350845984679,-4.099445363541155,101,9.754,624
55.85150203561305,-4.132085263818125,92.0,55.92592408664018,-4.179171340754611,102,21.274,1024
55.85150203561305,-4.132085263818125,92.0,55.84941827409408,-4.169566750359822,103,2.78,278
55.85150203561305,-4.132085263818125,92.0,55.92413375575165,-4.226670311636797,104,15.295,1798
55.85150203561305,-4.132085263818125,92.0,55.88995713457192,-4.285031242761631,105,14.758,997
55.85150203561305,-4.132085263818125,92.0,55.90528066541109,-4.131569818675147,106,17.612,788
55.85150203561305,-4.132085263818125,92.0,55.87850608392288,-4.103517886631066,107,9.337,582
55.85150203561305,-4.132085263818125,92.0,55.80799405798939,-4.284953473560454,108,13.904,1072
55.85150203561305,-4.132085263818125,92.0,55.906815669822045,-4.385279074380807,109,20.523,1411
55.85150203561305,-4.132085263818125,92.0,55.916237634416454,-4.222407816066865,110,14.131,1023
55.85150203561305,-4.132085263818125,92.0,55.915798955837815,-4.088621086891774,111,12.835,700
55.85150203561305,-4.132085263818125,92.0,55.827538479175395,-4.350653065976025,112,18.288,1058
55.85150203561305,-4.132085263818125,92.0,55.799515288981674,-4.0866627646338864,113,9.987,710
55.85150203561305,-4.132085263818125,92.0,55.831024245961984,-4.244756518165482,114,9.641,607
55.85150203561305,-4.132085263818125,92.0,55.86754360554833,-4.2143078261423845,115,8.952,675
55.85150203561305,-4.132085263818125,92.0,55.8574985965699,-4.1521224561179935,116,2.486,262
55.85150203561305,-4.132085263818125,92.0,55.88095643501817,-4.32811659177277,117,17.982,1055
55.85150203561305,-4.132085263818125,92.0,55.85240433608213,-4.177570445500026,118,3.058,293
55.85150203561305,-4.132085263818125,92.0,55.91169549549074,-4.359708873069638,119,20.914,1476
55.85150203561305,-4.132085263818125,92.0,55.92640787519779,-4.300990956079843,120,19.918,1227
55.85150203561305,-4.132085263818125,92.0,55.84019197366069,-4.205566157974415,121,8.009,701
55.85150203561305,-4.132085263818125,92.0,55.866619942939494,-4.268153778778456,122,12.226,806
55.85150203561305,-4.132085263818125,92.0,55.81327411986783,-4.2587495402872255,123,12.016,845
55.85150203561305,-4.132085263818125,92.0,55.86022660117776,-4.154711133590585,124,2.839,293
55.85150203561305,-4.132085263818125,92.0,55.831522729053496,-4.370420634377527,125,20.342,1229
55.85150203561305,-4.132085263818125,92.0,55.84074346341779,-4.172411658039648,126,3.897,347
55.85150203561305,-4.132085263818125,92.0,55.8801412435821,-4.258666277618953,127,12.502,820
55.85150203561305,-4.132085263818125,92.0,55.8434159429892,-4.1056733307349536,128,3.537,305
55.85150203561305,-4.132085263818125,92.0,55.83522057783537,-4.25736952395694,129,10.175,704
55.85150203561305,-4.132085263818125,92.0,55.86467774065618,-4.2250953414252415,130,10.172,593
55.85150203561305,-4.132085263818125,92.0,55.8953662249987,-4.231143624453162,131,13.396,885
55.85150203561305,-4.132085263818125,92.0,55.81920459649808,-4.236238450921302,132,11.744,757
55.85150203561305,-4.132085263818125,92.0,55.900795402502105,-4.206009410292495,133,11.194,864
55.85150203561305,-4.132085263818125,92.0,55.86078490474355,-4.339631469507248,134,18.211,1058
55.85150203561305,-4.132085263818125,92.0,55.924999437053955,-4.191173279124663,135,21.752,977
55.85150203561305,-4.132085263818125,92.0,55.81549096669224,-4.126910343137958,136,7.646,614
55.85150203561305,-4.132085263818125,92.0,55.90135585493081,-4.207622057499793,137,11.193,842
55.85150203561305,-4.132085263818125,92.0,55.845816555475636,-4.129576488296543,138,0.774,107
55.85150203561305,-4.132085263818125,92.0,55.80470047644827,-4.291960781118721,139,14.91,1132
55.85150203561305,-4.132085263818125,92.0,55.89185394491289,-4.179857587296262,140,10.397,641
55.85150203561305,-4.132085263818125,92.0,55.91859399996558,-4.3401659608951215,141,19.78,1327
55.85150203561305,-4.132085263818125,92.0,55.90671476836246,-4.3642865107142725,142,21.001,1448
55.85150203561305,-4.132085263818125,92.0,55.81273399651921,-4.167613047894911,143,6.01,471
55.85150203561305,-4.132085263818125,92.0,55.80939871413575,-4.276056954355674,144,13.192,960
55.85150203561305,-4.132085263818125,92.0,55.88312869327199,-4.214542892826467,145,9.194,743
55.85150203561305,-4.132085263818125,92.0,55.815340374954424,-4.283514492524949,146,13.362,978
55.85150203561305,-4.132085263818125,92.0,55.87864379034378,-4.080636908866371,147,9.297,481
55.85150203561305,-4.132085263818125,92.0,55.89423440492952,-4.2418874418647645,148,13.959,969
55.85150203561305,-4.132085263818125,92.0,55.92796852989922,-4.305970400193036,149,20.046,1250
55.85150203561305,-4.132085263818125,92.0,55.92895153496988,-4.082888064137351,150,13.793,708
55.85150203561305,-4.132085263818125,92.0,55.790766759429424,-4.135285962371055,151,9.705,674
55.85150203561305,-4.132085263818125,92.0,55.80808041573422,-4.184105792933229,152,7.489,587
55.85150203561305,-4.132085263818125,92.0,55.7982747224006,-4.3931924101572655,153,22.413,1313
55.85150203561305,-4.132085263818125,92.0,55.81178474630603,-4.337962602706185,154,19.011,1073
55.85150203561305,-4.132085263818125,92.0,55.852972007756,-4.353957895039277,155,17.41,1062
55.85150203561305,-4.132085263818125,92.0,55.797152036890715,-4.311451416173846,156,20.983,1148
55.85150203561305,-4.132085263818125,92.0,55.84839482833289,-4.1889265673730645,157,4.936,409
55.85150203561305,-4.132085263818125,92.0,55.86383954752864,-4.387927326091926,158,23.002,1089
55.85150203561305,-4.132085263818125,92.0,55.807182357875575,-4.140487806234959,159,7.254,593
55.85150203561305,-4.132085263818125,92.0,55.8296607577131,-4.218765551358871,160,7.786,627
55.85150203561305,-4.132085263818125,92.0,55.82699494590622,-4.295404959002084,161,16.447,952
55.85150203561305,-4.132085263818125,92.0,55.861248665443505,-4.307186036515638,162,15.296,965
55.85150203561305,-4.132085263818125,92.0,55.897857165570365,-4.156645648865112,163,11.873,678
55.85150203561305,-4.132085263818125,92.0,55.877747555317356,-4.342792329217214,164,18.58,1161
55.85150203561305,-4.132085263818125,92.0,55.92259641850896,-4.389236283866068,165,23.779,1533
55.85150203561305,-4.132085263818125,92.0,55.92621339590465,-4.2820478996479165,166,18.37,1127
55.85150203561305,-4.132085263818125,92.0,55.80660612206145,-4.094012410496262,167,8.056,650
55.85150203561305,-4.132085263818125,92.0,55.84605439624201,-4.09192094471571,168,6.867,446
55.85150203561305,-4.132085263818125,92.0,55.83961965364386,-4.1201104741133365,169,2.38,179
55.85150203561305,-4.132085263818125,92.0,55.85030951683019,-4.217608837338132,170,7.158,615
55.85150203561305,-4.132085263818125,92.0,55.85971342373431,-4.246748195156407,171,10.885,739
55.85150203561305,-4.132085263818125,92.0,55.815747728441636,-4.150792968910081,172,6.124,490
55.85150203561305,-4.132085263818125,92.0,55.80041195127493,-4.3806303679601495,173,21.829,1265
55.85150203561305,-4.132085263818125,92.0,55.85487415463933,-4.092829020720908,174,3.972,304
55.85150203561305,-4.132085263818125,92.0,55.80456076444065,-4.203157873727267,175,9.194,735
55.85150203561305,-4.132085263818125,92.0,55.84723005082115,-4.330151260440624,176,15.363,919
55.85150203561305,-4.132085263818125,92.0,55.88775631668876,-4.123428423568879,177,12.952,834
55.85150203561305,-4.132085263818125,92.0,55.82857385936083,-4.129579652409029,178,8.678,628
55.85150203561305,-4.132085263818125,92.0,55.879865395443076,-4.36272007519476,179,19.488,1186
55.85150203561305,-4.132085263818125,92.0,55.87973669437185,-4.215636550296907,180,9.91,839
55.85150203561305,-4.132085263818125,92.0,55.8162521393249,-4.1868605517933455,181,6.597,585
55.85150203561305,-4.132085263818125,92.0,55.80755514535402,-4.201625161718038,182,8.947,702
55.85150203561305,-4.132085263818125,92.0,55.85565398843102,-4.250533808562208,183,9.728,898
55.85150203561305,-4.132085263818125,92.0,55.929636326069506,-4.381100658166308,184,22.841,1492
55.85150203561305,-4.132085263818125,92.0,55.879581066995904,-4.21986165885879,185,10.095,874
55.85150203561305,-4.132085263818125,92.0,55.92647877645629,-4.127886630011083,186,14.195,969
55.85150203561305,-4.132085263818125,92.0,55.82282427264178,-4.371094162561755,187,19.478,1152
55.85150203561305,-4.132085263818125,92.0,55.90291353127043,-4.3414180899754955,188,18.148,1342
55.85150203561305,-4.132085263818125,92.0,55.78437024600116,-4.156926419796477,189,10.45,760
55.85150203561305,-4.132085263818125,92.0,55.8321542449311,-4.1561720476648265,190,3.593,344
55.85150203561305,-4.132085263818125,92.0,55.88310705812362,-4.084862107847263,191,6.458,363
55.85150203561305,-4.132085263818125,92.0,55.85616333886266,-4.110333739241922,192,2.029,263
55.85150203561305,-4.132085263818125,92.0,55.90185178498145,-4.152652007721208,193,19.562,1320
55.85150203561305,-4.132085263818125,92.0,55.8837118458465,-4.182392741162416,194,9.764,1525
55.85150203561305,-4.132085263818125,92.0,55.83086049774818,-4.312434105301623,195,17.381,1056
55.85150203561305,-4.132085263818125,92.0,55.821849459706755,-4.176208567338996,196,5.477,428
55.85150203561305,-4.132085263818125,92.0,55.88009750494633,-4.255964552703097,197,12.188,799
55.85150203561305,-4.132085263818125,92.0,55.87413911675089,-4.369807111055967,198,19.004,979
55.85150203561305,-4.132085263818125,92.0,55.86354071984154,-4.093406384811447,199,5.552,408
55.82980563719589,-4.3235671651204015,93.0,55.8391698042901,-4.214478482526657,0,11.616,828
55.82980563719589,-4.3235671651204015,93.0,55.86553667472969,-4.350500876963486,1,8.993,720
55.82980563719589,-4.3235671651204015,93.0,55.912892829643965,-4.286410947894997,2,14.784,2037
55.82980563719589,-4.3235671651204015,93.0,55.84854019346565,-4.391697428307927,3,7.374,841
55.82980563719589,-4.3235671651204015,93.0,55.79232875093524,-4.310455024670266,4,9.286,740
55.82980563719589,-4.3235671651204015,93.0,55.837143362020576,-4.120043492886959,5,15.315,840
55.82980563719589,-4.3235671651204015,93.0,55.84185129809378,-4.283879851305767,6,3.61,496
55.82980563719589,-4.3235671651204015,93.0,55.90609664927746,-4.311383718964596,7,12.169,1045
55.82980563719589,-4.3235671651204015,93.0,55.7832172019226,-4.31249791159531,8,10.874,798
55.82980563719589,-4.3235671651204015,93.0,55.8177258987159,-4.260489243356555,9,5.606,744
55.82980563719589,-4.3235671651204015,93.0,55.903262790870684,-4.212111703691823,10,14.15,1111
55.82980563719589,-4.3235671651204015,93.0,55.893978813107424,-4.1413270988368325,11,15.89,1119
55.82980563719589,-4.3235671651204015,93.0,55.894884622950286,-4.154349650804189,12,18.275,1017
55.82980563719589,-4.3235671651204015,93.0,55.80680963785043,-4.263605759417426,13,6.944,848
55.82980563719589,-4.3235671651204015,93.0,55.81824312166051,-4.346878846315483,14,6.449,654
55.82980563719589,-4.3235671651204015,93.0,55.84742656229786,-4.269221405976544,15,5.861,721
55.82980563719589,-4.3235671651204015,93.0,55.80730424868546,-4.315177272898423,16,4.978,573
55.82980563719589,-4.3235671651204015,93.0,55.83798278877758,-4.260604018644594,17,4.892,692
55.82980563719589,-4.3235671651204015,93.0,55.89424631095569,-4.343398240721316,18,10.809,970
55.82980563719589,-4.3235671651204015,93.0,55.83908093533876,-4.223069302141199,19,9.207,859
55.82980563719589,-4.3235671651204015,93.0,55.8357731433788,-4.270556349194068,20,4.032,529
55.82980563719589,-4.3235671651204015,93.0,55.90309627527835,-4.360750370095284,21,12.842,1205
55.82980563719589,-4.3235671651204015,93.0,55.85652103589449,-4.101365743428073,22,18.438,1061
55.82980563719589,-4.3235671651204015,93.0,55.783736419963375,-4.235306054793451,23,23.828,1170
55.82980563719589,-4.3235671651204015,93.0,55.92064824587275,-4.2358362157531895,24,15.275,1092
55.82980563719589,-4.3235671651204015,93.0,55.907674892744176,-4.2497703459088045,25,14.027,2137
55.82980563719589,-4.3235671651204015,93.0,55.919604340921964,-4.226208116301384,26,15.199,1103
55.82980563719589,-4.3235671651204015,93.0,55.83219148710444,-4.304581930326681,27,1.322,205
55.82980563719589,-4.3235671651204015,93.0,55.79569701419853,-4.1769099124482585,28,16.031,1113
55.82980563719589,-4.3235671651204015,93.0,55.81260197667657,-4.197841211154324,29,13.442,980
55.82980563719589,-4.3235671651204015,93.0,55.826092940761974,-4.176919409292903,30,11.972,913
55.82980563719589,-4.3235671651204015,93.0,55.828413149208096,-4.109650878166438,31,18.776,1103
55.82980563719589,-4.3235671651204015,93.0,55.8999241737755,-4.257993823533507,32,11.233,1024
55.82980563719589,-4.3235671651204015,93.0,55.892514250678616,-4.340118142906542,33,10.838,981
55.82980563719589,-4.3235671651204015,93.0,55.855241629670886,-4.269936069312288,34,7.266,649
55.82980563719589,-4.3235671651204015,93.0,55.877364911629314,-4.109701193625618,35,18.839,1162
55.82980563719589,-4.3235671651204015,93.0,55.887053111734645,-4.1280531391159245,36,19.141,1129
55.82980563719589,-4.3235671651204015,93.0,55.89108676863447,-4.105446803942431,37,20.874,1435
55.82980563719589,-4.3235671651204015,93.0,55.842635153466425,-4.334387903339716,38,3.614,486
55.82980563719589,-4.3235671651204015,93.0,55.89197542936556,-4.19614108945253,39,15.148,962
55.82980563719589,-4.3235671651204015,93.0,55.825849135803445,-4.321179033230789,40,0.267,53
55.82980563719589,-4.3235671651204015,93.0,55.81864602215581,-4.375055705699034,41,7.478,663
55.82980563719589,-4.3235671651204015,93.0,55.92613065482397,-4.212698358862173,42,15.661,1156
55.82980563719589,-4.3235671651204015,93.0,55.874439929608144,-4.279689658904073,43,7.873,690
55.82980563719589,-4.3235671651204015,93.0,55.81998166828728,-4.245455535821837,44,9.767,795
55.82980563719589,-4.3235671651204015,93.0,55.91066980601156,-4.213502644426629,45,14.613,1107
55.82980563719589,-4.3235671651204015,93.0,55.8404807486866,-4.356656090229781,46,7.593,775
55.82980563719589,-4.3235671651204015,93.0,55.88708229912325,-4.079055837843032,47,24.107,1183
55.82980563719589,-4.3235671651204015,93.0,55.84510555179576,-4.178720975321847,48,13.637,928
55.82980563719589,-4.3235671651204015,93.0,55.84413340760586,-4.085244529493477,49,20.804,1557
55.82980563719589,-4.3235671651204015,93.0,55.83324217210475,-4.157183908594519,50,13.499,925
55.82980563719589,-4.3235671651204015,93.0,55.895753278756494,-4.323131413571223,51,10.595,1081
55.82980563719589,-4.3235671651204015,93.0,55.88609925330935,-4.38354364327563,52,10.026,789
55.82980563719589,-4.3235671651204015,93.0,55.86596770908397,-4.338853955125049,53,6.809,669
55.82980563719589,-4.3235671651204015,93.0,55.819381988004544,-4.256567679373081,54,5.672,739
55.82980563719589,-4.3235671651204015,93.0,55.919398785577634,-4.298102785445152,55,15.06,1716
55.82980563719589,-4.3235671651204015,93.0,55.81052481551728,-4.0780884232687225,56,21.575,2250
55.82980563719589,-4.3235671651204015,93.0,55.8411814367945,-4.125490362928665,57,16.857,998
55.82980563719589,-4.3235671651204015,93.0,55.844855881791794,-4.151320272286683,58,14.489,979
55.82980563719589,-4.3235671651204015,93.0,55.79334532620707,-4.3052187624925375,59,9.617,747
55.82980563719589,-4.3235671651204015,93.0,55.78499644933002,-4.082518262203789,60,25.298,1249
55.82980563719589,-4.3235671651204015,93.0,55.86482365717543,-4.074666870071637,61,20.704,1279
55.82980563719589,-4.3235671651204015,93.0,55.910543969585106,-4.384534109666136,62,14.669,1270
55.82980563719589,-4.3235671651204015,93.0,55.799715679086134,-4.188568421733812,63,16.013,1271
55.82980563719589,-4.3235671651204015,93.0,55.90005630083831,-4.294022887833187,64,11.241,998
55.82980563719589,-4.3235671651204015,93.0,55.82573931186619,-4.210157383495828,65,11.499,794
55.82980563719589,-4.3235671651204015,93.0,55.88010014610652,-4.288014027401103,66,9.962,967
55.82980563719589,-4.3235671651204015,93.0,55.8836463272421,-4.377148406451105,67,9.796,866
55.82980563719589,-4.3235671651204015,93.0,55.80511293548626,-4.195982430231648,68,14.422,1054
55.82980563719589,-4.3235671651204015,93.0,55.9265186267864,-4.256321117900257,69,14.598,1131
55.82980563719589,-4.3235671651204015,93.0,55.90353118048908,-4.119171950823842,70,20.037,1370
55.82980563719589,-4.3235671651204015,93.0,55.81502357146685,-4.260984914919316,71,6.173,748
55.82980563719589,-4.3235671651204015,93.0,55.894355058439295,-4.293143876300353,72,10.531,946
55.82980563719589,-4.3235671651204015,93.0,55.80246488546192,-4.242274834364847,73,8.353,1033
55.82980563719589,-4.3235671651204015,93.0,55.887581813102464,-4.2985753032369685,74,10.143,942
55.82980563719589,-4.3235671651204015,93.0,55.928290955083554,-4.295962301582311,75,15.482,1131
55.82980563719589,-4.3235671651204015,93.0,55.81096058143004,-4.368797105646974,76,9.135,745
55.82980563719589,-4.3235671651204015,93.0,55.84818750128869,-4.3631808239548375,77,6.613,740
55.82980563719589,-4.3235671651204015,93.0,55.81610352786554,-4.330910795148831,78,5.474,495
55.82980563719589,-4.3235671651204015,93.0,55.807034270653475,-4.136077366584948,79,15.206,1163
55.82980563719589,-4.3235671651204015,93.0,55.86778114631985,-4.233612892312959,80,9.724,773
55.82980563719589,-4.3235671651204015,93.0,55.79578956690847,-4.368290459919509,81,14.219,1940
55.82980563719589,-4.3235671651204015,93.0,55.897877306124535,-4.077031107370425,82,22.665,1901
55.82980563719589,-4.3235671651204015,93.0,55.80721289582252,-4.242612882195534,83,7.576,985
55.82980563719589,-4.3235671651204015,93.0,55.92209393969709,-4.157940141970138,84,19.808,1168
55.82980563719589,-4.3235671651204015,93.0,55.79188265083702,-4.28147512844989,85,10.479,802
55.82980563719589,-4.3235671651204015,93.0,55.88043814367632,-4.104360473798184,86,18.651,1122
55.82980563719589,-4.3235671651204015,93.0,55.90345994988174,-4.293652184560058,87,11.71,1043
55.82980563719589,-4.3235671651204015,93.0,55.91230525016259,-4.108196424937476,88,21.305,1315
55.82980563719589,-4.3235671651204015,93.0,55.90569137930351,-4.3852429216612405,89,14.704,1293
55.82980563719589,-4.3235671651204015,93.0,55.824402119970216,-4.298242138123909,90,2.764,436
55.82980563719589,-4.3235671651204015,93.0,55.887104625653905,-4.201059285828647,91,12.86,1111
55.82980563719589,-4.3235671651204015,93.0,55.92006797200308,-4.195257422106852,92,16.507,1134
55.82980563719589,-4.3235671651204015,93.0,55.7944551107823,-4.1683749063061635,93,16.161,1547
55.82980563719589,-4.3235671651204015,93.0,55.88003873447475,-4.304350182381346,94,9.702,846
55.82980563719589,-4.3235671651204015,93.0,55.88308048053683,-4.2942103285768285,95,9.302,821
55.82980563719589,-4.3235671651204015,93.0,55.80779271908626,-4.3234306371549245,96,6.745,627
55.82980563719589,-4.3235671651204015,93.0,55.90123467399992,-4.380968632189907,97,15.01,1422
55.82980563719589,-4.3235671651204015,93.0,55.88049231589054,-4.293733205570284,98,9.204,811
55.82980563719589,-4.3235671651204015,93.0,55.84697147961761,-4.334108806216461,99,3.925,563
55.82980563719589,-4.3235671651204015,93.0,55.83067141211495,-4.195633651932574,100,10.782,791
55.82980563719589,-4.3235671651204015,93.0,55.89350845984679,-4.099445363541155,101,20.689,1266
55.82980563719589,-4.3235671651204015,93.0,55.92592408664018,-4.179171340754611,102,21.149,1252
55.82980563719589,-4.3235671651204015,93.0,55.84941827409408,-4.169566750359822,103,14.342,994
55.82980563719589,-4.3235671651204015,93.0,55.92413375575165,-4.226670311636797,104,16.876,1898
55.82980563719589,-4.3235671651204015,93.0,55.88995713457192,-4.285031242761631,105,9.471,848
55.82980563719589,-4.3235671651204015,93.0,55.90528066541109,-4.131569818675147,106,17.487,1015
55.82980563719589,-4.3235671651204015,93.0,55.87850608392288,-4.103517886631066,107,18.982,1155
55.82980563719589,-4.3235671651204015,93.0,55.80799405798939,-4.284953473560454,108,5.774,725
55.82980563719589,-4.3235671651204015,93.0,55.906815669822045,-4.385279074380807,109,14.015,1208
55.82980563719589,-4.3235671651204015,93.0,55.916237634416454,-4.222407816066865,110,15.114,1092
55.82980563719589,-4.3235671651204015,93.0,55.915798955837815,-4.088621086891774,111,24.389,1346
55.82980563719589,-4.3235671651204015,93.0,55.827538479175395,-4.350653065976025,112,5.818,585
55.82980563719589,-4.3235671651204015,93.0,55.799515288981674,-4.0866627646338864,113,25.668,1362
55.82980563719589,-4.3235671651204015,93.0,55.831024245961984,-4.244756518165482,114,8.248,696
55.82980563719589,-4.3235671651204015,93.0,55.86754360554833,-4.2143078261423845,115,11.064,889
55.82980563719589,-4.3235671651204015,93.0,55.8574985965699,-4.1521224561179935,116,15.645,1104
55.82980563719589,-4.3235671651204015,93.0,55.88095643501817,-4.32811659177277,117,8.651,797
55.82980563719589,-4.3235671651204015,93.0,55.85240433608213,-4.177570445500026,118,14.506,1045
55.82980563719589,-4.3235671651204015,93.0,55.91169549549074,-4.359708873069638,119,15.627,1328
55.82980563719589,-4.3235671651204015,93.0,55.92640787519779,-4.300990956079843,120,15.93,1180
55.82980563719589,-4.3235671651204015,93.0,55.84019197366069,-4.205566157974415,121,12.102,943
55.82980563719589,-4.3235671651204015,93.0,55.866619942939494,-4.268153778778456,122,8.026,813
55.82980563719589,-4.3235671651204015,93.0,55.81327411986783,-4.2587495402872255,123,5.996,792
55.82980563719589,-4.3235671651204015,93.0,55.86022660117776,-4.154711133590585,124,15.565,1032
55.82980563719589,-4.3235671651204015,93.0,55.831522729053496,-4.370420634377527,125,7.872,756
55.82980563719589,-4.3235671651204015,93.0,55.84074346341779,-4.172411658039648,126,12.71,848
55.82980563719589,-4.3235671651204015,93.0,55.8801412435821,-4.258666277618953,127,9.07,839
55.82980563719589,-4.3235671651204015,93.0,55.8434159429892,-4.1056733307349536,128,17.113,1027
55.82980563719589,-4.3235671651204015,93.0,55.83522057783537,-4.25736952395694,129,4.944,679
55.82980563719589,-4.3235671651204015,93.0,55.86467774065618,-4.2250953414252415,130,9.848,726
55.82980563719589,-4.3235671651204015,93.0,55.8953662249987,-4.231143624453162,131,12.301,903
55.82980563719589,-4.3235671651204015,93.0,55.81920459649808,-4.236238450921302,132,10.351,845
55.82980563719589,-4.3235671651204015,93.0,55.900795402502105,-4.206009410292495,133,14.468,1098
55.82980563719589,-4.3235671651204015,93.0,55.86078490474355,-4.339631469507248,134,7.344,764
55.82980563719589,-4.3235671651204015,93.0,55.924999437053955,-4.191173279124663,135,16.758,1143
55.82980563719589,-4.3235671651204015,93.0,55.81549096669224,-4.126910343137958,136,16.197,1210
55.82980563719589,-4.3235671651204015,93.0,55.90135585493081,-4.207622057499793,137,14.467,1076
55.82980563719589,-4.3235671651204015,93.0,55.845816555475636,-4.129576488296543,138,15.862,1069
55.82980563719589,-4.3235671651204015,93.0,55.80470047644827,-4.291960781118721,139,5.607,702
55.82980563719589,-4.3235671651204015,93.0,55.89185394491289,-4.179857587296262,140,14.052,886
55.82980563719589,-4.3235671651204015,93.0,55.91859399996558,-4.3401659608951215,141,14.493,1178
55.82980563719589,-4.3235671651204015,93.0,55.90671476836246,-4.3642865107142725,142,13.594,1260
55.82980563719589,-4.3235671651204015,93.0,55.81273399651921,-4.167613047894911,143,13.255,974
55.82980563719589,-4.3235671651204015,93.0,55.80939871413575,-4.276056954355674,144,5.488,673
55.82980563719589,-4.3235671651204015,93.0,55.88312869327199,-4.214542892826467,145,11.872,930
55.82980563719589,-4.3235671651204015,93.0,55.815340374954424,-4.283514492524949,146,4.482,558
55.82980563719589,-4.3235671651204015,93.0,55.87864379034378,-4.080636908866371,147,25.087,1218
55.82980563719589,-4.3235671651204015,93.0,55.89423440492952,-4.2418874418647645,148,12.864,987
55.82980563719589,-4.3235671651204015,93.0,55.92796852989922,-4.305970400193036,149,16.058,1203
55.82980563719589,-4.3235671651204015,93.0,55.92895153496988,-4.082888064137351,150,24.759,1296
55.82980563719589,-4.3235671651204015,93.0,55.790766759429424,-4.135285962371055,151,18.586,1188
55.82980563719589,-4.3235671651204015,93.0,55.80808041573422,-4.184105792933229,152,14.216,986
55.82980563719589,-4.3235671651204015,93.0,55.7982747224006,-4.3931924101572655,153,9.943,840
55.82980563719589,-4.3235671651204015,93.0,55.81178474630603,-4.337962602706185,154,6.541,600
55.82980563719589,-4.3235671651204015,93.0,55.852972007756,-4.353957895039277,155,5.293,713
55.82980563719589,-4.3235671651204015,93.0,55.797152036890715,-4.311451416173846,156,8.513,674
55.82980563719589,-4.3235671651204015,93.0,55.84839482833289,-4.1889265673730645,157,14.288,962
55.82980563719589,-4.3235671651204015,93.0,55.86383954752864,-4.387927326091926,158,12.135,795
55.82980563719589,-4.3235671651204015,93.0,55.807182357875575,-4.140487806234959,159,14.883,1139
55.82980563719589,-4.3235671651204015,93.0,55.8296607577131,-4.218765551358871,160,9.668,852
55.82980563719589,-4.3235671651204015,93.0,55.82699494590622,-4.295404959002084,161,2.8,412
55.82980563719589,-4.3235671651204015,93.0,55.861248665443505,-4.307186036515638,162,4.188,588
55.82980563719589,-4.3235671651204015,93.0,55.897857165570365,-4.156645648865112,163,15.528,923
55.82980563719589,-4.3235671651204015,93.0,55.877747555317356,-4.342792329217214,164,9.241,894
55.82980563719589,-4.3235671651204015,93.0,55.92259641850896,-4.389236283866068,165,25.497,1358
55.82980563719589,-4.3235671651204015,93.0,55.92621339590465,-4.2820478996479165,166,14.382,1079
55.82980563719589,-4.3235671651204015,93.0,55.80660612206145,-4.094012410496262,167,21.16,1315
55.82980563719589,-4.3235671651204015,93.0,55.84605439624201,-4.09192094471571,168,19.865,1038
55.82980563719589,-4.3235671651204015,93.0,55.83961965364386,-4.1201104741133365,169,16.464,925
55.82980563719589,-4.3235671651204015,93.0,55.85030951683019,-4.217608837338132,170,9.756,893
55.82980563719589,-4.3235671651204015,93.0,55.85971342373431,-4.246748195156407,171,10.217,824
55.82980563719589,-4.3235671651204015,93.0,55.815747728441636,-4.150792968910081,172,13.753,1035
55.82980563719589,-4.3235671651204015,93.0,55.80041195127493,-4.3806303679601495,173,9.359,792
55.82980563719589,-4.3235671651204015,93.0,55.85487415463933,-4.092829020720908,174,19.675,1039
55.82980563719589,-4.3235671651204015,93.0,55.80456076444065,-4.203157873727267,175,14.441,1056
55.82980563719589,-4.3235671651204015,93.0,55.84723005082115,-4.330151260440624,176,3.813,532
55.82980563719589,-4.3235671651204015,93.0,55.88775631668876,-4.123428423568879,177,19.276,1135
55.82980563719589,-4.3235671651204015,93.0,55.82857385936083,-4.129579652409029,178,16.275,1223
55.82980563719589,-4.3235671651204015,93.0,55.879865395443076,-4.36272007519476,179,10.133,936
55.82980563719589,-4.3235671651204015,93.0,55.87973669437185,-4.215636550296907,180,11.159,941
55.82980563719589,-4.3235671651204015,93.0,55.8162521393249,-4.1868605517933455,181,12.635,945
55.82980563719589,-4.3235671651204015,93.0,55.80755514535402,-4.201625161718038,182,14.194,1023
55.82980563719589,-4.3235671651204015,93.0,55.85565398843102,-4.250533808562208,183,6.715,743
55.82980563719589,-4.3235671651204015,93.0,55.929636326069506,-4.381100658166308,184,26.483,1379
55.82980563719589,-4.3235671651204015,93.0,55.879581066995904,-4.21986165885879,185,10.8,922
55.82980563719589,-4.3235671651204015,93.0,55.92647877645629,-4.127886630011083,186,20.89,1254
55.82980563719589,-4.3235671651204015,93.0,55.82282427264178,-4.371094162561755,187,7.008,679
55.82980563719589,-4.3235671651204015,93.0,55.90291353127043,-4.3414180899754955,188,11.64,1139
55.82980563719589,-4.3235671651204015,93.0,55.78437024600116,-4.156926419796477,189,17.93,1203
55.82980563719589,-4.3235671651204015,93.0,55.8321542449311,-4.1561720476648265,190,13.539,939
55.82980563719589,-4.3235671651204015,93.0,55.88310705812362,-4.084862107847263,191,22.248,1100
55.82980563719589,-4.3235671651204015,93.0,55.85616333886266,-4.110333739241922,192,18.476,1083
55.82980563719589,-4.3235671651204015,93.0,55.90185178498145,-4.152652007721208,193,19.437,1547
55.82980563719589,-4.3235671651204015,93.0,55.8837118458465,-4.182392741162416,194,15.716,1895
55.82980563719589,-4.3235671651204015,93.0,55.83086049774818,-4.312434105301623,195,0.906,107
55.82980563719589,-4.3235671651204015,93.0,55.821849459706755,-4.176208567338996,196,12.383,909
55.82980563719589,-4.3235671651204015,93.0,55.88009750494633,-4.255964552703097,197,8.756,818
55.82980563719589,-4.3235671651204015,93.0,55.87413911675089,-4.369807111055967,198,8.137,685
55.82980563719589,-4.3235671651204015,93.0,55.86354071984154,-4.093406384811447,199,19.092,1137
55.822841852508276,-4.152024910354953,94.0,55.8391698042901,-4.214478482526657,0,5.293,514
55.822841852508276,-4.152024910354953,94.0,55.86553667472969,-4.350500876963486,1,17.647,982
55.822841852508276,-4.152024910354953,94.0,55.912892829643965,-4.286410947894997,2,18.971,2335
55.822841852508276,-4.152024910354953,94.0,55.84854019346565,-4.391697428307927,3,17.078,1204
55.822841852508276,-4.152024910354953,94.0,55.79232875093524,-4.310455024670266,4,13.928,1127
55.822841852508276,-4.152024910354953,94.0,55.837143362020576,-4.120043492886959,5,5.001,293
55.822841852508276,-4.152024910354953,94.0,55.84185129809378,-4.283879851305767,6,9.517,856
55.822841852508276,-4.152024910354953,94.0,55.90609664927746,-4.311383718964596,7,21.792,1472
55.822841852508276,-4.152024910354953,94.0,55.7832172019226,-4.31249791159531,8,14.258,1104
55.822841852508276,-4.152024910354953,94.0,55.8177258987159,-4.260489243356555,9,9.467,769
55.822841852508276,-4.152024910354953,94.0,55.903262790870684,-4.212111703691823,10,20.942,1258
55.822841852508276,-4.152024910354953,94.0,55.893978813107424,-4.1413270988368325,11,18.443,1051
55.822841852508276,-4.152024910354953,94.0,55.894884622950286,-4.154349650804189,12,23.308,952
55.822841852508276,-4.152024910354953,94.0,55.80680963785043,-4.263605759417426,13,11.905,1036
55.822841852508276,-4.152024910354953,94.0,55.81824312166051,-4.346878846315483,14,16.706,1095
55.822841852508276,-4.152024910354953,94.0,55.84742656229786,-4.269221405976544,15,9.882,875
55.822841852508276,-4.152024910354953,94.0,55.80730424868546,-4.315177272898423,16,16.412,1080
55.822841852508276,-4.152024910354953,94.0,55.83798278877758,-4.260604018644594,17,7.988,670
55.822841852508276,-4.152024910354953,94.0,55.89424631095569,-4.343398240721316,18,19.463,1232
55.822841852508276,-4.152024910354953,94.0,55.83908093533876,-4.223069302141199,19,6.323,643
55.822841852508276,-4.152024910354953,94.0,55.8357731433788,-4.270556349194068,20,8.672,720
55.822841852508276,-4.152024910354953,94.0,55.90309627527835,-4.360750370095284,21,21.496,1467
55.822841852508276,-4.152024910354953,94.0,55.85652103589449,-4.101365743428073,22,9.934,616
55.822841852508276,-4.152024910354953,94.0,55.783736419963375,-4.235306054793451,23,8.307,629
55.822841852508276,-4.152024910354953,94.0,55.92064824587275,-4.2358362157531895,24,16.569,1324
55.822841852508276,-4.152024910354953,94.0,55.907674892744176,-4.2497703459088045,25,15.321,2369
55.822841852508276,-4.152024910354953,94.0,55.919604340921964,-4.226208116301384,26,30.1,1363
55.822841852508276,-4.152024910354953,94.0,55.83219148710444,-4.304581930326681,27,15.584,1122
55.822841852508276,-4.152024910354953,94.0,55.79569701419853,-4.1769099124482585,28,4.482,385
55.822841852508276,-4.152024910354953,94.0,55.81260197667657,-4.197841211154324,29,4.579,464
55.822841852508276,-4.152024910354953,94.0,55.826092940761974,-4.176919409292903,30,3.762,436
55.822841852508276,-4.152024910354953,94.0,55.828413149208096,-4.109650878166438,31,4.868,419
55.822841852508276,-4.152024910354953,94.0,55.8999241737755,-4.257993823533507,32,15.42,1314
55.822841852508276,-4.152024910354953,94.0,55.892514250678616,-4.340118142906542,33,19.492,1243
55.822841852508276,-4.152024910354953,94.0,55.855241629670886,-4.269936069312288,34,22.241,987
55.822841852508276,-4.152024910354953,94.0,55.877364911629314,-4.109701193625618,35,16.175,828
55.822841852508276,-4.152024910354953,94.0,55.887053111734645,-4.1280531391159245,36,21.822,1033
55.822841852508276,-4.152024910354953,94.0,55.89108676863447,-4.105446803942431,37,16.163,1043
55.822841852508276,-4.152024910354953,94.0,55.842635153466425,-4.334387903339716,38,13.515,910
55.822841852508276,-4.152024910354953,94.0,55.89197542936556,-4.19614108945253,39,18.726,982
55.822841852508276,-4.152024910354953,94.0,55.825849135803445,-4.321179033230789,40,13.762,1022
55.822841852508276,-4.152024910354953,94.0,55.81864602215581,-4.375055705699034,41,17.735,1104
55.822841852508276,-4.152024910354953,94.0,55.92613065482397,-4.212698358862173,42,29.474,1358
55.822841852508276,-4.152024910354953,94.0,55.874439929608144,-4.279689658904073,43,22.082,1109
55.822841852508276,-4.152024910354953,94.0,55.81998166828728,-4.245455535821837,44,8.947,674
55.822841852508276,-4.152024910354953,94.0,55.91066980601156,-4.213502644426629,45,30.456,1412
55.822841852508276,-4.152024910354953,94.0,55.8404807486866,-4.356656090229781,46,17.167,1178
55.822841852508276,-4.152024910354953,94.0,55.88708229912325,-4.079055837843032,47,13.793,636
55.822841852508276,-4.152024910354953,94.0,55.84510555179576,-4.178720975321847,48,4.335,408
55.822841852508276,-4.152024910354953,94.0,55.84413340760586,-4.085244529493477,49,10.49,1010
55.822841852508276,-4.152024910354953,94.0,55.83324217210475,-4.157183908594519,50,2.447,220
55.822841852508276,-4.152024910354953,94.0,55.895753278756494,-4.323131413571223,51,19.249,1343
55.822841852508276,-4.152024910354953,94.0,55.88609925330935,-4.38354364327563,52,18.68,1051
55.822841852508276,-4.152024910354953,94.0,55.86596770908397,-4.338853955125049,53,15.463,931
55.822841852508276,-4.152024910354953,94.0,55.819381988004544,-4.256567679373081,54,10.376,824
55.822841852508276,-4.152024910354953,94.0,55.919398785577634,-4.298102785445152,55,19.247,2015
55.822841852508276,-4.152024910354953,94.0,55.81052481551728,-4.0780884232687225,56,11.261,1703
55.822841852508276,-4.152024910354953,94.0,55.8411814367945,-4.125490362928665,57,4.871,424
55.822841852508276,-4.152024910354953,94.0,55.844855881791794,-4.151320272286683,58,4.167,382
55.822841852508276,-4.152024910354953,94.0,55.79334532620707,-4.3052187624925375,59,13.523,1088
55.822841852508276,-4.152024910354953,94.0,55.78499644933002,-4.082518262203789,60,8.44,636
55.822841852508276,-4.152024910354953,94.0,55.86482365717543,-4.074666870071637,61,11.486,810
55.822841852508276,-4.152024910354953,94.0,55.910543969585106,-4.384534109666136,62,23.323,1532
55.822841852508276,-4.152024910354953,94.0,55.799715679086134,-4.188568421733812,63,4.81,576
55.822841852508276,-4.152024910354953,94.0,55.90005630083831,-4.294022887833187,64,25.461,1430
55.822841852508276,-4.152024910354953,94.0,55.82573931186619,-4.210157383495828,65,4.503,410
55.822841852508276,-4.152024910354953,94.0,55.88010014610652,-4.288014027401103,66,24.182,1399
55.822841852508276,-4.152024910354953,94.0,55.8836463272421,-4.377148406451105,67,18.45,1128
55.822841852508276,-4.152024910354953,94.0,55.80511293548626,-4.195982430231648,68,4.634,431
55.822841852508276,-4.152024910354953,94.0,55.9265186267864,-4.256321117900257,69,18.785,1429
55.822841852508276,-4.152024910354953,94.0,55.90353118048908,-4.119171950823842,70,16.765,1104
55.822841852508276,-4.152024910354953,94.0,55.81502357146685,-4.260984914919316,71,9.824,803
55.822841852508276,-4.152024910354953,94.0,55.894355058439295,-4.293143876300353,72,24.751,1378
55.822841852508276,-4.152024910354953,94.0,55.80246488546192,-4.242274834364847,73,9.714,771
55.822841852508276,-4.152024910354953,94.0,55.887581813102464,-4.2985753032369685,74,24.363,1374
55.822841852508276,-4.152024910354953,94.0,55.928290955083554,-4.295962301582311,75,19.669,1429
55.822841852508276,-4.152024910354953,94.0,55.81096058143004,-4.368797105646974,76,19.392,1186
55.822841852508276,-4.152024910354953,94.0,55.84818750128869,-4.3631808239548375,77,18.153,1030
55.822841852508276,-4.152024910354953,94.0,55.81610352786554,-4.330910795148831,78,15.731,935
55.822841852508276,-4.152024910354953,94.0,55.807034270653475,-4.136077366584948,79,3.08,303
55.822841852508276,-4.152024910354953,94.0,55.86778114631985,-4.233612892312959,80,19.212,973
55.822841852508276,-4.152024910354953,94.0,55.79578956690847,-4.368290459919509,81,24.476,2380
55.822841852508276,-4.152024910354953,94.0,55.897877306124535,-4.077031107370425,82,16.152,1382
55.822841852508276,-4.152024910354953,94.0,55.80721289582252,-4.242612882195534,83,7.24,739
55.822841852508276,-4.152024910354953,94.0,55.92209393969709,-4.157940141970138,84,25.409,1130
55.822841852508276,-4.152024910354953,94.0,55.79188265083702,-4.28147512844989,85,11.67,926
55.822841852508276,-4.152024910354953,94.0,55.88043814367632,-4.104360473798184,86,15.485,768
55.822841852508276,-4.152024910354953,94.0,55.90345994988174,-4.293652184560058,87,18.444,1471
55.822841852508276,-4.152024910354953,94.0,55.91230525016259,-4.108196424937476,88,19.445,1006
55.822841852508276,-4.152024910354953,94.0,55.90569137930351,-4.3852429216612405,89,23.358,1555
55.822841852508276,-4.152024910354953,94.0,55.824402119970216,-4.298242138123909,90,14.198,943
55.822841852508276,-4.152024910354953,94.0,55.887104625653905,-4.201059285828647,91,18.5,1056
55.822841852508276,-4.152024910354953,94.0,55.92006797200308,-4.195257422106852,92,27.479,1175
55.822841852508276,-4.152024910354953,94.0,55.7944551107823,-4.1683749063061635,93,4.612,820
55.822841852508276,-4.152024910354953,94.0,55.88003873447475,-4.304350182381346,94,23.696,1282
55.822841852508276,-4.152024910354953,94.0,55.88308048053683,-4.2942103285768285,95,23.296,1256
55.822841852508276,-4.152024910354953,94.0,55.80779271908626,-4.3234306371549245,96,17.002,1067
55.822841852508276,-4.152024910354953,94.0,55.90123467399992,-4.380968632189907,97,23.664,1684
55.822841852508276,-4.152024910354953,94.0,55.88049231589054,-4.293733205570284,98,23.198,1246
55.822841852508276,-4.152024910354953,94.0,55.84697147961761,-4.334108806216461,99,13.629,943
55.822841852508276,-4.152024910354953,94.0,55.83067141211495,-4.195633651932574,100,4.459,477
55.822841852508276,-4.152024910354953,94.0,55.89350845984679,-4.099445363541155,101,15.23,814
55.822841852508276,-4.152024910354953,94.0,55.92592408664018,-4.179171340754611,102,26.75,1214
55.822841852508276,-4.152024910354953,94.0,55.84941827409408,-4.169566750359822,103,4.444,431
55.822841852508276,-4.152024910354953,94.0,55.92413375575165,-4.226670311636797,104,30.689,2100
55.822841852508276,-4.152024910354953,94.0,55.88995713457192,-4.285031242761631,105,23.691,1280
55.822841852508276,-4.152024910354953,94.0,55.90528066541109,-4.131569818675147,106,23.088,978
55.822841852508276,-4.152024910354953,94.0,55.87850608392288,-4.103517886631066,107,15.816,801
55.822841852508276,-4.152024910354953,94.0,55.80799405798939,-4.284953473560454,108,11.691,1040
55.822841852508276,-4.152024910354953,94.0,55.906815669822045,-4.385279074380807,109,22.669,1470
55.822841852508276,-4.152024910354953,94.0,55.916237634416454,-4.222407816066865,110,30.015,1351
55.822841852508276,-4.152024910354953,94.0,55.915798955837815,-4.088621086891774,111,18.311,889
55.822841852508276,-4.152024910354953,94.0,55.827538479175395,-4.350653065976025,112,16.075,1026
55.822841852508276,-4.152024910354953,94.0,55.799515288981674,-4.0866627646338864,113,6.822,536
55.822841852508276,-4.152024910354953,94.0,55.831024245961984,-4.244756518165482,114,7.428,575
55.822841852508276,-4.152024910354953,94.0,55.86754360554833,-4.2143078261423845,115,17.885,958
55.822841852508276,-4.152024910354953,94.0,55.8574985965699,-4.1521224561179935,116,5.323,508
55.822841852508276,-4.152024910354953,94.0,55.88095643501817,-4.32811659177277,117,17.305,1059
55.822841852508276,-4.152024910354953,94.0,55.85240433608213,-4.177570445500026,118,5.376,488
55.822841852508276,-4.152024910354953,94.0,55.91169549549074,-4.359708873069638,119,23.481,1658
55.822841852508276,-4.152024910354953,94.0,55.92640787519779,-4.300990956079843,120,20.117,1478
55.822841852508276,-4.152024910354953,94.0,55.84019197366069,-4.205566157974415,121,5.779,629
55.822841852508276,-4.152024910354953,94.0,55.866619942939494,-4.268153778778456,122,21.159,1090
55.822841852508276,-4.152024910354953,94.0,55.81327411986783,-4.2587495402872255,123,9.803,813
55.822841852508276,-4.152024910354953,94.0,55.86022660117776,-4.154711133590585,124,5.676,538
55.822841852508276,-4.152024910354953,94.0,55.831522729053496,-4.370420634377527,125,18.129,1196
55.822841852508276,-4.152024910354953,94.0,55.84074346341779,-4.172411658039648,126,3.824,358
55.822841852508276,-4.152024910354953,94.0,55.8801412435821,-4.258666277618953,127,21.435,1104
55.822841852508276,-4.152024910354953,94.0,55.8434159429892,-4.1056733307349536,128,6.799,480
55.822841852508276,-4.152024910354953,94.0,55.83522057783537,-4.25736952395694,129,7.962,672
55.822841852508276,-4.152024910354953,94.0,55.86467774065618,-4.2250953414252415,130,9.008,774
55.822841852508276,-4.152024910354953,94.0,55.8953662249987,-4.231143624453162,131,13.595,1136
55.822841852508276,-4.152024910354953,94.0,55.81920459649808,-4.236238450921302,132,6.701,632
55.822841852508276,-4.152024910354953,94.0,55.900795402502105,-4.206009410292495,133,20.127,1148
55.822841852508276,-4.152024910354953,94.0,55.86078490474355,-4.339631469507248,134,15.998,1026
55.822841852508276,-4.152024910354953,94.0,55.924999437053955,-4.191173279124663,135,27.228,1166
55.822841852508276,-4.152024910354953,94.0,55.81549096669224,-4.126910343137958,136,2.317,202
55.822841852508276,-4.152024910354953,94.0,55.90135585493081,-4.207622057499793,137,20.126,1126
55.822841852508276,-4.152024910354953,94.0,55.845816555475636,-4.129576488296543,138,5.54,470
55.822841852508276,-4.152024910354953,94.0,55.80470047644827,-4.291960781118721,139,12.697,1099
55.822841852508276,-4.152024910354953,94.0,55.89185394491289,-4.179857587296262,140,19.33,925
55.822841852508276,-4.152024910354953,94.0,55.91859399996558,-4.3401659608951215,141,22.347,1509
55.822841852508276,-4.152024910354953,94.0,55.90671476836246,-4.3642865107142725,142,22.248,1522
55.822841852508276,-4.152024910354953,94.0,55.81273399651921,-4.167613047894911,143,1.941,187
55.822841852508276,-4.152024910354953,94.0,55.80939871413575,-4.276056954355674,144,10.979,928
55.822841852508276,-4.152024910354953,94.0,55.88312869327199,-4.214542892826467,145,18.127,1027
55.822841852508276,-4.152024910354953,94.0,55.815340374954424,-4.283514492524949,146,11.149,945
55.822841852508276,-4.152024910354953,94.0,55.87864379034378,-4.080636908866371,147,14.773,671
55.822841852508276,-4.152024910354953,94.0,55.89423440492952,-4.2418874418647645,148,14.158,1220
55.822841852508276,-4.152024910354953,94.0,55.92796852989922,-4.305970400193036,149,20.245,1501
55.822841852508276,-4.152024910354953,94.0,55.92895153496988,-4.082888064137351,150,19.269,897
55.822841852508276,-4.152024910354953,94.0,55.790766759429424,-4.135285962371055,151,5.208,359
55.822841852508276,-4.152024910354953,94.0,55.80808041573422,-4.184105792933229,152,3.42,303
55.822841852508276,-4.152024910354953,94.0,55.7982747224006,-4.3931924101572655,153,20.2,1280
55.822841852508276,-4.152024910354953,94.0,55.81178474630603,-4.337962602706185,154,16.798,1041
55.822841852508276,-4.152024910354953,94.0,55.852972007756,-4.353957895039277,155,15.197,1029
55.822841852508276,-4.152024910354953,94.0,55.797152036890715,-4.311451416173846,156,13.813,1120
55.822841852508276,-4.152024910354953,94.0,55.84839482833289,-4.1889265673730645,157,5.096,444
55.822841852508276,-4.152024910354953,94.0,55.86383954752864,-4.387927326091926,158,20.789,1056
55.822841852508276,-4.152024910354953,94.0,55.807182357875575,-4.140487806234959,159,2.757,278
55.822841852508276,-4.152024910354953,94.0,55.8296607577131,-4.218765551358871,160,4.844,501
55.822841852508276,-4.152024910354953,94.0,55.82699494590622,-4.295404959002084,161,14.234,919
55.822841852508276,-4.152024910354953,94.0,55.861248665443505,-4.307186036515638,162,13.083,932
55.822841852508276,-4.152024910354953,94.0,55.897857165570365,-4.156645648865112,163,20.806,961
55.822841852508276,-4.152024910354953,94.0,55.877747555317356,-4.342792329217214,164,17.895,1156
55.822841852508276,-4.152024910354953,94.0,55.92259641850896,-4.389236283866068,165,34.151,1620
55.822841852508276,-4.152024910354953,94.0,55.92621339590465,-4.2820478996479165,166,18.569,1378
55.822841852508276,-4.152024910354953,94.0,55.80660612206145,-4.094012410496262,167,9.016,757
55.822841852508276,-4.152024910354953,94.0,55.84605439624201,-4.09192094471571,168,16.002,739
55.822841852508276,-4.152024910354953,94.0,55.83961965364386,-4.1201104741133365,169,6.15,378
55.822841852508276,-4.152024910354953,94.0,55.85030951683019,-4.217608837338132,170,6.758,583
55.822841852508276,-4.152024910354953,94.0,55.85971342373431,-4.246748195156407,171,9.185,819
55.822841852508276,-4.152024910354953,94.0,55.815747728441636,-4.150792968910081,172,1.627,175
55.822841852508276,-4.152024910354953,94.0,55.80041195127493,-4.3806303679601495,173,19.616,1233
55.822841852508276,-4.152024910354953,94.0,55.85487415463933,-4.092829020720908,174,10.457,571
55.822841852508276,-4.152024910354953,94.0,55.80456076444065,-4.203157873727267,175,5.125,462
55.822841852508276,-4.152024910354953,94.0,55.84723005082115,-4.330151260440624,176,13.15,887
55.822841852508276,-4.152024910354953,94.0,55.88775631668876,-4.123428423568879,177,18.428,1024
55.822841852508276,-4.152024910354953,94.0,55.82857385936083,-4.129579652409029,178,2.667,236
55.822841852508276,-4.152024910354953,94.0,55.879865395443076,-4.36272007519476,179,18.787,1198
55.822841852508276,-4.152024910354953,94.0,55.87973669437185,-4.215636550296907,180,18.843,1123
55.822841852508276,-4.152024910354953,94.0,55.8162521393249,-4.1868605517933455,181,2.676,322
55.822841852508276,-4.152024910354953,94.0,55.80755514535402,-4.201625161718038,182,4.878,429
55.822841852508276,-4.152024910354953,94.0,55.85565398843102,-4.250533808562208,183,9.641,859
55.822841852508276,-4.152024910354953,94.0,55.929636326069506,-4.381100658166308,184,35.137,1641
55.822841852508276,-4.152024910354953,94.0,55.879581066995904,-4.21986165885879,185,12.094,1154
55.822841852508276,-4.152024910354953,94.0,55.92647877645629,-4.127886630011083,186,19.671,1158
55.822841852508276,-4.152024910354953,94.0,55.82282427264178,-4.371094162561755,187,17.265,1119
55.822841852508276,-4.152024910354953,94.0,55.90291353127043,-4.3414180899754955,188,20.294,1400
55.822841852508276,-4.152024910354953,94.0,55.78437024600116,-4.156926419796477,189,6.381,475
55.822841852508276,-4.152024910354953,94.0,55.8321542449311,-4.1561720476648265,190,2.487,234
55.822841852508276,-4.152024910354953,94.0,55.88310705812362,-4.084862107847263,191,11.934,552
55.822841852508276,-4.152024910354953,94.0,55.85616333886266,-4.110333739241922,192,7.493,674
55.822841852508276,-4.152024910354953,94.0,55.90185178498145,-4.152652007721208,193,25.038,1510
55.822841852508276,-4.152024910354953,94.0,55.8837118458465,-4.182392741162416,194,18.697,1808
55.822841852508276,-4.152024910354953,94.0,55.83086049774818,-4.312434105301623,195,15.168,1024
55.822841852508276,-4.152024910354953,94.0,55.821849459706755,-4.176208567338996,196,1.852,208
55.822841852508276,-4.152024910354953,94.0,55.88009750494633,-4.255964552703097,197,21.121,1083
55.822841852508276,-4.152024910354953,94.0,55.87413911675089,-4.369807111055967,198,16.791,947
55.822841852508276,-4.152024910354953,94.0,55.86354071984154,-4.093406384811447,199,12.037,675
55.888500351579005,-4.084152477414972,95.0,55.8391698042901,-4.214478482526657,0,16.216,793
55.888500351579005,-4.084152477414972,95.0,55.86553667472969,-4.350500876963486,1,28.553,1222
55.888500351579005,-4.084152477414972,95.0,55.912892829643965,-4.286410947894997,2,19.415,2027
55.888500351579005,-4.084152477414972,95.0,55.84854019346565,-4.391697428307927,3,27.984,1443
55.888500351579005,-4.084152477414972,95.0,55.79232875093524,-4.310455024670266,4,30.449,1421
55.888500351579005,-4.084152477414972,95.0,55.837143362020576,-4.120043492886959,5,14.446,613
55.888500351579005,-4.084152477414972,95.0,55.84185129809378,-4.283879851305767,6,20.423,1096
55.888500351579005,-4.084152477414972,95.0,55.90609664927746,-4.311383718964596,7,21.625,1299
55.888500351579005,-4.084152477414972,95.0,55.7832172019226,-4.31249791159531,8,26.406,1463
55.888500351579005,-4.084152477414972,95.0,55.8177258987159,-4.260489243356555,9,20.373,1009
55.888500351579005,-4.084152477414972,95.0,55.903262790870684,-4.212111703691823,10,12.98,879
55.888500351579005,-4.084152477414972,95.0,55.893978813107424,-4.1413270988368325,11,5.603,464
55.888500351579005,-4.084152477414972,95.0,55.894884622950286,-4.154349650804189,12,6.534,417
55.888500351579005,-4.084152477414972,95.0,55.80680963785043,-4.263605759417426,13,22.811,1276
55.888500351579005,-4.084152477414972,95.0,55.81824312166051,-4.346878846315483,14,27.612,1335
55.888500351579005,-4.084152477414972,95.0,55.84742656229786,-4.269221405976544,15,17.301,1037
55.888500351579005,-4.084152477414972,95.0,55.80730424868546,-4.315177272898423,16,27.318,1320
55.888500351579005,-4.084152477414972,95.0,55.83798278877758,-4.260604018644594,17,18.894,910
55.888500351579005,-4.084152477414972,95.0,55.89424631095569,-4.343398240721316,18,19.154,1248
55.888500351579005,-4.084152477414972,95.0,55.83908093533876,-4.223069302141199,19,17.246,923
55.888500351579005,-4.084152477414972,95.0,55.8357731433788,-4.270556349194068,20,19.578,960
55.888500351579005,-4.084152477414972,95.0,55.90309627527835,-4.360750370095284,21,24.288,1572
55.888500351579005,-4.084152477414972,95.0,55.85652103589449,-4.101365743428073,22,5.821,413
55.888500351579005,-4.084152477414972,95.0,55.783736419963375,-4.235306054793451,23,21.284,1186
55.888500351579005,-4.084152477414972,95.0,55.92064824587275,-4.2358362157531895,24,14.538,885
55.888500351579005,-4.084152477414972,95.0,55.907674892744176,-4.2497703459088045,25,15.484,2101
55.888500351579005,-4.084152477414972,95.0,55.919604340921964,-4.226208116301384,26,13.272,820
55.888500351579005,-4.084152477414972,95.0,55.83219148710444,-4.304581930326681,27,26.49,1362
55.888500351579005,-4.084152477414972,95.0,55.79569701419853,-4.1769099124482585,28,17.459,942
55.888500351579005,-4.084152477414972,95.0,55.81260197667657,-4.197841211154324,29,18.081,928
55.888500351579005,-4.084152477414972,95.0,55.826092940761974,-4.176919409292903,30,14.364,755
55.888500351579005,-4.084152477414972,95.0,55.828413149208096,-4.109650878166438,31,9.929,645
55.888500351579005,-4.084152477414972,95.0,55.8999241737755,-4.257993823533507,32,17.058,1138
55.888500351579005,-4.084152477414972,95.0,55.892514250678616,-4.340118142906542,33,19.183,1260
55.888500351579005,-4.084152477414972,95.0,55.855241629670886,-4.269936069312288,34,15.145,778
55.888500351579005,-4.084152477414972,95.0,55.877364911629314,-4.109701193625618,35,2.506,177
55.888500351579005,-4.084152477414972,95.0,55.887053111734645,-4.1280531391159245,36,5.453,431
55.888500351579005,-4.084152477414972,95.0,55.89108676863447,-4.105446803942431,37,3.323,456
55.888500351579005,-4.084152477414972,95.0,55.842635153466425,-4.334387903339716,38,24.421,1150
55.888500351579005,-4.084152477414972,95.0,55.89197542936556,-4.19614108945253,39,9.642,620
55.888500351579005,-4.084152477414972,95.0,55.825849135803445,-4.321179033230789,40,24.668,1262
55.888500351579005,-4.084152477414972,95.0,55.81864602215581,-4.375055705699034,41,28.641,1344
55.888500351579005,-4.084152477414972,95.0,55.92613065482397,-4.212698358862173,42,12.646,815
55.888500351579005,-4.084152477414972,95.0,55.874439929608144,-4.279689658904073,43,14.986,900
55.888500351579005,-4.084152477414972,95.0,55.81998166828728,-4.245455535821837,44,19.853,914
55.888500351579005,-4.084152477414972,95.0,55.91066980601156,-4.213502644426629,45,13.628,870
55.888500351579005,-4.084152477414972,95.0,55.8404807486866,-4.356656090229781,46,28.073,1417
55.888500351579005,-4.084152477414972,95.0,55.88708229912325,-4.079055837843032,47,1.652,113
55.888500351579005,-4.084152477414972,95.0,55.84510555179576,-4.178720975321847,48,13.78,728
55.888500351579005,-4.084152477414972,95.0,55.84413340760586,-4.085244529493477,49,7.025,780
55.888500351579005,-4.084152477414972,95.0,55.83324217210475,-4.157183908594519,50,12.461,602
55.888500351579005,-4.084152477414972,95.0,55.895753278756494,-4.323131413571223,51,18.925,1322
55.888500351579005,-4.084152477414972,95.0,55.88609925330935,-4.38354364327563,52,29.586,1290
55.888500351579005,-4.084152477414972,95.0,55.86596770908397,-4.338853955125049,53,26.369,1171
55.888500351579005,-4.084152477414972,95.0,55.819381988004544,-4.256567679373081,54,21.282,1064
55.888500351579005,-4.084152477414972,95.0,55.919398785577634,-4.298102785445152,55,19.691,1707
55.888500351579005,-4.084152477414972,95.0,55.81052481551728,-4.0780884232687225,56,11.675,1731
55.888500351579005,-4.084152477414972,95.0,55.8411814367945,-4.125490362928665,57,9.997,545
55.888500351579005,-4.084152477414972,95.0,55.844855881791794,-4.151320272286683,58,13.612,702
55.888500351579005,-4.084152477414972,95.0,55.79334532620707,-4.3052187624925375,59,25.149,1411
55.888500351579005,-4.084152477414972,95.0,55.78499644933002,-4.082518262203789,60,16.605,724
55.888500351579005,-4.084152477414972,95.0,55.86482365717543,-4.074666870071637,61,3.443,343
55.888500351579005,-4.084152477414972,95.0,55.910543969585106,-4.384534109666136,62,23.014,1548
55.888500351579005,-4.084152477414972,95.0,55.799715679086134,-4.188568421733812,63,17.787,1133
55.888500351579005,-4.084152477414972,95.0,55.90005630083831,-4.294022887833187,64,20.844,1282
55.888500351579005,-4.084152477414972,95.0,55.82573931186619,-4.210157383495828,65,16.138,743
55.888500351579005,-4.084152477414972,95.0,55.88010014610652,-4.288014027401103,66,17.086,1190
55.888500351579005,-4.084152477414972,95.0,55.8836463272421,-4.377148406451105,67,29.356,1368
55.888500351579005,-4.084152477414972,95.0,55.80511293548626,-4.195982430231648,68,19.061,1003
55.888500351579005,-4.084152477414972,95.0,55.9265186267864,-4.256321117900257,69,16.764,1015
55.888500351579005,-4.084152477414972,95.0,55.90353118048908,-4.119171950823842,70,3.925,517
55.888500351579005,-4.084152477414972,95.0,55.81502357146685,-4.260984914919316,71,20.73,1043
55.888500351579005,-4.084152477414972,95.0,55.894355058439295,-4.293143876300353,72,17.655,1169
55.888500351579005,-4.084152477414972,95.0,55.80246488546192,-4.242274834364847,73,21.994,1140
55.888500351579005,-4.084152477414972,95.0,55.887581813102464,-4.2985753032369685,74,17.267,1165
55.888500351579005,-4.084152477414972,95.0,55.928290955083554,-4.295962301582311,75,18.391,1049
55.888500351579005,-4.084152477414972,95.0,55.81096058143004,-4.368797105646974,76,30.298,1426
55.888500351579005,-4.084152477414972,95.0,55.84818750128869,-4.3631808239548375,77,29.059,1269
55.888500351579005,-4.084152477414972,95.0,55.81610352786554,-4.330910795148831,78,26.637,1175
55.888500351579005,-4.084152477414972,95.0,55.807034270653475,-4.136077366584948,79,16.485,890
55.888500351579005,-4.084152477414972,95.0,55.86778114631985,-4.233612892312959,80,12.116,764
55.888500351579005,-4.084152477414972,95.0,55.79578956690847,-4.368290459919509,81,35.382,2620
55.888500351579005,-4.084152477414972,95.0,55.897877306124535,-4.077031107370425,82,3.312,796
55.888500351579005,-4.084152477414972,95.0,55.80721289582252,-4.242612882195534,83,21.217,1091
55.888500351579005,-4.084152477414972,95.0,55.92209393969709,-4.157940141970138,84,7.888,534
55.888500351579005,-4.084152477414972,95.0,55.79188265083702,-4.28147512844989,85,24.184,1334
55.888500351579005,-4.084152477414972,95.0,55.88043814367632,-4.104360473798184,86,1.816,117
55.888500351579005,-4.084152477414972,95.0,55.90345994988174,-4.293652184560058,87,20.059,1203
55.888500351579005,-4.084152477414972,95.0,55.91230525016259,-4.108196424937476,88,4.719,426
55.888500351579005,-4.084152477414972,95.0,55.90569137930351,-4.3852429216612405,89,23.049,1571
55.888500351579005,-4.084152477414972,95.0,55.824402119970216,-4.298242138123909,90,25.104,1183
55.888500351579005,-4.084152477414972,95.0,55.887104625653905,-4.201059285828647,91,10.702,788
55.888500351579005,-4.084152477414972,95.0,55.92006797200308,-4.195257422106852,92,10.651,633
55.888500351579005,-4.084152477414972,95.0,55.7944551107823,-4.1683749063061635,93,17.589,1376
55.888500351579005,-4.084152477414972,95.0,55.88003873447475,-4.304350182381346,94,16.6,1073
55.888500351579005,-4.084152477414972,95.0,55.88308048053683,-4.2942103285768285,95,16.2,1047
55.888500351579005,-4.084152477414972,95.0,55.80779271908626,-4.3234306371549245,96,27.908,1307
55.888500351579005,-4.084152477414972,95.0,55.90123467399992,-4.380968632189907,97,26.202,1747
55.888500351579005,-4.084152477414972,95.0,55.88049231589054,-4.293733205570284,98,16.102,1038
55.888500351579005,-4.084152477414972,95.0,55.84697147961761,-4.334108806216461,99,24.535,1183
55.888500351579005,-4.084152477414972,95.0,55.83067141211495,-4.195633651932574,100,15.382,757
55.888500351579005,-4.084152477414972,95.0,55.89350845984679,-4.099445363541155,101,2.39,228
55.888500351579005,-4.084152477414972,95.0,55.92592408664018,-4.179171340754611,102,9.922,671
55.888500351579005,-4.084152477414972,95.0,55.84941827409408,-4.169566750359822,103,10.342,712
55.888500351579005,-4.084152477414972,95.0,55.92413375575165,-4.226670311636797,104,13.861,1558
55.888500351579005,-4.084152477414972,95.0,55.88995713457192,-4.285031242761631,105,16.595,1072
55.888500351579005,-4.084152477414972,95.0,55.90528066541109,-4.131569818675147,106,6.26,435
55.888500351579005,-4.084152477414972,95.0,55.87850608392288,-4.103517886631066,107,2.147,150
55.888500351579005,-4.084152477414972,95.0,55.80799405798939,-4.284953473560454,108,22.597,1280
55.888500351579005,-4.084152477414972,95.0,55.906815669822045,-4.385279074380807,109,22.36,1486
55.888500351579005,-4.084152477414972,95.0,55.916237634416454,-4.222407816066865,110,13.187,808
55.888500351579005,-4.084152477414972,95.0,55.915798955837815,-4.088621086891774,111,6.257,379
55.888500351579005,-4.084152477414972,95.0,55.827538479175395,-4.350653065976025,112,26.981,1266
55.888500351579005,-4.084152477414972,95.0,55.799515288981674,-4.0866627646338864,113,16.975,837
55.888500351579005,-4.084152477414972,95.0,55.831024245961984,-4.244756518165482,114,18.334,815
55.888500351579005,-4.084152477414972,95.0,55.86754360554833,-4.2143078261423845,115,10.789,750
55.888500351579005,-4.084152477414972,95.0,55.8574985965699,-4.1521224561179935,116,7.896,566
55.888500351579005,-4.084152477414972,95.0,55.88095643501817,-4.32811659177277,117,19.819,1130
55.888500351579005,-4.084152477414972,95.0,55.85240433608213,-4.177570445500026,118,10.62,726
55.888500351579005,-4.084152477414972,95.0,55.91169549549074,-4.359708873069638,119,24.232,1563
55.888500351579005,-4.084152477414972,95.0,55.92640787519779,-4.300990956079843,120,18.839,1098
55.888500351579005,-4.084152477414972,95.0,55.84019197366069,-4.205566157974415,121,16.702,909
55.888500351579005,-4.084152477414972,95.0,55.866619942939494,-4.268153778778456,122,14.063,881
55.888500351579005,-4.084152477414972,95.0,55.81327411986783,-4.2587495402872255,123,20.709,1053
55.888500351579005,-4.084152477414972,95.0,55.86022660117776,-4.154711133590585,124,7.113,493
55.888500351579005,-4.084152477414972,95.0,55.831522729053496,-4.370420634377527,125,29.035,1436
55.888500351579005,-4.084152477414972,95.0,55.84074346341779,-4.172411658039648,126,13.442,647
55.888500351579005,-4.084152477414972,95.0,55.8801412435821,-4.258666277618953,127,14.339,895
55.888500351579005,-4.084152477414972,95.0,55.8434159429892,-4.1056733307349536,128,10.253,574
55.888500351579005,-4.084152477414972,95.0,55.83522057783537,-4.25736952395694,129,18.868,912
55.888500351579005,-4.084152477414972,95.0,55.86467774065618,-4.2250953414252415,130,12.009,667
55.888500351579005,-4.084152477414972,95.0,55.8953662249987,-4.231143624453162,131,12.461,867
55.888500351579005,-4.084152477414972,95.0,55.81920459649808,-4.236238450921302,132,20.437,964
55.888500351579005,-4.084152477414972,95.0,55.900795402502105,-4.206009410292495,133,11.043,786
55.888500351579005,-4.084152477414972,95.0,55.86078490474355,-4.339631469507248,134,26.904,1266
55.888500351579005,-4.084152477414972,95.0,55.924999437053955,-4.191173279124663,135,10.4,623
55.888500351579005,-4.084152477414972,95.0,55.81549096669224,-4.126910343137958,136,13.328,857
55.888500351579005,-4.084152477414972,95.0,55.90135585493081,-4.207622057499793,137,11.042,764
55.888500351579005,-4.084152477414972,95.0,55.845816555475636,-4.129576488296543,138,8.136,516
55.888500351579005,-4.084152477414972,95.0,55.80470047644827,-4.291960781118721,139,23.603,1339
55.888500351579005,-4.084152477414972,95.0,55.89185394491289,-4.179857587296262,140,8.529,536
55.888500351579005,-4.084152477414972,95.0,55.91859399996558,-4.3401659608951215,141,21.6,1308
55.888500351579005,-4.084152477414972,95.0,55.90671476836246,-4.3642865107142725,142,24.319,1535
55.888500351579005,-4.084152477414972,95.0,55.81273399651921,-4.167613047894911,143,14.918,744
55.888500351579005,-4.084152477414972,95.0,55.80939871413575,-4.276056954355674,144,21.885,1168
55.888500351579005,-4.084152477414972,95.0,55.88312869327199,-4.214542892826467,145,11.031,818
55.888500351579005,-4.084152477414972,95.0,55.815340374954424,-4.283514492524949,146,22.055,1185
55.888500351579005,-4.084152477414972,95.0,55.87864379034378,-4.080636908866371,147,2.632,148
55.888500351579005,-4.084152477414972,95.0,55.89423440492952,-4.2418874418647645,148,13.202,991
55.888500351579005,-4.084152477414972,95.0,55.92796852989922,-4.305970400193036,149,18.967,1121
55.888500351579005,-4.084152477414972,95.0,55.92895153496988,-4.082888064137351,150,7.215,387
55.888500351579005,-4.084152477414972,95.0,55.790766759429424,-4.135285962371055,151,18.613,946
55.888500351579005,-4.084152477414972,95.0,55.80808041573422,-4.184105792933229,152,16.397,860
55.888500351579005,-4.084152477414972,95.0,55.7982747224006,-4.3931924101572655,153,31.106,1520
55.888500351579005,-4.084152477414972,95.0,55.81178474630603,-4.337962602706185,154,27.704,1281
55.888500351579005,-4.084152477414972,95.0,55.852972007756,-4.353957895039277,155,26.103,1269
55.888500351579005,-4.084152477414972,95.0,55.797152036890715,-4.311451416173846,156,29.676,1355
55.888500351579005,-4.084152477414972,95.0,55.84839482833289,-4.1889265673730645,157,14.541,764
55.888500351579005,-4.084152477414972,95.0,55.86383954752864,-4.387927326091926,158,31.695,1296
55.888500351579005,-4.084152477414972,95.0,55.807182357875575,-4.140487806234959,159,16.162,865
55.888500351579005,-4.084152477414972,95.0,55.8296607577131,-4.218765551358871,160,16.479,835
55.888500351579005,-4.084152477414972,95.0,55.82699494590622,-4.295404959002084,161,25.14,1159
55.888500351579005,-4.084152477414972,95.0,55.861248665443505,-4.307186036515638,162,23.989,1172
55.888500351579005,-4.084152477414972,95.0,55.897857165570365,-4.156645648865112,163,10.066,588
55.888500351579005,-4.084152477414972,95.0,55.877747555317356,-4.342792329217214,164,20.417,1236
55.888500351579005,-4.084152477414972,95.0,55.92259641850896,-4.389236283866068,165,25.599,1512
55.888500351579005,-4.084152477414972,95.0,55.92621339590465,-4.2820478996479165,166,17.711,1017
55.888500351579005,-4.084152477414972,95.0,55.80660612206145,-4.094012410496262,167,11.26,796
55.888500351579005,-4.084152477414972,95.0,55.84605439624201,-4.09192094471571,168,9.172,454
55.888500351579005,-4.084152477414972,95.0,55.83961965364386,-4.1201104741133365,169,9.604,472
55.888500351579005,-4.084152477414972,95.0,55.85030951683019,-4.217608837338132,170,16.376,873
55.888500351579005,-4.084152477414972,95.0,55.85971342373431,-4.246748195156407,171,12.722,814
55.888500351579005,-4.084152477414972,95.0,55.815747728441636,-4.150792968910081,172,15.032,762
55.888500351579005,-4.084152477414972,95.0,55.80041195127493,-4.3806303679601495,173,30.522,1473
55.888500351579005,-4.084152477414972,95.0,55.85487415463933,-4.092829020720908,174,4.909,245
55.888500351579005,-4.084152477414972,95.0,55.80456076444065,-4.203157873727267,175,19.08,1004
55.888500351579005,-4.084152477414972,95.0,55.84723005082115,-4.330151260440624,176,24.056,1127
55.888500351579005,-4.084152477414972,95.0,55.88775631668876,-4.123428423568879,177,5.588,437
55.888500351579005,-4.084152477414972,95.0,55.82857385936083,-4.129579652409029,178,12.935,835
55.888500351579005,-4.084152477414972,95.0,55.879865395443076,-4.36272007519476,179,21.325,1261
55.888500351579005,-4.084152477414972,95.0,55.87973669437185,-4.215636550296907,180,11.747,914
55.888500351579005,-4.084152477414972,95.0,55.8162521393249,-4.1868605517933455,181,15.505,857
55.888500351579005,-4.084152477414972,95.0,55.80755514535402,-4.201625161718038,182,18.833,971
55.888500351579005,-4.084152477414972,95.0,55.85565398843102,-4.250533808562208,183,13.536,969
55.888500351579005,-4.084152477414972,95.0,55.929636326069506,-4.381100658166308,184,24.661,1471
55.888500351579005,-4.084152477414972,95.0,55.879581066995904,-4.21986165885879,185,11.932,948
55.888500351579005,-4.084152477414972,95.0,55.92647877645629,-4.127886630011083,186,6.831,572
55.888500351579005,-4.084152477414972,95.0,55.82282427264178,-4.371094162561755,187,28.171,1359
55.888500351579005,-4.084152477414972,95.0,55.90291353127043,-4.3414180899754955,188,19.985,1417
55.888500351579005,-4.084152477414972,95.0,55.78437024600116,-4.156926419796477,189,22.204,1000
55.888500351579005,-4.084152477414972,95.0,55.8321542449311,-4.1561720476648265,190,12.501,616
55.888500351579005,-4.084152477414972,95.0,55.88310705812362,-4.084862107847263,191,9.59,389
55.888500351579005,-4.084152477414972,95.0,55.85616333886266,-4.110333739241922,192,5.859,435
55.888500351579005,-4.084152477414972,95.0,55.90185178498145,-4.152652007721208,193,8.21,967
55.888500351579005,-4.084152477414972,95.0,55.8837118458465,-4.182392741162416,194,8.671,1485
55.888500351579005,-4.084152477414972,95.0,55.83086049774818,-4.312434105301623,195,26.074,1264
55.888500351579005,-4.084152477414972,95.0,55.821849459706755,-4.176208567338996,196,14.385,700
55.888500351579005,-4.084152477414972,95.0,55.88009750494633,-4.255964552703097,197,14.025,874
55.888500351579005,-4.084152477414972,95.0,55.87413911675089,-4.369807111055967,198,27.697,1187
55.888500351579005,-4.084152477414972,95.0,55.86354071984154,-4.093406384811447,199,4.123,209
55.87997717687266,-4.2291331655610716,96.0,55.8391698042901,-4.214478482526657,0,6.932,753
55.87997717687266,-4.2291331655610716,96.0,55.86553667472969,-4.350500876963486,1,14.901,850
55.87997717687266,-4.2291331655610716,96.0,55.912892829643965,-4.286410947894997,2,8.015,1547
55.87997717687266,-4.2291331655610716,96.0,55.84854019346565,-4.391697428307927,3,14.332,1071
55.87997717687266,-4.2291331655610716,96.0,55.79232875093524,-4.310455024670266,4,16.823,1050
55.87997717687266,-4.2291331655610716,96.0,55.837143362020576,-4.120043492886959,5,17.408,930
55.87997717687266,-4.2291331655610716,96.0,55.84185129809378,-4.283879851305767,6,11.503,800
55.87997717687266,-4.2291331655610716,96.0,55.90609664927746,-4.311383718964596,7,7.952,813
55.87997717687266,-4.2291331655610716,96.0,55.7832172019226,-4.31249791159531,8,18.411,1108
55.87997717687266,-4.2291331655610716,96.0,55.8177258987159,-4.260489243356555,9,8.758,936
55.87997717687266,-4.2291331655610716,96.0,55.903262790870684,-4.212111703691823,10,4.488,562
55.87997717687266,-4.2291331655610716,96.0,55.893978813107424,-4.1413270988368325,11,8.948,770
55.87997717687266,-4.2291331655610716,96.0,55.894884622950286,-4.154349650804189,12,11.333,668
55.87997717687266,-4.2291331655610716,96.0,55.80680963785043,-4.263605759417426,13,10.599,1196
55.87997717687266,-4.2291331655610716,96.0,55.81824312166051,-4.346878846315483,14,13.986,964
55.87997717687266,-4.2291331655610716,96.0,55.84742656229786,-4.269221405976544,15,7.979,687
55.87997717687266,-4.2291331655610716,96.0,55.80730424868546,-4.315177272898423,16,13.692,948
55.87997717687266,-4.2291331655610716,96.0,55.83798278877758,-4.260604018644594,17,6.128,711
55.87997717687266,-4.2291331655610716,96.0,55.89424631095569,-4.343398240721316,18,9.832,898
55.87997717687266,-4.2291331655610716,96.0,55.83908093533876,-4.223069302141199,19,6.379,779
55.87997717687266,-4.2291331655610716,96.0,55.8357731433788,-4.270556349194068,20,8.783,698
55.87997717687266,-4.2291331655610716,96.0,55.90309627527835,-4.360750370095284,21,11.466,1105
55.87997717687266,-4.2291331655610716,96.0,55.85652103589449,-4.101365743428073,22,11.496,713
55.87997717687266,-4.2291331655610716,96.0,55.783736419963375,-4.235306054793451,23,12.818,1227
55.87997717687266,-4.2291331655610716,96.0,55.92064824587275,-4.2358362157531895,24,5.613,543
55.87997717687266,-4.2291331655610716,96.0,55.907674892744176,-4.2497703459088045,25,4.365,1587
55.87997717687266,-4.2291331655610716,96.0,55.919604340921964,-4.226208116301384,26,5.537,555
55.87997717687266,-4.2291331655610716,96.0,55.83219148710444,-4.304581930326681,27,12.864,990
55.87997717687266,-4.2291331655610716,96.0,55.79569701419853,-4.1769099124482585,28,13.023,1172
55.87997717687266,-4.2291331655610716,96.0,55.81260197667657,-4.197841211154324,29,10.434,1039
55.87997717687266,-4.2291331655610716,96.0,55.826092940761974,-4.176919409292903,30,14.065,1003
55.87997717687266,-4.2291331655610716,96.0,55.828413149208096,-4.109650878166438,31,18.442,1058
55.87997717687266,-4.2291331655610716,96.0,55.8999241737755,-4.257993823533507,32,4.464,526
55.87997717687266,-4.2291331655610716,96.0,55.892514250678616,-4.340118142906542,33,9.861,910
55.87997717687266,-4.2291331655610716,96.0,55.855241629670886,-4.269936069312288,34,5.823,428
55.87997717687266,-4.2291331655610716,96.0,55.877364911629314,-4.109701193625618,35,11.897,813
55.87997717687266,-4.2291331655610716,96.0,55.887053111734645,-4.1280531391159245,36,12.199,780
55.87997717687266,-4.2291331655610716,96.0,55.89108676863447,-4.105446803942431,37,13.932,1086
55.87997717687266,-4.2291331655610716,96.0,55.842635153466425,-4.334387903339716,38,10.769,778
55.87997717687266,-4.2291331655610716,96.0,55.89197542936556,-4.19614108945253,39,5.188,540
55.87997717687266,-4.2291331655610716,96.0,55.825849135803445,-4.321179033230789,40,11.042,890
55.87997717687266,-4.2291331655610716,96.0,55.81864602215581,-4.375055705699034,41,15.015,972
55.87997717687266,-4.2291331655610716,96.0,55.92613065482397,-4.212698358862173,42,5.999,608
55.87997717687266,-4.2291331655610716,96.0,55.874439929608144,-4.279689658904073,43,5.664,550
55.87997717687266,-4.2291331655610716,96.0,55.81998166828728,-4.245455535821837,44,8.238,842
55.87997717687266,-4.2291331655610716,96.0,55.91066980601156,-4.213502644426629,45,4.951,559
55.87997717687266,-4.2291331655610716,96.0,55.8404807486866,-4.356656090229781,46,14.421,1045
55.87997717687266,-4.2291331655610716,96.0,55.88708229912325,-4.079055837843032,47,14.741,945
55.87997717687266,-4.2291331655610716,96.0,55.84510555179576,-4.178720975321847,48,7.84,822
55.87997717687266,-4.2291331655610716,96.0,55.84413340760586,-4.085244529493477,49,15.995,1246
55.87997717687266,-4.2291331655610716,96.0,55.83324217210475,-4.157183908594519,50,9.962,970
55.87997717687266,-4.2291331655610716,96.0,55.895753278756494,-4.323131413571223,51,8.454,935
55.87997717687266,-4.2291331655610716,96.0,55.88609925330935,-4.38354364327563,52,15.934,918
55.87997717687266,-4.2291331655610716,96.0,55.86596770908397,-4.338853955125049,53,12.717,799
55.87997717687266,-4.2291331655610716,96.0,55.819381988004544,-4.256567679373081,54,8.488,957
55.87997717687266,-4.2291331655610716,96.0,55.919398785577634,-4.298102785445152,55,8.291,1226
55.87997717687266,-4.2291331655610716,96.0,55.81052481551728,-4.0780884232687225,56,21.241,2205
55.87997717687266,-4.2291331655610716,96.0,55.8411814367945,-4.125490362928665,57,16.523,953
55.87997717687266,-4.2291331655610716,96.0,55.844855881791794,-4.151320272286683,58,9.667,939
55.87997717687266,-4.2291331655610716,96.0,55.79334532620707,-4.3052187624925375,59,17.154,1056
55.87997717687266,-4.2291331655610716,96.0,55.78499644933002,-4.082518262203789,60,23.131,1132
55.87997717687266,-4.2291331655610716,96.0,55.86482365717543,-4.074666870071637,61,13.762,930
55.87997717687266,-4.2291331655610716,96.0,55.910543969585106,-4.384534109666136,62,13.692,1198
55.87997717687266,-4.2291331655610716,96.0,55.799715679086134,-4.188568421733812,63,13.005,1330
55.87997717687266,-4.2291331655610716,96.0,55.90005630083831,-4.294022887833187,64,8.273,762
55.87997717687266,-4.2291331655610716,96.0,55.82573931186619,-4.210157383495828,65,8.491,854
55.87997717687266,-4.2291331655610716,96.0,55.88010014610652,-4.288014027401103,66,5.745,716
55.87997717687266,-4.2291331655610716,96.0,55.8836463272421,-4.377148406451105,67,15.704,996
55.87997717687266,-4.2291331655610716,96.0,55.80511293548626,-4.195982430231648,68,11.414,1114
55.87997717687266,-4.2291331655610716,96.0,55.9265186267864,-4.256321117900257,69,7.829,641
55.87997717687266,-4.2291331655610716,96.0,55.90353118048908,-4.119171950823842,70,13.095,1021
55.87997717687266,-4.2291331655610716,96.0,55.81502357146685,-4.260984914919316,71,9.115,971
55.87997717687266,-4.2291331655610716,96.0,55.894355058439295,-4.293143876300353,72,6.314,695
55.87997717687266,-4.2291331655610716,96.0,55.80246488546192,-4.242274834364847,73,10.379,1067
55.87997717687266,-4.2291331655610716,96.0,55.887581813102464,-4.2985753032369685,74,5.926,691
55.87997717687266,-4.2291331655610716,96.0,55.928290955083554,-4.295962301582311,75,8.713,641
55.87997717687266,-4.2291331655610716,96.0,55.81096058143004,-4.368797105646974,76,16.672,1054
55.87997717687266,-4.2291331655610716,96.0,55.84818750128869,-4.3631808239548375,77,15.407,897
55.87997717687266,-4.2291331655610716,96.0,55.81610352786554,-4.330910795148831,78,13.011,804
55.87997717687266,-4.2291331655610716,96.0,55.807034270653475,-4.136077366584948,79,13.986,1257
55.87997717687266,-4.2291331655610716,96.0,55.86778114631985,-4.233612892312959,80,2.192,323
55.87997717687266,-4.2291331655610716,96.0,55.79578956690847,-4.368290459919509,81,21.756,2249
55.87997717687266,-4.2291331655610716,96.0,55.897877306124535,-4.077031107370425,82,15.723,1552
55.87997717687266,-4.2291331655610716,96.0,55.80721289582252,-4.242612882195534,83,9.602,1019
55.87997717687266,-4.2291331655610716,96.0,55.92209393969709,-4.157940141970138,84,10.167,789
55.87997717687266,-4.2291331655610716,96.0,55.79188265083702,-4.28147512844989,85,18.016,1111
55.87997717687266,-4.2291331655610716,96.0,55.88043814367632,-4.104360473798184,86,11.709,773
55.87997717687266,-4.2291331655610716,96.0,55.90345994988174,-4.293652184560058,87,7.488,683
55.87997717687266,-4.2291331655610716,96.0,55.91230525016259,-4.108196424937476,88,14.363,967
55.87997717687266,-4.2291331655610716,96.0,55.90569137930351,-4.3852429216612405,89,13.727,1221
55.87997717687266,-4.2291331655610716,96.0,55.824402119970216,-4.298242138123909,90,11.478,811
55.87997717687266,-4.2291331655610716,96.0,55.887104625653905,-4.201059285828647,91,3.784,531
55.87997717687266,-4.2291331655610716,96.0,55.92006797200308,-4.195257422106852,92,6.845,585
55.87997717687266,-4.2291331655610716,96.0,55.7944551107823,-4.1683749063061635,93,13.153,1606
55.87997717687266,-4.2291331655610716,96.0,55.88003873447475,-4.304350182381346,94,7.278,723
55.87997717687266,-4.2291331655610716,96.0,55.88308048053683,-4.2942103285768285,95,6.878,697
55.87997717687266,-4.2291331655610716,96.0,55.80779271908626,-4.3234306371549245,96,14.282,936
55.87997717687266,-4.2291331655610716,96.0,55.90123467399992,-4.380968632189907,97,16.88,1397
55.87997717687266,-4.2291331655610716,96.0,55.88049231589054,-4.293733205570284,98,6.78,688
55.87997717687266,-4.2291331655610716,96.0,55.84697147961761,-4.334108806216461,99,10.883,811
55.87997717687266,-4.2291331655610716,96.0,55.83067141211495,-4.195633651932574,100,12.875,882
55.87997717687266,-4.2291331655610716,96.0,55.89350845984679,-4.099445363541155,101,13.747,917
55.87997717687266,-4.2291331655610716,96.0,55.92592408664018,-4.179171340754611,102,9.016,729
55.87997717687266,-4.2291331655610716,96.0,55.84941827409408,-4.169566750359822,103,7.626,807
55.87997717687266,-4.2291331655610716,96.0,55.92413375575165,-4.226670311636797,104,7.214,1350
55.87997717687266,-4.2291331655610716,96.0,55.88995713457192,-4.285031242761631,105,5.254,598
55.87997717687266,-4.2291331655610716,96.0,55.90528066541109,-4.131569818675147,106,10.545,667
55.87997717687266,-4.2291331655610716,96.0,55.87850608392288,-4.103517886631066,107,12.04,806
55.87997717687266,-4.2291331655610716,96.0,55.80799405798939,-4.284953473560454,108,12.781,1066
55.87997717687266,-4.2291331655610716,96.0,55.906815669822045,-4.385279074380807,109,13.038,1136
55.87997717687266,-4.2291331655610716,96.0,55.916237634416454,-4.222407816066865,110,5.452,543
55.87997717687266,-4.2291331655610716,96.0,55.915798955837815,-4.088621086891774,111,17.447,998
55.87997717687266,-4.2291331655610716,96.0,55.827538479175395,-4.350653065976025,112,13.355,895
55.87997717687266,-4.2291331655610716,96.0,55.799515288981674,-4.0866627646338864,113,23.501,1245
55.87997717687266,-4.2291331655610716,96.0,55.831024245961984,-4.244756518165482,114,6.839,750
55.87997717687266,-4.2291331655610716,96.0,55.86754360554833,-4.2143078261423845,115,3.433,482
55.87997717687266,-4.2291331655610716,96.0,55.8574985965699,-4.1521224561179935,116,9.406,756
55.87997717687266,-4.2291331655610716,96.0,55.88095643501817,-4.32811659177277,117,10.497,780
55.87997717687266,-4.2291331655610716,96.0,55.85240433608213,-4.177570445500026,118,6.911,679
55.87997717687266,-4.2291331655610716,96.0,55.91169549549074,-4.359708873069638,119,11.41,1096
55.87997717687266,-4.2291331655610716,96.0,55.92640787519779,-4.300990956079843,120,9.161,690
55.87997717687266,-4.2291331655610716,96.0,55.84019197366069,-4.205566157974415,121,7.418,851
55.87997717687266,-4.2291331655610716,96.0,55.866619942939494,-4.268153778778456,122,4.741,531
55.87997717687266,-4.2291331655610716,96.0,55.81327411986783,-4.2587495402872255,123,9.094,980
55.87997717687266,-4.2291331655610716,96.0,55.86022660117776,-4.154711133590585,124,8.623,684
55.87997717687266,-4.2291331655610716,96.0,55.831522729053496,-4.370420634377527,125,15.409,1065
55.87997717687266,-4.2291331655610716,96.0,55.84074346341779,-4.172411658039648,126,8.91,869
55.87997717687266,-4.2291331655610716,96.0,55.8801412435821,-4.258666277618953,127,2.528,399
55.87997717687266,-4.2291331655610716,96.0,55.8434159429892,-4.1056733307349536,128,16.779,982
55.87997717687266,-4.2291331655610716,96.0,55.83522057783537,-4.25736952395694,129,6.102,713
55.87997717687266,-4.2291331655610716,96.0,55.86467774065618,-4.2250953414252415,130,2.973,329
55.87997717687266,-4.2291331655610716,96.0,55.8953662249987,-4.231143624453162,131,2.639,354
55.87997717687266,-4.2291331655610716,96.0,55.81920459649808,-4.236238450921302,132,8.822,892
55.87997717687266,-4.2291331655610716,96.0,55.900795402502105,-4.206009410292495,133,4.806,549
55.87997717687266,-4.2291331655610716,96.0,55.86078490474355,-4.339631469507248,134,13.252,893
55.87997717687266,-4.2291331655610716,96.0,55.924999437053955,-4.191173279124663,135,7.096,594
55.87997717687266,-4.2291331655610716,96.0,55.81549096669224,-4.126910343137958,136,21.841,1269
55.87997717687266,-4.2291331655610716,96.0,55.90135585493081,-4.207622057499793,137,4.805,526
55.87997717687266,-4.2291331655610716,96.0,55.845816555475636,-4.129576488296543,138,12.596,925
55.87997717687266,-4.2291331655610716,96.0,55.80470047644827,-4.291960781118721,139,12.808,1044
55.87997717687266,-4.2291331655610716,96.0,55.89185394491289,-4.179857587296262,140,7.11,538
55.87997717687266,-4.2291331655610716,96.0,55.91859399996558,-4.3401659608951215,141,11.922,900
55.87997717687266,-4.2291331655610716,96.0,55.90671476836246,-4.3642865107142725,142,11.497,1068
55.87997717687266,-4.2291331655610716,96.0,55.81273399651921,-4.167613047894911,143,15.348,1064
55.87997717687266,-4.2291331655610716,96.0,55.80939871413575,-4.276056954355674,144,12.689,1030
55.87997717687266,-4.2291331655610716,96.0,55.88312869327199,-4.214542892826467,145,1.814,383
55.87997717687266,-4.2291331655610716,96.0,55.815340374954424,-4.283514492524949,146,11.683,915
55.87997717687266,-4.2291331655610716,96.0,55.87864379034378,-4.080636908866371,147,15.721,980
55.87997717687266,-4.2291331655610716,96.0,55.89423440492952,-4.2418874418647645,148,3.202,438
55.87997717687266,-4.2291331655610716,96.0,55.92796852989922,-4.305970400193036,149,9.289,713
55.87997717687266,-4.2291331655610716,96.0,55.92895153496988,-4.082888064137351,150,17.817,947
55.87997717687266,-4.2291331655610716,96.0,55.790766759429424,-4.135285962371055,151,15.578,1247
55.87997717687266,-4.2291331655610716,96.0,55.80808041573422,-4.184105792933229,152,11.208,1045
55.87997717687266,-4.2291331655610716,96.0,55.7982747224006,-4.3931924101572655,153,17.48,1149
55.87997717687266,-4.2291331655610716,96.0,55.81178474630603,-4.337962602706185,154,14.078,910
55.87997717687266,-4.2291331655610716,96.0,55.852972007756,-4.353957895039277,155,12.451,897
55.87997717687266,-4.2291331655610716,96.0,55.797152036890715,-4.311451416173846,156,16.05,984
55.87997717687266,-4.2291331655610716,96.0,55.84839482833289,-4.1889265673730645,157,6.655,696
55.87997717687266,-4.2291331655610716,96.0,55.86383954752864,-4.387927326091926,158,18.043,924
55.87997717687266,-4.2291331655610716,96.0,55.807182357875575,-4.140487806234959,159,13.663,1233
55.87997717687266,-4.2291331655610716,96.0,55.8296607577131,-4.218765551358871,160,7.821,887
55.87997717687266,-4.2291331655610716,96.0,55.82699494590622,-4.295404959002084,161,11.514,788
55.87997717687266,-4.2291331655610716,96.0,55.861248665443505,-4.307186036515638,162,11.154,823
55.87997717687266,-4.2291331655610716,96.0,55.897857165570365,-4.156645648865112,163,8.586,574
55.87997717687266,-4.2291331655610716,96.0,55.877747555317356,-4.342792329217214,164,11.095,885
55.87997717687266,-4.2291331655610716,96.0,55.92259641850896,-4.389236283866068,165,15.921,1104
55.87997717687266,-4.2291331655610716,96.0,55.92621339590465,-4.2820478996479165,166,7.613,589
55.87997717687266,-4.2291331655610716,96.0,55.80660612206145,-4.094012410496262,167,20.826,1270
55.87997717687266,-4.2291331655610716,96.0,55.84605439624201,-4.09192094471571,168,12.923,689
55.87997717687266,-4.2291331655610716,96.0,55.83961965364386,-4.1201104741133365,169,16.13,880
55.87997717687266,-4.2291331655610716,96.0,55.85030951683019,-4.217608837338132,170,5.405,613
55.87997717687266,-4.2291331655610716,96.0,55.85971342373431,-4.246748195156407,171,3.342,427
55.87997717687266,-4.2291331655610716,96.0,55.815747728441636,-4.150792968910081,172,12.533,1129
55.87997717687266,-4.2291331655610716,96.0,55.80041195127493,-4.3806303679601495,173,16.896,1102
55.87997717687266,-4.2291331655610716,96.0,55.85487415463933,-4.092829020720908,174,12.733,690
55.87997717687266,-4.2291331655610716,96.0,55.80456076444065,-4.203157873727267,175,11.433,1115
55.87997717687266,-4.2291331655610716,96.0,55.84723005082115,-4.330151260440624,176,10.404,754
55.87997717687266,-4.2291331655610716,96.0,55.88775631668876,-4.123428423568879,177,12.334,786
55.87997717687266,-4.2291331655610716,96.0,55.82857385936083,-4.129579652409029,178,21.448,1248
55.87997717687266,-4.2291331655610716,96.0,55.879865395443076,-4.36272007519476,179,12.003,911
55.87997717687266,-4.2291331655610716,96.0,55.87973669437185,-4.215636550296907,180,2.124,360
55.87997717687266,-4.2291331655610716,96.0,55.8162521393249,-4.1868605517933455,181,10.575,1027
55.87997717687266,-4.2291331655610716,96.0,55.80755514535402,-4.201625161718038,182,11.186,1082
55.87997717687266,-4.2291331655610716,96.0,55.85565398843102,-4.250533808562208,183,4.156,582
55.87997717687266,-4.2291331655610716,96.0,55.929636326069506,-4.381100658166308,184,14.983,1064
55.87997717687266,-4.2291331655610716,96.0,55.879581066995904,-4.21986165885879,185,1.765,340
55.87997717687266,-4.2291331655610716,96.0,55.92647877645629,-4.127886630011083,186,13.948,905
55.87997717687266,-4.2291331655610716,96.0,55.82282427264178,-4.371094162561755,187,14.545,988
55.87997717687266,-4.2291331655610716,96.0,55.90291353127043,-4.3414180899754955,188,9.987,1057
55.87997717687266,-4.2291331655610716,96.0,55.78437024600116,-4.156926419796477,189,14.922,1262
55.87997717687266,-4.2291331655610716,96.0,55.8321542449311,-4.1561720476648265,190,10.002,983
55.87997717687266,-4.2291331655610716,96.0,55.88310705812362,-4.084862107847263,191,16.987,852
55.87997717687266,-4.2291331655610716,96.0,55.85616333886266,-4.110333739241922,192,11.534,734
55.87997717687266,-4.2291331655610716,96.0,55.90185178498145,-4.152652007721208,193,8.503,1103
55.87997717687266,-4.2291331655610716,96.0,55.8837118458465,-4.182392741162416,194,8.774,1547
55.87997717687266,-4.2291331655610716,96.0,55.83086049774818,-4.312434105301623,195,12.448,893
55.87997717687266,-4.2291331655610716,96.0,55.821849459706755,-4.176208567338996,196,14.476,1000
55.87997717687266,-4.2291331655610716,96.0,55.88009750494633,-4.255964552703097,197,2.214,378
55.87997717687266,-4.2291331655610716,96.0,55.87413911675089,-4.369807111055967,198,14.045,815
55.87997717687266,-4.2291331655610716,96.0,55.86354071984154,-4.093406384811447,199,12.15,788
55.78211697577237,-4.1187407718539415,97.0,55.8391698042901,-4.214478482526657,0,12.851,1782
55.78211697577237,-4.1187407718539415,97.0,55.86553667472969,-4.350500876963486,1,31.189,2347
55.78211697577237,-4.1187407718539415,97.0,55.912892829643965,-4.286410947894997,2,32.33,3526
55.78211697577237,-4.1187407718539415,97.0,55.84854019346565,-4.391697428307927,3,30.62,2568
55.78211697577237,-4.1187407718539415,97.0,55.79232875093524,-4.310455024670266,4,17.704,2090
55.78211697577237,-4.1187407718539415,97.0,55.837143362020576,-4.120043492886959,5,17.082,1737
55.78211697577237,-4.1187407718539415,97.0,55.84185129809378,-4.283879851305767,6,23.059,2221
55.78211697577237,-4.1187407718539415,97.0,55.90609664927746,-4.311383718964596,7,31.014,2635
55.78211697577237,-4.1187407718539415,97.0,55.7832172019226,-4.31249791159531,8,18.034,2067
55.78211697577237,-4.1187407718539415,97.0,55.8177258987159,-4.260489243356555,9,13.847,1925
55.78211697577237,-4.1187407718539415,97.0,55.903262790870684,-4.212111703691823,10,25.567,2416
55.78211697577237,-4.1187407718539415,97.0,55.893978813107424,-4.1413270988368325,11,23.068,2209
55.78211697577237,-4.1187407718539415,97.0,55.894884622950286,-4.154349650804189,12,27.933,2110
55.78211697577237,-4.1187407718539415,97.0,55.80680963785043,-4.263605759417426,13,17.585,2148
55.78211697577237,-4.1187407718539415,97.0,55.81824312166051,-4.346878846315483,14,29.166,2440
55.78211697577237,-4.1187407718539415,97.0,55.84742656229786,-4.269221405976544,15,23.424,2239
55.78211697577237,-4.1187407718539415,97.0,55.80730424868546,-4.315177272898423,16,19.341,2223
55.78211697577237,-4.1187407718539415,97.0,55.83798278877758,-4.260604018644594,17,21.53,2035
55.78211697577237,-4.1187407718539415,97.0,55.89424631095569,-4.343398240721316,18,33.005,2596
55.78211697577237,-4.1187407718539415,97.0,55.83908093533876,-4.223069302141199,19,13.881,1912
55.78211697577237,-4.1187407718539415,97.0,55.8357731433788,-4.270556349194068,20,22.214,2085
55.78211697577237,-4.1187407718539415,97.0,55.90309627527835,-4.360750370095284,21,35.038,2831
55.78211697577237,-4.1187407718539415,97.0,55.85652103589449,-4.101365743428073,22,14.559,1774
55.78211697577237,-4.1187407718539415,97.0,55.783736419963375,-4.235306054793451,23,12.327,1693
55.78211697577237,-4.1187407718539415,97.0,55.92064824587275,-4.2358362157531895,24,29.928,2515
55.78211697577237,-4.1187407718539415,97.0,55.907674892744176,-4.2497703459088045,25,28.68,3560
55.78211697577237,-4.1187407718539415,97.0,55.919604340921964,-4.226208116301384,26,34.725,2521
55.78211697577237,-4.1187407718539415,97.0,55.83219148710444,-4.304581930326681,27,18.946,2482
55.78211697577237,-4.1187407718539415,97.0,55.79569701419853,-4.1769099124482585,28,7.17,1412
55.78211697577237,-4.1187407718539415,97.0,55.81260197667657,-4.197841211154324,29,9.73,1578
55.78211697577237,-4.1187407718539415,97.0,55.826092940761974,-4.176919409292903,30,12.33,1885
55.78211697577237,-4.1187407718539415,97.0,55.828413149208096,-4.109650878166438,31,6.655,1553
55.78211697577237,-4.1187407718539415,97.0,55.8999241737755,-4.257993823533507,32,28.779,2505
55.78211697577237,-4.1187407718539415,97.0,55.892514250678616,-4.340118142906542,33,33.034,2608
55.78211697577237,-4.1187407718539415,97.0,55.855241629670886,-4.269936069312288,34,26.866,2145
55.78211697577237,-4.1187407718539415,97.0,55.877364911629314,-4.109701193625618,35,20.8,1986
55.78211697577237,-4.1187407718539415,97.0,55.887053111734645,-4.1280531391159245,36,26.447,2191
55.78211697577237,-4.1187407718539415,97.0,55.89108676863447,-4.105446803942431,37,20.788,2201
55.78211697577237,-4.1187407718539415,97.0,55.842635153466425,-4.334387903339716,38,27.057,2275
55.78211697577237,-4.1187407718539415,97.0,55.89197542936556,-4.19614108945253,39,23.351,2140
55.78211697577237,-4.1187407718539415,97.0,55.825849135803445,-4.321179033230789,40,27.304,2386
55.78211697577237,-4.1187407718539415,97.0,55.81864602215581,-4.375055705699034,41,29.293,2368
55.78211697577237,-4.1187407718539415,97.0,55.92613065482397,-4.212698358862173,42,34.099,2516
55.78211697577237,-4.1187407718539415,97.0,55.874439929608144,-4.279689658904073,43,26.707,2267
55.78211697577237,-4.1187407718539415,97.0,55.81998166828728,-4.245455535821837,44,12.707,1791
55.78211697577237,-4.1187407718539415,97.0,55.91066980601156,-4.213502644426629,45,35.081,2570
55.78211697577237,-4.1187407718539415,97.0,55.8404807486866,-4.356656090229781,46,31.187,2571
55.78211697577237,-4.1187407718539415,97.0,55.88708229912325,-4.079055837843032,47,18.418,1794
55.78211697577237,-4.1187407718539415,97.0,55.84510555179576,-4.178720975321847,48,16.416,1853
55.78211697577237,-4.1187407718539415,97.0,55.84413340760586,-4.085244529493477,49,15.571,2180
55.78211697577237,-4.1187407718539415,97.0,55.83324217210475,-4.157183908594519,50,15.097,1727
55.78211697577237,-4.1187407718539415,97.0,55.895753278756494,-4.323131413571223,51,30.646,2689
55.78211697577237,-4.1187407718539415,97.0,55.88609925330935,-4.38354364327563,52,32.222,2415
55.78211697577237,-4.1187407718539415,97.0,55.86596770908397,-4.338853955125049,53,29.005,2296
55.78211697577237,-4.1187407718539415,97.0,55.819381988004544,-4.256567679373081,54,14.756,1986
55.78211697577237,-4.1187407718539415,97.0,55.919398785577634,-4.298102785445152,55,32.606,3206
55.78211697577237,-4.1187407718539415,97.0,55.81052481551728,-4.0780884232687225,56,13.114,2765
55.78211697577237,-4.1187407718539415,97.0,55.8411814367945,-4.125490362928665,57,12.631,1671
55.78211697577237,-4.1187407718539415,97.0,55.844855881791794,-4.151320272286683,58,16.248,1826
55.78211697577237,-4.1187407718539415,97.0,55.79334532620707,-4.3052187624925375,59,17.299,2051
55.78211697577237,-4.1187407718539415,97.0,55.78499644933002,-4.082518262203789,60,3.307,1272
55.78211697577237,-4.1187407718539415,97.0,55.86482365717543,-4.074666870071637,61,16.111,1968
55.78211697577237,-4.1187407718539415,97.0,55.910543969585106,-4.384534109666136,62,36.865,2896
55.78211697577237,-4.1187407718539415,97.0,55.799715679086134,-4.188568421733812,63,8.83,1640
55.78211697577237,-4.1187407718539415,97.0,55.90005630083831,-4.294022887833187,64,30.086,2588
55.78211697577237,-4.1187407718539415,97.0,55.82573931186619,-4.210157383495828,65,11.02,1622
55.78211697577237,-4.1187407718539415,97.0,55.88010014610652,-4.288014027401103,66,28.807,2557
55.78211697577237,-4.1187407718539415,97.0,55.8836463272421,-4.377148406451105,67,31.992,2493
55.78211697577237,-4.1187407718539415,97.0,55.80511293548626,-4.195982430231648,68,8.987,1527
55.78211697577237,-4.1187407718539415,97.0,55.9265186267864,-4.256321117900257,69,32.144,2620
55.78211697577237,-4.1187407718539415,97.0,55.90353118048908,-4.119171950823842,70,21.39,2262
55.78211697577237,-4.1187407718539415,97.0,55.81502357146685,-4.260984914919316,71,14.204,1959
55.78211697577237,-4.1187407718539415,97.0,55.894355058439295,-4.293143876300353,72,29.376,2536
55.78211697577237,-4.1187407718539415,97.0,55.80246488546192,-4.242274834364847,73,13.734,1834
55.78211697577237,-4.1187407718539415,97.0,55.887581813102464,-4.2985753032369685,74,28.988,2532
55.78211697577237,-4.1187407718539415,97.0,55.928290955083554,-4.295962301582311,75,33.028,2620
55.78211697577237,-4.1187407718539415,97.0,55.81096058143004,-4.368797105646974,76,28.458,2342
55.78211697577237,-4.1187407718539415,97.0,55.84818750128869,-4.3631808239548375,77,31.695,2394
55.78211697577237,-4.1187407718539415,97.0,55.81610352786554,-4.330910795148831,78,28.311,2342
55.78211697577237,-4.1187407718539415,97.0,55.807034270653475,-4.136077366584948,79,5.602,1424
55.78211697577237,-4.1187407718539415,97.0,55.86778114631985,-4.233612892312959,80,23.837,2131
55.78211697577237,-4.1187407718539415,97.0,55.79578956690847,-4.368290459919509,81,27.553,3381
55.78211697577237,-4.1187407718539415,97.0,55.897877306124535,-4.077031107370425,82,20.777,2539
55.78211697577237,-4.1187407718539415,97.0,55.80721289582252,-4.242612882195534,83,14.124,1867
55.78211697577237,-4.1187407718539415,97.0,55.92209393969709,-4.157940141970138,84,30.034,2288
55.78211697577237,-4.1187407718539415,97.0,55.79188265083702,-4.28147512844989,85,15.446,1889
55.78211697577237,-4.1187407718539415,97.0,55.88043814367632,-4.104360473798184,86,20.11,1926
55.78211697577237,-4.1187407718539415,97.0,55.90345994988174,-4.293652184560058,87,31.803,2662
55.78211697577237,-4.1187407718539415,97.0,55.91230525016259,-4.108196424937476,88,24.07,2164
55.78211697577237,-4.1187407718539415,97.0,55.90569137930351,-4.3852429216612405,89,36.9,2919
55.78211697577237,-4.1187407718539415,97.0,55.824402119970216,-4.298242138123909,90,17.56,2303
55.78211697577237,-4.1187407718539415,97.0,55.887104625653905,-4.201059285828647,91,23.125,2214
55.78211697577237,-4.1187407718539415,97.0,55.92006797200308,-4.195257422106852,92,32.104,2333
55.78211697577237,-4.1187407718539415,97.0,55.7944551107823,-4.1683749063061635,93,7.317,1845
55.78211697577237,-4.1187407718539415,97.0,55.88003873447475,-4.304350182381346,94,28.321,2440
55.78211697577237,-4.1187407718539415,97.0,55.88308048053683,-4.2942103285768285,95,27.921,2414
55.78211697577237,-4.1187407718539415,97.0,55.80779271908626,-4.3234306371549245,96,19.789,2270
55.78211697577237,-4.1187407718539415,97.0,55.90123467399992,-4.380968632189907,97,37.206,3049
55.78211697577237,-4.1187407718539415,97.0,55.88049231589054,-4.293733205570284,98,27.823,2404
55.78211697577237,-4.1187407718539415,97.0,55.84697147961761,-4.334108806216461,99,27.171,2308
55.78211697577237,-4.1187407718539415,97.0,55.83067141211495,-4.195633651932574,100,13.069,1832
55.78211697577237,-4.1187407718539415,97.0,55.89350845984679,-4.099445363541155,101,19.855,1971
55.78211697577237,-4.1187407718539415,97.0,55.92592408664018,-4.179171340754611,102,31.375,2372
55.78211697577237,-4.1187407718539415,97.0,55.84941827409408,-4.169566750359822,103,16.525,1876
55.78211697577237,-4.1187407718539415,97.0,55.92413375575165,-4.226670311636797,104,35.314,3258
55.78211697577237,-4.1187407718539415,97.0,55.88995713457192,-4.285031242761631,105,28.316,2438
55.78211697577237,-4.1187407718539415,97.0,55.90528066541109,-4.131569818675147,106,27.713,2135
55.78211697577237,-4.1187407718539415,97.0,55.87850608392288,-4.103517886631066,107,20.441,1959
55.78211697577237,-4.1187407718539415,97.0,55.80799405798939,-4.284953473560454,108,18.692,2206
55.78211697577237,-4.1187407718539415,97.0,55.906815669822045,-4.385279074380807,109,36.211,2834
55.78211697577237,-4.1187407718539415,97.0,55.916237634416454,-4.222407816066865,110,34.64,2509
55.78211697577237,-4.1187407718539415,97.0,55.915798955837815,-4.088621086891774,111,22.936,2047
55.78211697577237,-4.1187407718539415,97.0,55.827538479175395,-4.350653065976025,112,29.412,2381
55.78211697577237,-4.1187407718539415,97.0,55.799515288981674,-4.0866627646338864,113,3.829,1387
55.78211697577237,-4.1187407718539415,97.0,55.831024245961984,-4.244756518165482,114,20.97,1940
55.78211697577237,-4.1187407718539415,97.0,55.86754360554833,-4.2143078261423845,115,22.51,2116
55.78211697577237,-4.1187407718539415,97.0,55.8574985965699,-4.1521224561179935,116,17.404,1952
55.78211697577237,-4.1187407718539415,97.0,55.88095643501817,-4.32811659177277,117,30.847,2423
55.78211697577237,-4.1187407718539415,97.0,55.85240433608213,-4.177570445500026,118,17.457,1933
55.78211697577237,-4.1187407718539415,97.0,55.91169549549074,-4.359708873069638,119,34.472,2918
55.78211697577237,-4.1187407718539415,97.0,55.92640787519779,-4.300990956079843,120,33.476,2669
55.78211697577237,-4.1187407718539415,97.0,55.84019197366069,-4.205566157974415,121,13.337,1898
55.78211697577237,-4.1187407718539415,97.0,55.866619942939494,-4.268153778778456,122,25.784,2248
55.78211697577237,-4.1187407718539415,97.0,55.81327411986783,-4.2587495402872255,123,14.183,1969
55.78211697577237,-4.1187407718539415,97.0,55.86022660117776,-4.154711133590585,124,18.839,1896
55.78211697577237,-4.1187407718539415,97.0,55.831522729053496,-4.370420634377527,125,30.856,2560
55.78211697577237,-4.1187407718539415,97.0,55.84074346341779,-4.172411658039648,126,16.078,1772
55.78211697577237,-4.1187407718539415,97.0,55.8801412435821,-4.258666277618953,127,26.06,2262
55.78211697577237,-4.1187407718539415,97.0,55.8434159429892,-4.1056733307349536,128,12.887,1700
55.78211697577237,-4.1187407718539415,97.0,55.83522057783537,-4.25736952395694,129,21.504,2037
55.78211697577237,-4.1187407718539415,97.0,55.86467774065618,-4.2250953414252415,130,23.73,2034
55.78211697577237,-4.1187407718539415,97.0,55.8953662249987,-4.231143624453162,131,26.954,2327
55.78211697577237,-4.1187407718539415,97.0,55.81920459649808,-4.236238450921302,132,12.123,1741
55.78211697577237,-4.1187407718539415,97.0,55.900795402502105,-4.206009410292495,133,24.752,2306
55.78211697577237,-4.1187407718539415,97.0,55.86078490474355,-4.339631469507248,134,29.54,2391
55.78211697577237,-4.1187407718539415,97.0,55.924999437053955,-4.191173279124663,135,31.853,2324
55.78211697577237,-4.1187407718539415,97.0,55.81549096669224,-4.126910343137958,136,6.111,1485
55.78211697577237,-4.1187407718539415,97.0,55.90135585493081,-4.207622057499793,137,24.751,2284
55.78211697577237,-4.1187407718539415,97.0,55.845816555475636,-4.129576488296543,138,14.531,1796
55.78211697577237,-4.1187407718539415,97.0,55.80470047644827,-4.291960781118721,139,18.534,2205
55.78211697577237,-4.1187407718539415,97.0,55.89185394491289,-4.179857587296262,140,23.955,2083
55.78211697577237,-4.1187407718539415,97.0,55.91859399996558,-4.3401659608951215,141,33.338,2768
55.78211697577237,-4.1187407718539415,97.0,55.90671476836246,-4.3642865107142725,142,35.79,2887
55.78211697577237,-4.1187407718539415,97.0,55.81273399651921,-4.167613047894911,143,9.003,1511
55.78211697577237,-4.1187407718539415,97.0,55.80939871413575,-4.276056954355674,144,17.713,2078
55.78211697577237,-4.1187407718539415,97.0,55.88312869327199,-4.214542892826467,145,22.752,2185
55.78211697577237,-4.1187407718539415,97.0,55.815340374954424,-4.283514492524949,146,15.529,2101
55.78211697577237,-4.1187407718539415,97.0,55.87864379034378,-4.080636908866371,147,19.398,1829
55.78211697577237,-4.1187407718539415,97.0,55.89423440492952,-4.2418874418647645,148,27.517,2411
55.78211697577237,-4.1187407718539415,97.0,55.92796852989922,-4.305970400193036,149,33.604,2692
55.78211697577237,-4.1187407718539415,97.0,55.92895153496988,-4.082888064137351,150,23.894,2055
55.78211697577237,-4.1187407718539415,97.0,55.790766759429424,-4.135285962371055,151,4.448,1359
55.78211697577237,-4.1187407718539415,97.0,55.80808041573422,-4.184105792933229,152,8.603,1464
55.78211697577237,-4.1187407718539415,97.0,55.7982747224006,-4.3931924101572655,153,30.096,2450
55.78211697577237,-4.1187407718539415,97.0,55.81178474630603,-4.337962602706185,154,27.244,2243
55.78211697577237,-4.1187407718539415,97.0,55.852972007756,-4.353957895039277,155,28.739,2394
55.78211697577237,-4.1187407718539415,97.0,55.797152036890715,-4.311451416173846,156,17.589,2083
55.78211697577237,-4.1187407718539415,97.0,55.84839482833289,-4.1889265673730645,157,17.177,1889
55.78211697577237,-4.1187407718539415,97.0,55.86383954752864,-4.387927326091926,158,34.331,2421
55.78211697577237,-4.1187407718539415,97.0,55.807182357875575,-4.140487806234959,159,5.813,1422
55.78211697577237,-4.1187407718539415,97.0,55.8296607577131,-4.218765551358871,160,11.932,1746
55.78211697577237,-4.1187407718539415,97.0,55.82699494590622,-4.295404959002084,161,17.387,2268
55.78211697577237,-4.1187407718539415,97.0,55.861248665443505,-4.307186036515638,162,26.625,2297
55.78211697577237,-4.1187407718539415,97.0,55.897857165570365,-4.156645648865112,163,25.431,2119
55.78211697577237,-4.1187407718539415,97.0,55.877747555317356,-4.342792329217214,164,31.437,2520
55.78211697577237,-4.1187407718539415,97.0,55.92259641850896,-4.389236283866068,165,47.693,2984
55.78211697577237,-4.1187407718539415,97.0,55.92621339590465,-4.2820478996479165,166,31.928,2569
55.78211697577237,-4.1187407718539415,97.0,55.80660612206145,-4.094012410496262,167,13.516,1894
55.78211697577237,-4.1187407718539415,97.0,55.84605439624201,-4.09192094471571,168,20.627,1897
55.78211697577237,-4.1187407718539415,97.0,55.83961965364386,-4.1201104741133365,169,12.238,1598
55.78211697577237,-4.1187407718539415,97.0,55.85030951683019,-4.217608837338132,170,14.231,1964
55.78211697577237,-4.1187407718539415,97.0,55.85971342373431,-4.246748195156407,171,24.443,2181
55.78211697577237,-4.1187407718539415,97.0,55.815747728441636,-4.150792968910081,172,6.718,1556
55.78211697577237,-4.1187407718539415,97.0,55.80041195127493,-4.3806303679601495,173,27.927,2358
55.78211697577237,-4.1187407718539415,97.0,55.85487415463933,-4.092829020720908,174,15.082,1728
55.78211697577237,-4.1187407718539415,97.0,55.80456076444065,-4.203157873727267,175,9.478,1547
55.78211697577237,-4.1187407718539415,97.0,55.84723005082115,-4.330151260440624,176,26.692,2251
55.78211697577237,-4.1187407718539415,97.0,55.88775631668876,-4.123428423568879,177,23.053,2182
55.78211697577237,-4.1187407718539415,97.0,55.82857385936083,-4.129579652409029,178,7.383,1611
55.78211697577237,-4.1187407718539415,97.0,55.879865395443076,-4.36272007519476,179,32.329,2563
55.78211697577237,-4.1187407718539415,97.0,55.87973669437185,-4.215636550296907,180,23.468,2281
55.78211697577237,-4.1187407718539415,97.0,55.8162521393249,-4.1868605517933455,181,9.985,1583
55.78211697577237,-4.1187407718539415,97.0,55.80755514535402,-4.201625161718038,182,9.231,1514
55.78211697577237,-4.1187407718539415,97.0,55.85565398843102,-4.250533808562208,183,16.434,2199
55.78211697577237,-4.1187407718539415,97.0,55.929636326069506,-4.381100658166308,184,48.679,3005
55.78211697577237,-4.1187407718539415,97.0,55.879581066995904,-4.21986165885879,185,23.653,2315
55.78211697577237,-4.1187407718539415,97.0,55.92647877645629,-4.127886630011083,186,24.296,2316
55.78211697577237,-4.1187407718539415,97.0,55.82282427264178,-4.371094162561755,187,29.992,2483
55.78211697577237,-4.1187407718539415,97.0,55.90291353127043,-4.3414180899754955,188,33.836,2765
55.78211697577237,-4.1187407718539415,97.0,55.78437024600116,-4.156926419796477,189,5.815,1409
55.78211697577237,-4.1187407718539415,97.0,55.8321542449311,-4.1561720476648265,190,15.137,1741
55.78211697577237,-4.1187407718539415,97.0,55.88310705812362,-4.084862107847263,191,16.559,1710
55.78211697577237,-4.1187407718539415,97.0,55.85616333886266,-4.110333739241922,192,15.202,1826
55.78211697577237,-4.1187407718539415,97.0,55.90185178498145,-4.152652007721208,193,29.663,2668
55.78211697577237,-4.1187407718539415,97.0,55.8837118458465,-4.182392741162416,194,23.322,2966
55.78211697577237,-4.1187407718539415,97.0,55.83086049774818,-4.312434105301623,195,18.53,2384
55.78211697577237,-4.1187407718539415,97.0,55.821849459706755,-4.176208567338996,196,10.42,1656
55.78211697577237,-4.1187407718539415,97.0,55.88009750494633,-4.255964552703097,197,25.746,2241
55.78211697577237,-4.1187407718539415,97.0,55.87413911675089,-4.369807111055967,198,30.333,2312
55.78211697577237,-4.1187407718539415,97.0,55.86354071984154,-4.093406384811447,199,16.662,1833
55.80632697552287,-4.338501382863844,98.0,55.8391698042901,-4.214478482526657,0,15.833,875
55.80632697552287,-4.338501382863844,98.0,55.86553667472969,-4.350500876963486,1,13.202,793
55.80632697552287,-4.338501382863844,98.0,55.912892829643965,-4.286410947894997,2,19.001,2084
55.80632697552287,-4.338501382863844,98.0,55.84854019346565,-4.391697428307927,3,7.881,689
55.80632697552287,-4.338501382863844,98.0,55.79232875093524,-4.310455024670266,4,3.241,329
55.80632697552287,-4.338501382863844,98.0,55.837143362020576,-4.120043492886959,5,19.532,887
55.80632697552287,-4.338501382863844,98.0,55.84185129809378,-4.283879851305767,6,8.013,545
55.80632697552287,-4.338501382863844,98.0,55.90609664927746,-4.311383718964596,7,16.386,1092
55.80632697552287,-4.338501382863844,98.0,55.7832172019226,-4.31249791159531,8,4.829,387
55.80632697552287,-4.338501382863844,98.0,55.8177258987159,-4.260489243356555,9,6.805,647
55.80632697552287,-4.338501382863844,98.0,55.903262790870684,-4.212111703691823,10,18.367,1159
55.80632697552287,-4.338501382863844,98.0,55.893978813107424,-4.1413270988368325,11,20.107,1166
55.80632697552287,-4.338501382863844,98.0,55.894884622950286,-4.154349650804189,12,22.492,1065
55.80632697552287,-4.338501382863844,98.0,55.80680963785043,-4.263605759417426,13,7.057,687
55.80632697552287,-4.338501382863844,98.0,55.81824312166051,-4.346878846315483,14,3.066,367
55.80632697552287,-4.338501382863844,98.0,55.84742656229786,-4.269221405976544,15,7.957,768
55.80632697552287,-4.338501382863844,98.0,55.80730424868546,-4.315177272898423,16,2.598,261
55.80632697552287,-4.338501382863844,98.0,55.83798278877758,-4.260604018644594,17,6.988,740
55.80632697552287,-4.338501382863844,98.0,55.89424631095569,-4.343398240721316,18,15.018,1042
55.80632697552287,-4.338501382863844,98.0,55.83908093533876,-4.223069302141199,19,13.424,906
55.80632697552287,-4.338501382863844,98.0,55.8357731433788,-4.270556349194068,20,6.111,560
55.80632697552287,-4.338501382863844,98.0,55.90309627527835,-4.360750370095284,21,17.051,1277
55.80632697552287,-4.338501382863844,98.0,55.85652103589449,-4.101365743428073,22,22.655,1109
55.80632697552287,-4.338501382863844,98.0,55.783736419963375,-4.235306054793451,23,17.756,764
55.80632697552287,-4.338501382863844,98.0,55.92064824587275,-4.2358362157531895,24,19.492,1139
55.80632697552287,-4.338501382863844,98.0,55.907674892744176,-4.2497703459088045,25,18.244,2184
55.80632697552287,-4.338501382863844,98.0,55.919604340921964,-4.226208116301384,26,19.416,1151
55.80632697552287,-4.338501382863844,98.0,55.83219148710444,-4.304581930326681,27,5.367,537
55.80632697552287,-4.338501382863844,98.0,55.79569701419853,-4.1769099124482585,28,24.748,1100
55.80632697552287,-4.338501382863844,98.0,55.81260197667657,-4.197841211154324,29,17.659,1027
55.80632697552287,-4.338501382863844,98.0,55.826092940761974,-4.176919409292903,30,16.189,960
55.80632697552287,-4.338501382863844,98.0,55.828413149208096,-4.109650878166438,31,22.993,1150
55.80632697552287,-4.338501382863844,98.0,55.8999241737755,-4.257993823533507,32,15.45,1071
55.80632697552287,-4.338501382863844,98.0,55.892514250678616,-4.340118142906542,33,15.047,1054
55.80632697552287,-4.338501382863844,98.0,55.855241629670886,-4.269936069312288,34,11.483,697
55.80632697552287,-4.338501382863844,98.0,55.877364911629314,-4.109701193625618,35,23.056,1209
55.80632697552287,-4.338501382863844,98.0,55.887053111734645,-4.1280531391159245,36,23.358,1176
55.80632697552287,-4.338501382863844,98.0,55.89108676863447,-4.105446803942431,37,25.091,1482
55.80632697552287,-4.338501382863844,98.0,55.842635153466425,-4.334387903339716,38,7.823,559
55.80632697552287,-4.338501382863844,98.0,55.89197542936556,-4.19614108945253,39,19.365,1009
55.80632697552287,-4.338501382863844,98.0,55.825849135803445,-4.321179033230789,40,5.346,458
55.80632697552287,-4.338501382863844,98.0,55.81864602215581,-4.375055705699034,41,3.193,295
55.80632697552287,-4.338501382863844,98.0,55.92613065482397,-4.212698358862173,42,19.878,1204
55.80632697552287,-4.338501382863844,98.0,55.874439929608144,-4.279689658904073,43,12.09,738
55.80632697552287,-4.338501382863844,98.0,55.81998166828728,-4.245455535821837,44,7.741,749
55.80632697552287,-4.338501382863844,98.0,55.91066980601156,-4.213502644426629,45,18.83,1154
55.80632697552287,-4.338501382863844,98.0,55.8404807486866,-4.356656090229781,46,5.469,525
55.80632697552287,-4.338501382863844,98.0,55.88708229912325,-4.079055837843032,47,28.324,1231
55.80632697552287,-4.338501382863844,98.0,55.84510555179576,-4.178720975321847,48,17.854,975
55.80632697552287,-4.338501382863844,98.0,55.84413340760586,-4.085244529493477,49,25.021,1605
55.80632697552287,-4.338501382863844,98.0,55.83324217210475,-4.157183908594519,50,17.716,973
55.80632697552287,-4.338501382863844,98.0,55.895753278756494,-4.323131413571223,51,14.804,1153
55.80632697552287,-4.338501382863844,98.0,55.88609925330935,-4.38354364327563,52,14.235,861
55.80632697552287,-4.338501382863844,98.0,55.86596770908397,-4.338853955125049,53,11.018,742
55.80632697552287,-4.338501382863844,98.0,55.819381988004544,-4.256567679373081,54,6.871,642
55.80632697552287,-4.338501382863844,98.0,55.919398785577634,-4.298102785445152,55,19.277,1764
55.80632697552287,-4.338501382863844,98.0,55.81052481551728,-4.0780884232687225,56,25.792,2297
55.80632697552287,-4.338501382863844,98.0,55.8411814367945,-4.125490362928665,57,21.074,1046
55.80632697552287,-4.338501382863844,98.0,55.844855881791794,-4.151320272286683,58,18.706,1026
55.80632697552287,-4.338501382863844,98.0,55.79334532620707,-4.3052187624925375,59,3.572,335
55.80632697552287,-4.338501382863844,98.0,55.78499644933002,-4.082518262203789,60,27.415,1215
55.80632697552287,-4.338501382863844,98.0,55.86482365717543,-4.074666870071637,61,24.921,1326
55.80632697552287,-4.338501382863844,98.0,55.910543969585106,-4.384534109666136,62,24.583,1410
55.80632697552287,-4.338501382863844,98.0,55.799715679086134,-4.188568421733812,63,11.942,1127
55.80632697552287,-4.338501382863844,98.0,55.90005630083831,-4.294022887833187,64,15.458,1045
55.80632697552287,-4.338501382863844,98.0,55.82573931186619,-4.210157383495828,65,15.716,842
55.80632697552287,-4.338501382863844,98.0,55.88010014610652,-4.288014027401103,66,14.179,1014
55.80632697552287,-4.338501382863844,98.0,55.8836463272421,-4.377148406451105,67,14.005,939
55.80632697552287,-4.338501382863844,98.0,55.80511293548626,-4.195982430231648,68,13.425,1077
55.80632697552287,-4.338501382863844,98.0,55.9265186267864,-4.256321117900257,69,18.815,1178
55.80632697552287,-4.338501382863844,98.0,55.90353118048908,-4.119171950823842,70,24.254,1418
55.80632697552287,-4.338501382863844,98.0,55.81502357146685,-4.260984914919316,71,6.516,625
55.80632697552287,-4.338501382863844,98.0,55.894355058439295,-4.293143876300353,72,14.748,993
55.80632697552287,-4.338501382863844,98.0,55.80246488546192,-4.242274834364847,73,9.85,855
55.80632697552287,-4.338501382863844,98.0,55.887581813102464,-4.2985753032369685,74,14.36,989
55.80632697552287,-4.338501382863844,98.0,55.928290955083554,-4.295962301582311,75,19.699,1178
55.80632697552287,-4.338501382863844,98.0,55.81096058143004,-4.368797105646974,76,2.358,269
55.80632697552287,-4.338501382863844,98.0,55.84818750128869,-4.3631808239548375,77,7.223,640
55.80632697552287,-4.338501382863844,98.0,55.81610352786554,-4.330910795148831,78,1.892,224
55.80632697552287,-4.338501382863844,98.0,55.807034270653475,-4.136077366584948,79,26.9,1209
55.80632697552287,-4.338501382863844,98.0,55.86778114631985,-4.233612892312959,80,13.941,821
55.80632697552287,-4.338501382863844,98.0,55.79578956690847,-4.368290459919509,81,5.074,1511
55.80632697552287,-4.338501382863844,98.0,55.897877306124535,-4.077031107370425,82,26.882,1949
55.80632697552287,-4.338501382863844,98.0,55.80721289582252,-4.242612882195534,83,10.227,882
55.80632697552287,-4.338501382863844,98.0,55.92209393969709,-4.157940141970138,84,24.025,1215
55.80632697552287,-4.338501382863844,98.0,55.79188265083702,-4.28147512844989,85,4.434,390
55.80632697552287,-4.338501382863844,98.0,55.88043814367632,-4.104360473798184,86,22.868,1169
55.80632697552287,-4.338501382863844,98.0,55.90345994988174,-4.293652184560058,87,15.927,1091
55.80632697552287,-4.338501382863844,98.0,55.91230525016259,-4.108196424937476,88,25.522,1363
55.80632697552287,-4.338501382863844,98.0,55.90569137930351,-4.3852429216612405,89,24.826,1449
55.80632697552287,-4.338501382863844,98.0,55.824402119970216,-4.298242138123909,90,4.176,426
55.80632697552287,-4.338501382863844,98.0,55.887104625653905,-4.201059285828647,91,17.077,1159
55.80632697552287,-4.338501382863844,98.0,55.92006797200308,-4.195257422106852,92,20.724,1181
55.80632697552287,-4.338501382863844,98.0,55.7944551107823,-4.1683749063061635,93,24.895,1532
55.80632697552287,-4.338501382863844,98.0,55.88003873447475,-4.304350182381346,94,13.919,894
55.80632697552287,-4.338501382863844,98.0,55.88308048053683,-4.2942103285768285,95,13.519,869
55.80632697552287,-4.338501382863844,98.0,55.80779271908626,-4.3234306371549245,96,2.06,231
55.80632697552287,-4.338501382863844,98.0,55.90123467399992,-4.380968632189907,97,19.219,1495
55.80632697552287,-4.338501382863844,98.0,55.88049231589054,-4.293733205570284,98,13.421,859
55.80632697552287,-4.338501382863844,98.0,55.84697147961761,-4.334108806216461,99,8.134,635
55.80632697552287,-4.338501382863844,98.0,55.83067141211495,-4.195633651932574,100,14.999,839
55.80632697552287,-4.338501382863844,98.0,55.89350845984679,-4.099445363541155,101,24.906,1314
55.80632697552287,-4.338501382863844,98.0,55.92592408664018,-4.179171340754611,102,25.366,1299
55.80632697552287,-4.338501382863844,98.0,55.84941827409408,-4.169566750359822,103,18.559,1041
55.80632697552287,-4.338501382863844,98.0,55.92413375575165,-4.226670311636797,104,21.093,1946
55.80632697552287,-4.338501382863844,98.0,55.88995713457192,-4.285031242761631,105,13.688,896
55.80632697552287,-4.338501382863844,98.0,55.90528066541109,-4.131569818675147,106,21.704,1063
55.80632697552287,-4.338501382863844,98.0,55.87850608392288,-4.103517886631066,107,23.199,1202
55.80632697552287,-4.338501382863844,98.0,55.80799405798939,-4.284953473560454,108,5.07,519
55.80632697552287,-4.338501382863844,98.0,55.906815669822045,-4.385279074380807,109,18.224,1280
55.80632697552287,-4.338501382863844,98.0,55.916237634416454,-4.222407816066865,110,19.331,1139
55.80632697552287,-4.338501382863844,98.0,55.915798955837815,-4.088621086891774,111,28.606,1394
55.80632697552287,-4.338501382863844,98.0,55.827538479175395,-4.350653065976025,112,4.195,374
55.80632697552287,-4.338501382863844,98.0,55.799515288981674,-4.0866627646338864,113,28.182,1360
55.80632697552287,-4.338501382863844,98.0,55.831024245961984,-4.244756518165482,114,12.465,743
55.80632697552287,-4.338501382863844,98.0,55.86754360554833,-4.2143078261423845,115,15.281,936
55.80632697552287,-4.338501382863844,98.0,55.8574985965699,-4.1521224561179935,116,19.862,1152
55.80632697552287,-4.338501382863844,98.0,55.88095643501817,-4.32811659177277,117,12.86,869
55.80632697552287,-4.338501382863844,98.0,55.85240433608213,-4.177570445500026,118,18.723,1092
55.80632697552287,-4.338501382863844,98.0,55.91169549549074,-4.359708873069638,119,19.844,1375
55.80632697552287,-4.338501382863844,98.0,55.92640787519779,-4.300990956079843,120,20.147,1227
55.80632697552287,-4.338501382863844,98.0,55.84019197366069,-4.205566157974415,121,16.319,990
55.80632697552287,-4.338501382863844,98.0,55.866619942939494,-4.268153778778456,122,12.243,860
55.80632697552287,-4.338501382863844,98.0,55.81327411986783,-4.2587495402872255,123,7.195,695
55.80632697552287,-4.338501382863844,98.0,55.86022660117776,-4.154711133590585,124,19.782,1080
55.80632697552287,-4.338501382863844,98.0,55.831522729053496,-4.370420634377527,125,4.756,487
55.80632697552287,-4.338501382863844,98.0,55.84074346341779,-4.172411658039648,126,16.927,895
55.80632697552287,-4.338501382863844,98.0,55.8801412435821,-4.258666277618953,127,13.287,887
55.80632697552287,-4.338501382863844,98.0,55.8434159429892,-4.1056733307349536,128,21.33,1074
55.80632697552287,-4.338501382863844,98.0,55.83522057783537,-4.25736952395694,129,7.04,726
55.80632697552287,-4.338501382863844,98.0,55.86467774065618,-4.2250953414252415,130,14.065,773
55.80632697552287,-4.338501382863844,98.0,55.8953662249987,-4.231143624453162,131,16.518,951
55.80632697552287,-4.338501382863844,98.0,55.81920459649808,-4.236238450921302,132,8.325,800
55.80632697552287,-4.338501382863844,98.0,55.900795402502105,-4.206009410292495,133,18.685,1146
55.80632697552287,-4.338501382863844,98.0,55.86078490474355,-4.339631469507248,134,11.553,836
55.80632697552287,-4.338501382863844,98.0,55.924999437053955,-4.191173279124663,135,20.975,1191
55.80632697552287,-4.338501382863844,98.0,55.81549096669224,-4.126910343137958,136,27.957,1297
55.80632697552287,-4.338501382863844,98.0,55.90135585493081,-4.207622057499793,137,18.684,1123
55.80632697552287,-4.338501382863844,98.0,55.845816555475636,-4.129576488296543,138,20.079,1116
55.80632697552287,-4.338501382863844,98.0,55.80470047644827,-4.291960781118721,139,4.628,476
55.80632697552287,-4.338501382863844,98.0,55.89185394491289,-4.179857587296262,140,18.269,934
55.80632697552287,-4.338501382863844,98.0,55.91859399996558,-4.3401659608951215,141,18.71,1226
55.80632697552287,-4.338501382863844,98.0,55.90671476836246,-4.3642865107142725,142,17.803,1333
55.80632697552287,-4.338501382863844,98.0,55.81273399651921,-4.167613047894911,143,17.472,1021
55.80632697552287,-4.338501382863844,98.0,55.80939871413575,-4.276056954355674,144,5.831,550
55.80632697552287,-4.338501382863844,98.0,55.88312869327199,-4.214542892826467,145,16.089,977
55.80632697552287,-4.338501382863844,98.0,55.815340374954424,-4.283514492524949,146,4.825,435
55.80632697552287,-4.338501382863844,98.0,55.87864379034378,-4.080636908866371,147,29.304,1265
55.80632697552287,-4.338501382863844,98.0,55.89423440492952,-4.2418874418647645,148,17.081,1035
55.80632697552287,-4.338501382863844,98.0,55.92796852989922,-4.305970400193036,149,20.275,1250
55.80632697552287,-4.338501382863844,98.0,55.92895153496988,-4.082888064137351,150,28.976,1343
55.80632697552287,-4.338501382863844,98.0,55.790766759429424,-4.135285962371055,151,24.707,1104
55.80632697552287,-4.338501382863844,98.0,55.80808041573422,-4.184105792933229,152,13.041,1013
55.80632697552287,-4.338501382863844,98.0,55.7982747224006,-4.3931924101572655,153,3.996,377
55.80632697552287,-4.338501382863844,98.0,55.81178474630603,-4.337962602706185,154,0.825,125
55.80632697552287,-4.338501382863844,98.0,55.852972007756,-4.353957895039277,155,7.436,752
55.80632697552287,-4.338501382863844,98.0,55.797152036890715,-4.311451416173846,156,2.468,263
55.80632697552287,-4.338501382863844,98.0,55.84839482833289,-4.1889265673730645,157,18.505,1010
55.80632697552287,-4.338501382863844,98.0,55.86383954752864,-4.387927326091926,158,10.495,776
55.80632697552287,-4.338501382863844,98.0,55.807182357875575,-4.140487806234959,159,27.111,1207
55.80632697552287,-4.338501382863844,98.0,55.8296607577131,-4.218765551358871,160,13.885,900
55.80632697552287,-4.338501382863844,98.0,55.82699494590622,-4.295404959002084,161,4.748,424
55.80632697552287,-4.338501382863844,98.0,55.861248665443505,-4.307186036515638,162,8.397,660
55.80632697552287,-4.338501382863844,98.0,55.897857165570365,-4.156645648865112,163,19.745,971
55.80632697552287,-4.338501382863844,98.0,55.877747555317356,-4.342792329217214,164,13.45,966
55.80632697552287,-4.338501382863844,98.0,55.92259641850896,-4.389236283866068,165,23.484,1409
55.80632697552287,-4.338501382863844,98.0,55.92621339590465,-4.2820478996479165,166,18.599,1127
55.80632697552287,-4.338501382863844,98.0,55.80660612206145,-4.094012410496262,167,25.377,1362
55.80632697552287,-4.338501382863844,98.0,55.84605439624201,-4.09192094471571,168,24.082,1086
55.80632697552287,-4.338501382863844,98.0,55.83961965364386,-4.1201104741133365,169,20.681,973
55.80632697552287,-4.338501382863844,98.0,55.85030951683019,-4.217608837338132,170,13.973,941
55.80632697552287,-4.338501382863844,98.0,55.85971342373431,-4.246748195156407,171,14.434,871
55.80632697552287,-4.338501382863844,98.0,55.815747728441636,-4.150792968910081,172,17.97,1083
55.80632697552287,-4.338501382863844,98.0,55.80041195127493,-4.3806303679601495,173,3.412,329
55.80632697552287,-4.338501382863844,98.0,55.85487415463933,-4.092829020720908,174,23.892,1087
55.80632697552287,-4.338501382863844,98.0,55.80456076444065,-4.203157873727267,175,13.916,1097
55.80632697552287,-4.338501382863844,98.0,55.84723005082115,-4.330151260440624,176,8.022,604
55.80632697552287,-4.338501382863844,98.0,55.88775631668876,-4.123428423568879,177,23.493,1182
55.80632697552287,-4.338501382863844,98.0,55.82857385936083,-4.129579652409029,178,20.492,1270
55.80632697552287,-4.338501382863844,98.0,55.879865395443076,-4.36272007519476,179,14.342,1009
55.80632697552287,-4.338501382863844,98.0,55.87973669437185,-4.215636550296907,180,15.376,989
55.80632697552287,-4.338501382863844,98.0,55.8162521393249,-4.1868605517933455,181,16.852,993
55.80632697552287,-4.338501382863844,98.0,55.80755514535402,-4.201625161718038,182,13.669,1064
55.80632697552287,-4.338501382863844,98.0,55.85565398843102,-4.250533808562208,183,10.932,791
55.80632697552287,-4.338501382863844,98.0,55.929636326069506,-4.381100658166308,184,24.47,1430
55.80632697552287,-4.338501382863844,98.0,55.879581066995904,-4.21986165885879,185,15.017,969
55.80632697552287,-4.338501382863844,98.0,55.92647877645629,-4.127886630011083,186,25.107,1301
55.80632697552287,-4.338501382863844,98.0,55.82282427264178,-4.371094162561755,187,3.892,410
55.80632697552287,-4.338501382863844,98.0,55.90291353127043,-4.3414180899754955,188,15.849,1211
55.80632697552287,-4.338501382863844,98.0,55.78437024600116,-4.156926419796477,189,23.393,1097
55.80632697552287,-4.338501382863844,98.0,55.8321542449311,-4.1561720476648265,190,17.756,986
55.80632697552287,-4.338501382863844,98.0,55.88310705812362,-4.084862107847263,191,26.465,1147
55.80632697552287,-4.338501382863844,98.0,55.85616333886266,-4.110333739241922,192,22.693,1130
55.80632697552287,-4.338501382863844,98.0,55.90185178498145,-4.152652007721208,193,23.654,1595
55.80632697552287,-4.338501382863844,98.0,55.8837118458465,-4.182392741162416,194,19.933,1943
55.80632697552287,-4.338501382863844,98.0,55.83086049774818,-4.312434105301623,195,4.951,439
55.80632697552287,-4.338501382863844,98.0,55.821849459706755,-4.176208567338996,196,16.6,957
55.80632697552287,-4.338501382863844,98.0,55.88009750494633,-4.255964552703097,197,12.973,865
55.80632697552287,-4.338501382863844,98.0,55.87413911675089,-4.369807111055967,198,12.346,758
55.80632697552287,-4.338501382863844,98.0,55.86354071984154,-4.093406384811447,199,23.309,1184
55.826235251105906,-4.108082122211418,99.0,55.8391698042901,-4.214478482526657,0,10.362,652
55.826235251105906,-4.108082122211418,99.0,55.86553667472969,-4.350500876963486,1,22.699,1080
55.826235251105906,-4.108082122211418,99.0,55.912892829643965,-4.286410947894997,2,25.112,2288
55.826235251105906,-4.108082122211418,99.0,55.84854019346565,-4.391697428307927,3,22.13,1302
55.826235251105906,-4.108082122211418,99.0,55.79232875093524,-4.310455024670266,4,24.595,1279
55.826235251105906,-4.108082122211418,99.0,55.837143362020576,-4.120043492886959,5,8.592,471
55.826235251105906,-4.108082122211418,99.0,55.84185129809378,-4.283879851305767,6,14.569,954
55.826235251105906,-4.108082122211418,99.0,55.90609664927746,-4.311383718964596,7,23.796,1397
55.826235251105906,-4.108082122211418,99.0,55.7832172019226,-4.31249791159531,8,21.254,1411
55.826235251105906,-4.108082122211418,99.0,55.8177258987159,-4.260489243356555,9,14.519,867
55.826235251105906,-4.108082122211418,99.0,55.903262790870684,-4.212111703691823,10,18.349,1178
55.826235251105906,-4.108082122211418,99.0,55.893978813107424,-4.1413270988368325,11,15.85,972
55.826235251105906,-4.108082122211418,99.0,55.894884622950286,-4.154349650804189,12,20.715,873
55.826235251105906,-4.108082122211418,99.0,55.80680963785043,-4.263605759417426,13,16.957,1134
55.826235251105906,-4.108082122211418,99.0,55.81824312166051,-4.346878846315483,14,21.758,1193
55.826235251105906,-4.108082122211418,99.0,55.84742656229786,-4.269221405976544,15,14.934,973
55.826235251105906,-4.108082122211418,99.0,55.80730424868546,-4.315177272898423,16,21.464,1178
55.826235251105906,-4.108082122211418,99.0,55.83798278877758,-4.260604018644594,17,13.04,768
55.826235251105906,-4.108082122211418,99.0,55.89424631095569,-4.343398240721316,18,24.515,1330
55.826235251105906,-4.108082122211418,99.0,55.83908093533876,-4.223069302141199,19,11.392,782
55.826235251105906,-4.108082122211418,99.0,55.8357731433788,-4.270556349194068,20,13.724,818
55.826235251105906,-4.108082122211418,99.0,55.90309627527835,-4.360750370095284,21,26.548,1565
55.826235251105906,-4.108082122211418,99.0,55.85652103589449,-4.101365743428073,22,7.341,537
55.826235251105906,-4.108082122211418,99.0,55.783736419963375,-4.235306054793451,23,15.303,936
55.826235251105906,-4.108082122211418,99.0,55.92064824587275,-4.2358362157531895,24,22.71,1278
55.826235251105906,-4.108082122211418,99.0,55.907674892744176,-4.2497703459088045,25,21.462,2323
55.826235251105906,-4.108082122211418,99.0,55.919604340921964,-4.226208116301384,26,27.507,1283
55.826235251105906,-4.108082122211418,99.0,55.83219148710444,-4.304581930326681,27,20.636,1220
55.826235251105906,-4.108082122211418,99.0,55.79569701419853,-4.1769099124482585,28,10.146,651
55.826235251105906,-4.108082122211418,99.0,55.81260197667657,-4.197841211154324,29,12.706,822
55.826235251105906,-4.108082122211418,99.0,55.826092940761974,-4.176919409292903,30,8.51,613
55.826235251105906,-4.108082122211418,99.0,55.828413149208096,-4.109650878166438,31,0.052,9
55.826235251105906,-4.108082122211418,99.0,55.8999241737755,-4.257993823533507,32,21.561,1268
55.826235251105906,-4.108082122211418,99.0,55.892514250678616,-4.340118142906542,33,24.544,1341
55.826235251105906,-4.108082122211418,99.0,55.855241629670886,-4.269936069312288,34,19.648,907
55.826235251105906,-4.108082122211418,99.0,55.877364911629314,-4.109701193625618,35,13.582,748
55.826235251105906,-4.108082122211418,99.0,55.887053111734645,-4.1280531391159245,36,19.229,953
55.826235251105906,-4.108082122211418,99.0,55.89108676863447,-4.105446803942431,37,13.57,964
55.826235251105906,-4.108082122211418,99.0,55.842635153466425,-4.334387903339716,38,18.567,1008
55.826235251105906,-4.108082122211418,99.0,55.89197542936556,-4.19614108945253,39,16.133,902
55.826235251105906,-4.108082122211418,99.0,55.825849135803445,-4.321179033230789,40,18.814,1120
55.826235251105906,-4.108082122211418,99.0,55.81864602215581,-4.375055705699034,41,22.787,1202
55.826235251105906,-4.108082122211418,99.0,55.92613065482397,-4.212698358862173,42,26.881,1279
55.826235251105906,-4.108082122211418,99.0,55.874439929608144,-4.279689658904073,43,19.489,1029
55.826235251105906,-4.108082122211418,99.0,55.81998166828728,-4.245455535821837,44,13.999,772
55.826235251105906,-4.108082122211418,99.0,55.91066980601156,-4.213502644426629,45,27.863,1333
55.826235251105906,-4.108082122211418,99.0,55.8404807486866,-4.356656090229781,46,22.219,1276
55.826235251105906,-4.108082122211418,99.0,55.88708229912325,-4.079055837843032,47,11.2,557
55.826235251105906,-4.108082122211418,99.0,55.84510555179576,-4.178720975321847,48,7.243,586
55.826235251105906,-4.108082122211418,99.0,55.84413340760586,-4.085244529493477,49,4.427,768
55.826235251105906,-4.108082122211418,99.0,55.83324217210475,-4.157183908594519,50,6.607,461
55.826235251105906,-4.108082122211418,99.0,55.895753278756494,-4.323131413571223,51,24.301,1441
55.826235251105906,-4.108082122211418,99.0,55.88609925330935,-4.38354364327563,52,23.732,1149
55.826235251105906,-4.108082122211418,99.0,55.86596770908397,-4.338853955125049,53,20.515,1029
55.826235251105906,-4.108082122211418,99.0,55.819381988004544,-4.256567679373081,54,15.428,922
55.826235251105906,-4.108082122211418,99.0,55.919398785577634,-4.298102785445152,55,25.388,1968
55.826235251105906,-4.108082122211418,99.0,55.81052481551728,-4.0780884232687225,56,5.209,1422
55.826235251105906,-4.108082122211418,99.0,55.8411814367945,-4.125490362928665,57,3.796,343
55.826235251105906,-4.108082122211418,99.0,55.844855881791794,-4.151320272286683,58,7.075,559
55.826235251105906,-4.108082122211418,99.0,55.79334532620707,-4.3052187624925375,59,20.519,1394
55.826235251105906,-4.108082122211418,99.0,55.78499644933002,-4.082518262203789,60,6.972,547
55.826235251105906,-4.108082122211418,99.0,55.86482365717543,-4.074666870071637,61,7.022,689
55.826235251105906,-4.108082122211418,99.0,55.910543969585106,-4.384534109666136,62,28.375,1630
55.826235251105906,-4.108082122211418,99.0,55.799715679086134,-4.188568421733812,63,11.806,883
55.826235251105906,-4.108082122211418,99.0,55.90005630083831,-4.294022887833187,64,22.868,1351
55.826235251105906,-4.108082122211418,99.0,55.82573931186619,-4.210157383495828,65,10.284,601
55.826235251105906,-4.108082122211418,99.0,55.88010014610652,-4.288014027401103,66,21.589,1319
55.826235251105906,-4.108082122211418,99.0,55.8836463272421,-4.377148406451105,67,23.502,1226
55.826235251105906,-4.108082122211418,99.0,55.80511293548626,-4.195982430231648,68,11.963,771
55.826235251105906,-4.108082122211418,99.0,55.9265186267864,-4.256321117900257,69,24.926,1382
55.826235251105906,-4.108082122211418,99.0,55.90353118048908,-4.119171950823842,70,14.172,1024
55.826235251105906,-4.108082122211418,99.0,55.81502357146685,-4.260984914919316,71,14.876,901
55.826235251105906,-4.108082122211418,99.0,55.894355058439295,-4.293143876300353,72,22.158,1298
55.826235251105906,-4.108082122211418,99.0,55.80246488546192,-4.242274834364847,73,16.71,1078
55.826235251105906,-4.108082122211418,99.0,55.887581813102464,-4.2985753032369685,74,21.77,1295
55.826235251105906,-4.108082122211418,99.0,55.928290955083554,-4.295962301582311,75,25.81,1383
55.826235251105906,-4.108082122211418,99.0,55.81096058143004,-4.368797105646974,76,24.444,1284
55.826235251105906,-4.108082122211418,99.0,55.84818750128869,-4.3631808239548375,77,23.205,1128
55.826235251105906,-4.108082122211418,99.0,55.81610352786554,-4.330910795148831,78,20.783,1033
55.826235251105906,-4.108082122211418,99.0,55.807034270653475,-4.136077366584948,79,6.031,441
55.826235251105906,-4.108082122211418,99.0,55.86778114631985,-4.233612892312959,80,16.619,893
55.826235251105906,-4.108082122211418,99.0,55.79578956690847,-4.368290459919509,81,29.528,2478
55.826235251105906,-4.108082122211418,99.0,55.897877306124535,-4.077031107370425,82,13.559,1302
55.826235251105906,-4.108082122211418,99.0,55.80721289582252,-4.242612882195534,83,15.363,949
55.826235251105906,-4.108082122211418,99.0,55.92209393969709,-4.157940141970138,84,22.816,1051
55.826235251105906,-4.108082122211418,99.0,55.79188265083702,-4.28147512844989,85,18.666,1233
55.826235251105906,-4.108082122211418,99.0,55.88043814367632,-4.104360473798184,86,12.892,688
55.826235251105906,-4.108082122211418,99.0,55.90345994988174,-4.293652184560058,87,24.585,1424
55.826235251105906,-4.108082122211418,99.0,55.91230525016259,-4.108196424937476,88,16.852,926
55.826235251105906,-4.108082122211418,99.0,55.90569137930351,-4.3852429216612405,89,28.41,1653
55.826235251105906,-4.108082122211418,99.0,55.824402119970216,-4.298242138123909,90,19.25,1041
55.826235251105906,-4.108082122211418,99.0,55.887104625653905,-4.201059285828647,91,15.907,976
55.826235251105906,-4.108082122211418,99.0,55.92006797200308,-4.195257422106852,92,24.886,1096
55.826235251105906,-4.108082122211418,99.0,55.7944551107823,-4.1683749063061635,93,10.409,1081
55.826235251105906,-4.108082122211418,99.0,55.88003873447475,-4.304350182381346,94,21.103,1202
55.826235251105906,-4.108082122211418,99.0,55.88308048053683,-4.2942103285768285,95,20.703,1177
55.826235251105906,-4.108082122211418,99.0,55.80779271908626,-4.3234306371549245,96,22.054,1166
55.826235251105906,-4.108082122211418,99.0,55.90123467399992,-4.380968632189907,97,28.716,1782
55.826235251105906,-4.108082122211418,99.0,55.88049231589054,-4.293733205570284,98,20.605,1167
55.826235251105906,-4.108082122211418,99.0,55.84697147961761,-4.334108806216461,99,18.681,1041
55.826235251105906,-4.108082122211418,99.0,55.83067141211495,-4.195633651932574,100,9.528,615
55.826235251105906,-4.108082122211418,99.0,55.89350845984679,-4.099445363541155,101,12.637,734
55.826235251105906,-4.108082122211418,99.0,55.92592408664018,-4.179171340754611,102,24.157,1134
55.826235251105906,-4.108082122211418,99.0,55.84941827409408,-4.169566750359822,103,7.352,608
55.826235251105906,-4.108082122211418,99.0,55.92413375575165,-4.226670311636797,104,28.096,2021
55.826235251105906,-4.108082122211418,99.0,55.88995713457192,-4.285031242761631,105,21.098,1201
55.826235251105906,-4.108082122211418,99.0,55.90528066541109,-4.131569818675147,106,20.495,898
55.826235251105906,-4.108082122211418,99.0,55.87850608392288,-4.103517886631066,107,13.223,721
55.826235251105906,-4.108082122211418,99.0,55.80799405798939,-4.284953473560454,108,16.743,1138
55.826235251105906,-4.108082122211418,99.0,55.906815669822045,-4.385279074380807,109,27.721,1568
55.826235251105906,-4.108082122211418,99.0,55.916237634416454,-4.222407816066865,110,27.422,1271
55.826235251105906,-4.108082122211418,99.0,55.915798955837815,-4.088621086891774,111,15.718,810
55.826235251105906,-4.108082122211418,99.0,55.827538479175395,-4.350653065976025,112,21.127,1124
55.826235251105906,-4.108082122211418,99.0,55.799515288981674,-4.0866627646338864,113,4.891,410
55.826235251105906,-4.108082122211418,99.0,55.831024245961984,-4.244756518165482,114,12.48,673
55.826235251105906,-4.108082122211418,99.0,55.86754360554833,-4.2143078261423845,115,15.292,879
55.826235251105906,-4.108082122211418,99.0,55.8574985965699,-4.1521224561179935,116,7.75,638
55.826235251105906,-4.108082122211418,99.0,55.88095643501817,-4.32811659177277,117,22.357,1157
55.826235251105906,-4.108082122211418,99.0,55.85240433608213,-4.177570445500026,118,8.284,666
55.826235251105906,-4.108082122211418,99.0,55.91169549549074,-4.359708873069638,119,27.254,1680
55.826235251105906,-4.108082122211418,99.0,55.92640787519779,-4.300990956079843,120,26.258,1432
55.826235251105906,-4.108082122211418,99.0,55.84019197366069,-4.205566157974415,121,10.848,767
55.826235251105906,-4.108082122211418,99.0,55.866619942939494,-4.268153778778456,122,18.566,1010
55.826235251105906,-4.108082122211418,99.0,55.81327411986783,-4.2587495402872255,123,14.855,911
55.826235251105906,-4.108082122211418,99.0,55.86022660117776,-4.154711133590585,124,11.621,658
55.826235251105906,-4.108082122211418,99.0,55.831522729053496,-4.370420634377527,125,23.181,1295
55.826235251105906,-4.108082122211418,99.0,55.84074346341779,-4.172411658039648,126,7.588,505
55.826235251105906,-4.108082122211418,99.0,55.8801412435821,-4.258666277618953,127,18.842,1024
55.826235251105906,-4.108082122211418,99.0,55.8434159429892,-4.1056733307349536,128,4.052,371
55.826235251105906,-4.108082122211418,99.0,55.83522057783537,-4.25736952395694,129,13.014,770
55.826235251105906,-4.108082122211418,99.0,55.86467774065618,-4.2250953414252415,130,16.512,797
55.826235251105906,-4.108082122211418,99.0,55.8953662249987,-4.231143624453162,131,19.736,1089
55.826235251105906,-4.108082122211418,99.0,55.81920459649808,-4.236238450921302,132,14.583,823
55.826235251105906,-4.108082122211418,99.0,55.900795402502105,-4.206009410292495,133,17.534,1069
55.826235251105906,-4.108082122211418,99.0,55.86078490474355,-4.339631469507248,134,21.05,1124
55.826235251105906,-4.108082122211418,99.0,55.924999437053955,-4.191173279124663,135,24.635,1087
55.826235251105906,-4.108082122211418,99.0,55.81549096669224,-4.126910343137958,136,3.975,354
55.826235251105906,-4.108082122211418,99.0,55.90135585493081,-4.207622057499793,137,17.533,1046
55.826235251105906,-4.108082122211418,99.0,55.845816555475636,-4.129576488296543,138,5.696,468
55.826235251105906,-4.108082122211418,99.0,55.80470047644827,-4.291960781118721,139,17.749,1197
55.826235251105906,-4.108082122211418,99.0,55.89185394491289,-4.179857587296262,140,16.737,845
55.826235251105906,-4.108082122211418,99.0,55.91859399996558,-4.3401659608951215,141,26.12,1531
55.826235251105906,-4.108082122211418,99.0,55.90671476836246,-4.3642865107142725,142,27.3,1620
55.826235251105906,-4.108082122211418,99.0,55.81273399651921,-4.167613047894911,143,6.642,575
55.826235251105906,-4.108082122211418,99.0,55.80939871413575,-4.276056954355674,144,16.031,1026
55.826235251105906,-4.108082122211418,99.0,55.88312869327199,-4.214542892826467,145,15.534,947
55.826235251105906,-4.108082122211418,99.0,55.815340374954424,-4.283514492524949,146,16.201,1043
55.826235251105906,-4.108082122211418,99.0,55.87864379034378,-4.080636908866371,147,12.18,591
55.826235251105906,-4.108082122211418,99.0,55.89423440492952,-4.2418874418647645,148,20.299,1173
55.826235251105906,-4.108082122211418,99.0,55.92796852989922,-4.305970400193036,149,26.386,1455
55.826235251105906,-4.108082122211418,99.0,55.92895153496988,-4.082888064137351,150,16.676,817
55.826235251105906,-4.108082122211418,99.0,55.790766759429424,-4.135285962371055,151,6.874,450
55.826235251105906,-4.108082122211418,99.0,55.80808041573422,-4.184105792933229,152,11.579,707
55.826235251105906,-4.108082122211418,99.0,55.7982747224006,-4.3931924101572655,153,25.252,1379
55.826235251105906,-4.108082122211418,99.0,55.81178474630603,-4.337962602706185,154,21.85,1139
55.826235251105906,-4.108082122211418,99.0,55.852972007756,-4.353957895039277,155,20.249,1127
55.826235251105906,-4.108082122211418,99.0,55.797152036890715,-4.311451416173846,156,23.822,1213
55.826235251105906,-4.108082122211418,99.0,55.84839482833289,-4.1889265673730645,157,8.004,621
55.826235251105906,-4.108082122211418,99.0,55.86383954752864,-4.387927326091926,158,25.841,1155
55.826235251105906,-4.108082122211418,99.0,55.807182357875575,-4.140487806234959,159,6.242,439
55.826235251105906,-4.108082122211418,99.0,55.8296607577131,-4.218765551358871,160,10.625,693
55.826235251105906,-4.108082122211418,99.0,55.82699494590622,-4.295404959002084,161,19.286,1017
55.826235251105906,-4.108082122211418,99.0,55.861248665443505,-4.307186036515638,162,18.135,1031
55.826235251105906,-4.108082122211418,99.0,55.897857165570365,-4.156645648865112,163,18.213,882
55.826235251105906,-4.108082122211418,99.0,55.877747555317356,-4.342792329217214,164,22.947,1254
55.826235251105906,-4.108082122211418,99.0,55.92259641850896,-4.389236283866068,165,39.203,1718
55.826235251105906,-4.108082122211418,99.0,55.92621339590465,-4.2820478996479165,166,24.71,1331
55.826235251105906,-4.108082122211418,99.0,55.80660612206145,-4.094012410496262,167,4.724,462
55.826235251105906,-4.108082122211418,99.0,55.84605439624201,-4.09192094471571,168,13.409,660
55.826235251105906,-4.108082122211418,99.0,55.83961965364386,-4.1201104741133365,169,3.403,270
55.826235251105906,-4.108082122211418,99.0,55.85030951683019,-4.217608837338132,170,10.522,731
55.826235251105906,-4.108082122211418,99.0,55.85971342373431,-4.246748195156407,171,17.225,943
55.826235251105906,-4.108082122211418,99.0,55.815747728441636,-4.150792968910081,172,6.002,545
55.826235251105906,-4.108082122211418,99.0,55.80041195127493,-4.3806303679601495,173,24.668,1331
55.826235251105906,-4.108082122211418,99.0,55.85487415463933,-4.092829020720908,174,6.771,457
55.826235251105906,-4.108082122211418,99.0,55.80456076444065,-4.203157873727267,175,12.454,791
55.826235251105906,-4.108082122211418,99.0,55.84723005082115,-4.330151260440624,176,18.202,985
55.826235251105906,-4.108082122211418,99.0,55.88775631668876,-4.123428423568879,177,15.835,944
55.826235251105906,-4.108082122211418,99.0,55.82857385936083,-4.129579652409029,178,3.582,329
55.826235251105906,-4.108082122211418,99.0,55.879865395443076,-4.36272007519476,179,23.839,1296
55.826235251105906,-4.108082122211418,99.0,55.87973669437185,-4.215636550296907,180,16.25,1043
55.826235251105906,-4.108082122211418,99.0,55.8162521393249,-4.1868605517933455,181,7.377,710
55.826235251105906,-4.108082122211418,99.0,55.80755514535402,-4.201625161718038,182,12.207,758
55.826235251105906,-4.108082122211418,99.0,55.85565398843102,-4.250533808562208,183,14.693,957
55.826235251105906,-4.108082122211418,99.0,55.929636326069506,-4.381100658166308,184,40.189,1739
55.826235251105906,-4.108082122211418,99.0,55.879581066995904,-4.21986165885879,185,16.435,1078
55.826235251105906,-4.108082122211418,99.0,55.92647877645629,-4.127886630011083,186,17.078,1079
55.826235251105906,-4.108082122211418,99.0,55.82282427264178,-4.371094162561755,187,22.317,1218
55.826235251105906,-4.108082122211418,99.0,55.90291353127043,-4.3414180899754955,188,25.346,1499
55.826235251105906,-4.108082122211418,99.0,55.78437024600116,-4.156926419796477,189,10.031,670
55.826235251105906,-4.108082122211418,99.0,55.8321542449311,-4.1561720476648265,190,6.647,474
55.826235251105906,-4.108082122211418,99.0,55.88310705812362,-4.084862107847263,191,9.341,473
55.826235251105906,-4.108082122211418,99.0,55.85616333886266,-4.110333739241922,192,7.984,588
55.826235251105906,-4.108082122211418,99.0,55.90185178498145,-4.152652007721208,193,22.445,1430
55.826235251105906,-4.108082122211418,99.0,55.8837118458465,-4.182392741162416,194,16.104,1729
55.826235251105906,-4.108082122211418,99.0,55.83086049774818,-4.312434105301623,195,20.22,1122
55.826235251105906,-4.108082122211418,99.0,55.821849459706755,-4.176208567338996,196,8.531,559
55.826235251105906,-4.108082122211418,99.0,55.88009750494633,-4.255964552703097,197,18.528,1003
55.826235251105906,-4.108082122211418,99.0,55.87413911675089,-4.369807111055967,198,21.843,1045
55.826235251105906,-4.108082122211418,99.0,55.86354071984154,-4.093406384811447,199,7.573,554
55.81545380522745,-4.369281459333092,100.0,55.8391698042901,-4.214478482526657,0,15.585,966
55.81545380522745,-4.369281459333092,100.0,55.86553667472969,-4.350500876963486,1,8.851,712
55.81545380522745,-4.369281459333092,100.0,55.912892829643965,-4.286410947894997,2,18.753,2175
55.81545380522745,-4.369281459333092,100.0,55.84854019346565,-4.391697428307927,3,6.359,572
55.81545380522745,-4.369281459333092,100.0,55.79232875093524,-4.310455024670266,4,5.311,516
55.81545380522745,-4.369281459333092,100.0,55.837143362020576,-4.120043492886959,5,19.284,978
55.81545380522745,-4.369281459333092,100.0,55.84185129809378,-4.283879851305767,6,7.765,636
55.81545380522745,-4.369281459333092,100.0,55.90609664927746,-4.311383718964596,7,16.138,1183
55.81545380522745,-4.369281459333092,100.0,55.7832172019226,-4.31249791159531,8,6.899,574
55.81545380522745,-4.369281459333092,100.0,55.8177258987159,-4.260489243356555,9,8.345,791
55.81545380522745,-4.369281459333092,100.0,55.903262790870684,-4.212111703691823,10,18.119,1249
55.81545380522745,-4.369281459333092,100.0,55.893978813107424,-4.1413270988368325,11,19.859,1257
55.81545380522745,-4.369281459333092,100.0,55.894884622950286,-4.154349650804189,12,22.244,1155
55.81545380522745,-4.369281459333092,100.0,55.80680963785043,-4.263605759417426,13,9.127,873
55.81545380522745,-4.369281459333092,100.0,55.81824312166051,-4.346878846315483,14,1.809,288
55.81545380522745,-4.369281459333092,100.0,55.84742656229786,-4.269221405976544,15,9.497,911
55.81545380522745,-4.369281459333092,100.0,55.80730424868546,-4.315177272898423,16,4.668,448
55.81545380522745,-4.369281459333092,100.0,55.83798278877758,-4.260604018644594,17,8.528,883
55.81545380522745,-4.369281459333092,100.0,55.89424631095569,-4.343398240721316,18,12.613,1031
55.81545380522745,-4.369281459333092,100.0,55.83908093533876,-4.223069302141199,19,13.176,997
55.81545380522745,-4.369281459333092,100.0,55.8357731433788,-4.270556349194068,20,7.651,704
55.81545380522745,-4.369281459333092,100.0,55.90309627527835,-4.360750370095284,21,14.646,1266
55.81545380522745,-4.369281459333092,100.0,55.85652103589449,-4.101365743428073,22,22.407,1199
55.81545380522745,-4.369281459333092,100.0,55.783736419963375,-4.235306054793451,23,19.826,951
55.81545380522745,-4.369281459333092,100.0,55.92064824587275,-4.2358362157531895,24,19.244,1230
55.81545380522745,-4.369281459333092,100.0,55.907674892744176,-4.2497703459088045,25,17.996,2275
55.81545380522745,-4.369281459333092,100.0,55.919604340921964,-4.226208116301384,26,19.168,1241
55.81545380522745,-4.369281459333092,100.0,55.83219148710444,-4.304581930326681,27,6.907,681
55.81545380522745,-4.369281459333092,100.0,55.79569701419853,-4.1769099124482585,28,26.818,1286
55.81545380522745,-4.369281459333092,100.0,55.81260197667657,-4.197841211154324,29,17.411,1118
55.81545380522745,-4.369281459333092,100.0,55.826092940761974,-4.176919409292903,30,15.941,1051
55.81545380522745,-4.369281459333092,100.0,55.828413149208096,-4.109650878166438,31,22.745,1241
55.81545380522745,-4.369281459333092,100.0,55.8999241737755,-4.257993823533507,32,15.202,1162
55.81545380522745,-4.369281459333092,100.0,55.892514250678616,-4.340118142906542,33,12.642,1042
55.81545380522745,-4.369281459333092,100.0,55.855241629670886,-4.269936069312288,34,11.235,787
55.81545380522745,-4.369281459333092,100.0,55.877364911629314,-4.109701193625618,35,22.808,1300
55.81545380522745,-4.369281459333092,100.0,55.887053111734645,-4.1280531391159245,36,23.11,1267
55.81545380522745,-4.369281459333092,100.0,55.89108676863447,-4.105446803942431,37,24.843,1573
55.81545380522745,-4.369281459333092,100.0,55.842635153466425,-4.334387903339716,38,4.75,531
55.81545380522745,-4.369281459333092,100.0,55.89197542936556,-4.19614108945253,39,19.117,1100
55.81545380522745,-4.369281459333092,100.0,55.825849135803445,-4.321179033230789,40,6.886,602
55.81545380522745,-4.369281459333092,100.0,55.81864602215581,-4.375055705699034,41,1.671,178
55.81545380522745,-4.369281459333092,100.0,55.92613065482397,-4.212698358862173,42,19.63,1294
55.81545380522745,-4.369281459333092,100.0,55.874439929608144,-4.279689658904073,43,11.842,829
55.81545380522745,-4.369281459333092,100.0,55.81998166828728,-4.245455535821837,44,9.281,893
55.81545380522745,-4.369281459333092,100.0,55.91066980601156,-4.213502644426629,45,18.582,1245
55.81545380522745,-4.369281459333092,100.0,55.8404807486866,-4.356656090229781,46,3.947,408
55.81545380522745,-4.369281459333092,100.0,55.88708229912325,-4.079055837843032,47,28.076,1321
55.81545380522745,-4.369281459333092,100.0,55.84510555179576,-4.178720975321847,48,17.606,1066
55.81545380522745,-4.369281459333092,100.0,55.84413340760586,-4.085244529493477,49,24.773,1696
55.81545380522745,-4.369281459333092,100.0,55.83324217210475,-4.157183908594519,50,17.468,1063
55.81545380522745,-4.369281459333092,100.0,55.895753278756494,-4.323131413571223,51,12.399,1142
55.81545380522745,-4.369281459333092,100.0,55.88609925330935,-4.38354364327563,52,9.884,780
55.81545380522745,-4.369281459333092,100.0,55.86596770908397,-4.338853955125049,53,8.613,730
55.81545380522745,-4.369281459333092,100.0,55.819381988004544,-4.256567679373081,54,8.411,785
55.81545380522745,-4.369281459333092,100.0,55.919398785577634,-4.298102785445152,55,19.029,1854
55.81545380522745,-4.369281459333092,100.0,55.81052481551728,-4.0780884232687225,56,25.544,2388
55.81545380522745,-4.369281459333092,100.0,55.8411814367945,-4.125490362928665,57,20.826,1136
55.81545380522745,-4.369281459333092,100.0,55.844855881791794,-4.151320272286683,58,18.458,1117
55.81545380522745,-4.369281459333092,100.0,55.79334532620707,-4.3052187624925375,59,5.642,522
55.81545380522745,-4.369281459333092,100.0,55.78499644933002,-4.082518262203789,60,29.485,1402
55.81545380522745,-4.369281459333092,100.0,55.86482365717543,-4.074666870071637,61,24.673,1417
55.81545380522745,-4.369281459333092,100.0,55.910543969585106,-4.384534109666136,62,23.061,1293
55.81545380522745,-4.369281459333092,100.0,55.799715679086134,-4.188568421733812,63,14.012,1314
55.81545380522745,-4.369281459333092,100.0,55.90005630083831,-4.294022887833187,64,15.21,1136
55.81545380522745,-4.369281459333092,100.0,55.82573931186619,-4.210157383495828,65,15.468,932
55.81545380522745,-4.369281459333092,100.0,55.88010014610652,-4.288014027401103,66,13.931,1105
55.81545380522745,-4.369281459333092,100.0,55.8836463272421,-4.377148406451105,67,9.654,858
55.81545380522745,-4.369281459333092,100.0,55.80511293548626,-4.195982430231648,68,18.391,1192
55.81545380522745,-4.369281459333092,100.0,55.9265186267864,-4.256321117900257,69,18.567,1269
55.81545380522745,-4.369281459333092,100.0,55.90353118048908,-4.119171950823842,70,24.006,1508
55.81545380522745,-4.369281459333092,100.0,55.81502357146685,-4.260984914919316,71,8.056,768
55.81545380522745,-4.369281459333092,100.0,55.894355058439295,-4.293143876300353,72,14.5,1084
55.81545380522745,-4.369281459333092,100.0,55.80246488546192,-4.242274834364847,73,11.92,1041
55.81545380522745,-4.369281459333092,100.0,55.887581813102464,-4.2985753032369685,74,14.112,1080
55.81545380522745,-4.369281459333092,100.0,55.928290955083554,-4.295962301582311,75,19.451,1269
55.81545380522745,-4.369281459333092,100.0,55.81096058143004,-4.368797105646974,76,2.106,335
55.81545380522745,-4.369281459333092,100.0,55.84818750128869,-4.3631808239548375,77,5.701,524
55.81545380522745,-4.369281459333092,100.0,55.81610352786554,-4.330910795148831,78,3.864,380
55.81545380522745,-4.369281459333092,100.0,55.807034270653475,-4.136077366584948,79,28.97,1395
55.81545380522745,-4.369281459333092,100.0,55.86778114631985,-4.233612892312959,80,13.693,911
55.81545380522745,-4.369281459333092,100.0,55.79578956690847,-4.368290459919509,81,5.214,1489
55.81545380522745,-4.369281459333092,100.0,55.897877306124535,-4.077031107370425,82,26.634,2039
55.81545380522745,-4.369281459333092,100.0,55.80721289582252,-4.242612882195534,83,10.302,1020
55.81545380522745,-4.369281459333092,100.0,55.92209393969709,-4.157940141970138,84,23.777,1306
55.81545380522745,-4.369281459333092,100.0,55.79188265083702,-4.28147512844989,85,6.504,577
55.81545380522745,-4.369281459333092,100.0,55.88043814367632,-4.104360473798184,86,22.62,1260
55.81545380522745,-4.369281459333092,100.0,55.90345994988174,-4.293652184560058,87,15.679,1181
55.81545380522745,-4.369281459333092,100.0,55.91230525016259,-4.108196424937476,88,25.274,1453
55.81545380522745,-4.369281459333092,100.0,55.90569137930351,-4.3852429216612405,89,23.304,1332
55.81545380522745,-4.369281459333092,100.0,55.824402119970216,-4.298242138123909,90,5.716,569
55.81545380522745,-4.369281459333092,100.0,55.887104625653905,-4.201059285828647,91,16.829,1249
55.81545380522745,-4.369281459333092,100.0,55.92006797200308,-4.195257422106852,92,20.476,1272
55.81545380522745,-4.369281459333092,100.0,55.7944551107823,-4.1683749063061635,93,26.965,1719
55.81545380522745,-4.369281459333092,100.0,55.88003873447475,-4.304350182381346,94,13.671,984
55.81545380522745,-4.369281459333092,100.0,55.88308048053683,-4.2942103285768285,95,13.271,959
55.81545380522745,-4.369281459333092,100.0,55.80779271908626,-4.3234306371549245,96,4.13,418
55.81545380522745,-4.369281459333092,100.0,55.90123467399992,-4.380968632189907,97,24.502,1545
55.81545380522745,-4.369281459333092,100.0,55.88049231589054,-4.293733205570284,98,13.173,949
55.81545380522745,-4.369281459333092,100.0,55.84697147961761,-4.334108806216461,99,6.466,618
55.81545380522745,-4.369281459333092,100.0,55.83067141211495,-4.195633651932574,100,14.751,930
55.81545380522745,-4.369281459333092,100.0,55.89350845984679,-4.099445363541155,101,24.658,1404
55.81545380522745,-4.369281459333092,100.0,55.92592408664018,-4.179171340754611,102,25.118,1390
55.81545380522745,-4.369281459333092,100.0,55.84941827409408,-4.169566750359822,103,18.311,1132
55.81545380522745,-4.369281459333092,100.0,55.92413375575165,-4.226670311636797,104,20.845,2036
55.81545380522745,-4.369281459333092,100.0,55.88995713457192,-4.285031242761631,105,13.44,986
55.81545380522745,-4.369281459333092,100.0,55.90528066541109,-4.131569818675147,106,21.456,1153
55.81545380522745,-4.369281459333092,100.0,55.87850608392288,-4.103517886631066,107,22.951,1293
55.81545380522745,-4.369281459333092,100.0,55.80799405798939,-4.284953473560454,108,7.14,706
55.81545380522745,-4.369281459333092,100.0,55.906815669822045,-4.385279074380807,109,23.085,1286
55.81545380522745,-4.369281459333092,100.0,55.916237634416454,-4.222407816066865,110,19.083,1230
55.81545380522745,-4.369281459333092,100.0,55.915798955837815,-4.088621086891774,111,28.358,1484
55.81545380522745,-4.369281459333092,100.0,55.827538479175395,-4.350653065976025,112,3.1,309
55.81545380522745,-4.369281459333092,100.0,55.799515288981674,-4.0866627646338864,113,30.252,1547
55.81545380522745,-4.369281459333092,100.0,55.831024245961984,-4.244756518165482,114,12.217,834
55.81545380522745,-4.369281459333092,100.0,55.86754360554833,-4.2143078261423845,115,15.033,1027
55.81545380522745,-4.369281459333092,100.0,55.8574985965699,-4.1521224561179935,116,19.614,1242
55.81545380522745,-4.369281459333092,100.0,55.88095643501817,-4.32811659177277,117,10.455,858
55.81545380522745,-4.369281459333092,100.0,55.85240433608213,-4.177570445500026,118,18.475,1183
55.81545380522745,-4.369281459333092,100.0,55.91169549549074,-4.359708873069638,119,25.613,1511
55.81545380522745,-4.369281459333092,100.0,55.92640787519779,-4.300990956079843,120,19.899,1318
55.81545380522745,-4.369281459333092,100.0,55.84019197366069,-4.205566157974415,121,16.071,1081
55.81545380522745,-4.369281459333092,100.0,55.866619942939494,-4.268153778778456,122,11.995,951
55.81545380522745,-4.369281459333092,100.0,55.81327411986783,-4.2587495402872255,123,8.735,839
55.81545380522745,-4.369281459333092,100.0,55.86022660117776,-4.154711133590585,124,19.534,1170
55.81545380522745,-4.369281459333092,100.0,55.831522729053496,-4.370420634377527,125,3.234,370
55.81545380522745,-4.369281459333092,100.0,55.84074346341779,-4.172411658039648,126,16.679,986
55.81545380522745,-4.369281459333092,100.0,55.8801412435821,-4.258666277618953,127,13.039,977
55.81545380522745,-4.369281459333092,100.0,55.8434159429892,-4.1056733307349536,128,21.082,1165
55.81545380522745,-4.369281459333092,100.0,55.83522057783537,-4.25736952395694,129,8.58,870
55.81545380522745,-4.369281459333092,100.0,55.86467774065618,-4.2250953414252415,130,13.817,864
55.81545380522745,-4.369281459333092,100.0,55.8953662249987,-4.231143624453162,131,16.27,1041
55.81545380522745,-4.369281459333092,100.0,55.81920459649808,-4.236238450921302,132,9.865,943
55.81545380522745,-4.369281459333092,100.0,55.900795402502105,-4.206009410292495,133,18.437,1236
55.81545380522745,-4.369281459333092,100.0,55.86078490474355,-4.339631469507248,134,8.287,816
55.81545380522745,-4.369281459333092,100.0,55.924999437053955,-4.191173279124663,135,20.727,1281
55.81545380522745,-4.369281459333092,100.0,55.81549096669224,-4.126910343137958,136,20.166,1348
55.81545380522745,-4.369281459333092,100.0,55.90135585493081,-4.207622057499793,137,18.436,1214
55.81545380522745,-4.369281459333092,100.0,55.845816555475636,-4.129576488296543,138,19.831,1207
55.81545380522745,-4.369281459333092,100.0,55.80470047644827,-4.291960781118721,139,6.698,662
55.81545380522745,-4.369281459333092,100.0,55.89185394491289,-4.179857587296262,140,18.021,1025
55.81545380522745,-4.369281459333092,100.0,55.91859399996558,-4.3401659608951215,141,15.497,1308
55.81545380522745,-4.369281459333092,100.0,55.90671476836246,-4.3642865107142725,142,15.398,1321
55.81545380522745,-4.369281459333092,100.0,55.81273399651921,-4.167613047894911,143,17.224,1112
55.81545380522745,-4.369281459333092,100.0,55.80939871413575,-4.276056954355674,144,7.371,694
55.81545380522745,-4.369281459333092,100.0,55.88312869327199,-4.214542892826467,145,15.841,1068
55.81545380522745,-4.369281459333092,100.0,55.815340374954424,-4.283514492524949,146,6.365,579
55.81545380522745,-4.369281459333092,100.0,55.87864379034378,-4.080636908866371,147,29.056,1356
55.81545380522745,-4.369281459333092,100.0,55.89423440492952,-4.2418874418647645,148,16.833,1125
55.81545380522745,-4.369281459333092,100.0,55.92796852989922,-4.305970400193036,149,20.027,1341
55.81545380522745,-4.369281459333092,100.0,55.92895153496988,-4.082888064137351,150,28.728,1434
55.81545380522745,-4.369281459333092,100.0,55.790766759429424,-4.135285962371055,151,26.777,1290
55.81545380522745,-4.369281459333092,100.0,55.80808041573422,-4.184105792933229,152,18.185,1124
55.81545380522745,-4.369281459333092,100.0,55.7982747224006,-4.3931924101572655,153,4.136,355
55.81545380522745,-4.369281459333092,100.0,55.81178474630603,-4.337962602706185,154,2.797,281
55.81545380522745,-4.369281459333092,100.0,55.852972007756,-4.353957895039277,155,5.914,635
55.81545380522745,-4.369281459333092,100.0,55.797152036890715,-4.311451416173846,156,4.538,450
55.81545380522745,-4.369281459333092,100.0,55.84839482833289,-4.1889265673730645,157,18.257,1100
55.81545380522745,-4.369281459333092,100.0,55.86383954752864,-4.387927326091926,158,8.973,659
55.81545380522745,-4.369281459333092,100.0,55.807182357875575,-4.140487806234959,159,18.852,1277
55.81545380522745,-4.369281459333092,100.0,55.8296607577131,-4.218765551358871,160,13.637,990
55.81545380522745,-4.369281459333092,100.0,55.82699494590622,-4.295404959002084,161,6.288,567
55.81545380522745,-4.369281459333092,100.0,55.861248665443505,-4.307186036515638,162,8.149,751
55.81545380522745,-4.369281459333092,100.0,55.897857165570365,-4.156645648865112,163,19.497,1061
55.81545380522745,-4.369281459333092,100.0,55.877747555317356,-4.342792329217214,164,11.045,955
55.81545380522745,-4.369281459333092,100.0,55.92259641850896,-4.389236283866068,165,21.962,1292
55.81545380522745,-4.369281459333092,100.0,55.92621339590465,-4.2820478996479165,166,18.351,1217
55.81545380522745,-4.369281459333092,100.0,55.80660612206145,-4.094012410496262,167,25.129,1453
55.81545380522745,-4.369281459333092,100.0,55.84605439624201,-4.09192094471571,168,23.834,1176
55.81545380522745,-4.369281459333092,100.0,55.83961965364386,-4.1201104741133365,169,20.433,1063
55.81545380522745,-4.369281459333092,100.0,55.85030951683019,-4.217608837338132,170,13.725,1031
55.81545380522745,-4.369281459333092,100.0,55.85971342373431,-4.246748195156407,171,14.186,962
55.81545380522745,-4.369281459333092,100.0,55.815747728441636,-4.150792968910081,172,17.722,1173
55.81545380522745,-4.369281459333092,100.0,55.80041195127493,-4.3806303679601495,173,3.552,307
55.81545380522745,-4.369281459333092,100.0,55.85487415463933,-4.092829020720908,174,23.644,1177
55.81545380522745,-4.369281459333092,100.0,55.80456076444065,-4.203157873727267,175,18.41,1194
55.81545380522745,-4.369281459333092,100.0,55.84723005082115,-4.330151260440624,176,6.656,599
55.81545380522745,-4.369281459333092,100.0,55.88775631668876,-4.123428423568879,177,23.245,1273
55.81545380522745,-4.369281459333092,100.0,55.82857385936083,-4.129579652409029,178,20.244,1361
55.81545380522745,-4.369281459333092,100.0,55.879865395443076,-4.36272007519476,179,11.937,997
55.81545380522745,-4.369281459333092,100.0,55.87973669437185,-4.215636550296907,180,15.128,1079
55.81545380522745,-4.369281459333092,100.0,55.8162521393249,-4.1868605517933455,181,16.604,1083
55.81545380522745,-4.369281459333092,100.0,55.80755514535402,-4.201625161718038,182,18.163,1161
55.81545380522745,-4.369281459333092,100.0,55.85565398843102,-4.250533808562208,183,10.684,882
55.81545380522745,-4.369281459333092,100.0,55.929636326069506,-4.381100658166308,184,22.948,1313
55.81545380522745,-4.369281459333092,100.0,55.879581066995904,-4.21986165885879,185,14.769,1060
55.81545380522745,-4.369281459333092,100.0,55.92647877645629,-4.127886630011083,186,24.859,1392
55.81545380522745,-4.369281459333092,100.0,55.82282427264178,-4.371094162561755,187,2.37,293
55.81545380522745,-4.369281459333092,100.0,55.90291353127043,-4.3414180899754955,188,13.444,1199
55.81545380522745,-4.369281459333092,100.0,55.78437024600116,-4.156926419796477,189,25.463,1283
55.81545380522745,-4.369281459333092,100.0,55.8321542449311,-4.1561720476648265,190,17.508,1077
55.81545380522745,-4.369281459333092,100.0,55.88310705812362,-4.084862107847263,191,26.217,1238
55.81545380522745,-4.369281459333092,100.0,55.85616333886266,-4.110333739241922,192,22.445,1221
55.81545380522745,-4.369281459333092,100.0,55.90185178498145,-4.152652007721208,193,23.406,1686
55.81545380522745,-4.369281459333092,100.0,55.8837118458465,-4.182392741162416,194,19.685,2034
55.81545380522745,-4.369281459333092,100.0,55.83086049774818,-4.312434105301623,195,6.491,583
55.81545380522745,-4.369281459333092,100.0,55.821849459706755,-4.176208567338996,196,16.352,1047
55.81545380522745,-4.369281459333092,100.0,55.88009750494633,-4.255964552703097,197,12.725,956
55.81545380522745,-4.369281459333092,100.0,55.87413911675089,-4.369807111055967,198,7.995,677
55.81545380522745,-4.369281459333092,100.0,55.86354071984154,-4.093406384811447,199,23.061,1275
55.87220879461371,-4.13869734754065,101.0,55.8391698042901,-4.214478482526657,0,15.308,860
55.87220879461371,-4.13869734754065,101.0,55.86553667472969,-4.350500876963486,1,20.724,1107
55.87220879461371,-4.13869734754065,101.0,55.912892829643965,-4.286410947894997,2,17.11,2066
55.87220879461371,-4.13869734754065,101.0,55.84854019346565,-4.391697428307927,3,20.155,1329
55.87220879461371,-4.13869734754065,101.0,55.79232875093524,-4.310455024670266,4,22.646,1307
55.87220879461371,-4.13869734754065,101.0,55.837143362020576,-4.120043492886959,5,13.538,680
55.87220879461371,-4.13869734754065,101.0,55.84185129809378,-4.283879851305767,6,17.326,1057
55.87220879461371,-4.13869734754065,101.0,55.90609664927746,-4.311383718964596,7,15.794,1176
55.87220879461371,-4.13869734754065,101.0,55.7832172019226,-4.31249791159531,8,24.234,1365
55.87220879461371,-4.13869734754065,101.0,55.8177258987159,-4.260489243356555,9,19.465,1076
55.87220879461371,-4.13869734754065,101.0,55.903262790870684,-4.212111703691823,10,10.347,956
55.87220879461371,-4.13869734754065,101.0,55.893978813107424,-4.1413270988368325,11,5.521,641
55.87220879461371,-4.13869734754065,101.0,55.894884622950286,-4.154349650804189,12,11.049,697
55.87220879461371,-4.13869734754065,101.0,55.80680963785043,-4.263605759417426,13,21.903,1343
55.87220879461371,-4.13869734754065,101.0,55.81824312166051,-4.346878846315483,14,19.809,1221
55.87220879461371,-4.13869734754065,101.0,55.84742656229786,-4.269221405976544,15,13.802,944
55.87220879461371,-4.13869734754065,101.0,55.80730424868546,-4.315177272898423,16,19.515,1206
55.87220879461371,-4.13869734754065,101.0,55.83798278877758,-4.260604018644594,17,17.986,977
55.87220879461371,-4.13869734754065,101.0,55.89424631095569,-4.343398240721316,18,15.655,1155
55.87220879461371,-4.13869734754065,101.0,55.83908093533876,-4.223069302141199,19,9.797,964
55.87220879461371,-4.13869734754065,101.0,55.8357731433788,-4.270556349194068,20,14.606,956
55.87220879461371,-4.13869734754065,101.0,55.90309627527835,-4.360750370095284,21,17.688,1391
55.87220879461371,-4.13869734754065,101.0,55.85652103589449,-4.101365743428073,22,4.062,372
55.87220879461371,-4.13869734754065,101.0,55.783736419963375,-4.235306054793451,23,20.376,1253
55.87220879461371,-4.13869734754065,101.0,55.92064824587275,-4.2358362157531895,24,14.708,1056
55.87220879461371,-4.13869734754065,101.0,55.907674892744176,-4.2497703459088045,25,13.46,2101
55.87220879461371,-4.13869734754065,101.0,55.919604340921964,-4.226208116301384,26,14.311,1068
55.87220879461371,-4.13869734754065,101.0,55.83219148710444,-4.304581930326681,27,18.687,1248
55.87220879461371,-4.13869734754065,101.0,55.79569701419853,-4.1769099124482585,28,16.551,1009
55.87220879461371,-4.13869734754065,101.0,55.81260197667657,-4.197841211154324,29,17.173,995
55.87220879461371,-4.13869734754065,101.0,55.826092940761974,-4.176919409292903,30,13.456,822
55.87220879461371,-4.13869734754065,101.0,55.828413149208096,-4.109650878166438,31,11.008,717
55.87220879461371,-4.13869734754065,101.0,55.8999241737755,-4.257993823533507,32,13.559,1046
55.87220879461371,-4.13869734754065,101.0,55.892514250678616,-4.340118142906542,33,15.684,1167
55.87220879461371,-4.13869734754065,101.0,55.855241629670886,-4.269936069312288,34,11.646,685
55.87220879461371,-4.13869734754065,101.0,55.877364911629314,-4.109701193625618,35,3.323,260
55.87220879461371,-4.13869734754065,101.0,55.887053111734645,-4.1280531391159245,36,9.968,710
55.87220879461371,-4.13869734754065,101.0,55.89108676863447,-4.105446803942431,37,7.838,736
55.87220879461371,-4.13869734754065,101.0,55.842635153466425,-4.334387903339716,38,16.592,1035
55.87220879461371,-4.13869734754065,101.0,55.89197542936556,-4.19614108945253,39,8.131,680
55.87220879461371,-4.13869734754065,101.0,55.825849135803445,-4.321179033230789,40,16.865,1148
55.87220879461371,-4.13869734754065,101.0,55.81864602215581,-4.375055705699034,41,20.838,1230
55.87220879461371,-4.13869734754065,101.0,55.92613065482397,-4.212698358862173,42,13.685,1063
55.87220879461371,-4.13869734754065,101.0,55.874439929608144,-4.279689658904073,43,11.487,807
55.87220879461371,-4.13869734754065,101.0,55.81998166828728,-4.245455535821837,44,18.945,981
55.87220879461371,-4.13869734754065,101.0,55.91066980601156,-4.213502644426629,45,12.049,1032
55.87220879461371,-4.13869734754065,101.0,55.8404807486866,-4.356656090229781,46,20.244,1303
55.87220879461371,-4.13869734754065,101.0,55.88708229912325,-4.079055837843032,47,6.167,392
55.87220879461371,-4.13869734754065,101.0,55.84510555179576,-4.178720975321847,48,7.214,754
55.87220879461371,-4.13869734754065,101.0,55.84413340760586,-4.085244529493477,49,8.561,905
55.87220879461371,-4.13869734754065,101.0,55.83324217210475,-4.157183908594519,50,11.553,670
55.87220879461371,-4.13869734754065,101.0,55.895753278756494,-4.323131413571223,51,15.426,1229
55.87220879461371,-4.13869734754065,101.0,55.88609925330935,-4.38354364327563,52,21.757,1176
55.87220879461371,-4.13869734754065,101.0,55.86596770908397,-4.338853955125049,53,18.54,1056
55.87220879461371,-4.13869734754065,101.0,55.819381988004544,-4.256567679373081,54,20.374,1131
55.87220879461371,-4.13869734754065,101.0,55.919398785577634,-4.298102785445152,55,17.386,1746
55.87220879461371,-4.13869734754065,101.0,55.81052481551728,-4.0780884232687225,56,13.807,1864
55.87220879461371,-4.13869734754065,101.0,55.8411814367945,-4.125490362928665,57,6.131,610
55.87220879461371,-4.13869734754065,101.0,55.844855881791794,-4.151320272286683,58,6.616,688
55.87220879461371,-4.13869734754065,101.0,55.79334532620707,-4.3052187624925375,59,22.977,1313
55.87220879461371,-4.13869734754065,101.0,55.78499644933002,-4.082518262203789,60,15.697,791
55.87220879461371,-4.13869734754065,101.0,55.86482365717543,-4.074666870071637,61,7.346,583
55.87220879461371,-4.13869734754065,101.0,55.910543969585106,-4.384534109666136,62,19.515,1455
55.87220879461371,-4.13869734754065,101.0,55.799715679086134,-4.188568421733812,63,16.879,1200
55.87220879461371,-4.13869734754065,101.0,55.90005630083831,-4.294022887833187,64,14.866,1129
55.87220879461371,-4.13869734754065,101.0,55.82573931186619,-4.210157383495828,65,15.23,810
55.87220879461371,-4.13869734754065,101.0,55.88010014610652,-4.288014027401103,66,13.587,1097
55.87220879461371,-4.13869734754065,101.0,55.8836463272421,-4.377148406451105,67,21.527,1253
55.87220879461371,-4.13869734754065,101.0,55.80511293548626,-4.195982430231648,68,18.153,1070
55.87220879461371,-4.13869734754065,101.0,55.9265186267864,-4.256321117900257,69,16.924,1160
55.87220879461371,-4.13869734754065,101.0,55.90353118048908,-4.119171950823842,70,8.44,796
55.87220879461371,-4.13869734754065,101.0,55.81502357146685,-4.260984914919316,71,19.822,1110
55.87220879461371,-4.13869734754065,101.0,55.894355058439295,-4.293143876300353,72,14.156,1076
55.87220879461371,-4.13869734754065,101.0,55.80246488546192,-4.242274834364847,73,21.086,1207
55.87220879461371,-4.13869734754065,101.0,55.887581813102464,-4.2985753032369685,74,13.768,1073
55.87220879461371,-4.13869734754065,101.0,55.928290955083554,-4.295962301582311,75,17.808,1161
55.87220879461371,-4.13869734754065,101.0,55.81096058143004,-4.368797105646974,76,22.495,1312
55.87220879461371,-4.13869734754065,101.0,55.84818750128869,-4.3631808239548375,77,21.23,1155
55.87220879461371,-4.13869734754065,101.0,55.81610352786554,-4.330910795148831,78,18.834,1061
55.87220879461371,-4.13869734754065,101.0,55.807034270653475,-4.136077366584948,79,15.577,957
55.87220879461371,-4.13869734754065,101.0,55.86778114631985,-4.233612892312959,80,8.617,671
55.87220879461371,-4.13869734754065,101.0,55.79578956690847,-4.368290459919509,81,27.579,2506
55.87220879461371,-4.13869734754065,101.0,55.897877306124535,-4.077031107370425,82,7.827,1074
55.87220879461371,-4.13869734754065,101.0,55.80721289582252,-4.242612882195534,83,20.309,1158
55.87220879461371,-4.13869734754065,101.0,55.92209393969709,-4.157940141970138,84,12.403,814
55.87220879461371,-4.13869734754065,101.0,55.79188265083702,-4.28147512844989,85,23.839,1368
55.87220879461371,-4.13869734754065,101.0,55.88043814367632,-4.104360473798184,86,3.135,220
55.87220879461371,-4.13869734754065,101.0,55.90345994988174,-4.293652184560058,87,16.583,1202
55.87220879461371,-4.13869734754065,101.0,55.91230525016259,-4.108196424937476,88,9.234,705
55.87220879461371,-4.13869734754065,101.0,55.90569137930351,-4.3852429216612405,89,19.55,1478
55.87220879461371,-4.13869734754065,101.0,55.824402119970216,-4.298242138123909,90,17.301,1069
55.87220879461371,-4.13869734754065,101.0,55.887104625653905,-4.201059285828647,91,7.905,755
55.87220879461371,-4.13869734754065,101.0,55.92006797200308,-4.195257422106852,92,11.69,880
55.87220879461371,-4.13869734754065,101.0,55.7944551107823,-4.1683749063061635,93,16.681,1443
55.87220879461371,-4.13869734754065,101.0,55.88003873447475,-4.304350182381346,94,13.101,980
55.87220879461371,-4.13869734754065,101.0,55.88308048053683,-4.2942103285768285,95,12.701,955
55.87220879461371,-4.13869734754065,101.0,55.80779271908626,-4.3234306371549245,96,20.105,1194
55.87220879461371,-4.13869734754065,101.0,55.90123467399992,-4.380968632189907,97,22.703,1655
55.87220879461371,-4.13869734754065,101.0,55.88049231589054,-4.293733205570284,98,12.603,945
55.87220879461371,-4.13869734754065,101.0,55.84697147961761,-4.334108806216461,99,16.706,1068
55.87220879461371,-4.13869734754065,101.0,55.83067141211495,-4.195633651932574,100,14.474,824
55.87220879461371,-4.13869734754065,101.0,55.89350845984679,-4.099445363541155,101,6.905,506
55.87220879461371,-4.13869734754065,101.0,55.92592408664018,-4.179171340754611,102,10.961,919
55.87220879461371,-4.13869734754065,101.0,55.84941827409408,-4.169566750359822,103,5.785,634
55.87220879461371,-4.13869734754065,101.0,55.92413375575165,-4.226670311636797,104,14.9,1805
55.87220879461371,-4.13869734754065,101.0,55.88995713457192,-4.285031242761631,105,13.096,979
55.87220879461371,-4.13869734754065,101.0,55.90528066541109,-4.131569818675147,106,10.775,714
55.87220879461371,-4.13869734754065,101.0,55.87850608392288,-4.103517886631066,107,3.466,253
55.87220879461371,-4.13869734754065,101.0,55.80799405798939,-4.284953473560454,108,18.604,1323
55.87220879461371,-4.13869734754065,101.0,55.906815669822045,-4.385279074380807,109,18.861,1393
55.87220879461371,-4.13869734754065,101.0,55.916237634416454,-4.222407816066865,110,14.226,1056
55.87220879461371,-4.13869734754065,101.0,55.915798955837815,-4.088621086891774,111,10.772,658
55.87220879461371,-4.13869734754065,101.0,55.827538479175395,-4.350653065976025,112,19.178,1152
55.87220879461371,-4.13869734754065,101.0,55.799515288981674,-4.0866627646338864,113,16.067,904
55.87220879461371,-4.13869734754065,101.0,55.831024245961984,-4.244756518165482,114,17.426,882
55.87220879461371,-4.13869734754065,101.0,55.86754360554833,-4.2143078261423845,115,7.29,657
55.87220879461371,-4.13869734754065,101.0,55.8574985965699,-4.1521224561179935,116,4.184,460
55.87220879461371,-4.13869734754065,101.0,55.88095643501817,-4.32811659177277,117,16.32,1037
55.87220879461371,-4.13869734754065,101.0,55.85240433608213,-4.177570445500026,118,6.063,649
55.87220879461371,-4.13869734754065,101.0,55.91169549549074,-4.359708873069638,119,19.252,1459
55.87220879461371,-4.13869734754065,101.0,55.92640787519779,-4.300990956079843,120,18.256,1210
55.87220879461371,-4.13869734754065,101.0,55.84019197366069,-4.205566157974415,121,15.794,976
55.87220879461371,-4.13869734754065,101.0,55.866619942939494,-4.268153778778456,122,10.564,788
55.87220879461371,-4.13869734754065,101.0,55.81327411986783,-4.2587495402872255,123,19.801,1120
55.87220879461371,-4.13869734754065,101.0,55.86022660117776,-4.154711133590585,124,3.614,400
55.87220879461371,-4.13869734754065,101.0,55.831522729053496,-4.370420634377527,125,21.232,1323
55.87220879461371,-4.13869734754065,101.0,55.84074346341779,-4.172411658039648,126,12.534,714
55.87220879461371,-4.13869734754065,101.0,55.8801412435821,-4.258666277618953,127,10.84,802
55.87220879461371,-4.13869734754065,101.0,55.8434159429892,-4.1056733307349536,128,9.345,641
55.87220879461371,-4.13869734754065,101.0,55.83522057783537,-4.25736952395694,129,17.96,979
55.87220879461371,-4.13869734754065,101.0,55.86467774065618,-4.2250953414252415,130,8.51,575
55.87220879461371,-4.13869734754065,101.0,55.8953662249987,-4.231143624453162,131,11.734,867
55.87220879461371,-4.13869734754065,101.0,55.81920459649808,-4.236238450921302,132,19.529,1032
55.87220879461371,-4.13869734754065,101.0,55.900795402502105,-4.206009410292495,133,9.532,847
55.87220879461371,-4.13869734754065,101.0,55.86078490474355,-4.339631469507248,134,19.075,1151
55.87220879461371,-4.13869734754065,101.0,55.924999437053955,-4.191173279124663,135,11.439,871
55.87220879461371,-4.13869734754065,101.0,55.81549096669224,-4.126910343137958,136,14.407,929
55.87220879461371,-4.13869734754065,101.0,55.90135585493081,-4.207622057499793,137,9.531,824
55.87220879461371,-4.13869734754065,101.0,55.845816555475636,-4.129576488296543,138,4.979,530
55.87220879461371,-4.13869734754065,101.0,55.80470047644827,-4.291960781118721,139,18.631,1302
55.87220879461371,-4.13869734754065,101.0,55.89185394491289,-4.179857587296262,140,8.735,623
55.87220879461371,-4.13869734754065,101.0,55.91859399996558,-4.3401659608951215,141,18.118,1309
55.87220879461371,-4.13869734754065,101.0,55.90671476836246,-4.3642865107142725,142,19.339,1431
55.87220879461371,-4.13869734754065,101.0,55.81273399651921,-4.167613047894911,143,14.01,811
55.87220879461371,-4.13869734754065,101.0,55.80939871413575,-4.276056954355674,144,20.977,1235
55.87220879461371,-4.13869734754065,101.0,55.88312869327199,-4.214542892826467,145,7.532,725
55.87220879461371,-4.13869734754065,101.0,55.815340374954424,-4.283514492524949,146,17.506,1173
55.87220879461371,-4.13869734754065,101.0,55.87864379034378,-4.080636908866371,147,7.147,427
55.87220879461371,-4.13869734754065,101.0,55.89423440492952,-4.2418874418647645,148,12.297,951
55.87220879461371,-4.13869734754065,101.0,55.92796852989922,-4.305970400193036,149,18.384,1233
55.87220879461371,-4.13869734754065,101.0,55.92895153496988,-4.082888064137351,150,11.73,666
55.87220879461371,-4.13869734754065,101.0,55.790766759429424,-4.135285962371055,151,17.705,1013
55.87220879461371,-4.13869734754065,101.0,55.80808041573422,-4.184105792933229,152,15.489,927
55.87220879461371,-4.13869734754065,101.0,55.7982747224006,-4.3931924101572655,153,23.303,1407
55.87220879461371,-4.13869734754065,101.0,55.81178474630603,-4.337962602706185,154,19.901,1167
55.87220879461371,-4.13869734754065,101.0,55.852972007756,-4.353957895039277,155,18.274,1154
55.87220879461371,-4.13869734754065,101.0,55.797152036890715,-4.311451416173846,156,21.873,1241
55.87220879461371,-4.13869734754065,101.0,55.84839482833289,-4.1889265673730645,157,7.975,790
55.87220879461371,-4.13869734754065,101.0,55.86383954752864,-4.387927326091926,158,23.866,1181
55.87220879461371,-4.13869734754065,101.0,55.807182357875575,-4.140487806234959,159,15.254,932
55.87220879461371,-4.13869734754065,101.0,55.8296607577131,-4.218765551358871,160,15.571,902
55.87220879461371,-4.13869734754065,101.0,55.82699494590622,-4.295404959002084,161,17.337,1045
55.87220879461371,-4.13869734754065,101.0,55.861248665443505,-4.307186036515638,162,16.977,1080
55.87220879461371,-4.13869734754065,101.0,55.897857165570365,-4.156645648865112,163,10.211,660
55.87220879461371,-4.13869734754065,101.0,55.877747555317356,-4.342792329217214,164,16.918,1143
55.87220879461371,-4.13869734754065,101.0,55.92259641850896,-4.389236283866068,165,22.117,1515
55.87220879461371,-4.13869734754065,101.0,55.92621339590465,-4.2820478996479165,166,16.708,1109
55.87220879461371,-4.13869734754065,101.0,55.80660612206145,-4.094012410496262,167,13.392,929
55.87220879461371,-4.13869734754065,101.0,55.84605439624201,-4.09192094471571,168,5.489,349
55.87220879461371,-4.13869734754065,101.0,55.83961965364386,-4.1201104741133365,169,8.696,540
55.87220879461371,-4.13869734754065,101.0,55.85030951683019,-4.217608837338132,170,8.545,834
55.87220879461371,-4.13869734754065,101.0,55.85971342373431,-4.246748195156407,171,9.223,721
55.87220879461371,-4.13869734754065,101.0,55.815747728441636,-4.150792968910081,172,14.124,829
55.87220879461371,-4.13869734754065,101.0,55.80041195127493,-4.3806303679601495,173,22.719,1359
55.87220879461371,-4.13869734754065,101.0,55.85487415463933,-4.092829020720908,174,5.299,350
55.87220879461371,-4.13869734754065,101.0,55.80456076444065,-4.203157873727267,175,18.172,1072
55.87220879461371,-4.13869734754065,101.0,55.84723005082115,-4.330151260440624,176,16.227,1012
55.87220879461371,-4.13869734754065,101.0,55.88775631668876,-4.123428423568879,177,10.103,716
55.87220879461371,-4.13869734754065,101.0,55.82857385936083,-4.129579652409029,178,14.014,907
55.87220879461371,-4.13869734754065,101.0,55.879865395443076,-4.36272007519476,179,17.826,1169
55.87220879461371,-4.13869734754065,101.0,55.87973669437185,-4.215636550296907,180,8.248,822
55.87220879461371,-4.13869734754065,101.0,55.8162521393249,-4.1868605517933455,181,14.597,924
55.87220879461371,-4.13869734754065,101.0,55.80755514535402,-4.201625161718038,182,17.925,1038
55.87220879461371,-4.13869734754065,101.0,55.85565398843102,-4.250533808562208,183,10.037,876
55.87220879461371,-4.13869734754065,101.0,55.929636326069506,-4.381100658166308,184,21.179,1475
55.87220879461371,-4.13869734754065,101.0,55.879581066995904,-4.21986165885879,185,8.433,856
55.87220879461371,-4.13869734754065,101.0,55.92647877645629,-4.127886630011083,186,11.346,851
55.87220879461371,-4.13869734754065,101.0,55.82282427264178,-4.371094162561755,187,20.368,1246
55.87220879461371,-4.13869734754065,101.0,55.90291353127043,-4.3414180899754955,188,16.486,1324
55.87220879461371,-4.13869734754065,101.0,55.78437024600116,-4.156926419796477,189,21.296,1067
55.87220879461371,-4.13869734754065,101.0,55.8321542449311,-4.1561720476648265,190,11.593,683
55.87220879461371,-4.13869734754065,101.0,55.88310705812362,-4.084862107847263,191,9.553,512
55.87220879461371,-4.13869734754065,101.0,55.85616333886266,-4.110333739241922,192,4.1,394
55.87220879461371,-4.13869734754065,101.0,55.90185178498145,-4.152652007721208,193,9.249,1215
55.87220879461371,-4.13869734754065,101.0,55.8837118458465,-4.182392741162416,194,5.347,1408
55.87220879461371,-4.13869734754065,101.0,55.83086049774818,-4.312434105301623,195,18.271,1150
55.87220879461371,-4.13869734754065,101.0,55.821849459706755,-4.176208567338996,196,13.477,768
55.87220879461371,-4.13869734754065,101.0,55.88009750494633,-4.255964552703097,197,10.526,781
55.87220879461371,-4.13869734754065,101.0,55.87413911675089,-4.369807111055967,198,19.868,1072
55.87220879461371,-4.13869734754065,101.0,55.86354071984154,-4.093406384811447,199,3.932,411
55.91223635874338,-4.1345669201119755,102.0,55.8391698042901,-4.214478482526657,0,11.577,893
55.91223635874338,-4.1345669201119755,102.0,55.86553667472969,-4.350500876963486,1,22.141,1003
55.91223635874338,-4.1345669201119755,102.0,55.912892829643965,-4.286410947894997,2,14.452,1665
55.91223635874338,-4.1345669201119755,102.0,55.84854019346565,-4.391697428307927,3,21.572,1224
55.91223635874338,-4.1345669201119755,102.0,55.79232875093524,-4.310455024670266,4,24.063,1202
55.91223635874338,-4.1345669201119755,102.0,55.837143362020576,-4.120043492886959,5,24.46,937
55.91223635874338,-4.1345669201119755,102.0,55.84185129809378,-4.283879851305767,6,18.743,953
55.91223635874338,-4.1345669201119755,102.0,55.90609664927746,-4.311383718964596,7,16.662,937
55.91223635874338,-4.1345669201119755,102.0,55.7832172019226,-4.31249791159531,8,25.651,1260
55.91223635874338,-4.1345669201119755,102.0,55.8177258987159,-4.260489243356555,9,16.056,1126
55.91223635874338,-4.1345669201119755,102.0,55.903262790870684,-4.212111703691823,10,8.017,517
55.91223635874338,-4.1345669201119755,102.0,55.893978813107424,-4.1413270988368325,11,3.171,239
55.91223635874338,-4.1345669201119755,102.0,55.894884622950286,-4.154349650804189,12,2.538,98
55.91223635874338,-4.1345669201119755,102.0,55.80680963785043,-4.263605759417426,13,21.385,1357
55.91223635874338,-4.1345669201119755,102.0,55.81824312166051,-4.346878846315483,14,21.226,1116
55.91223635874338,-4.1345669201119755,102.0,55.84742656229786,-4.269221405976544,15,15.219,840
55.91223635874338,-4.1345669201119755,102.0,55.80730424868546,-4.315177272898423,16,20.932,1101
55.91223635874338,-4.1345669201119755,102.0,55.83798278877758,-4.260604018644594,17,13.426,901
55.91223635874338,-4.1345669201119755,102.0,55.89424631095569,-4.343398240721316,18,17.072,1051
55.91223635874338,-4.1345669201119755,102.0,55.83908093533876,-4.223069302141199,19,11.753,942
55.91223635874338,-4.1345669201119755,102.0,55.8357731433788,-4.270556349194068,20,16.023,851
55.91223635874338,-4.1345669201119755,102.0,55.90309627527835,-4.360750370095284,21,19.325,1209
55.91223635874338,-4.1345669201119755,102.0,55.85652103589449,-4.101365743428073,22,13.873,643
55.91223635874338,-4.1345669201119755,102.0,55.783736419963375,-4.235306054793451,23,31.298,1510
55.91223635874338,-4.1345669201119755,102.0,55.92064824587275,-4.2358362157531895,24,9.575,523
55.91223635874338,-4.1345669201119755,102.0,55.907674892744176,-4.2497703459088045,25,10.521,1739
55.91223635874338,-4.1345669201119755,102.0,55.919604340921964,-4.226208116301384,26,8.309,458
55.91223635874338,-4.1345669201119755,102.0,55.83219148710444,-4.304581930326681,27,20.104,1143
55.91223635874338,-4.1345669201119755,102.0,55.79569701419853,-4.1769099124482585,28,27.473,1266
55.91223635874338,-4.1345669201119755,102.0,55.81260197667657,-4.197841211154324,29,15.079,1179
55.91223635874338,-4.1345669201119755,102.0,55.826092940761974,-4.176919409292903,30,24.378,1079
55.91223635874338,-4.1345669201119755,102.0,55.828413149208096,-4.109650878166438,31,21.93,974
55.91223635874338,-4.1345669201119755,102.0,55.8999241737755,-4.257993823533507,32,15.726,859
55.91223635874338,-4.1345669201119755,102.0,55.892514250678616,-4.340118142906542,33,17.101,1062
55.91223635874338,-4.1345669201119755,102.0,55.855241629670886,-4.269936069312288,34,13.063,581
55.91223635874338,-4.1345669201119755,102.0,55.877364911629314,-4.109701193625618,35,9.276,595
55.91223635874338,-4.1345669201119755,102.0,55.887053111734645,-4.1280531391159245,36,3.404,209
55.91223635874338,-4.1345669201119755,102.0,55.89108676863447,-4.105446803942431,37,5.487,522
55.91223635874338,-4.1345669201119755,102.0,55.842635153466425,-4.334387903339716,38,18.009,930
55.91223635874338,-4.1345669201119755,102.0,55.89197542936556,-4.19614108945253,39,5.646,300
55.91223635874338,-4.1345669201119755,102.0,55.825849135803445,-4.321179033230789,40,18.282,1043
55.91223635874338,-4.1345669201119755,102.0,55.81864602215581,-4.375055705699034,41,22.255,1125
55.91223635874338,-4.1345669201119755,102.0,55.92613065482397,-4.212698358862173,42,7.683,453
55.91223635874338,-4.1345669201119755,102.0,55.874439929608144,-4.279689658904073,43,12.904,702
55.91223635874338,-4.1345669201119755,102.0,55.81998166828728,-4.245455535821837,44,15.536,1031
55.91223635874338,-4.1345669201119755,102.0,55.91066980601156,-4.213502644426629,45,8.665,507
55.91223635874338,-4.1345669201119755,102.0,55.8404807486866,-4.356656090229781,46,21.661,1198
55.91223635874338,-4.1345669201119755,102.0,55.88708229912325,-4.079055837843032,47,11.733,449
55.91223635874338,-4.1345669201119755,102.0,55.84510555179576,-4.178720975321847,48,14.6,968
55.91223635874338,-4.1345669201119755,102.0,55.84413340760586,-4.085244529493477,49,13.795,1198
55.91223635874338,-4.1345669201119755,102.0,55.83324217210475,-4.157183908594519,50,22.475,926
55.91223635874338,-4.1345669201119755,102.0,55.895753278756494,-4.323131413571223,51,18.951,1147
55.91223635874338,-4.1345669201119755,102.0,55.88609925330935,-4.38354364327563,52,23.174,1071
55.91223635874338,-4.1345669201119755,102.0,55.86596770908397,-4.338853955125049,53,19.957,951
55.91223635874338,-4.1345669201119755,102.0,55.819381988004544,-4.256567679373081,54,15.786,1147
55.91223635874338,-4.1345669201119755,102.0,55.919398785577634,-4.298102785445152,55,14.728,1345
55.91223635874338,-4.1345669201119755,102.0,55.81052481551728,-4.0780884232687225,56,24.729,2121
55.91223635874338,-4.1345669201119755,102.0,55.8411814367945,-4.125490362928665,57,20.011,869
55.91223635874338,-4.1345669201119755,102.0,55.844855881791794,-4.151320272286683,58,14.002,902
55.91223635874338,-4.1345669201119755,102.0,55.79334532620707,-4.3052187624925375,59,24.394,1209
55.91223635874338,-4.1345669201119755,102.0,55.78499644933002,-4.082518262203789,60,26.619,1048
55.91223635874338,-4.1345669201119755,102.0,55.86482365717543,-4.074666870071637,61,10.213,762
55.91223635874338,-4.1345669201119755,102.0,55.910543969585106,-4.384534109666136,62,21.757,1344
55.91223635874338,-4.1345669201119755,102.0,55.799715679086134,-4.188568421733812,63,27.801,1457
55.91223635874338,-4.1345669201119755,102.0,55.90005630083831,-4.294022887833187,64,15.881,920
55.91223635874338,-4.1345669201119755,102.0,55.82573931186619,-4.210157383495828,65,13.136,994
55.91223635874338,-4.1345669201119755,102.0,55.88010014610652,-4.288014027401103,66,15.004,993
55.91223635874338,-4.1345669201119755,102.0,55.8836463272421,-4.377148406451105,67,22.944,1148
55.91223635874338,-4.1345669201119755,102.0,55.80511293548626,-4.195982430231648,68,16.059,1254
55.91223635874338,-4.1345669201119755,102.0,55.9265186267864,-4.256321117900257,69,11.801,652
55.91223635874338,-4.1345669201119755,102.0,55.90353118048908,-4.119171950823842,70,4.054,416
55.91223635874338,-4.1345669201119755,102.0,55.81502357146685,-4.260984914919316,71,16.413,1160
55.91223635874338,-4.1345669201119755,102.0,55.894355058439295,-4.293143876300353,72,16.929,1005
55.91223635874338,-4.1345669201119755,102.0,55.80246488546192,-4.242274834364847,73,17.677,1257
55.91223635874338,-4.1345669201119755,102.0,55.887581813102464,-4.2985753032369685,74,15.185,968
55.91223635874338,-4.1345669201119755,102.0,55.928290955083554,-4.295962301582311,75,13.428,686
55.91223635874338,-4.1345669201119755,102.0,55.81096058143004,-4.368797105646974,76,23.912,1207
55.91223635874338,-4.1345669201119755,102.0,55.84818750128869,-4.3631808239548375,77,22.647,1050
55.91223635874338,-4.1345669201119755,102.0,55.81610352786554,-4.330910795148831,78,20.251,957
55.91223635874338,-4.1345669201119755,102.0,55.807034270653475,-4.136077366584948,79,26.499,1214
55.91223635874338,-4.1345669201119755,102.0,55.86778114631985,-4.233612892312959,80,10.034,567
55.91223635874338,-4.1345669201119755,102.0,55.79578956690847,-4.368290459919509,81,28.996,2402
55.91223635874338,-4.1345669201119755,102.0,55.897877306124535,-4.077031107370425,82,7.278,989
55.91223635874338,-4.1345669201119755,102.0,55.80721289582252,-4.242612882195534,83,16.9,1208
55.91223635874338,-4.1345669201119755,102.0,55.92209393969709,-4.157940141970138,84,2.901,202
55.91223635874338,-4.1345669201119755,102.0,55.79188265083702,-4.28147512844989,85,25.256,1264
55.91223635874338,-4.1345669201119755,102.0,55.88043814367632,-4.104360473798184,86,8.586,535
55.91223635874338,-4.1345669201119755,102.0,55.90345994988174,-4.293652184560058,87,15.096,841
55.91223635874338,-4.1345669201119755,102.0,55.91230525016259,-4.108196424937476,88,5.078,325
55.91223635874338,-4.1345669201119755,102.0,55.90569137930351,-4.3852429216612405,89,22.693,1420
55.91223635874338,-4.1345669201119755,102.0,55.824402119970216,-4.298242138123909,90,18.718,964
55.91223635874338,-4.1345669201119755,102.0,55.887104625653905,-4.201059285828647,91,6.706,469
55.91223635874338,-4.1345669201119755,102.0,55.92006797200308,-4.195257422106852,92,5.688,271
55.91223635874338,-4.1345669201119755,102.0,55.7944551107823,-4.1683749063061635,93,27.603,1700
55.91223635874338,-4.1345669201119755,102.0,55.88003873447475,-4.304350182381346,94,14.518,875
55.91223635874338,-4.1345669201119755,102.0,55.88308048053683,-4.2942103285768285,95,14.118,850
55.91223635874338,-4.1345669201119755,102.0,55.80779271908626,-4.3234306371549245,96,21.522,1089
55.91223635874338,-4.1345669201119755,102.0,55.90123467399992,-4.380968632189907,97,24.12,1550
55.91223635874338,-4.1345669201119755,102.0,55.88049231589054,-4.293733205570284,98,14.02,840
55.91223635874338,-4.1345669201119755,102.0,55.84697147961761,-4.334108806216461,99,18.123,964
55.91223635874338,-4.1345669201119755,102.0,55.83067141211495,-4.195633651932574,100,25.396,1081
55.91223635874338,-4.1345669201119755,102.0,55.89350845984679,-4.099445363541155,101,5.302,354
55.91223635874338,-4.1345669201119755,102.0,55.92592408664018,-4.179171340754611,102,4.959,309
55.91223635874338,-4.1345669201119755,102.0,55.84941827409408,-4.169566750359822,103,13.171,848
55.91223635874338,-4.1345669201119755,102.0,55.92413375575165,-4.226670311636797,104,8.898,1195
55.91223635874338,-4.1345669201119755,102.0,55.88995713457192,-4.285031242761631,105,14.513,874
55.91223635874338,-4.1345669201119755,102.0,55.90528066541109,-4.131569818675147,106,1.167,68
55.91223635874338,-4.1345669201119755,102.0,55.87850608392288,-4.103517886631066,107,8.917,568
55.91223635874338,-4.1345669201119755,102.0,55.80799405798939,-4.284953473560454,108,20.021,1219
55.91223635874338,-4.1345669201119755,102.0,55.906815669822045,-4.385279074380807,109,22.474,1374
55.91223635874338,-4.1345669201119755,102.0,55.916237634416454,-4.222407816066865,110,8.224,446
55.91223635874338,-4.1345669201119755,102.0,55.915798955837815,-4.088621086891774,111,5.796,361
55.91223635874338,-4.1345669201119755,102.0,55.827538479175395,-4.350653065976025,112,20.595,1047
55.91223635874338,-4.1345669201119755,102.0,55.799515288981674,-4.0866627646338864,113,26.989,1161
55.91223635874338,-4.1345669201119755,102.0,55.831024245961984,-4.244756518165482,114,14.137,940
55.91223635874338,-4.1345669201119755,102.0,55.86754360554833,-4.2143078261423845,115,8.732,597
55.91223635874338,-4.1345669201119755,102.0,55.8574985965699,-4.1521224561179935,116,11.783,687
55.91223635874338,-4.1345669201119755,102.0,55.88095643501817,-4.32811659177277,117,17.737,932
55.91223635874338,-4.1345669201119755,102.0,55.85240433608213,-4.177570445500026,118,10.287,759
55.91223635874338,-4.1345669201119755,102.0,55.91169549549074,-4.359708873069638,119,19.269,1200
55.91223635874338,-4.1345669201119755,102.0,55.92640787519779,-4.300990956079843,120,13.876,735
55.91223635874338,-4.1345669201119755,102.0,55.84019197366069,-4.205566157974415,121,12.063,991
55.91223635874338,-4.1345669201119755,102.0,55.866619942939494,-4.268153778778456,122,11.981,684
55.91223635874338,-4.1345669201119755,102.0,55.81327411986783,-4.2587495402872255,123,16.392,1170
55.91223635874338,-4.1345669201119755,102.0,55.86022660117776,-4.154711133590585,124,11.0,614
55.91223635874338,-4.1345669201119755,102.0,55.831522729053496,-4.370420634377527,125,22.649,1218
55.91223635874338,-4.1345669201119755,102.0,55.84074346341779,-4.172411658039648,126,23.456,971
55.91223635874338,-4.1345669201119755,102.0,55.8801412435821,-4.258666277618953,127,12.257,698
55.91223635874338,-4.1345669201119755,102.0,55.8434159429892,-4.1056733307349536,128,20.267,898
55.91223635874338,-4.1345669201119755,102.0,55.83522057783537,-4.25736952395694,129,13.4,903
55.91223635874338,-4.1345669201119755,102.0,55.86467774065618,-4.2250953414252415,130,9.927,470
55.91223635874338,-4.1345669201119755,102.0,55.8953662249987,-4.231143624453162,131,9.004,536
55.91223635874338,-4.1345669201119755,102.0,55.81920459649808,-4.236238450921302,132,16.12,1082
55.91223635874338,-4.1345669201119755,102.0,55.900795402502105,-4.206009410292495,133,7.586,455
55.91223635874338,-4.1345669201119755,102.0,55.86078490474355,-4.339631469507248,134,20.492,1046
55.91223635874338,-4.1345669201119755,102.0,55.924999437053955,-4.191173279124663,135,5.437,261
55.91223635874338,-4.1345669201119755,102.0,55.81549096669224,-4.126910343137958,136,25.329,1186
55.91223635874338,-4.1345669201119755,102.0,55.90135585493081,-4.207622057499793,137,7.585,433
55.91223635874338,-4.1345669201119755,102.0,55.845816555475636,-4.129576488296543,138,19.1,857
55.91223635874338,-4.1345669201119755,102.0,55.80470047644827,-4.291960781118721,139,20.048,1197
55.91223635874338,-4.1345669201119755,102.0,55.89185394491289,-4.179857587296262,140,4.533,216
55.91223635874338,-4.1345669201119755,102.0,55.91859399996558,-4.3401659608951215,141,16.637,946
55.91223635874338,-4.1345669201119755,102.0,55.90671476836246,-4.3642865107142725,142,19.356,1172
55.91223635874338,-4.1345669201119755,102.0,55.81273399651921,-4.167613047894911,143,24.932,1067
55.91223635874338,-4.1345669201119755,102.0,55.80939871413575,-4.276056954355674,144,19.929,1183
55.91223635874338,-4.1345669201119755,102.0,55.88312869327199,-4.214542892826467,145,7.279,523
55.91223635874338,-4.1345669201119755,102.0,55.815340374954424,-4.283514492524949,146,18.923,1068
55.91223635874338,-4.1345669201119755,102.0,55.87864379034378,-4.080636908866371,147,12.646,472
55.91223635874338,-4.1345669201119755,102.0,55.89423440492952,-4.2418874418647645,148,9.745,660
55.91223635874338,-4.1345669201119755,102.0,55.92796852989922,-4.305970400193036,149,14.004,758
55.91223635874338,-4.1345669201119755,102.0,55.92895153496988,-4.082888064137351,150,9.059,382
55.91223635874338,-4.1345669201119755,102.0,55.790766759429424,-4.135285962371055,151,28.627,1270
55.91223635874338,-4.1345669201119755,102.0,55.80808041573422,-4.184105792933229,152,26.411,1184
55.91223635874338,-4.1345669201119755,102.0,55.7982747224006,-4.3931924101572655,153,24.72,1302
55.91223635874338,-4.1345669201119755,102.0,55.81178474630603,-4.337962602706185,154,21.318,1063
55.91223635874338,-4.1345669201119755,102.0,55.852972007756,-4.353957895039277,155,19.691,1049
55.91223635874338,-4.1345669201119755,102.0,55.797152036890715,-4.311451416173846,156,23.29,1137
55.91223635874338,-4.1345669201119755,102.0,55.84839482833289,-4.1889265673730645,157,11.3,839
55.91223635874338,-4.1345669201119755,102.0,55.86383954752864,-4.387927326091926,158,25.283,1077
55.91223635874338,-4.1345669201119755,102.0,55.807182357875575,-4.140487806234959,159,26.176,1189
55.91223635874338,-4.1345669201119755,102.0,55.8296607577131,-4.218765551358871,160,13.477,1085
55.91223635874338,-4.1345669201119755,102.0,55.82699494590622,-4.295404959002084,161,18.754,941
55.91223635874338,-4.1345669201119755,102.0,55.861248665443505,-4.307186036515638,162,18.394,976
55.91223635874338,-4.1345669201119755,102.0,55.897857165570365,-4.156645648865112,163,6.07,268
55.91223635874338,-4.1345669201119755,102.0,55.877747555317356,-4.342792329217214,164,18.335,1038
55.91223635874338,-4.1345669201119755,102.0,55.92259641850896,-4.389236283866068,165,20.636,1150
55.91223635874338,-4.1345669201119755,102.0,55.92621339590465,-4.2820478996479165,166,12.748,655
55.91223635874338,-4.1345669201119755,102.0,55.80660612206145,-4.094012410496262,167,24.314,1186
55.91223635874338,-4.1345669201119755,102.0,55.84605439624201,-4.09192094471571,168,15.3,620
55.91223635874338,-4.1345669201119755,102.0,55.83961965364386,-4.1201104741133365,169,19.618,796
55.91223635874338,-4.1345669201119755,102.0,55.85030951683019,-4.217608837338132,170,10.501,811
55.91223635874338,-4.1345669201119755,102.0,55.85971342373431,-4.246748195156407,171,10.64,617
55.91223635874338,-4.1345669201119755,102.0,55.815747728441636,-4.150792968910081,172,25.046,1086
55.91223635874338,-4.1345669201119755,102.0,55.80041195127493,-4.3806303679601495,173,24.136,1254
55.91223635874338,-4.1345669201119755,102.0,55.85487415463933,-4.092829020720908,174,15.11,621
55.91223635874338,-4.1345669201119755,102.0,55.80456076444065,-4.203157873727267,175,16.078,1256
55.91223635874338,-4.1345669201119755,102.0,55.84723005082115,-4.330151260440624,176,17.644,907
55.91223635874338,-4.1345669201119755,102.0,55.88775631668876,-4.123428423568879,177,3.539,215
55.91223635874338,-4.1345669201119755,102.0,55.82857385936083,-4.129579652409029,178,24.936,1164
55.91223635874338,-4.1345669201119755,102.0,55.879865395443076,-4.36272007519476,179,19.243,1064
55.91223635874338,-4.1345669201119755,102.0,55.87973669437185,-4.215636550296907,180,8.104,643
55.91223635874338,-4.1345669201119755,102.0,55.8162521393249,-4.1868605517933455,181,25.519,1181
55.91223635874338,-4.1345669201119755,102.0,55.80755514535402,-4.201625161718038,182,15.831,1223
55.91223635874338,-4.1345669201119755,102.0,55.85565398843102,-4.250533808562208,183,11.454,772
55.91223635874338,-4.1345669201119755,102.0,55.929636326069506,-4.381100658166308,184,19.698,1109
55.91223635874338,-4.1345669201119755,102.0,55.879581066995904,-4.21986165885879,185,8.377,693
55.91223635874338,-4.1345669201119755,102.0,55.92647877645629,-4.127886630011083,186,2.956,243
55.91223635874338,-4.1345669201119755,102.0,55.82282427264178,-4.371094162561755,187,21.785,1141
55.91223635874338,-4.1345669201119755,102.0,55.90291353127043,-4.3414180899754955,188,20.484,1269
55.91223635874338,-4.1345669201119755,102.0,55.78437024600116,-4.156926419796477,189,32.218,1324
55.91223635874338,-4.1345669201119755,102.0,55.8321542449311,-4.1561720476648265,190,22.515,940
55.91223635874338,-4.1345669201119755,102.0,55.88310705812362,-4.084862107847263,191,19.604,713
55.91223635874338,-4.1345669201119755,102.0,55.85616333886266,-4.110333739241922,192,13.911,665
55.91223635874338,-4.1345669201119755,102.0,55.90185178498145,-4.152652007721208,193,3.247,605
55.91223635874338,-4.1345669201119755,102.0,55.8837118458465,-4.182392741162416,194,6.039,1242
55.91223635874338,-4.1345669201119755,102.0,55.83086049774818,-4.312434105301623,195,19.688,1045
55.91223635874338,-4.1345669201119755,102.0,55.821849459706755,-4.176208567338996,196,24.399,1024
55.91223635874338,-4.1345669201119755,102.0,55.88009750494633,-4.255964552703097,197,11.943,676
55.91223635874338,-4.1345669201119755,102.0,55.87413911675089,-4.369807111055967,198,21.285,967
55.91223635874338,-4.1345669201119755,102.0,55.86354071984154,-4.093406384811447,199,10.893,627
55.9116816365806,-4.341595784594547,103.0,55.8391698042901,-4.214478482526657,0,18.14,1243
55.9116816365806,-4.341595784594547,103.0,55.86553667472969,-4.350500876963486,1,8.52,804
55.9116816365806,-4.341595784594547,103.0,55.912892829643965,-4.286410947894997,2,6.855,1379
55.9116816365806,-4.341595784594547,103.0,55.84854019346565,-4.391697428307927,3,12.605,1156
55.9116816365806,-4.341595784594547,103.0,55.79232875093524,-4.310455024670266,4,21.254,1374
55.9116816365806,-4.341595784594547,103.0,55.837143362020576,-4.120043492886959,5,21.839,1255
55.9116816365806,-4.341595784594547,103.0,55.84185129809378,-4.283879851305767,6,12.998,1116
55.9116816365806,-4.341595784594547,103.0,55.90609664927746,-4.311383718964596,7,2.237,261
55.9116816365806,-4.341595784594547,103.0,55.7832172019226,-4.31249791159531,8,22.842,1432
55.9116816365806,-4.341595784594547,103.0,55.8177258987159,-4.260489243356555,9,16.811,1304
55.9116816365806,-4.341595784594547,103.0,55.903262790870684,-4.212111703691823,10,12.496,891
55.9116816365806,-4.341595784594547,103.0,55.893978813107424,-4.1413270988368325,11,18.672,1173
55.9116816365806,-4.341595784594547,103.0,55.894884622950286,-4.154349650804189,12,18.264,1042
55.9116816365806,-4.341595784594547,103.0,55.80680963785043,-4.263605759417426,13,18.576,1529
55.9116816365806,-4.341595784594547,103.0,55.81824312166051,-4.346878846315483,14,18.417,1288
55.9116816365806,-4.341595784594547,103.0,55.84742656229786,-4.269221405976544,15,12.41,1011
55.9116816365806,-4.341595784594547,103.0,55.80730424868546,-4.315177272898423,16,18.123,1273
55.9116816365806,-4.341595784594547,103.0,55.83798278877758,-4.260604018644594,17,13.192,1121
55.9116816365806,-4.341595784594547,103.0,55.89424631095569,-4.343398240721316,18,3.216,391
55.9116816365806,-4.341595784594547,103.0,55.83908093533876,-4.223069302141199,19,15.731,1274
55.9116816365806,-4.341595784594547,103.0,55.8357731433788,-4.270556349194068,20,13.214,1023
55.9116816365806,-4.341595784594547,103.0,55.90309627527835,-4.360750370095284,21,1.703,227
55.9116816365806,-4.341595784594547,103.0,55.85652103589449,-4.101365743428073,22,19.202,1172
55.9116816365806,-4.341595784594547,103.0,55.783736419963375,-4.235306054793451,23,20.871,1595
55.9116816365806,-4.341595784594547,103.0,55.92064824587275,-4.2358362157531895,24,9.207,530
55.9116816365806,-4.341595784594547,103.0,55.907674892744176,-4.2497703459088045,25,12.823,1973
55.9116816365806,-4.341595784594547,103.0,55.919604340921964,-4.226208116301384,26,11.635,732
55.9116816365806,-4.341595784594547,103.0,55.83219148710444,-4.304581930326681,27,17.295,1315
55.9116816365806,-4.341595784594547,103.0,55.79569701419853,-4.1769099124482585,28,22.555,1527
55.9116816365806,-4.341595784594547,103.0,55.81260197667657,-4.197841211154324,29,19.966,1395
55.9116816365806,-4.341595784594547,103.0,55.826092940761974,-4.176919409292903,30,18.496,1327
55.9116816365806,-4.341595784594547,103.0,55.828413149208096,-4.109650878166438,31,25.3,1518
55.9116816365806,-4.341595784594547,103.0,55.8999241737755,-4.257993823533507,32,9.984,645
55.9116816365806,-4.341595784594547,103.0,55.892514250678616,-4.340118142906542,33,3.381,420
55.9116816365806,-4.341595784594547,103.0,55.855241629670886,-4.269936069312288,34,10.254,752
55.9116816365806,-4.341595784594547,103.0,55.877364911629314,-4.109701193625618,35,19.603,1273
55.9116816365806,-4.341595784594547,103.0,55.887053111734645,-4.1280531391159245,36,19.13,1153
55.9116816365806,-4.341595784594547,103.0,55.89108676863447,-4.105446803942431,37,20.863,1459
55.9116816365806,-4.341595784594547,103.0,55.842635153466425,-4.334387903339716,38,10.383,959
55.9116816365806,-4.341595784594547,103.0,55.89197542936556,-4.19614108945253,39,14.754,994
55.9116816365806,-4.341595784594547,103.0,55.825849135803445,-4.321179033230789,40,15.473,1215
55.9116816365806,-4.341595784594547,103.0,55.81864602215581,-4.375055705699034,41,14.385,1242
55.9116816365806,-4.341595784594547,103.0,55.92613065482397,-4.212698358862173,42,12.263,803
55.9116816365806,-4.341595784594547,103.0,55.874439929608144,-4.279689658904073,43,7.475,708
55.9116816365806,-4.341595784594547,103.0,55.81998166828728,-4.245455535821837,44,16.291,1210
55.9116816365806,-4.341595784594547,103.0,55.91066980601156,-4.213502644426629,45,11.335,761
55.9116816365806,-4.341595784594547,103.0,55.8404807486866,-4.356656090229781,46,12.694,1130
55.9116816365806,-4.341595784594547,103.0,55.88708229912325,-4.079055837843032,47,27.459,1393
55.9116816365806,-4.341595784594547,103.0,55.84510555179576,-4.178720975321847,48,20.161,1343
55.9116816365806,-4.341595784594547,103.0,55.84413340760586,-4.085244529493477,49,23.701,1705
55.9116816365806,-4.341595784594547,103.0,55.83324217210475,-4.157183908594519,50,20.023,1340
55.9116816365806,-4.341595784594547,103.0,55.895753278756494,-4.323131413571223,51,3.854,412
55.9116816365806,-4.341595784594547,103.0,55.88609925330935,-4.38354364327563,52,13.385,987
55.9116816365806,-4.341595784594547,103.0,55.86596770908397,-4.338853955125049,53,7.651,727
55.9116816365806,-4.341595784594547,103.0,55.819381988004544,-4.256567679373081,54,17.72,1360
55.9116816365806,-4.341595784594547,103.0,55.919398785577634,-4.298102785445152,55,7.131,1059
55.9116816365806,-4.341595784594547,103.0,55.81052481551728,-4.0780884232687225,56,28.099,2665
55.9116816365806,-4.341595784594547,103.0,55.8411814367945,-4.125490362928665,57,23.381,1413
55.9116816365806,-4.341595784594547,103.0,55.844855881791794,-4.151320272286683,58,21.013,1393
55.9116816365806,-4.341595784594547,103.0,55.79334532620707,-4.3052187624925375,59,21.585,1380
55.9116816365806,-4.341595784594547,103.0,55.78499644933002,-4.082518262203789,60,30.837,1591
55.9116816365806,-4.341595784594547,103.0,55.86482365717543,-4.074666870071637,61,21.468,1389
55.9116816365806,-4.341595784594547,103.0,55.910543969585106,-4.384534109666136,62,3.462,396
55.9116816365806,-4.341595784594547,103.0,55.799715679086134,-4.188568421733812,63,22.537,1686
55.9116816365806,-4.341595784594547,103.0,55.90005630083831,-4.294022887833187,64,4.268,373
55.9116816365806,-4.341595784594547,103.0,55.82573931186619,-4.210157383495828,65,18.023,1209
55.9116816365806,-4.341595784594547,103.0,55.88010014610652,-4.288014027401103,66,5.874,594
55.9116816365806,-4.341595784594547,103.0,55.8836463272421,-4.377148406451105,67,13.155,1065
55.9116816365806,-4.341595784594547,103.0,55.80511293548626,-4.195982430231648,68,20.946,1469
55.9116816365806,-4.341595784594547,103.0,55.9265186267864,-4.256321117900257,69,8.105,517
55.9116816365806,-4.341595784594547,103.0,55.90353118048908,-4.119171950823842,70,19.531,1375
55.9116816365806,-4.341595784594547,103.0,55.81502357146685,-4.260984914919316,71,17.168,1339
55.9116816365806,-4.341595784594547,103.0,55.894355058439295,-4.293143876300353,72,4.709,416
55.9116816365806,-4.341595784594547,103.0,55.80246488546192,-4.242274834364847,73,18.432,1435
55.9116816365806,-4.341595784594547,103.0,55.887581813102464,-4.2985753032369685,74,5.211,505
55.9116816365806,-4.341595784594547,103.0,55.928290955083554,-4.295962301582311,75,3.984,324
55.9116816365806,-4.341595784594547,103.0,55.81096058143004,-4.368797105646974,76,21.103,1379
55.9116816365806,-4.341595784594547,103.0,55.84818750128869,-4.3631808239548375,77,12.858,966
55.9116816365806,-4.341595784594547,103.0,55.81610352786554,-4.330910795148831,78,17.442,1128
55.9116816365806,-4.341595784594547,103.0,55.807034270653475,-4.136077366584948,79,21.73,1578
55.9116816365806,-4.341595784594547,103.0,55.86778114631985,-4.233612892312959,80,10.488,884
55.9116816365806,-4.341595784594547,103.0,55.79578956690847,-4.368290459919509,81,17.928,2554
55.9116816365806,-4.341595784594547,103.0,55.897877306124535,-4.077031107370425,82,22.654,1926
55.9116816365806,-4.341595784594547,103.0,55.80721289582252,-4.242612882195534,83,17.655,1387
55.9116816365806,-4.341595784594547,103.0,55.92209393969709,-4.157940141970138,84,16.317,991
55.9116816365806,-4.341595784594547,103.0,55.79188265083702,-4.28147512844989,85,22.447,1435
55.9116816365806,-4.341595784594547,103.0,55.88043814367632,-4.104360473798184,86,19.415,1233
55.9116816365806,-4.341595784594547,103.0,55.90345994988174,-4.293652184560058,87,4.338,391
55.9116816365806,-4.341595784594547,103.0,55.91230525016259,-4.108196424937476,88,20.555,1284
55.9116816365806,-4.341595784594547,103.0,55.90569137930351,-4.3852429216612405,89,4.935,499
55.9116816365806,-4.341595784594547,103.0,55.824402119970216,-4.298242138123909,90,15.909,1136
55.9116816365806,-4.341595784594547,103.0,55.887104625653905,-4.201059285828647,91,14.955,1094
55.9116816365806,-4.341595784594547,103.0,55.92006797200308,-4.195257422106852,92,11.705,735
55.9116816365806,-4.341595784594547,103.0,55.7944551107823,-4.1683749063061635,93,22.685,1962
55.9116816365806,-4.341595784594547,103.0,55.88003873447475,-4.304350182381346,94,5.676,556
55.9116816365806,-4.341595784594547,103.0,55.88308048053683,-4.2942103285768285,95,6.134,575
55.9116816365806,-4.341595784594547,103.0,55.80779271908626,-4.3234306371549245,96,18.713,1260
55.9116816365806,-4.341595784594547,103.0,55.90123467399992,-4.380968632189907,97,7.839,818
55.9116816365806,-4.341595784594547,103.0,55.88049231589054,-4.293733205570284,98,6.036,566
55.9116816365806,-4.341595784594547,103.0,55.84697147961761,-4.334108806216461,99,9.973,893
55.9116816365806,-4.341595784594547,103.0,55.83067141211495,-4.195633651932574,100,17.306,1206
55.9116816365806,-4.341595784594547,103.0,55.89350845984679,-4.099445363541155,101,20.678,1291
55.9116816365806,-4.341595784594547,103.0,55.92592408664018,-4.179171340754611,102,13.876,879
55.9116816365806,-4.341595784594547,103.0,55.84941827409408,-4.169566750359822,103,15.265,1315
55.9116816365806,-4.341595784594547,103.0,55.92413375575165,-4.226670311636797,104,13.478,1545
55.9116816365806,-4.341595784594547,103.0,55.88995713457192,-4.285031242761631,105,4.867,417
55.9116816365806,-4.341595784594547,103.0,55.90528066541109,-4.131569818675147,106,16.893,1012
55.9116816365806,-4.341595784594547,103.0,55.87850608392288,-4.103517886631066,107,19.746,1266
55.9116816365806,-4.341595784594547,103.0,55.80799405798939,-4.284953473560454,108,17.212,1390
55.9116816365806,-4.341595784594547,103.0,55.906815669822045,-4.385279074380807,109,4.246,414
55.9116816365806,-4.341595784594547,103.0,55.916237634416454,-4.222407816066865,110,11.387,714
55.9116816365806,-4.341595784594547,103.0,55.915798955837815,-4.088621086891774,111,21.273,1318
55.9116816365806,-4.341595784594547,103.0,55.827538479175395,-4.350653065976025,112,13.237,1208
55.9116816365806,-4.341595784594547,103.0,55.799515288981674,-4.0866627646338864,113,31.207,1704
55.9116816365806,-4.341595784594547,103.0,55.831024245961984,-4.244756518165482,114,14.772,1111
55.9116816365806,-4.341595784594547,103.0,55.86754360554833,-4.2143078261423845,115,11.828,1000
55.9116816365806,-4.341595784594547,103.0,55.8574985965699,-4.1521224561179935,116,17.112,1216
55.9116816365806,-4.341595784594547,103.0,55.88095643501817,-4.32811659177277,117,4.934,511
55.9116816365806,-4.341595784594547,103.0,55.85240433608213,-4.177570445500026,118,14.55,1187
55.9116816365806,-4.341595784594547,103.0,55.91169549549074,-4.359708873069638,119,1.647,218
55.9116816365806,-4.341595784594547,103.0,55.92640787519779,-4.300990956079843,120,3.792,345
55.9116816365806,-4.341595784594547,103.0,55.84019197366069,-4.205566157974415,121,18.626,1358
55.9116816365806,-4.341595784594547,103.0,55.866619942939494,-4.268153778778456,122,8.313,838
55.9116816365806,-4.341595784594547,103.0,55.81327411986783,-4.2587495402872255,123,17.147,1349
55.9116816365806,-4.341595784594547,103.0,55.86022660117776,-4.154711133590585,124,16.329,1143
55.9116816365806,-4.341595784594547,103.0,55.831522729053496,-4.370420634377527,125,12.699,1137
55.9116816365806,-4.341595784594547,103.0,55.84074346341779,-4.172411658039648,126,19.234,1263
55.9116816365806,-4.341595784594547,103.0,55.8801412435821,-4.258666277618953,127,11.089,730
55.9116816365806,-4.341595784594547,103.0,55.8434159429892,-4.1056733307349536,128,23.637,1442
55.9116816365806,-4.341595784594547,103.0,55.83522057783537,-4.25736952395694,129,13.831,1149
55.9116816365806,-4.341595784594547,103.0,55.86467774065618,-4.2250953414252415,130,10.612,836
55.9116816365806,-4.341595784594547,103.0,55.8953662249987,-4.231143624453162,131,12.749,846
55.9116816365806,-4.341595784594547,103.0,55.81920459649808,-4.236238450921302,132,16.875,1260
55.9116816365806,-4.341595784594547,103.0,55.900795402502105,-4.206009410292495,133,13.309,971
55.9116816365806,-4.341595784594547,103.0,55.86078490474355,-4.339631469507248,134,8.186,822
55.9116816365806,-4.341595784594547,103.0,55.924999437053955,-4.191173279124663,135,11.956,744
55.9116816365806,-4.341595784594547,103.0,55.81549096669224,-4.126910343137958,136,22.721,1625
55.9116816365806,-4.341595784594547,103.0,55.90135585493081,-4.207622057499793,137,13.198,933
55.9116816365806,-4.341595784594547,103.0,55.845816555475636,-4.129576488296543,138,20.302,1385
55.9116816365806,-4.341595784594547,103.0,55.80470047644827,-4.291960781118721,139,17.239,1368
55.9116816365806,-4.341595784594547,103.0,55.89185394491289,-4.179857587296262,140,14.816,997
55.9116816365806,-4.341595784594547,103.0,55.91859399996558,-4.3401659608951215,141,1.715,188
55.9116816365806,-4.341595784594547,103.0,55.90671476836246,-4.3642865107142725,142,1.734,190
55.9116816365806,-4.341595784594547,103.0,55.81273399651921,-4.167613047894911,143,19.779,1389
55.9116816365806,-4.341595784594547,103.0,55.80939871413575,-4.276056954355674,144,17.12,1354
55.9116816365806,-4.341595784594547,103.0,55.88312869327199,-4.214542892826467,145,13.132,1041
55.9116816365806,-4.341595784594547,103.0,55.815340374954424,-4.283514492524949,146,16.114,1239
55.9116816365806,-4.341595784594547,103.0,55.87864379034378,-4.080636908866371,147,28.372,1416
55.9116816365806,-4.341595784594547,103.0,55.89423440492952,-4.2418874418647645,148,10.625,758
55.9116816365806,-4.341595784594547,103.0,55.92796852989922,-4.305970400193036,149,3.92,368
55.9116816365806,-4.341595784594547,103.0,55.92895153496988,-4.082888064137351,150,19.841,1251
55.9116816365806,-4.341595784594547,103.0,55.790766759429424,-4.135285962371055,151,25.11,1603
55.9116816365806,-4.341595784594547,103.0,55.80808041573422,-4.184105792933229,152,20.74,1401
55.9116816365806,-4.341595784594547,103.0,55.7982747224006,-4.3931924101572655,153,16.85,1419
55.9116816365806,-4.341595784594547,103.0,55.81178474630603,-4.337962602706185,154,18.509,1234
55.9116816365806,-4.341595784594547,103.0,55.852972007756,-4.353957895039277,155,9.507,921
55.9116816365806,-4.341595784594547,103.0,55.797152036890715,-4.311451416173846,156,20.481,1308
55.9116816365806,-4.341595784594547,103.0,55.84839482833289,-4.1889265673730645,157,14.294,1204
55.9116816365806,-4.341595784594547,103.0,55.86383954752864,-4.387927326091926,158,15.494,993
55.9116816365806,-4.341595784594547,103.0,55.807182357875575,-4.140487806234959,159,21.407,1553
55.9116816365806,-4.341595784594547,103.0,55.8296607577131,-4.218765551358871,160,16.192,1267
55.9116816365806,-4.341595784594547,103.0,55.82699494590622,-4.295404959002084,161,15.945,1112
55.9116816365806,-4.341595784594547,103.0,55.861248665443505,-4.307186036515638,162,8.327,793
55.9116816365806,-4.341595784594547,103.0,55.897857165570365,-4.156645648865112,163,16.292,1034
55.9116816365806,-4.341595784594547,103.0,55.877747555317356,-4.342792329217214,164,5.468,682
55.9116816365806,-4.341595784594547,103.0,55.92259641850896,-4.389236283866068,165,5.714,394
55.9116816365806,-4.341595784594547,103.0,55.92621339590465,-4.2820478996479165,166,5.151,369
55.9116816365806,-4.341595784594547,103.0,55.80660612206145,-4.094012410496262,167,27.684,1730
55.9116816365806,-4.341595784594547,103.0,55.84605439624201,-4.09192094471571,168,20.629,1149
55.9116816365806,-4.341595784594547,103.0,55.83961965364386,-4.1201104741133365,169,22.988,1340
55.9116816365806,-4.341595784594547,103.0,55.85030951683019,-4.217608837338132,170,13.044,1121
55.9116816365806,-4.341595784594547,103.0,55.85971342373431,-4.246748195156407,171,10.981,935
55.9116816365806,-4.341595784594547,103.0,55.815747728441636,-4.150792968910081,172,20.277,1450
55.9116816365806,-4.341595784594547,103.0,55.80041195127493,-4.3806303679601495,173,16.266,1372
55.9116816365806,-4.341595784594547,103.0,55.85487415463933,-4.092829020720908,174,20.439,1150
55.9116816365806,-4.341595784594547,103.0,55.80456076444065,-4.203157873727267,175,20.965,1471
55.9116816365806,-4.341595784594547,103.0,55.84723005082115,-4.330151260440624,176,10.163,874
55.9116816365806,-4.341595784594547,103.0,55.88775631668876,-4.123428423568879,177,19.265,1159
55.9116816365806,-4.341595784594547,103.0,55.82857385936083,-4.129579652409029,178,22.799,1637
55.9116816365806,-4.341595784594547,103.0,55.879865395443076,-4.36272007519476,179,6.45,602
55.9116816365806,-4.341595784594547,103.0,55.87973669437185,-4.215636550296907,180,14.047,1066
55.9116816365806,-4.341595784594547,103.0,55.8162521393249,-4.1868605517933455,181,19.159,1360
55.9116816365806,-4.341595784594547,103.0,55.80755514535402,-4.201625161718038,182,20.718,1438
55.9116816365806,-4.341595784594547,103.0,55.85565398843102,-4.250533808562208,183,11.391,1012
55.9116816365806,-4.341595784594547,103.0,55.929636326069506,-4.381100658166308,184,4.776,354
55.9116816365806,-4.341595784594547,103.0,55.879581066995904,-4.21986165885879,185,13.07,1006
55.9116816365806,-4.341595784594547,103.0,55.92647877645629,-4.127886630011083,186,18.121,1200
55.9116816365806,-4.341595784594547,103.0,55.82282427264178,-4.371094162561755,187,13.687,1224
55.9116816365806,-4.341595784594547,103.0,55.90291353127043,-4.3414180899754955,188,3.462,475
55.9116816365806,-4.341595784594547,103.0,55.78437024600116,-4.156926419796477,189,24.454,1617
55.9116816365806,-4.341595784594547,103.0,55.8321542449311,-4.1561720476648265,190,20.063,1354
55.9116816365806,-4.341595784594547,103.0,55.88310705812362,-4.084862107847263,191,24.693,1312
55.9116816365806,-4.341595784594547,103.0,55.85616333886266,-4.110333739241922,192,19.24,1194
55.9116816365806,-4.341595784594547,103.0,55.90185178498145,-4.152652007721208,193,17.935,1435
55.9116816365806,-4.341595784594547,103.0,55.8837118458465,-4.182392741162416,194,16.48,2006
55.9116816365806,-4.341595784594547,103.0,55.83086049774818,-4.312434105301623,195,16.879,1217
55.9116816365806,-4.341595784594547,103.0,55.821849459706755,-4.176208567338996,196,18.907,1324
55.9116816365806,-4.341595784594547,103.0,55.88009750494633,-4.255964552703097,197,10.985,724
55.9116816365806,-4.341595784594547,103.0,55.87413911675089,-4.369807111055967,198,11.496,884
55.9116816365806,-4.341595784594547,103.0,55.86354071984154,-4.093406384811447,199,19.856,1248
55.784142927578465,-4.2718836962424485,104.0,55.8391698042901,-4.214478482526657,0,12.084,879
55.784142927578465,-4.2718836962424485,104.0,55.86553667472969,-4.350500876963486,1,17.905,1220
55.784142927578465,-4.2718836962424485,104.0,55.912892829643965,-4.286410947894997,2,23.704,2511
55.784142927578465,-4.2718836962424485,104.0,55.84854019346565,-4.391697428307927,3,13.116,1157
55.784142927578465,-4.2718836962424485,104.0,55.79232875093524,-4.310455024670266,4,3.659,391
55.784142927578465,-4.2718836962424485,104.0,55.837143362020576,-4.120043492886959,5,14.573,972
55.784142927578465,-4.2718836962424485,104.0,55.84185129809378,-4.283879851305767,6,9.507,859
55.784142927578465,-4.2718836962424485,104.0,55.90609664927746,-4.311383718964596,7,21.089,1519
55.784142927578465,-4.2718836962424485,104.0,55.7832172019226,-4.31249791159531,8,3.795,343
55.784142927578465,-4.2718836962424485,104.0,55.8177258987159,-4.260489243356555,9,4.963,524
55.784142927578465,-4.2718836962424485,104.0,55.903262790870684,-4.212111703691823,10,18.101,1581
55.784142927578465,-4.2718836962424485,104.0,55.893978813107424,-4.1413270988368325,11,19.577,1583
55.784142927578465,-4.2718836962424485,104.0,55.894884622950286,-4.154349650804189,12,21.962,1482
55.784142927578465,-4.2718836962424485,104.0,55.80680963785043,-4.263605759417426,13,3.54,447
55.784142927578465,-4.2718836962424485,104.0,55.81824312166051,-4.346878846315483,14,8.301,836
55.784142927578465,-4.2718836962424485,104.0,55.84742656229786,-4.269221405976544,15,9.79,879
55.784142927578465,-4.2718836962424485,104.0,55.80730424868546,-4.315177272898423,16,5.296,521
55.784142927578465,-4.2718836962424485,104.0,55.83798278877758,-4.260604018644594,17,9.228,783
55.784142927578465,-4.2718836962424485,104.0,55.89424631095569,-4.343398240721316,18,18.508,1386
55.784142927578465,-4.2718836962424485,104.0,55.83908093533876,-4.223069302141199,19,13.114,1008
55.784142927578465,-4.2718836962424485,104.0,55.8357731433788,-4.270556349194068,20,7.944,705
55.784142927578465,-4.2718836962424485,104.0,55.90309627527835,-4.360750370095284,21,20.541,1621
55.784142927578465,-4.2718836962424485,104.0,55.85652103589449,-4.101365743428073,22,26.757,1312
55.784142927578465,-4.2718836962424485,104.0,55.783736419963375,-4.235306054793451,23,3.515,264
55.784142927578465,-4.2718836962424485,104.0,55.92064824587275,-4.2358362157531895,24,19.226,1562
55.784142927578465,-4.2718836962424485,104.0,55.907674892744176,-4.2497703459088045,25,17.978,2607
55.784142927578465,-4.2718836962424485,104.0,55.919604340921964,-4.226208116301384,26,19.15,1573
55.784142927578465,-4.2718836962424485,104.0,55.83219148710444,-4.304581930326681,27,8.502,836
55.784142927578465,-4.2718836962424485,104.0,55.79569701419853,-4.1769099124482585,28,9.038,637
55.784142927578465,-4.2718836962424485,104.0,55.81260197667657,-4.197841211154324,29,8.963,675
55.784142927578465,-4.2718836962424485,104.0,55.826092940761974,-4.176919409292903,30,12.08,984
55.784142927578465,-4.2718836962424485,104.0,55.828413149208096,-4.109650878166438,31,19.098,1120
55.784142927578465,-4.2718836962424485,104.0,55.8999241737755,-4.257993823533507,32,20.153,1498
55.784142927578465,-4.2718836962424485,104.0,55.892514250678616,-4.340118142906542,33,18.537,1397
55.784142927578465,-4.2718836962424485,104.0,55.855241629670886,-4.269936069312288,34,12.617,1094
55.784142927578465,-4.2718836962424485,104.0,55.877364911629314,-4.109701193625618,35,32.998,1523
55.784142927578465,-4.2718836962424485,104.0,55.887053111734645,-4.1280531391159245,36,22.828,1593
55.784142927578465,-4.2718836962424485,104.0,55.89108676863447,-4.105446803942431,37,32.986,1739
55.784142927578465,-4.2718836962424485,104.0,55.842635153466425,-4.334387903339716,38,12.526,986
55.784142927578465,-4.2718836962424485,104.0,55.89197542936556,-4.19614108945253,39,18.835,1426
55.784142927578465,-4.2718836962424485,104.0,55.825849135803445,-4.321179033230789,40,8.481,757
55.784142927578465,-4.2718836962424485,104.0,55.81864602215581,-4.375055705699034,41,8.428,764
55.784142927578465,-4.2718836962424485,104.0,55.92613065482397,-4.212698358862173,42,19.612,1626
55.784142927578465,-4.2718836962424485,104.0,55.874439929608144,-4.279689658904073,43,16.793,1165
55.784142927578465,-4.2718836962424485,104.0,55.81998166828728,-4.245455535821837,44,6.88,566
55.784142927578465,-4.2718836962424485,104.0,55.91066980601156,-4.213502644426629,45,18.564,1577
55.784142927578465,-4.2718836962424485,104.0,55.8404807486866,-4.356656090229781,46,10.704,994
55.784142927578465,-4.2718836962424485,104.0,55.88708229912325,-4.079055837843032,47,30.616,1332
55.784142927578465,-4.2718836962424485,104.0,55.84510555179576,-4.178720975321847,48,13.907,1088
55.784142927578465,-4.2718836962424485,104.0,55.84413340760586,-4.085244529493477,49,27.769,1718
55.784142927578465,-4.2718836962424485,104.0,55.83324217210475,-4.157183908594519,50,12.019,899
55.784142927578465,-4.2718836962424485,104.0,55.895753278756494,-4.323131413571223,51,18.294,1497
55.784142927578465,-4.2718836962424485,104.0,55.88609925330935,-4.38354364327563,52,18.938,1288
55.784142927578465,-4.2718836962424485,104.0,55.86596770908397,-4.338853955125049,53,15.721,1168
55.784142927578465,-4.2718836962424485,104.0,55.819381988004544,-4.256567679373081,54,5.029,518
55.784142927578465,-4.2718836962424485,104.0,55.919398785577634,-4.298102785445152,55,23.98,2191
55.784142927578465,-4.2718836962424485,104.0,55.81052481551728,-4.0780884232687225,56,25.312,2303
55.784142927578465,-4.2718836962424485,104.0,55.8411814367945,-4.125490362928665,57,14.443,1103
55.784142927578465,-4.2718836962424485,104.0,55.844855881791794,-4.151320272286683,58,13.739,1061
55.784142927578465,-4.2718836962424485,104.0,55.79334532620707,-4.3052187624925375,59,3.254,352
55.784142927578465,-4.2718836962424485,104.0,55.78499644933002,-4.082518262203789,60,15.505,809
55.784142927578465,-4.2718836962424485,104.0,55.86482365717543,-4.074666870071637,61,28.309,1505
55.784142927578465,-4.2718836962424485,104.0,55.910543969585106,-4.384534109666136,62,22.368,1686
55.784142927578465,-4.2718836962424485,104.0,55.799715679086134,-4.188568421733812,63,6.737,674
55.784142927578465,-4.2718836962424485,104.0,55.90005630083831,-4.294022887833187,64,20.161,1472
55.784142927578465,-4.2718836962424485,104.0,55.82573931186619,-4.210157383495828,65,10.253,718
55.784142927578465,-4.2718836962424485,104.0,55.88010014610652,-4.288014027401103,66,18.882,1441
55.784142927578465,-4.2718836962424485,104.0,55.8836463272421,-4.377148406451105,67,18.708,1365
55.784142927578465,-4.2718836962424485,104.0,55.80511293548626,-4.195982430231648,68,8.22,623
55.784142927578465,-4.2718836962424485,104.0,55.9265186267864,-4.256321117900257,69,23.518,1605
55.784142927578465,-4.2718836962424485,104.0,55.90353118048908,-4.119171950823842,70,33.588,1799
55.784142927578465,-4.2718836962424485,104.0,55.81502357146685,-4.260984914919316,71,4.632,470
55.784142927578465,-4.2718836962424485,104.0,55.894355058439295,-4.293143876300353,72,19.451,1420
55.784142927578465,-4.2718836962424485,104.0,55.80246488546192,-4.242274834364847,73,4.645,401
55.784142927578465,-4.2718836962424485,104.0,55.887581813102464,-4.2985753032369685,74,19.063,1416
55.784142927578465,-4.2718836962424485,104.0,55.928290955083554,-4.295962301582311,75,24.402,1605
55.784142927578465,-4.2718836962424485,104.0,55.81096058143004,-4.368797105646974,76,7.593,738
55.784142927578465,-4.2718836962424485,104.0,55.84818750128869,-4.3631808239548375,77,12.458,1108
55.784142927578465,-4.2718836962424485,104.0,55.81610352786554,-4.330910795148831,78,7.124,664
55.784142927578465,-4.2718836962424485,104.0,55.807034270653475,-4.136077366584948,79,13.786,818
55.784142927578465,-4.2718836962424485,104.0,55.86778114631985,-4.233612892312959,80,13.304,1207
55.784142927578465,-4.2718836962424485,104.0,55.79578956690847,-4.368290459919509,81,10.741,1802
55.784142927578465,-4.2718836962424485,104.0,55.897877306124535,-4.077031107370425,82,32.975,2077
55.784142927578465,-4.2718836962424485,104.0,55.80721289582252,-4.242612882195534,83,5.022,429
55.784142927578465,-4.2718836962424485,104.0,55.92209393969709,-4.157940141970138,84,23.495,1633
55.784142927578465,-4.2718836962424485,104.0,55.79188265083702,-4.28147512844989,85,1.401,187
55.784142927578465,-4.2718836962424485,104.0,55.88043814367632,-4.104360473798184,86,32.308,1463
55.784142927578465,-4.2718836962424485,104.0,55.90345994988174,-4.293652184560058,87,20.63,1518
55.784142927578465,-4.2718836962424485,104.0,55.91230525016259,-4.108196424937476,88,36.268,1701
55.784142927578465,-4.2718836962424485,104.0,55.90569137930351,-4.3852429216612405,89,22.403,1709
55.784142927578465,-4.2718836962424485,104.0,55.824402119970216,-4.298242138123909,90,6.869,677
55.784142927578465,-4.2718836962424485,104.0,55.887104625653905,-4.201059285828647,91,16.44,1545
55.784142927578465,-4.2718836962424485,104.0,55.92006797200308,-4.195257422106852,92,20.458,1604
55.784142927578465,-4.2718836962424485,104.0,55.7944551107823,-4.1683749063061635,93,9.168,1071
55.784142927578465,-4.2718836962424485,104.0,55.88003873447475,-4.304350182381346,94,18.622,1321
55.784142927578465,-4.2718836962424485,104.0,55.88308048053683,-4.2942103285768285,95,18.222,1295
55.784142927578465,-4.2718836962424485,104.0,55.80779271908626,-4.3234306371549245,96,5.744,568
55.784142927578465,-4.2718836962424485,104.0,55.90123467399992,-4.380968632189907,97,22.733,1830
55.784142927578465,-4.2718836962424485,104.0,55.88049231589054,-4.293733205570284,98,18.124,1286
55.784142927578465,-4.2718836962424485,104.0,55.84697147961761,-4.334108806216461,99,12.837,1062
55.784142927578465,-4.2718836962424485,104.0,55.83067141211495,-4.195633651932574,100,12.302,928
55.784142927578465,-4.2718836962424485,104.0,55.89350845984679,-4.099445363541155,101,32.053,1509
55.784142927578465,-4.2718836962424485,104.0,55.92592408664018,-4.179171340754611,102,24.836,1716
55.784142927578465,-4.2718836962424485,104.0,55.84941827409408,-4.169566750359822,103,14.016,1110
55.784142927578465,-4.2718836962424485,104.0,55.92413375575165,-4.226670311636797,104,20.827,2368
55.784142927578465,-4.2718836962424485,104.0,55.88995713457192,-4.285031242761631,105,18.391,1323
55.784142927578465,-4.2718836962424485,104.0,55.90528066541109,-4.131569818675147,106,21.174,1480
55.784142927578465,-4.2718836962424485,104.0,55.87850608392288,-4.103517886631066,107,32.639,1497
55.784142927578465,-4.2718836962424485,104.0,55.80799405798939,-4.284953473560454,108,4.647,505
55.784142927578465,-4.2718836962424485,104.0,55.906815669822045,-4.385279074380807,109,21.714,1624
55.784142927578465,-4.2718836962424485,104.0,55.916237634416454,-4.222407816066865,110,19.065,1561
55.784142927578465,-4.2718836962424485,104.0,55.915798955837815,-4.088621086891774,111,35.134,1585
55.784142927578465,-4.2718836962424485,104.0,55.827538479175395,-4.350653065976025,112,8.898,801
55.784142927578465,-4.2718836962424485,104.0,55.799515288981674,-4.0866627646338864,113,16.272,954
55.784142927578465,-4.2718836962424485,104.0,55.831024245961984,-4.244756518165482,114,8.207,689
55.784142927578465,-4.2718836962424485,104.0,55.86754360554833,-4.2143078261423845,115,14.751,1354
55.784142927578465,-4.2718836962424485,104.0,55.8574985965699,-4.1521224561179935,116,14.895,1187
55.784142927578465,-4.2718836962424485,104.0,55.88095643501817,-4.32811659177277,117,16.35,1213
55.784142927578465,-4.2718836962424485,104.0,55.85240433608213,-4.177570445500026,118,14.948,1168
55.784142927578465,-4.2718836962424485,104.0,55.91169549549074,-4.359708873069638,119,24.547,1802
55.784142927578465,-4.2718836962424485,104.0,55.92640787519779,-4.300990956079843,120,24.85,1654
55.784142927578465,-4.2718836962424485,104.0,55.84019197366069,-4.205566157974415,121,12.57,994
55.784142927578465,-4.2718836962424485,104.0,55.866619942939494,-4.268153778778456,122,12.97,1233
55.784142927578465,-4.2718836962424485,104.0,55.81327411986783,-4.2587495402872255,123,5.353,572
55.784142927578465,-4.2718836962424485,104.0,55.86022660117776,-4.154711133590585,124,15.248,1218
55.784142927578465,-4.2718836962424485,104.0,55.831522729053496,-4.370420634377527,125,9.991,955
55.784142927578465,-4.2718836962424485,104.0,55.84074346341779,-4.172411658039648,126,13.396,1037
55.784142927578465,-4.2718836962424485,104.0,55.8801412435821,-4.258666277618953,127,17.99,1313
55.784142927578465,-4.2718836962424485,104.0,55.8434159429892,-4.1056733307349536,128,16.371,1159
55.784142927578465,-4.2718836962424485,104.0,55.83522057783537,-4.25736952395694,129,9.202,785
55.784142927578465,-4.2718836962424485,104.0,55.86467774065618,-4.2250953414252415,130,13.109,1119
55.784142927578465,-4.2718836962424485,104.0,55.8953662249987,-4.231143624453162,131,16.252,1373
55.784142927578465,-4.2718836962424485,104.0,55.81920459649808,-4.236238450921302,132,7.464,617
55.784142927578465,-4.2718836962424485,104.0,55.900795402502105,-4.206009410292495,133,18.419,1568
55.784142927578465,-4.2718836962424485,104.0,55.86078490474355,-4.339631469507248,134,16.256,1263
55.784142927578465,-4.2718836962424485,104.0,55.924999437053955,-4.191173279124663,135,20.709,1613
55.784142927578465,-4.2718836962424485,104.0,55.81549096669224,-4.126910343137958,136,14.843,906
55.784142927578465,-4.2718836962424485,104.0,55.90135585493081,-4.207622057499793,137,18.418,1545
55.784142927578465,-4.2718836962424485,104.0,55.845816555475636,-4.129576488296543,138,15.112,1149
55.784142927578465,-4.2718836962424485,104.0,55.80470047644827,-4.291960781118721,139,4.489,503
55.784142927578465,-4.2718836962424485,104.0,55.89185394491289,-4.179857587296262,140,17.739,1351
55.784142927578465,-4.2718836962424485,104.0,55.91859399996558,-4.3401659608951215,141,23.413,1652
55.784142927578465,-4.2718836962424485,104.0,55.90671476836246,-4.3642865107142725,142,21.293,1676
55.784142927578465,-4.2718836962424485,104.0,55.81273399651921,-4.167613047894911,143,9.039,656
55.784142927578465,-4.2718836962424485,104.0,55.80939871413575,-4.276056954355674,144,3.668,376
55.784142927578465,-4.2718836962424485,104.0,55.88312869327199,-4.214542892826467,145,15.823,1400
55.784142927578465,-4.2718836962424485,104.0,55.815340374954424,-4.283514492524949,146,4.69,479
55.784142927578465,-4.2718836962424485,104.0,55.87864379034378,-4.080636908866371,147,31.596,1366
55.784142927578465,-4.2718836962424485,104.0,55.89423440492952,-4.2418874418647645,148,16.815,1457
55.784142927578465,-4.2718836962424485,104.0,55.92796852989922,-4.305970400193036,149,24.978,1677
55.784142927578465,-4.2718836962424485,104.0,55.92895153496988,-4.082888064137351,150,36.092,1593
55.784142927578465,-4.2718836962424485,104.0,55.790766759429424,-4.135285962371055,151,11.593,713
55.784142927578465,-4.2718836962424485,104.0,55.80808041573422,-4.184105792933229,152,7.836,560
55.784142927578465,-4.2718836962424485,104.0,55.7982747224006,-4.3931924101572655,153,9.231,845
55.784142927578465,-4.2718836962424485,104.0,55.81178474630603,-4.337962602706185,154,6.379,638
55.784142927578465,-4.2718836962424485,104.0,55.852972007756,-4.353957895039277,155,12.671,1221
55.784142927578465,-4.2718836962424485,104.0,55.797152036890715,-4.311451416173846,156,3.544,384
55.784142927578465,-4.2718836962424485,104.0,55.84839482833289,-4.1889265673730645,157,14.668,1123
55.784142927578465,-4.2718836962424485,104.0,55.86383954752864,-4.387927326091926,158,15.73,1245
55.784142927578465,-4.2718836962424485,104.0,55.807182357875575,-4.140487806234959,159,10.869,772
55.784142927578465,-4.2718836962424485,104.0,55.8296607577131,-4.218765551358871,160,11.165,842
55.784142927578465,-4.2718836962424485,104.0,55.82699494590622,-4.295404959002084,161,6.936,666
55.784142927578465,-4.2718836962424485,104.0,55.861248665443505,-4.307186036515638,162,13.1,1087
55.784142927578465,-4.2718836962424485,104.0,55.897857165570365,-4.156645648865112,163,19.215,1388
55.784142927578465,-4.2718836962424485,104.0,55.877747555317356,-4.342792329217214,164,16.948,1319
55.784142927578465,-4.2718836962424485,104.0,55.92259641850896,-4.389236283866068,165,34.409,1857
55.784142927578465,-4.2718836962424485,104.0,55.92621339590465,-4.2820478996479165,166,23.302,1554
55.784142927578465,-4.2718836962424485,104.0,55.80660612206145,-4.094012410496262,167,25.714,1431
55.784142927578465,-4.2718836962424485,104.0,55.84605439624201,-4.09192094471571,168,32.825,1435
55.784142927578465,-4.2718836962424485,104.0,55.83961965364386,-4.1201104741133365,169,15.722,1057
55.784142927578465,-4.2718836962424485,104.0,55.85030951683019,-4.217608837338132,170,13.464,1060
55.784142927578465,-4.2718836962424485,104.0,55.85971342373431,-4.246748195156407,171,11.842,1056
55.784142927578465,-4.2718836962424485,104.0,55.815747728441636,-4.150792968910081,172,11.057,870
55.784142927578465,-4.2718836962424485,104.0,55.80041195127493,-4.3806303679601495,173,10.741,749
55.784142927578465,-4.2718836962424485,104.0,55.85487415463933,-4.092829020720908,174,27.28,1266
55.784142927578465,-4.2718836962424485,104.0,55.80456076444065,-4.203157873727267,175,8.711,644
55.784142927578465,-4.2718836962424485,104.0,55.84723005082115,-4.330151260440624,176,12.725,1031
55.784142927578465,-4.2718836962424485,104.0,55.88775631668876,-4.123428423568879,177,22.963,1599
55.784142927578465,-4.2718836962424485,104.0,55.82857385936083,-4.129579652409029,178,16.916,1081
55.784142927578465,-4.2718836962424485,104.0,55.879865395443076,-4.36272007519476,179,17.856,1344
55.784142927578465,-4.2718836962424485,104.0,55.87973669437185,-4.215636550296907,180,15.11,1411
55.784142927578465,-4.2718836962424485,104.0,55.8162521393249,-4.1868605517933455,181,9.218,679
55.784142927578465,-4.2718836962424485,104.0,55.80755514535402,-4.201625161718038,182,8.464,610
55.784142927578465,-4.2718836962424485,104.0,55.85565398843102,-4.250533808562208,183,10.881,958
55.784142927578465,-4.2718836962424485,104.0,55.929636326069506,-4.381100658166308,184,35.395,1878
55.784142927578465,-4.2718836962424485,104.0,55.879581066995904,-4.21986165885879,185,14.751,1392
55.784142927578465,-4.2718836962424485,104.0,55.92647877645629,-4.127886630011083,186,24.577,1719
55.784142927578465,-4.2718836962424485,104.0,55.82282427264178,-4.371094162561755,187,9.127,878
55.784142927578465,-4.2718836962424485,104.0,55.90291353127043,-4.3414180899754955,188,19.339,1554
55.784142927578465,-4.2718836962424485,104.0,55.78437024600116,-4.156926419796477,189,11.483,690
55.784142927578465,-4.2718836962424485,104.0,55.8321542449311,-4.1561720476648265,190,12.059,913
55.784142927578465,-4.2718836962424485,104.0,55.88310705812362,-4.084862107847263,191,28.757,1248
55.784142927578465,-4.2718836962424485,104.0,55.85616333886266,-4.110333739241922,192,27.4,1363
55.784142927578465,-4.2718836962424485,104.0,55.90185178498145,-4.152652007721208,193,23.124,2012
55.784142927578465,-4.2718836962424485,104.0,55.8837118458465,-4.182392741162416,194,19.403,2360
55.784142927578465,-4.2718836962424485,104.0,55.83086049774818,-4.312434105301623,195,8.086,738
55.784142927578465,-4.2718836962424485,104.0,55.821849459706755,-4.176208567338996,196,10.456,801
55.784142927578465,-4.2718836962424485,104.0,55.88009750494633,-4.255964552703097,197,17.676,1292
55.784142927578465,-4.2718836962424485,104.0,55.87413911675089,-4.369807111055967,198,17.049,1184
55.784142927578465,-4.2718836962424485,104.0,55.86354071984154,-4.093406384811447,199,28.86,1370
55.90875140920697,-4.1610335967987835,105.0,55.8391698042901,-4.214478482526657,0,12.073,1910
55.90875140920697,-4.1610335967987835,105.0,55.86553667472969,-4.350500876963486,1,22.637,2020
55.90875140920697,-4.1610335967987835,105.0,55.912892829643965,-4.286410947894997,2,12.503,2453
55.90875140920697,-4.1610335967987835,105.0,55.84854019346565,-4.391697428307927,3,22.068,2241
55.90875140920697,-4.1610335967987835,105.0,55.79232875093524,-4.310455024670266,4,24.559,2219
55.90875140920697,-4.1610335967987835,105.0,55.837143362020576,-4.120043492886959,5,23.845,1968
55.90875140920697,-4.1610335967987835,105.0,55.84185129809378,-4.283879851305767,6,19.239,1970
55.90875140920697,-4.1610335967987835,105.0,55.90609664927746,-4.311383718964596,7,14.713,1725
55.90875140920697,-4.1610335967987835,105.0,55.7832172019226,-4.31249791159531,8,26.147,2277
55.90875140920697,-4.1610335967987835,105.0,55.8177258987159,-4.260489243356555,9,15.556,2161
55.90875140920697,-4.1610335967987835,105.0,55.903262790870684,-4.212111703691823,10,4.462,1234
55.90875140920697,-4.1610335967987835,105.0,55.893978813107424,-4.1413270988368325,11,6.8,1342
55.90875140920697,-4.1610335967987835,105.0,55.894884622950286,-4.154349650804189,12,6.392,1211
55.90875140920697,-4.1610335967987835,105.0,55.80680963785043,-4.263605759417426,13,21.881,2374
55.90875140920697,-4.1610335967987835,105.0,55.81824312166051,-4.346878846315483,14,21.722,2133
55.90875140920697,-4.1610335967987835,105.0,55.84742656229786,-4.269221405976544,15,15.715,1857
55.90875140920697,-4.1610335967987835,105.0,55.80730424868546,-4.315177272898423,16,21.428,2118
55.90875140920697,-4.1610335967987835,105.0,55.83798278877758,-4.260604018644594,17,12.926,1935
55.90875140920697,-4.1610335967987835,105.0,55.89424631095569,-4.343398240721316,18,17.838,1988
55.90875140920697,-4.1610335967987835,105.0,55.83908093533876,-4.223069302141199,19,12.249,1959
55.90875140920697,-4.1610335967987835,105.0,55.8357731433788,-4.270556349194068,20,16.519,1868
55.90875140920697,-4.1610335967987835,105.0,55.90309627527835,-4.360750370095284,21,17.376,1997
55.90875140920697,-4.1610335967987835,105.0,55.85652103589449,-4.101365743428073,22,14.369,1660
55.90875140920697,-4.1610335967987835,105.0,55.783736419963375,-4.235306054793451,23,19.616,2451
55.90875140920697,-4.1610335967987835,105.0,55.92064824587275,-4.2358362157531895,24,7.626,1311
55.90875140920697,-4.1610335967987835,105.0,55.907674892744176,-4.2497703459088045,25,6.433,2490
55.90875140920697,-4.1610335967987835,105.0,55.919604340921964,-4.226208116301384,26,6.36,1245
55.90875140920697,-4.1610335967987835,105.0,55.83219148710444,-4.304581930326681,27,20.6,2160
55.90875140920697,-4.1610335967987835,105.0,55.79569701419853,-4.1769099124482585,28,26.858,2298
55.90875140920697,-4.1610335967987835,105.0,55.81260197667657,-4.197841211154324,29,15.575,2197
55.90875140920697,-4.1610335967987835,105.0,55.826092940761974,-4.176919409292903,30,23.763,2111
55.90875140920697,-4.1610335967987835,105.0,55.828413149208096,-4.109650878166438,31,21.315,2006
55.90875140920697,-4.1610335967987835,105.0,55.8999241737755,-4.257993823533507,32,13.777,1647
55.90875140920697,-4.1610335967987835,105.0,55.892514250678616,-4.340118142906542,33,17.867,1993
55.90875140920697,-4.1610335967987835,105.0,55.855241629670886,-4.269936069312288,34,13.559,1598
55.90875140920697,-4.1610335967987835,105.0,55.877364911629314,-4.109701193625618,35,12.78,1701
55.90875140920697,-4.1610335967987835,105.0,55.887053111734645,-4.1280531391159245,36,7.258,1322
55.90875140920697,-4.1610335967987835,105.0,55.89108676863447,-4.105446803942431,37,8.991,1628
55.90875140920697,-4.1610335967987835,105.0,55.842635153466425,-4.334387903339716,38,18.505,1948
55.90875140920697,-4.1610335967987835,105.0,55.89197542936556,-4.19614108945253,39,4.163,1131
55.90875140920697,-4.1610335967987835,105.0,55.825849135803445,-4.321179033230789,40,18.778,2060
55.90875140920697,-4.1610335967987835,105.0,55.81864602215581,-4.375055705699034,41,22.751,2142
55.90875140920697,-4.1610335967987835,105.0,55.92613065482397,-4.212698358862173,42,5.734,1241
55.90875140920697,-4.1610335967987835,105.0,55.874439929608144,-4.279689658904073,43,13.4,1720
55.90875140920697,-4.1610335967987835,105.0,55.81998166828728,-4.245455535821837,44,15.036,2066
55.90875140920697,-4.1610335967987835,105.0,55.91066980601156,-4.213502644426629,45,6.716,1295
55.90875140920697,-4.1610335967987835,105.0,55.8404807486866,-4.356656090229781,46,22.157,2215
55.90875140920697,-4.1610335967987835,105.0,55.88708229912325,-4.079055837843032,47,15.587,1562
55.90875140920697,-4.1610335967987835,105.0,55.84510555179576,-4.178720975321847,48,15.096,1985
55.90875140920697,-4.1610335967987835,105.0,55.84413340760586,-4.085244529493477,49,18.868,2194
55.90875140920697,-4.1610335967987835,105.0,55.83324217210475,-4.157183908594519,50,21.86,1958
55.90875140920697,-4.1610335967987835,105.0,55.895753278756494,-4.323131413571223,51,17.002,1934
55.90875140920697,-4.1610335967987835,105.0,55.88609925330935,-4.38354364327563,52,23.67,2088
55.90875140920697,-4.1610335967987835,105.0,55.86596770908397,-4.338853955125049,53,20.453,1968
55.90875140920697,-4.1610335967987835,105.0,55.819381988004544,-4.256567679373081,54,15.286,2181
55.90875140920697,-4.1610335967987835,105.0,55.919398785577634,-4.298102785445152,55,12.779,2132
55.90875140920697,-4.1610335967987835,105.0,55.81052481551728,-4.0780884232687225,56,24.114,3153
55.90875140920697,-4.1610335967987835,105.0,55.8411814367945,-4.125490362928665,57,19.396,1901
55.90875140920697,-4.1610335967987835,105.0,55.844855881791794,-4.151320272286683,58,14.498,1919
55.90875140920697,-4.1610335967987835,105.0,55.79334532620707,-4.3052187624925375,59,24.89,2226
55.90875140920697,-4.1610335967987835,105.0,55.78499644933002,-4.082518262203789,60,26.004,2080
55.90875140920697,-4.1610335967987835,105.0,55.86482365717543,-4.074666870071637,61,13.717,1868
55.90875140920697,-4.1610335967987835,105.0,55.910543969585106,-4.384534109666136,62,19.808,2132
55.90875140920697,-4.1610335967987835,105.0,55.799715679086134,-4.188568421733812,63,27.186,2488
55.90875140920697,-4.1610335967987835,105.0,55.90005630083831,-4.294022887833187,64,13.932,1708
55.90875140920697,-4.1610335967987835,105.0,55.82573931186619,-4.210157383495828,65,13.632,2011
55.90875140920697,-4.1610335967987835,105.0,55.88010014610652,-4.288014027401103,66,11.4,1860
55.90875140920697,-4.1610335967987835,105.0,55.8836463272421,-4.377148406451105,67,23.44,2165
55.90875140920697,-4.1610335967987835,105.0,55.80511293548626,-4.195982430231648,68,16.555,2271
55.90875140920697,-4.1610335967987835,105.0,55.9265186267864,-4.256321117900257,69,9.852,1440
55.90875140920697,-4.1610335967987835,105.0,55.90353118048908,-4.119171950823842,70,7.659,1562
55.90875140920697,-4.1610335967987835,105.0,55.81502357146685,-4.260984914919316,71,15.913,2195
55.90875140920697,-4.1610335967987835,105.0,55.894355058439295,-4.293143876300353,72,14.98,1792
55.90875140920697,-4.1610335967987835,105.0,55.80246488546192,-4.242274834364847,73,17.177,2291
55.90875140920697,-4.1610335967987835,105.0,55.887581813102464,-4.2985753032369685,74,15.59,1862
55.90875140920697,-4.1610335967987835,105.0,55.928290955083554,-4.295962301582311,75,11.479,1474
55.90875140920697,-4.1610335967987835,105.0,55.81096058143004,-4.368797105646974,76,24.408,2224
55.90875140920697,-4.1610335967987835,105.0,55.84818750128869,-4.3631808239548375,77,23.143,2067
55.90875140920697,-4.1610335967987835,105.0,55.81610352786554,-4.330910795148831,78,20.747,1974
55.90875140920697,-4.1610335967987835,105.0,55.807034270653475,-4.136077366584948,79,25.884,2246
55.90875140920697,-4.1610335967987835,105.0,55.86778114631985,-4.233612892312959,80,8.99,1547
55.90875140920697,-4.1610335967987835,105.0,55.79578956690847,-4.368290459919509,81,29.492,3419
55.90875140920697,-4.1610335967987835,105.0,55.897877306124535,-4.077031107370425,82,10.782,2095
55.90875140920697,-4.1610335967987835,105.0,55.80721289582252,-4.242612882195534,83,16.4,2243
55.90875140920697,-4.1610335967987835,105.0,55.92209393969709,-4.157940141970138,84,4.445,1161
55.90875140920697,-4.1610335967987835,105.0,55.79188265083702,-4.28147512844989,85,25.752,2281
55.90875140920697,-4.1610335967987835,105.0,55.88043814367632,-4.104360473798184,86,12.09,1641
55.90875140920697,-4.1610335967987835,105.0,55.90345994988174,-4.293652184560058,87,13.147,1629
55.90875140920697,-4.1610335967987835,105.0,55.91230525016259,-4.108196424937476,88,8.683,1453
55.90875140920697,-4.1610335967987835,105.0,55.90569137930351,-4.3852429216612405,89,20.744,2208
55.90875140920697,-4.1610335967987835,105.0,55.824402119970216,-4.298242138123909,90,19.214,1981
55.90875140920697,-4.1610335967987835,105.0,55.887104625653905,-4.201059285828647,91,5.017,1288
55.90875140920697,-4.1610335967987835,105.0,55.92006797200308,-4.195257422106852,92,3.739,1058
55.90875140920697,-4.1610335967987835,105.0,55.7944551107823,-4.1683749063061635,93,26.988,2732
55.90875140920697,-4.1610335967987835,105.0,55.88003873447475,-4.304350182381346,94,12.394,1924
55.90875140920697,-4.1610335967987835,105.0,55.88308048053683,-4.2942103285768285,95,11.418,1875
55.90875140920697,-4.1610335967987835,105.0,55.80779271908626,-4.3234306371549245,96,22.018,2106
55.90875140920697,-4.1610335967987835,105.0,55.90123467399992,-4.380968632189907,97,23.522,2476
55.90875140920697,-4.1610335967987835,105.0,55.88049231589054,-4.293733205570284,98,11.896,1889
55.90875140920697,-4.1610335967987835,105.0,55.84697147961761,-4.334108806216461,99,18.619,1981
55.90875140920697,-4.1610335967987835,105.0,55.83067141211495,-4.195633651932574,100,24.781,2113
55.90875140920697,-4.1610335967987835,105.0,55.89350845984679,-4.099445363541155,101,8.806,1460
55.90875140920697,-4.1610335967987835,105.0,55.92592408664018,-4.179171340754611,102,3.01,1096
55.90875140920697,-4.1610335967987835,105.0,55.84941827409408,-4.169566750359822,103,13.667,1866
55.90875140920697,-4.1610335967987835,105.0,55.92413375575165,-4.226670311636797,104,6.949,1983
55.90875140920697,-4.1610335967987835,105.0,55.88995713457192,-4.285031242761631,105,15.246,1774
55.90875140920697,-4.1610335967987835,105.0,55.90528066541109,-4.131569818675147,106,5.021,1181
55.90875140920697,-4.1610335967987835,105.0,55.87850608392288,-4.103517886631066,107,12.421,1674
55.90875140920697,-4.1610335967987835,105.0,55.80799405798939,-4.284953473560454,108,20.517,2236
55.90875140920697,-4.1610335967987835,105.0,55.906815669822045,-4.385279074380807,109,20.525,2162
55.90875140920697,-4.1610335967987835,105.0,55.916237634416454,-4.222407816066865,110,6.275,1234
55.90875140920697,-4.1610335967987835,105.0,55.915798955837815,-4.088621086891774,111,9.401,1488
55.90875140920697,-4.1610335967987835,105.0,55.827538479175395,-4.350653065976025,112,21.091,2065
55.90875140920697,-4.1610335967987835,105.0,55.799515288981674,-4.0866627646338864,113,26.374,2192
55.90875140920697,-4.1610335967987835,105.0,55.831024245961984,-4.244756518165482,114,13.637,1974
55.90875140920697,-4.1610335967987835,105.0,55.86754360554833,-4.2143078261423845,115,8.509,1572
55.90875140920697,-4.1610335967987835,105.0,55.8574985965699,-4.1521224561179935,116,12.279,1704
55.90875140920697,-4.1610335967987835,105.0,55.88095643501817,-4.32811659177277,117,18.082,2033
55.90875140920697,-4.1610335967987835,105.0,55.85240433608213,-4.177570445500026,118,10.783,1776
55.90875140920697,-4.1610335967987835,105.0,55.91169549549074,-4.359708873069638,119,17.32,1988
55.90875140920697,-4.1610335967987835,105.0,55.92640787519779,-4.300990956079843,120,11.927,1523
55.90875140920697,-4.1610335967987835,105.0,55.84019197366069,-4.205566157974415,121,12.559,2008
55.90875140920697,-4.1610335967987835,105.0,55.866619942939494,-4.268153778778456,122,12.477,1701
55.90875140920697,-4.1610335967987835,105.0,55.81327411986783,-4.2587495402872255,123,15.892,2205
55.90875140920697,-4.1610335967987835,105.0,55.86022660117776,-4.154711133590585,124,11.496,1631
55.90875140920697,-4.1610335967987835,105.0,55.831522729053496,-4.370420634377527,125,23.145,2235
55.90875140920697,-4.1610335967987835,105.0,55.84074346341779,-4.172411658039648,126,14.818,1946
55.90875140920697,-4.1610335967987835,105.0,55.8801412435821,-4.258666277618953,127,9.39,1600
55.90875140920697,-4.1610335967987835,105.0,55.8434159429892,-4.1056733307349536,128,19.652,1930
55.90875140920697,-4.1610335967987835,105.0,55.83522057783537,-4.25736952395694,129,12.9,1937
55.90875140920697,-4.1610335967987835,105.0,55.86467774065618,-4.2250953414252415,130,10.423,1487
55.90875140920697,-4.1610335967987835,105.0,55.8953662249987,-4.231143624453162,131,5.449,1253
55.90875140920697,-4.1610335967987835,105.0,55.81920459649808,-4.236238450921302,132,15.62,2116
55.90875140920697,-4.1610335967987835,105.0,55.900795402502105,-4.206009410292495,133,4.031,1172
55.90875140920697,-4.1610335967987835,105.0,55.86078490474355,-4.339631469507248,134,20.988,2063
55.90875140920697,-4.1610335967987835,105.0,55.924999437053955,-4.191173279124663,135,3.488,1049
55.90875140920697,-4.1610335967987835,105.0,55.81549096669224,-4.126910343137958,136,24.714,2217
55.90875140920697,-4.1610335967987835,105.0,55.90135585493081,-4.207622057499793,137,4.03,1150
55.90875140920697,-4.1610335967987835,105.0,55.845816555475636,-4.129576488296543,138,15.469,1873
55.90875140920697,-4.1610335967987835,105.0,55.80470047644827,-4.291960781118721,139,20.544,2214
55.90875140920697,-4.1610335967987835,105.0,55.89185394491289,-4.179857587296262,140,4.576,1176
55.90875140920697,-4.1610335967987835,105.0,55.91859399996558,-4.3401659608951215,141,14.688,1733
55.90875140920697,-4.1610335967987835,105.0,55.90671476836246,-4.3642865107142725,142,17.407,1960
55.90875140920697,-4.1610335967987835,105.0,55.81273399651921,-4.167613047894911,143,24.317,2099
55.90875140920697,-4.1610335967987835,105.0,55.80939871413575,-4.276056954355674,144,20.425,2200
55.90875140920697,-4.1610335967987835,105.0,55.88312869327199,-4.214542892826467,145,5.84,1326
55.90875140920697,-4.1610335967987835,105.0,55.815340374954424,-4.283514492524949,146,19.419,2085
55.90875140920697,-4.1610335967987835,105.0,55.87864379034378,-4.080636908866371,147,16.5,1585
55.90875140920697,-4.1610335967987835,105.0,55.89423440492952,-4.2418874418647645,148,6.19,1394
55.90875140920697,-4.1610335967987835,105.0,55.92796852989922,-4.305970400193036,149,12.055,1546
55.90875140920697,-4.1610335967987835,105.0,55.92895153496988,-4.082888064137351,150,12.913,1496
55.90875140920697,-4.1610335967987835,105.0,55.790766759429424,-4.135285962371055,151,28.012,2302
55.90875140920697,-4.1610335967987835,105.0,55.80808041573422,-4.184105792933229,152,16.349,2203
55.90875140920697,-4.1610335967987835,105.0,55.7982747224006,-4.3931924101572655,153,25.216,2319
55.90875140920697,-4.1610335967987835,105.0,55.81178474630603,-4.337962602706185,154,21.814,2080
55.90875140920697,-4.1610335967987835,105.0,55.852972007756,-4.353957895039277,155,20.187,2067
55.90875140920697,-4.1610335967987835,105.0,55.797152036890715,-4.311451416173846,156,23.786,2154
55.90875140920697,-4.1610335967987835,105.0,55.84839482833289,-4.1889265673730645,157,11.796,1856
55.90875140920697,-4.1610335967987835,105.0,55.86383954752864,-4.387927326091926,158,25.779,2094
55.90875140920697,-4.1610335967987835,105.0,55.807182357875575,-4.140487806234959,159,25.561,2221
55.90875140920697,-4.1610335967987835,105.0,55.8296607577131,-4.218765551358871,160,13.973,2102
55.90875140920697,-4.1610335967987835,105.0,55.82699494590622,-4.295404959002084,161,19.25,1958
55.90875140920697,-4.1610335967987835,105.0,55.861248665443505,-4.307186036515638,162,18.89,1993
55.90875140920697,-4.1610335967987835,105.0,55.897857165570365,-4.156645648865112,163,6.113,1228
55.90875140920697,-4.1610335967987835,105.0,55.877747555317356,-4.342792329217214,164,18.831,2055
55.90875140920697,-4.1610335967987835,105.0,55.92259641850896,-4.389236283866068,165,18.687,1937
55.90875140920697,-4.1610335967987835,105.0,55.92621339590465,-4.2820478996479165,166,10.799,1442
55.90875140920697,-4.1610335967987835,105.0,55.80660612206145,-4.094012410496262,167,23.699,2218
55.90875140920697,-4.1610335967987835,105.0,55.84605439624201,-4.09192094471571,168,15.796,1637
55.90875140920697,-4.1610335967987835,105.0,55.83961965364386,-4.1201104741133365,169,19.003,1828
55.90875140920697,-4.1610335967987835,105.0,55.85030951683019,-4.217608837338132,170,10.997,1829
55.90875140920697,-4.1610335967987835,105.0,55.85971342373431,-4.246748195156407,171,10.14,1651
55.90875140920697,-4.1610335967987835,105.0,55.815747728441636,-4.150792968910081,172,24.431,2118
55.90875140920697,-4.1610335967987835,105.0,55.80041195127493,-4.3806303679601495,173,24.632,2272
55.90875140920697,-4.1610335967987835,105.0,55.85487415463933,-4.092829020720908,174,15.606,1638
55.90875140920697,-4.1610335967987835,105.0,55.80456076444065,-4.203157873727267,175,16.574,2273
55.90875140920697,-4.1610335967987835,105.0,55.84723005082115,-4.330151260440624,176,18.14,1924
55.90875140920697,-4.1610335967987835,105.0,55.88775631668876,-4.123428423568879,177,7.393,1328
55.90875140920697,-4.1610335967987835,105.0,55.82857385936083,-4.129579652409029,178,24.321,2196
55.90875140920697,-4.1610335967987835,105.0,55.879865395443076,-4.36272007519476,179,19.739,2081
55.90875140920697,-4.1610335967987835,105.0,55.87973669437185,-4.215636550296907,180,7.079,1474
55.90875140920697,-4.1610335967987835,105.0,55.8162521393249,-4.1868605517933455,181,15.716,2185
55.90875140920697,-4.1610335967987835,105.0,55.80755514535402,-4.201625161718038,182,16.327,2240
55.90875140920697,-4.1610335967987835,105.0,55.85565398843102,-4.250533808562208,183,10.954,1806
55.90875140920697,-4.1610335967987835,105.0,55.929636326069506,-4.381100658166308,184,17.749,1897
55.90875140920697,-4.1610335967987835,105.0,55.879581066995904,-4.21986165885879,185,7.546,1495
55.90875140920697,-4.1610335967987835,105.0,55.92647877645629,-4.127886630011083,186,6.249,1370
55.90875140920697,-4.1610335967987835,105.0,55.82282427264178,-4.371094162561755,187,22.281,2158
55.90875140920697,-4.1610335967987835,105.0,55.90291353127043,-4.3414180899754955,188,18.535,2057
55.90875140920697,-4.1610335967987835,105.0,55.78437024600116,-4.156926419796477,189,31.603,2355
55.90875140920697,-4.1610335967987835,105.0,55.8321542449311,-4.1561720476648265,190,21.9,1972
55.90875140920697,-4.1610335967987835,105.0,55.88310705812362,-4.084862107847263,191,23.458,1826
55.90875140920697,-4.1610335967987835,105.0,55.85616333886266,-4.110333739241922,192,14.407,1682
55.90875140920697,-4.1610335967987835,105.0,55.90185178498145,-4.152652007721208,193,4.457,1528
55.90875140920697,-4.1610335967987835,105.0,55.8837118458465,-4.182392741162416,194,9.668,2345
55.90875140920697,-4.1610335967987835,105.0,55.83086049774818,-4.312434105301623,195,20.184,2062
55.90875140920697,-4.1610335967987835,105.0,55.821849459706755,-4.176208567338996,196,23.784,2056
55.90875140920697,-4.1610335967987835,105.0,55.88009750494633,-4.255964552703097,197,9.286,1595
55.90875140920697,-4.1610335967987835,105.0,55.87413911675089,-4.369807111055967,198,21.781,1984
55.90875140920697,-4.1610335967987835,105.0,55.86354071984154,-4.093406384811447,199,14.397,1733
55.8744940516071,-4.363819580348257,106.0,55.8391698042901,-4.214478482526657,0,14.654,822
55.8744940516071,-4.363819580348257,106.0,55.86553667472969,-4.350500876963486,1,1.83,281
55.8744940516071,-4.363819580348257,106.0,55.912892829643965,-4.286410947894997,2,15.509,2021
55.8744940516071,-4.363819580348257,106.0,55.84854019346565,-4.391697428307927,3,6.043,641
55.8744940516071,-4.363819580348257,106.0,55.79232875093524,-4.310455024670266,4,17.406,990
55.8744940516071,-4.363819580348257,106.0,55.837143362020576,-4.120043492886959,5,18.353,834
55.8744940516071,-4.363819580348257,106.0,55.84185129809378,-4.283879851305767,6,8.084,645
55.8744940516071,-4.363819580348257,106.0,55.90609664927746,-4.311383718964596,7,10.821,886
55.8744940516071,-4.363819580348257,106.0,55.7832172019226,-4.31249791159531,8,18.994,1048
55.8744940516071,-4.363819580348257,106.0,55.8177258987159,-4.260489243356555,9,13.325,884
55.8744940516071,-4.363819580348257,106.0,55.903262790870684,-4.212111703691823,10,17.174,1105
55.8744940516071,-4.363819580348257,106.0,55.893978813107424,-4.1413270988368325,11,18.914,1112
55.8744940516071,-4.363819580348257,106.0,55.894884622950286,-4.154349650804189,12,21.299,1011
55.8744940516071,-4.363819580348257,106.0,55.80680963785043,-4.263605759417426,13,15.763,1151
55.8744940516071,-4.363819580348257,106.0,55.81824312166051,-4.346878846315483,14,9.606,854
55.8744940516071,-4.363819580348257,106.0,55.84742656229786,-4.269221405976544,15,10.153,810
55.8744940516071,-4.363819580348257,106.0,55.80730424868546,-4.315177272898423,16,14.275,888
55.8744940516071,-4.363819580348257,106.0,55.83798278877758,-4.260604018644594,17,11.846,785
55.8744940516071,-4.363819580348257,106.0,55.89424631095569,-4.343398240721316,18,8.492,647
55.8744940516071,-4.363819580348257,106.0,55.83908093533876,-4.223069302141199,19,12.245,853
55.8744940516071,-4.363819580348257,106.0,55.8357731433788,-4.270556349194068,20,12.508,802
55.8744940516071,-4.363819580348257,106.0,55.90309627527835,-4.360750370095284,21,10.525,882
55.8744940516071,-4.363819580348257,106.0,55.85652103589449,-4.101365743428073,22,21.462,1055
55.8744940516071,-4.363819580348257,106.0,55.783736419963375,-4.235306054793451,23,17.385,1175
55.8744940516071,-4.363819580348257,106.0,55.92064824587275,-4.2358362157531895,24,18.299,1086
55.8744940516071,-4.363819580348257,106.0,55.907674892744176,-4.2497703459088045,25,17.051,2131
55.8744940516071,-4.363819580348257,106.0,55.919604340921964,-4.226208116301384,26,18.223,1097
55.8744940516071,-4.363819580348257,106.0,55.83219148710444,-4.304581930326681,27,13.447,930
55.8744940516071,-4.363819580348257,106.0,55.79569701419853,-4.1769099124482585,28,19.069,1107
55.8744940516071,-4.363819580348257,106.0,55.81260197667657,-4.197841211154324,29,16.48,974
55.8744940516071,-4.363819580348257,106.0,55.826092940761974,-4.176919409292903,30,15.01,907
55.8744940516071,-4.363819580348257,106.0,55.828413149208096,-4.109650878166438,31,21.814,1097
55.8744940516071,-4.363819580348257,106.0,55.8999241737755,-4.257993823533507,32,14.257,1017
55.8744940516071,-4.363819580348257,106.0,55.892514250678616,-4.340118142906542,33,8.521,658
55.8744940516071,-4.363819580348257,106.0,55.855241629670886,-4.269936069312288,34,10.29,643
55.8744940516071,-4.363819580348257,106.0,55.877364911629314,-4.109701193625618,35,21.863,1156
55.8744940516071,-4.363819580348257,106.0,55.887053111734645,-4.1280531391159245,36,22.165,1122
55.8744940516071,-4.363819580348257,106.0,55.89108676863447,-4.105446803942431,37,23.898,1428
55.8744940516071,-4.363819580348257,106.0,55.842635153466425,-4.334387903339716,38,6.12,503
55.8744940516071,-4.363819580348257,106.0,55.89197542936556,-4.19614108945253,39,18.172,956
55.8744940516071,-4.363819580348257,106.0,55.825849135803445,-4.321179033230789,40,11.625,830
55.8744940516071,-4.363819580348257,106.0,55.81864602215581,-4.375055705699034,41,7.823,729
55.8744940516071,-4.363819580348257,106.0,55.92613065482397,-4.212698358862173,42,18.685,1150
55.8744940516071,-4.363819580348257,106.0,55.874439929608144,-4.279689658904073,43,10.897,684
55.8744940516071,-4.363819580348257,106.0,55.81998166828728,-4.245455535821837,44,12.805,789
55.8744940516071,-4.363819580348257,106.0,55.91066980601156,-4.213502644426629,45,17.637,1101
55.8744940516071,-4.363819580348257,106.0,55.8404807486866,-4.356656090229781,46,6.132,617
55.8744940516071,-4.363819580348257,106.0,55.88708229912325,-4.079055837843032,47,27.145,1178
55.8744940516071,-4.363819580348257,106.0,55.84510555179576,-4.178720975321847,48,16.675,922
55.8744940516071,-4.363819580348257,106.0,55.84413340760586,-4.085244529493477,49,23.842,1552
55.8744940516071,-4.363819580348257,106.0,55.83324217210475,-4.157183908594519,50,16.537,920
55.8744940516071,-4.363819580348257,106.0,55.895753278756494,-4.323131413571223,51,8.278,758
55.8744940516071,-4.363819580348257,106.0,55.88609925330935,-4.38354364327563,52,3.737,377
55.8744940516071,-4.363819580348257,106.0,55.86596770908397,-4.338853955125049,53,4.492,346
55.8744940516071,-4.363819580348257,106.0,55.819381988004544,-4.256567679373081,54,14.234,939
55.8744940516071,-4.363819580348257,106.0,55.919398785577634,-4.298102785445152,55,15.785,1701
55.8744940516071,-4.363819580348257,106.0,55.81052481551728,-4.0780884232687225,56,24.613,2244
55.8744940516071,-4.363819580348257,106.0,55.8411814367945,-4.125490362928665,57,19.895,993
55.8744940516071,-4.363819580348257,106.0,55.844855881791794,-4.151320272286683,58,17.527,973
55.8744940516071,-4.363819580348257,106.0,55.79334532620707,-4.3052187624925375,59,17.737,996
55.8744940516071,-4.363819580348257,106.0,55.78499644933002,-4.082518262203789,60,28.336,1244
55.8744940516071,-4.363819580348257,106.0,55.86482365717543,-4.074666870071637,61,23.728,1272
55.8744940516071,-4.363819580348257,106.0,55.910543969585106,-4.384534109666136,62,20.913,998
55.8744940516071,-4.363819580348257,106.0,55.799715679086134,-4.188568421733812,63,19.051,1265
55.8744940516071,-4.363819580348257,106.0,55.90005630083831,-4.294022887833187,64,10.712,963
55.8744940516071,-4.363819580348257,106.0,55.82573931186619,-4.210157383495828,65,14.537,789
55.8744940516071,-4.363819580348257,106.0,55.88010014610652,-4.288014027401103,66,12.986,960
55.8744940516071,-4.363819580348257,106.0,55.8836463272421,-4.377148406451105,67,2.177,396
55.8744940516071,-4.363819580348257,106.0,55.80511293548626,-4.195982430231648,68,17.46,1049
55.8744940516071,-4.363819580348257,106.0,55.9265186267864,-4.256321117900257,69,17.622,1124
55.8744940516071,-4.363819580348257,106.0,55.90353118048908,-4.119171950823842,70,23.061,1364
55.8744940516071,-4.363819580348257,106.0,55.81502357146685,-4.260984914919316,71,13.682,918
55.8744940516071,-4.363819580348257,106.0,55.894355058439295,-4.293143876300353,72,13.555,939
55.8744940516071,-4.363819580348257,106.0,55.80246488546192,-4.242274834364847,73,14.946,1015
55.8744940516071,-4.363819580348257,106.0,55.887581813102464,-4.2985753032369685,74,9.798,914
55.8744940516071,-4.363819580348257,106.0,55.928290955083554,-4.295962301582311,75,12.638,966
55.8744940516071,-4.363819580348257,106.0,55.81096058143004,-4.368797105646974,76,9.431,916
55.8744940516071,-4.363819580348257,106.0,55.84818750128869,-4.3631808239548375,77,3.832,394
55.8744940516071,-4.363819580348257,106.0,55.81610352786554,-4.330910795148831,78,13.594,744
55.8744940516071,-4.363819580348257,106.0,55.807034270653475,-4.136077366584948,79,18.244,1158
55.8744940516071,-4.363819580348257,106.0,55.86778114631985,-4.233612892312959,80,12.748,767
55.8744940516071,-4.363819580348257,106.0,55.79578956690847,-4.368290459919509,81,11.366,2040
55.8744940516071,-4.363819580348257,106.0,55.897877306124535,-4.077031107370425,82,25.689,1895
55.8744940516071,-4.363819580348257,106.0,55.80721289582252,-4.242612882195534,83,14.169,966
55.8744940516071,-4.363819580348257,106.0,55.92209393969709,-4.157940141970138,84,22.832,1162
55.8744940516071,-4.363819580348257,106.0,55.79188265083702,-4.28147512844989,85,18.599,1051
55.8744940516071,-4.363819580348257,106.0,55.88043814367632,-4.104360473798184,86,21.675,1116
55.8744940516071,-4.363819580348257,106.0,55.90345994988174,-4.293652184560058,87,11.122,1007
55.8744940516071,-4.363819580348257,106.0,55.91230525016259,-4.108196424937476,88,24.329,1309
55.8744940516071,-4.363819580348257,106.0,55.90569137930351,-4.3852429216612405,89,21.156,1037
55.8744940516071,-4.363819580348257,106.0,55.824402119970216,-4.298242138123909,90,12.061,751
55.8744940516071,-4.363819580348257,106.0,55.887104625653905,-4.201059285828647,91,15.884,1105
55.8744940516071,-4.363819580348257,106.0,55.92006797200308,-4.195257422106852,92,19.531,1128
55.8744940516071,-4.363819580348257,106.0,55.7944551107823,-4.1683749063061635,93,19.199,1541
55.8744940516071,-4.363819580348257,106.0,55.88003873447475,-4.304350182381346,94,7.951,755
55.8744940516071,-4.363819580348257,106.0,55.88308048053683,-4.2942103285768285,95,12.326,815
55.8744940516071,-4.363819580348257,106.0,55.80779271908626,-4.3234306371549245,96,14.865,876
55.8744940516071,-4.363819580348257,106.0,55.90123467399992,-4.380968632189907,97,12.693,1099
55.8744940516071,-4.363819580348257,106.0,55.88049231589054,-4.293733205570284,98,12.228,805
55.8744940516071,-4.363819580348257,106.0,55.84697147961761,-4.334108806216461,99,6.234,536
55.8744940516071,-4.363819580348257,106.0,55.83067141211495,-4.195633651932574,100,13.82,786
55.8744940516071,-4.363819580348257,106.0,55.89350845984679,-4.099445363541155,101,23.713,1260
55.8744940516071,-4.363819580348257,106.0,55.92592408664018,-4.179171340754611,102,24.173,1245
55.8744940516071,-4.363819580348257,106.0,55.84941827409408,-4.169566750359822,103,17.38,988
55.8744940516071,-4.363819580348257,106.0,55.92413375575165,-4.226670311636797,104,19.9,1892
55.8744940516071,-4.363819580348257,106.0,55.88995713457192,-4.285031242761631,105,12.495,842
55.8744940516071,-4.363819580348257,106.0,55.90528066541109,-4.131569818675147,106,20.511,1009
55.8744940516071,-4.363819580348257,106.0,55.87850608392288,-4.103517886631066,107,22.006,1149
55.8744940516071,-4.363819580348257,106.0,55.80799405798939,-4.284953473560454,108,15.071,1041
55.8744940516071,-4.363819580348257,106.0,55.906815669822045,-4.385279074380807,109,11.698,884
55.8744940516071,-4.363819580348257,106.0,55.916237634416454,-4.222407816066865,110,18.138,1085
55.8744940516071,-4.363819580348257,106.0,55.915798955837815,-4.088621086891774,111,27.413,1340
55.8744940516071,-4.363819580348257,106.0,55.827538479175395,-4.350653065976025,112,6.675,695
55.8744940516071,-4.363819580348257,106.0,55.799515288981674,-4.0866627646338864,113,28.706,1356
55.8744940516071,-4.363819580348257,106.0,55.831024245961984,-4.244756518165482,114,11.286,690
55.8744940516071,-4.363819580348257,106.0,55.86754360554833,-4.2143078261423845,115,14.088,883
55.8744940516071,-4.363819580348257,106.0,55.8574985965699,-4.1521224561179935,116,18.683,1099
55.8744940516071,-4.363819580348257,106.0,55.88095643501817,-4.32811659177277,117,6.334,474
55.8744940516071,-4.363819580348257,106.0,55.85240433608213,-4.177570445500026,118,17.544,1039
55.8744940516071,-4.363819580348257,106.0,55.91169549549074,-4.359708873069638,119,12.51,1073
55.8744940516071,-4.363819580348257,106.0,55.92640787519779,-4.300990956079843,120,12.446,987
55.8744940516071,-4.363819580348257,106.0,55.84019197366069,-4.205566157974415,121,15.14,937
55.8744940516071,-4.363819580348257,106.0,55.866619942939494,-4.268153778778456,122,11.05,807
55.8744940516071,-4.363819580348257,106.0,55.81327411986783,-4.2587495402872255,123,13.661,928
55.8744940516071,-4.363819580348257,106.0,55.86022660117776,-4.154711133590585,124,18.589,1026
55.8744940516071,-4.363819580348257,106.0,55.831522729053496,-4.370420634377527,125,6.137,624
55.8744940516071,-4.363819580348257,106.0,55.84074346341779,-4.172411658039648,126,15.748,842
55.8744940516071,-4.363819580348257,106.0,55.8801412435821,-4.258666277618953,127,12.094,833
55.8744940516071,-4.363819580348257,106.0,55.8434159429892,-4.1056733307349536,128,20.151,1021
55.8744940516071,-4.363819580348257,106.0,55.83522057783537,-4.25736952395694,129,11.82,787
55.8744940516071,-4.363819580348257,106.0,55.86467774065618,-4.2250953414252415,130,12.872,719
55.8744940516071,-4.363819580348257,106.0,55.8953662249987,-4.231143624453162,131,15.325,897
55.8744940516071,-4.363819580348257,106.0,55.81920459649808,-4.236238450921302,132,13.389,840
55.8744940516071,-4.363819580348257,106.0,55.900795402502105,-4.206009410292495,133,17.492,1092
55.8744940516071,-4.363819580348257,106.0,55.86078490474355,-4.339631469507248,134,2.742,390
55.8744940516071,-4.363819580348257,106.0,55.924999437053955,-4.191173279124663,135,19.782,1137
55.8744940516071,-4.363819580348257,106.0,55.81549096669224,-4.126910343137958,136,19.235,1205
55.8744940516071,-4.363819580348257,106.0,55.90135585493081,-4.207622057499793,137,17.491,1069
55.8744940516071,-4.363819580348257,106.0,55.845816555475636,-4.129576488296543,138,18.9,1063
55.8744940516071,-4.363819580348257,106.0,55.80470047644827,-4.291960781118721,139,14.904,1018
55.8744940516071,-4.363819580348257,106.0,55.89185394491289,-4.179857587296262,140,17.076,880
55.8744940516071,-4.363819580348257,106.0,55.91859399996558,-4.3401659608951215,141,11.376,923
55.8744940516071,-4.363819580348257,106.0,55.90671476836246,-4.3642865107142725,142,11.277,937
55.8744940516071,-4.363819580348257,106.0,55.81273399651921,-4.167613047894911,143,16.293,968
55.8744940516071,-4.363819580348257,106.0,55.80939871413575,-4.276056954355674,144,14.785,989
55.8744940516071,-4.363819580348257,106.0,55.88312869327199,-4.214542892826467,145,14.896,924
55.8744940516071,-4.363819580348257,106.0,55.815340374954424,-4.283514492524949,146,13.779,874
55.8744940516071,-4.363819580348257,106.0,55.87864379034378,-4.080636908866371,147,28.125,1212
55.8744940516071,-4.363819580348257,106.0,55.89423440492952,-4.2418874418647645,148,15.888,981
55.8744940516071,-4.363819580348257,106.0,55.92796852989922,-4.305970400193036,149,12.574,1010
55.8744940516071,-4.363819580348257,106.0,55.92895153496988,-4.082888064137351,150,27.783,1290
55.8744940516071,-4.363819580348257,106.0,55.790766759429424,-4.135285962371055,151,21.624,1182
55.8744940516071,-4.363819580348257,106.0,55.80808041573422,-4.184105792933229,152,17.254,980
55.8744940516071,-4.363819580348257,106.0,55.7982747224006,-4.3931924101572655,153,10.288,906
55.8744940516071,-4.363819580348257,106.0,55.81178474630603,-4.337962602706185,154,14.661,850
55.8744940516071,-4.363819580348257,106.0,55.852972007756,-4.353957895039277,155,3.913,481
55.8744940516071,-4.363819580348257,106.0,55.797152036890715,-4.311451416173846,156,16.633,924
55.8744940516071,-4.363819580348257,106.0,55.84839482833289,-4.1889265673730645,157,17.326,957
55.8744940516071,-4.363819580348257,106.0,55.86383954752864,-4.387927326091926,158,6.452,433
55.8744940516071,-4.363819580348257,106.0,55.807182357875575,-4.140487806234959,159,17.921,1133
55.8744940516071,-4.363819580348257,106.0,55.8296607577131,-4.218765551358871,160,12.706,846
55.8744940516071,-4.363819580348257,106.0,55.82699494590622,-4.295404959002084,161,12.097,728
55.8744940516071,-4.363819580348257,106.0,55.861248665443505,-4.307186036515638,162,6.345,479
55.8744940516071,-4.363819580348257,106.0,55.897857165570365,-4.156645648865112,163,18.552,917
55.8744940516071,-4.363819580348257,106.0,55.877747555317356,-4.342792329217214,164,6.924,570
55.8744940516071,-4.363819580348257,106.0,55.92259641850896,-4.389236283866068,165,19.814,997
55.8744940516071,-4.363819580348257,106.0,55.92621339590465,-4.2820478996479165,166,13.805,1011
55.8744940516071,-4.363819580348257,106.0,55.80660612206145,-4.094012410496262,167,24.198,1309
55.8744940516071,-4.363819580348257,106.0,55.84605439624201,-4.09192094471571,168,22.889,1032
55.8744940516071,-4.363819580348257,106.0,55.83961965364386,-4.1201104741133365,169,19.502,920
55.8744940516071,-4.363819580348257,106.0,55.85030951683019,-4.217608837338132,170,12.794,888
55.8744940516071,-4.363819580348257,106.0,55.85971342373431,-4.246748195156407,171,13.241,818
55.8744940516071,-4.363819580348257,106.0,55.815747728441636,-4.150792968910081,172,16.791,1030
55.8744940516071,-4.363819580348257,106.0,55.80041195127493,-4.3806303679601495,173,9.704,858
55.8744940516071,-4.363819580348257,106.0,55.85487415463933,-4.092829020720908,174,22.699,1033
55.8744940516071,-4.363819580348257,106.0,55.80456076444065,-4.203157873727267,175,17.479,1051
55.8744940516071,-4.363819580348257,106.0,55.84723005082115,-4.330151260440624,176,5.755,479
55.8744940516071,-4.363819580348257,106.0,55.88775631668876,-4.123428423568879,177,22.3,1128
55.8744940516071,-4.363819580348257,106.0,55.82857385936083,-4.129579652409029,178,19.313,1217
55.8744940516071,-4.363819580348257,106.0,55.879865395443076,-4.36272007519476,179,7.816,613
55.8744940516071,-4.363819580348257,106.0,55.87973669437185,-4.215636550296907,180,14.183,935
55.8744940516071,-4.363819580348257,106.0,55.8162521393249,-4.1868605517933455,181,15.673,940
55.8744940516071,-4.363819580348257,106.0,55.80755514535402,-4.201625161718038,182,17.232,1017
55.8744940516071,-4.363819580348257,106.0,55.85565398843102,-4.250533808562208,183,9.753,738
55.8744940516071,-4.363819580348257,106.0,55.929636326069506,-4.381100658166308,184,20.8,1018
55.8744940516071,-4.363819580348257,106.0,55.879581066995904,-4.21986165885879,185,13.824,916
55.8744940516071,-4.363819580348257,106.0,55.92647877645629,-4.127886630011083,186,23.914,1248
55.8744940516071,-4.363819580348257,106.0,55.82282427264178,-4.371094162561755,187,7.125,711
55.8744940516071,-4.363819580348257,106.0,55.90291353127043,-4.3414180899754955,188,9.323,815
55.8744940516071,-4.363819580348257,106.0,55.78437024600116,-4.156926419796477,189,20.968,1197
55.8744940516071,-4.363819580348257,106.0,55.8321542449311,-4.1561720476648265,190,16.577,933
55.8744940516071,-4.363819580348257,106.0,55.88310705812362,-4.084862107847263,191,25.286,1094
55.8744940516071,-4.363819580348257,106.0,55.85616333886266,-4.110333739241922,192,21.5,1077
55.8744940516071,-4.363819580348257,106.0,55.90185178498145,-4.152652007721208,193,22.461,1541
55.8744940516071,-4.363819580348257,106.0,55.8837118458465,-4.182392741162416,194,18.74,1889
55.8744940516071,-4.363819580348257,106.0,55.83086049774818,-4.312434105301623,195,13.031,833
55.8744940516071,-4.363819580348257,106.0,55.821849459706755,-4.176208567338996,196,15.421,904
55.8744940516071,-4.363819580348257,106.0,55.88009750494633,-4.255964552703097,197,11.78,812
55.8744940516071,-4.363819580348257,106.0,55.87413911675089,-4.369807111055967,198,0.748,210
55.8744940516071,-4.363819580348257,106.0,55.86354071984154,-4.093406384811447,199,22.116,1131
55.800478559296046,-4.272880091217783,107.0,55.8391698042901,-4.214478482526657,0,8.159,813
55.800478559296046,-4.272880091217783,107.0,55.86553667472969,-4.350500876963486,1,16.574,1063
55.800478559296046,-4.272880091217783,107.0,55.912892829643965,-4.286410947894997,2,17.888,2323
55.800478559296046,-4.272880091217783,107.0,55.84854019346565,-4.391697428307927,3,12.378,1098
55.800478559296046,-4.272880091217783,107.0,55.79232875093524,-4.310455024670266,4,4.155,402
55.800478559296046,-4.272880091217783,107.0,55.837143362020576,-4.120043492886959,5,13.625,897
55.800478559296046,-4.272880091217783,107.0,55.84185129809378,-4.283879851305767,6,6.862,653
55.800478559296046,-4.272880091217783,107.0,55.90609664927746,-4.311383718964596,7,15.273,1331
55.800478559296046,-4.272880091217783,107.0,55.7832172019226,-4.31249791159531,8,5.007,412
55.800478559296046,-4.272880091217783,107.0,55.8177258987159,-4.260489243356555,9,2.672,303
55.800478559296046,-4.272880091217783,107.0,55.903262790870684,-4.212111703691823,10,14.829,1420
55.800478559296046,-4.272880091217783,107.0,55.893978813107424,-4.1413270988368325,11,16.305,1422
55.800478559296046,-4.272880091217783,107.0,55.894884622950286,-4.154349650804189,12,18.69,1321
55.800478559296046,-4.272880091217783,107.0,55.80680963785043,-4.263605759417426,13,1.249,226
55.800478559296046,-4.272880091217783,107.0,55.81824312166051,-4.346878846315483,14,7.727,745
55.800478559296046,-4.272880091217783,107.0,55.84742656229786,-4.269221405976544,15,7.145,688
55.800478559296046,-4.272880091217783,107.0,55.80730424868546,-4.315177272898423,16,5.212,513
55.800478559296046,-4.272880091217783,107.0,55.83798278877758,-4.260604018644594,17,5.073,573
55.800478559296046,-4.272880091217783,107.0,55.89424631095569,-4.343398240721316,18,15.863,1194
55.800478559296046,-4.272880091217783,107.0,55.83908093533876,-4.223069302141199,19,7.516,867
55.800478559296046,-4.272880091217783,107.0,55.8357731433788,-4.270556349194068,20,5.299,514
55.800478559296046,-4.272880091217783,107.0,55.90309627527835,-4.360750370095284,21,17.896,1429
55.800478559296046,-4.272880091217783,107.0,55.85652103589449,-4.101365743428073,22,18.558,1220
55.800478559296046,-4.272880091217783,107.0,55.783736419963375,-4.235306054793451,23,5.598,481
55.800478559296046,-4.272880091217783,107.0,55.92064824587275,-4.2358362157531895,24,15.954,1401
55.800478559296046,-4.272880091217783,107.0,55.907674892744176,-4.2497703459088045,25,14.706,2446
55.800478559296046,-4.272880091217783,107.0,55.919604340921964,-4.226208116301384,26,15.878,1412
55.800478559296046,-4.272880091217783,107.0,55.83219148710444,-4.304581930326681,27,5.857,629
55.800478559296046,-4.272880091217783,107.0,55.79569701419853,-4.1769099124482585,28,11.121,854
55.800478559296046,-4.272880091217783,107.0,55.81260197667657,-4.197841211154324,29,7.419,773
55.800478559296046,-4.272880091217783,107.0,55.826092940761974,-4.176919409292903,30,9.136,964
55.800478559296046,-4.272880091217783,107.0,55.828413149208096,-4.109650878166438,31,17.086,1159
55.800478559296046,-4.272880091217783,107.0,55.8999241737755,-4.257993823533507,32,14.337,1310
55.800478559296046,-4.272880091217783,107.0,55.892514250678616,-4.340118142906542,33,15.892,1206
55.800478559296046,-4.272880091217783,107.0,55.855241629670886,-4.269936069312288,34,9.972,902
55.800478559296046,-4.272880091217783,107.0,55.877364911629314,-4.109701193625618,35,24.799,1432
55.800478559296046,-4.272880091217783,107.0,55.887053111734645,-4.1280531391159245,36,19.556,1432
55.800478559296046,-4.272880091217783,107.0,55.89108676863447,-4.105446803942431,37,24.787,1647
55.800478559296046,-4.272880091217783,107.0,55.842635153466425,-4.334387903339716,38,8.523,830
55.800478559296046,-4.272880091217783,107.0,55.89197542936556,-4.19614108945253,39,15.563,1265
55.800478559296046,-4.272880091217783,107.0,55.825849135803445,-4.321179033230789,40,5.836,550
55.800478559296046,-4.272880091217783,107.0,55.81864602215581,-4.375055705699034,41,8.924,775
55.800478559296046,-4.272880091217783,107.0,55.92613065482397,-4.212698358862173,42,16.34,1465
55.800478559296046,-4.272880091217783,107.0,55.874439929608144,-4.279689658904073,43,10.532,960
55.800478559296046,-4.272880091217783,107.0,55.81998166828728,-4.245455535821837,44,3.608,405
55.800478559296046,-4.272880091217783,107.0,55.91066980601156,-4.213502644426629,45,15.292,1416
55.800478559296046,-4.272880091217783,107.0,55.8404807486866,-4.356656090229781,46,8.871,865
55.800478559296046,-4.272880091217783,107.0,55.88708229912325,-4.079055837843032,47,22.417,1240
55.800478559296046,-4.272880091217783,107.0,55.84510555179576,-4.178720975321847,48,11.947,985
55.800478559296046,-4.272880091217783,107.0,55.84413340760586,-4.085244529493477,49,19.114,1614
55.800478559296046,-4.272880091217783,107.0,55.83324217210475,-4.157183908594519,50,11.809,982
55.800478559296046,-4.272880091217783,107.0,55.895753278756494,-4.323131413571223,51,15.649,1305
55.800478559296046,-4.272880091217783,107.0,55.88609925330935,-4.38354364327563,52,17.607,1131
55.800478559296046,-4.272880091217783,107.0,55.86596770908397,-4.338853955125049,53,14.39,1012
55.800478559296046,-4.272880091217783,107.0,55.819381988004544,-4.256567679373081,54,2.738,297
55.800478559296046,-4.272880091217783,107.0,55.919398785577634,-4.298102785445152,55,18.164,2003
55.800478559296046,-4.272880091217783,107.0,55.81052481551728,-4.0780884232687225,56,19.885,2307
55.800478559296046,-4.272880091217783,107.0,55.8411814367945,-4.125490362928665,57,15.167,1055
55.800478559296046,-4.272880091217783,107.0,55.844855881791794,-4.151320272286683,58,12.799,1035
55.800478559296046,-4.272880091217783,107.0,55.79334532620707,-4.3052187624925375,59,3.75,363
55.800478559296046,-4.272880091217783,107.0,55.78499644933002,-4.082518262203789,60,17.588,1026
55.800478559296046,-4.272880091217783,107.0,55.86482365717543,-4.074666870071637,61,20.11,1414
55.800478559296046,-4.272880091217783,107.0,55.910543969585106,-4.384534109666136,62,19.723,1494
55.800478559296046,-4.272880091217783,107.0,55.799715679086134,-4.188568421733812,63,8.82,891
55.800478559296046,-4.272880091217783,107.0,55.90005630083831,-4.294022887833187,64,14.345,1285
55.800478559296046,-4.272880091217783,107.0,55.82573931186619,-4.210157383495828,65,6.636,701
55.800478559296046,-4.272880091217783,107.0,55.88010014610652,-4.288014027401103,66,13.066,1253
55.800478559296046,-4.272880091217783,107.0,55.8836463272421,-4.377148406451105,67,17.377,1209
55.800478559296046,-4.272880091217783,107.0,55.80511293548626,-4.195982430231648,68,8.144,805
55.800478559296046,-4.272880091217783,107.0,55.9265186267864,-4.256321117900257,69,17.702,1417
55.800478559296046,-4.272880091217783,107.0,55.90353118048908,-4.119171950823842,70,25.389,1707
55.800478559296046,-4.272880091217783,107.0,55.81502357146685,-4.260984914919316,71,2.341,250
55.800478559296046,-4.272880091217783,107.0,55.894355058439295,-4.293143876300353,72,13.635,1232
55.800478559296046,-4.272880091217783,107.0,55.80246488546192,-4.242274834364847,73,5.406,581
55.800478559296046,-4.272880091217783,107.0,55.887581813102464,-4.2985753032369685,74,13.247,1229
55.800478559296046,-4.272880091217783,107.0,55.928290955083554,-4.295962301582311,75,18.586,1418
55.800478559296046,-4.272880091217783,107.0,55.81096058143004,-4.368797105646974,76,8.089,749
55.800478559296046,-4.272880091217783,107.0,55.84818750128869,-4.3631808239548375,77,11.617,999
55.800478559296046,-4.272880091217783,107.0,55.81610352786554,-4.330910795148831,78,5.957,502
55.800478559296046,-4.272880091217783,107.0,55.807034270653475,-4.136077366584948,79,15.869,1034
55.800478559296046,-4.272880091217783,107.0,55.86778114631985,-4.233612892312959,80,10.032,1046
55.800478559296046,-4.272880091217783,107.0,55.79578956690847,-4.368290459919509,81,11.905,1872
55.800478559296046,-4.272880091217783,107.0,55.897877306124535,-4.077031107370425,82,24.776,1985
55.800478559296046,-4.272880091217783,107.0,55.80721289582252,-4.242612882195534,83,4.629,532
55.800478559296046,-4.272880091217783,107.0,55.92209393969709,-4.157940141970138,84,20.223,1472
55.800478559296046,-4.272880091217783,107.0,55.79188265083702,-4.28147512844989,85,1.897,198
55.800478559296046,-4.272880091217783,107.0,55.88043814367632,-4.104360473798184,86,24.109,1372
55.800478559296046,-4.272880091217783,107.0,55.90345994988174,-4.293652184560058,87,14.814,1330
55.800478559296046,-4.272880091217783,107.0,55.91230525016259,-4.108196424937476,88,28.069,1609
55.800478559296046,-4.272880091217783,107.0,55.90569137930351,-4.3852429216612405,89,19.758,1517
55.800478559296046,-4.272880091217783,107.0,55.824402119970216,-4.298242138123909,90,4.348,492
55.800478559296046,-4.272880091217783,107.0,55.887104625653905,-4.201059285828647,91,13.168,1384
55.800478559296046,-4.272880091217783,107.0,55.92006797200308,-4.195257422106852,92,17.186,1443
55.800478559296046,-4.272880091217783,107.0,55.7944551107823,-4.1683749063061635,93,11.251,1288
55.800478559296046,-4.272880091217783,107.0,55.88003873447475,-4.304350182381346,94,14.611,1190
55.800478559296046,-4.272880091217783,107.0,55.88308048053683,-4.2942103285768285,95,14.211,1164
55.800478559296046,-4.272880091217783,107.0,55.80779271908626,-4.3234306371549245,96,6.24,579
55.800478559296046,-4.272880091217783,107.0,55.90123467399992,-4.380968632189907,97,20.088,1639
55.800478559296046,-4.272880091217783,107.0,55.88049231589054,-4.293733205570284,98,14.113,1154
55.800478559296046,-4.272880091217783,107.0,55.84697147961761,-4.334108806216461,99,8.834,906
55.800478559296046,-4.272880091217783,107.0,55.83067141211495,-4.195633651932574,100,9.092,848
55.800478559296046,-4.272880091217783,107.0,55.89350845984679,-4.099445363541155,101,23.854,1417
55.800478559296046,-4.272880091217783,107.0,55.92592408664018,-4.179171340754611,102,21.564,1555
55.800478559296046,-4.272880091217783,107.0,55.84941827409408,-4.169566750359822,103,12.652,1051
55.800478559296046,-4.272880091217783,107.0,55.92413375575165,-4.226670311636797,104,17.555,2207
55.800478559296046,-4.272880091217783,107.0,55.88995713457192,-4.285031242761631,105,12.575,1135
55.800478559296046,-4.272880091217783,107.0,55.90528066541109,-4.131569818675147,106,17.902,1319
55.800478559296046,-4.272880091217783,107.0,55.87850608392288,-4.103517886631066,107,24.44,1405
55.800478559296046,-4.272880091217783,107.0,55.80799405798939,-4.284953473560454,108,2.356,284
55.800478559296046,-4.272880091217783,107.0,55.906815669822045,-4.385279074380807,109,19.069,1432
55.800478559296046,-4.272880091217783,107.0,55.916237634416454,-4.222407816066865,110,15.793,1400
55.800478559296046,-4.272880091217783,107.0,55.915798955837815,-4.088621086891774,111,26.935,1493
55.800478559296046,-4.272880091217783,107.0,55.827538479175395,-4.350653065976025,112,7.096,676
55.800478559296046,-4.272880091217783,107.0,55.799515288981674,-4.0866627646338864,113,18.355,1171
55.800478559296046,-4.272880091217783,107.0,55.831024245961984,-4.244756518165482,114,4.935,527
55.800478559296046,-4.272880091217783,107.0,55.86754360554833,-4.2143078261423845,115,11.479,1192
55.800478559296046,-4.272880091217783,107.0,55.8574985965699,-4.1521224561179935,116,13.955,1161
55.800478559296046,-4.272880091217783,107.0,55.88095643501817,-4.32811659177277,117,13.705,1021
55.800478559296046,-4.272880091217783,107.0,55.85240433608213,-4.177570445500026,118,12.816,1102
55.800478559296046,-4.272880091217783,107.0,55.91169549549074,-4.359708873069638,119,19.881,1620
55.800478559296046,-4.272880091217783,107.0,55.92640787519779,-4.300990956079843,120,19.034,1467
55.800478559296046,-4.272880091217783,107.0,55.84019197366069,-4.205566157974415,121,8.645,929
55.800478559296046,-4.272880091217783,107.0,55.866619942939494,-4.268153778778456,122,10.325,1041
55.800478559296046,-4.272880091217783,107.0,55.81327411986783,-4.2587495402872255,123,3.062,351
55.800478559296046,-4.272880091217783,107.0,55.86022660117776,-4.154711133590585,124,14.308,1192
55.800478559296046,-4.272880091217783,107.0,55.831522729053496,-4.370420634377527,125,9.15,847
55.800478559296046,-4.272880091217783,107.0,55.84074346341779,-4.172411658039648,126,11.02,904
55.800478559296046,-4.272880091217783,107.0,55.8801412435821,-4.258666277618953,127,12.174,1126
55.800478559296046,-4.272880091217783,107.0,55.8434159429892,-4.1056733307349536,128,15.423,1084
55.800478559296046,-4.272880091217783,107.0,55.83522057783537,-4.25736952395694,129,5.047,575
55.800478559296046,-4.272880091217783,107.0,55.86467774065618,-4.2250953414252415,130,9.837,958
55.800478559296046,-4.272880091217783,107.0,55.8953662249987,-4.231143624453162,131,12.98,1212
55.800478559296046,-4.272880091217783,107.0,55.81920459649808,-4.236238450921302,132,4.192,456
55.800478559296046,-4.272880091217783,107.0,55.900795402502105,-4.206009410292495,133,15.147,1407
55.800478559296046,-4.272880091217783,107.0,55.86078490474355,-4.339631469507248,134,14.925,1107
55.800478559296046,-4.272880091217783,107.0,55.924999437053955,-4.191173279124663,135,17.437,1452
55.800478559296046,-4.272880091217783,107.0,55.81549096669224,-4.126910343137958,136,16.926,1123
55.800478559296046,-4.272880091217783,107.0,55.90135585493081,-4.207622057499793,137,15.146,1384
55.800478559296046,-4.272880091217783,107.0,55.845816555475636,-4.129576488296543,138,14.172,1125
55.800478559296046,-4.272880091217783,107.0,55.80470047644827,-4.291960781118721,139,3.07,398
55.800478559296046,-4.272880091217783,107.0,55.89185394491289,-4.179857587296262,140,14.467,1190
55.800478559296046,-4.272880091217783,107.0,55.91859399996558,-4.3401659608951215,141,18.747,1471
55.800478559296046,-4.272880091217783,107.0,55.90671476836246,-4.3642865107142725,142,18.648,1485
55.800478559296046,-4.272880091217783,107.0,55.81273399651921,-4.167613047894911,143,11.122,873
55.800478559296046,-4.272880091217783,107.0,55.80939871413575,-4.276056954355674,144,1.377,155
55.800478559296046,-4.272880091217783,107.0,55.88312869327199,-4.214542892826467,145,12.551,1239
55.800478559296046,-4.272880091217783,107.0,55.815340374954424,-4.283514492524949,146,2.399,258
55.800478559296046,-4.272880091217783,107.0,55.87864379034378,-4.080636908866371,147,23.397,1275
55.800478559296046,-4.272880091217783,107.0,55.89423440492952,-4.2418874418647645,148,13.543,1296
55.800478559296046,-4.272880091217783,107.0,55.92796852989922,-4.305970400193036,149,19.162,1490
55.800478559296046,-4.272880091217783,107.0,55.92895153496988,-4.082888064137351,150,27.893,1501
55.800478559296046,-4.272880091217783,107.0,55.790766759429424,-4.135285962371055,151,13.676,929
55.800478559296046,-4.272880091217783,107.0,55.80808041573422,-4.184105792933229,152,9.919,777
55.800478559296046,-4.272880091217783,107.0,55.7982747224006,-4.3931924101572655,153,9.727,856
55.800478559296046,-4.272880091217783,107.0,55.81178474630603,-4.337962602706185,154,6.372,548
55.800478559296046,-4.272880091217783,107.0,55.852972007756,-4.353957895039277,155,10.202,1056
55.800478559296046,-4.272880091217783,107.0,55.797152036890715,-4.311451416173846,156,4.04,395
55.800478559296046,-4.272880091217783,107.0,55.84839482833289,-4.1889265673730645,157,12.598,1019
55.800478559296046,-4.272880091217783,107.0,55.86383954752864,-4.387927326091926,158,19.716,1137
55.800478559296046,-4.272880091217783,107.0,55.807182357875575,-4.140487806234959,159,12.952,989
55.800478559296046,-4.272880091217783,107.0,55.8296607577131,-4.218765551358871,160,6.57,703
55.800478559296046,-4.272880091217783,107.0,55.82699494590622,-4.295404959002084,161,4.291,461
55.800478559296046,-4.272880091217783,107.0,55.861248665443505,-4.307186036515638,162,9.097,931
55.800478559296046,-4.272880091217783,107.0,55.897857165570365,-4.156645648865112,163,15.943,1227
55.800478559296046,-4.272880091217783,107.0,55.877747555317356,-4.342792329217214,164,14.303,1127
55.800478559296046,-4.272880091217783,107.0,55.92259641850896,-4.389236283866068,165,33.078,1700
55.800478559296046,-4.272880091217783,107.0,55.92621339590465,-4.2820478996479165,166,17.486,1366
55.800478559296046,-4.272880091217783,107.0,55.80660612206145,-4.094012410496262,167,19.47,1372
55.800478559296046,-4.272880091217783,107.0,55.84605439624201,-4.09192094471571,168,24.626,1343
55.800478559296046,-4.272880091217783,107.0,55.83961965364386,-4.1201104741133365,169,14.774,982
55.800478559296046,-4.272880091217783,107.0,55.85030951683019,-4.217608837338132,170,8.065,902
55.800478559296046,-4.272880091217783,107.0,55.85971342373431,-4.246748195156407,171,8.57,895
55.800478559296046,-4.272880091217783,107.0,55.815747728441636,-4.150792968910081,172,13.14,1087
55.800478559296046,-4.272880091217783,107.0,55.80041195127493,-4.3806303679601495,173,11.905,819
55.800478559296046,-4.272880091217783,107.0,55.85487415463933,-4.092829020720908,174,19.081,1174
55.800478559296046,-4.272880091217783,107.0,55.80456076444065,-4.203157873727267,175,8.163,807
55.800478559296046,-4.272880091217783,107.0,55.84723005082115,-4.330151260440624,176,8.722,875
55.800478559296046,-4.272880091217783,107.0,55.88775631668876,-4.123428423568879,177,19.691,1438
55.800478559296046,-4.272880091217783,107.0,55.82857385936083,-4.129579652409029,178,18.999,1298
55.800478559296046,-4.272880091217783,107.0,55.879865395443076,-4.36272007519476,179,15.211,1153
55.800478559296046,-4.272880091217783,107.0,55.87973669437185,-4.215636550296907,180,11.838,1250
55.800478559296046,-4.272880091217783,107.0,55.8162521393249,-4.1868605517933455,181,7.916,804
55.800478559296046,-4.272880091217783,107.0,55.80755514535402,-4.201625161718038,182,7.398,755
55.800478559296046,-4.272880091217783,107.0,55.85565398843102,-4.250533808562208,183,7.609,797
55.800478559296046,-4.272880091217783,107.0,55.929636326069506,-4.381100658166308,184,34.064,1721
55.800478559296046,-4.272880091217783,107.0,55.879581066995904,-4.21986165885879,185,11.479,1231
55.800478559296046,-4.272880091217783,107.0,55.92647877645629,-4.127886630011083,186,21.305,1557
55.800478559296046,-4.272880091217783,107.0,55.82282427264178,-4.371094162561755,187,8.286,770
55.800478559296046,-4.272880091217783,107.0,55.90291353127043,-4.3414180899754955,188,16.694,1363
55.800478559296046,-4.272880091217783,107.0,55.78437024600116,-4.156926419796477,189,13.566,907
55.800478559296046,-4.272880091217783,107.0,55.8321542449311,-4.1561720476648265,190,11.849,996
55.800478559296046,-4.272880091217783,107.0,55.88310705812362,-4.084862107847263,191,20.558,1156
55.800478559296046,-4.272880091217783,107.0,55.85616333886266,-4.110333739241922,192,19.201,1271
55.800478559296046,-4.272880091217783,107.0,55.90185178498145,-4.152652007721208,193,19.852,1851
55.800478559296046,-4.272880091217783,107.0,55.8837118458465,-4.182392741162416,194,16.131,2199
55.800478559296046,-4.272880091217783,107.0,55.83086049774818,-4.312434105301623,195,5.441,532
55.800478559296046,-4.272880091217783,107.0,55.821849459706755,-4.176208567338996,196,9.547,961
55.800478559296046,-4.272880091217783,107.0,55.88009750494633,-4.255964552703097,197,11.86,1105
55.800478559296046,-4.272880091217783,107.0,55.87413911675089,-4.369807111055967,198,15.718,1028
55.800478559296046,-4.272880091217783,107.0,55.86354071984154,-4.093406384811447,199,20.661,1279
55.922840392598495,-4.275649579469182,108.0,55.8391698042901,-4.214478482526657,0,12.599,1266
55.922840392598495,-4.275649579469182,108.0,55.86553667472969,-4.350500876963486,1,12.048,1211
55.922840392598495,-4.275649579469182,108.0,55.912892829643965,-4.286410947894997,2,1.245,1264
55.922840392598495,-4.275649579469182,108.0,55.84854019346565,-4.391697428307927,3,17.266,1500
55.922840392598495,-4.275649579469182,108.0,55.79232875093524,-4.310455024670266,4,19.757,1479
55.922840392598495,-4.275649579469182,108.0,55.837143362020576,-4.120043492886959,5,20.342,1360
55.922840392598495,-4.275649579469182,108.0,55.84185129809378,-4.283879851305767,6,14.437,1229
55.922840392598495,-4.275649579469182,108.0,55.90609664927746,-4.311383718964596,7,5.687,650
55.922840392598495,-4.275649579469182,108.0,55.7832172019226,-4.31249791159531,8,21.345,1537
55.922840392598495,-4.275649579469182,108.0,55.8177258987159,-4.260489243356555,9,15.314,1409
55.922840392598495,-4.275649579469182,108.0,55.903262790870684,-4.212111703691823,10,6.886,776
55.922840392598495,-4.275649579469182,108.0,55.893978813107424,-4.1413270988368325,11,14.466,1103
55.922840392598495,-4.275649579469182,108.0,55.894884622950286,-4.154349650804189,12,14.058,972
55.922840392598495,-4.275649579469182,108.0,55.80680963785043,-4.263605759417426,13,17.079,1634
55.922840392598495,-4.275649579469182,108.0,55.81824312166051,-4.346878846315483,14,16.92,1393
55.922840392598495,-4.275649579469182,108.0,55.84742656229786,-4.269221405976544,15,10.913,1116
55.922840392598495,-4.275649579469182,108.0,55.80730424868546,-4.315177272898423,16,16.626,1378
55.922840392598495,-4.275649579469182,108.0,55.83798278877758,-4.260604018644594,17,11.884,1220
55.922840392598495,-4.275649579469182,108.0,55.89424631095569,-4.343398240721316,18,8.218,874
55.922840392598495,-4.275649579469182,108.0,55.83908093533876,-4.223069302141199,19,12.135,1287
55.922840392598495,-4.275649579469182,108.0,55.8357731433788,-4.270556349194068,20,11.717,1128
55.922840392598495,-4.275649579469182,108.0,55.90309627527835,-4.360750370095284,21,7.756,882
55.922840392598495,-4.275649579469182,108.0,55.85652103589449,-4.101365743428073,22,17.319,1173
55.922840392598495,-4.275649579469182,108.0,55.783736419963375,-4.235306054793451,23,19.374,1700
55.922840392598495,-4.275649579469182,108.0,55.92064824587275,-4.2358362157531895,24,3.597,414
55.922840392598495,-4.275649579469182,108.0,55.907674892744176,-4.2497703459088045,25,7.213,1871
55.922840392598495,-4.275649579469182,108.0,55.919604340921964,-4.226208116301384,26,6.025,617
55.922840392598495,-4.275649579469182,108.0,55.83219148710444,-4.304581930326681,27,15.798,1419
55.922840392598495,-4.275649579469182,108.0,55.79569701419853,-4.1769099124482585,28,21.058,1632
55.922840392598495,-4.275649579469182,108.0,55.81260197667657,-4.197841211154324,29,18.469,1499
55.922840392598495,-4.275649579469182,108.0,55.826092940761974,-4.176919409292903,30,16.999,1432
55.922840392598495,-4.275649579469182,108.0,55.828413149208096,-4.109650878166438,31,24.265,1518
55.922840392598495,-4.275649579469182,108.0,55.8999241737755,-4.257993823533507,32,4.374,529
55.922840392598495,-4.275649579469182,108.0,55.892514250678616,-4.340118142906542,33,8.247,879
55.922840392598495,-4.275649579469182,108.0,55.855241629670886,-4.269936069312288,34,8.757,857
55.922840392598495,-4.275649579469182,108.0,55.877364911629314,-4.109701193625618,35,17.72,1274
55.922840392598495,-4.275649579469182,108.0,55.887053111734645,-4.1280531391159245,36,14.924,1083
55.922840392598495,-4.275649579469182,108.0,55.89108676863447,-4.105446803942431,37,16.657,1390
55.922840392598495,-4.275649579469182,108.0,55.842635153466425,-4.334387903339716,38,13.703,1207
55.922840392598495,-4.275649579469182,108.0,55.89197542936556,-4.19614108945253,39,9.144,879
55.922840392598495,-4.275649579469182,108.0,55.825849135803445,-4.321179033230789,40,13.976,1320
55.922840392598495,-4.275649579469182,108.0,55.81864602215581,-4.375055705699034,41,17.949,1401
55.922840392598495,-4.275649579469182,108.0,55.92613065482397,-4.212698358862173,42,6.653,687
55.922840392598495,-4.275649579469182,108.0,55.874439929608144,-4.279689658904073,43,8.312,931
55.922840392598495,-4.275649579469182,108.0,55.81998166828728,-4.245455535821837,44,14.794,1315
55.922840392598495,-4.275649579469182,108.0,55.91066980601156,-4.213502644426629,45,5.725,646
55.922840392598495,-4.275649579469182,108.0,55.8404807486866,-4.356656090229781,46,17.355,1474
55.922840392598495,-4.275649579469182,108.0,55.88708229912325,-4.079055837843032,47,23.253,1323
55.922840392598495,-4.275649579469182,108.0,55.84510555179576,-4.178720975321847,48,13.596,1330
55.922840392598495,-4.275649579469182,108.0,55.84413340760586,-4.085244529493477,49,21.818,1706
55.922840392598495,-4.275649579469182,108.0,55.83324217210475,-4.157183908594519,50,24.81,1471
55.922840392598495,-4.275649579469182,108.0,55.895753278756494,-4.323131413571223,51,7.382,820
55.922840392598495,-4.275649579469182,108.0,55.88609925330935,-4.38354364327563,52,18.868,1347
55.922840392598495,-4.275649579469182,108.0,55.86596770908397,-4.338853955125049,53,11.179,1135
55.922840392598495,-4.275649579469182,108.0,55.819381988004544,-4.256567679373081,54,14.244,1466
55.922840392598495,-4.275649579469182,108.0,55.919398785577634,-4.298102785445152,55,1.521,944
55.922840392598495,-4.275649579469182,108.0,55.81052481551728,-4.0780884232687225,56,27.064,2665
55.922840392598495,-4.275649579469182,108.0,55.8411814367945,-4.125490362928665,57,22.346,1414
55.922840392598495,-4.275649579469182,108.0,55.844855881791794,-4.151320272286683,58,17.448,1432
55.922840392598495,-4.275649579469182,108.0,55.79334532620707,-4.3052187624925375,59,20.088,1485
55.922840392598495,-4.275649579469182,108.0,55.78499644933002,-4.082518262203789,60,28.954,1592
55.922840392598495,-4.275649579469182,108.0,55.86482365717543,-4.074666870071637,61,19.585,1390
55.922840392598495,-4.275649579469182,108.0,55.910543969585106,-4.384534109666136,62,10.188,1017
55.922840392598495,-4.275649579469182,108.0,55.799715679086134,-4.188568421733812,63,21.04,1791
55.922840392598495,-4.275649579469182,108.0,55.90005630083831,-4.294022887833187,64,4.529,592
55.922840392598495,-4.275649579469182,108.0,55.82573931186619,-4.210157383495828,65,16.526,1314
55.922840392598495,-4.275649579469182,108.0,55.88010014610652,-4.288014027401103,66,6.85,834
55.922840392598495,-4.275649579469182,108.0,55.8836463272421,-4.377148406451105,67,18.638,1425
55.922840392598495,-4.275649579469182,108.0,55.80511293548626,-4.195982430231648,68,19.449,1574
55.922840392598495,-4.275649579469182,108.0,55.9265186267864,-4.256321117900257,69,2.495,402
55.922840392598495,-4.275649579469182,108.0,55.90353118048908,-4.119171950823842,70,15.325,1305
55.922840392598495,-4.275649579469182,108.0,55.81502357146685,-4.260984914919316,71,15.671,1444
55.922840392598495,-4.275649579469182,108.0,55.894355058439295,-4.293143876300353,72,5.577,676
55.922840392598495,-4.275649579469182,108.0,55.80246488546192,-4.242274834364847,73,16.935,1540
55.922840392598495,-4.275649579469182,108.0,55.887581813102464,-4.2985753032369685,74,6.187,745
55.922840392598495,-4.275649579469182,108.0,55.928290955083554,-4.295962301582311,75,1.859,360
55.922840392598495,-4.275649579469182,108.0,55.81096058143004,-4.368797105646974,76,19.606,1483
55.922840392598495,-4.275649579469182,108.0,55.84818750128869,-4.3631808239548375,77,18.341,1326
55.922840392598495,-4.275649579469182,108.0,55.81610352786554,-4.330910795148831,78,15.945,1233
55.922840392598495,-4.275649579469182,108.0,55.807034270653475,-4.136077366584948,79,20.233,1683
55.922840392598495,-4.275649579469182,108.0,55.86778114631985,-4.233612892312959,80,8.605,885
55.922840392598495,-4.275649579469182,108.0,55.79578956690847,-4.368290459919509,81,24.69,2678
55.922840392598495,-4.275649579469182,108.0,55.897877306124535,-4.077031107370425,82,18.448,1856
55.922840392598495,-4.275649579469182,108.0,55.80721289582252,-4.242612882195534,83,16.158,1492
55.922840392598495,-4.275649579469182,108.0,55.92209393969709,-4.157940141970138,84,12.111,922
55.922840392598495,-4.275649579469182,108.0,55.79188265083702,-4.28147512844989,85,20.95,1540
55.922840392598495,-4.275649579469182,108.0,55.88043814367632,-4.104360473798184,86,17.532,1233
55.922840392598495,-4.275649579469182,108.0,55.90345994988174,-4.293652184560058,87,3.744,513
55.922840392598495,-4.275649579469182,108.0,55.91230525016259,-4.108196424937476,88,16.349,1214
55.922840392598495,-4.275649579469182,108.0,55.90569137930351,-4.3852429216612405,89,11.124,1093
55.922840392598495,-4.275649579469182,108.0,55.824402119970216,-4.298242138123909,90,14.412,1241
55.922840392598495,-4.275649579469182,108.0,55.887104625653905,-4.201059285828647,91,9.345,978
55.922840392598495,-4.275649579469182,108.0,55.92006797200308,-4.195257422106852,92,7.499,665
55.922840392598495,-4.275649579469182,108.0,55.7944551107823,-4.1683749063061635,93,21.188,2067
55.922840392598495,-4.275649579469182,108.0,55.88003873447475,-4.304350182381346,94,8.483,946
55.922840392598495,-4.275649579469182,108.0,55.88308048053683,-4.2942103285768285,95,6.868,849
55.922840392598495,-4.275649579469182,108.0,55.80779271908626,-4.3234306371549245,96,17.216,1365
55.922840392598495,-4.275649579469182,108.0,55.90123467399992,-4.380968632189907,97,13.902,1361
55.922840392598495,-4.275649579469182,108.0,55.88049231589054,-4.293733205570284,98,7.985,910
55.922840392598495,-4.275649579469182,108.0,55.84697147961761,-4.334108806216461,99,13.817,1240
55.922840392598495,-4.275649579469182,108.0,55.83067141211495,-4.195633651932574,100,15.809,1311
55.922840392598495,-4.275649579469182,108.0,55.89350845984679,-4.099445363541155,101,16.472,1221
55.922840392598495,-4.275649579469182,108.0,55.92592408664018,-4.179171340754611,102,9.67,809
55.922840392598495,-4.275649579469182,108.0,55.84941827409408,-4.169566750359822,103,13.382,1315
55.922840392598495,-4.275649579469182,108.0,55.92413375575165,-4.226670311636797,104,7.868,1430
55.922840392598495,-4.275649579469182,108.0,55.88995713457192,-4.285031242761631,105,5.843,657
55.922840392598495,-4.275649579469182,108.0,55.90528066541109,-4.131569818675147,106,12.687,942
55.922840392598495,-4.275649579469182,108.0,55.87850608392288,-4.103517886631066,107,17.863,1267
55.922840392598495,-4.275649579469182,108.0,55.80799405798939,-4.284953473560454,108,15.715,1495
55.922840392598495,-4.275649579469182,108.0,55.906815669822045,-4.385279074380807,109,10.905,1047
55.922840392598495,-4.275649579469182,108.0,55.916237634416454,-4.222407816066865,110,5.777,599
55.922840392598495,-4.275649579469182,108.0,55.915798955837815,-4.088621086891774,111,17.067,1249
55.922840392598495,-4.275649579469182,108.0,55.827538479175395,-4.350653065976025,112,16.289,1324
55.922840392598495,-4.275649579469182,108.0,55.799515288981674,-4.0866627646338864,113,29.324,1705
55.922840392598495,-4.275649579469182,108.0,55.831024245961984,-4.244756518165482,114,13.275,1216
55.922840392598495,-4.275649579469182,108.0,55.86754360554833,-4.2143078261423845,115,9.945,1001
55.922840392598495,-4.275649579469182,108.0,55.8574985965699,-4.1521224561179935,116,15.229,1217
55.922840392598495,-4.275649579469182,108.0,55.88095643501817,-4.32811659177277,117,8.462,919
55.922840392598495,-4.275649579469182,108.0,55.85240433608213,-4.177570445500026,118,12.667,1187
55.922840392598495,-4.275649579469182,108.0,55.91169549549074,-4.359708873069638,119,7.7,874
55.922840392598495,-4.275649579469182,108.0,55.92640787519779,-4.300990956079843,120,2.307,408
55.922840392598495,-4.275649579469182,108.0,55.84019197366069,-4.205566157974415,121,13.085,1364
55.922840392598495,-4.275649579469182,108.0,55.866619942939494,-4.268153778778456,122,7.946,995
55.922840392598495,-4.275649579469182,108.0,55.81327411986783,-4.2587495402872255,123,15.65,1453
55.922840392598495,-4.275649579469182,108.0,55.86022660117776,-4.154711133590585,124,14.446,1144
55.922840392598495,-4.275649579469182,108.0,55.831522729053496,-4.370420634377527,125,18.343,1494
55.922840392598495,-4.275649579469182,108.0,55.84074346341779,-4.172411658039648,126,14.666,1377
55.922840392598495,-4.275649579469182,108.0,55.8801412435821,-4.258666277618953,127,5.479,622
55.922840392598495,-4.275649579469182,108.0,55.8434159429892,-4.1056733307349536,128,22.602,1442
55.922840392598495,-4.275649579469182,108.0,55.83522057783537,-4.25736952395694,129,11.858,1221
55.922840392598495,-4.275649579469182,108.0,55.86467774065618,-4.2250953414252415,130,8.729,837
55.922840392598495,-4.275649579469182,108.0,55.8953662249987,-4.231143624453162,131,7.139,731
55.922840392598495,-4.275649579469182,108.0,55.81920459649808,-4.236238450921302,132,15.378,1365
55.922840392598495,-4.275649579469182,108.0,55.900795402502105,-4.206009410292495,133,7.699,856
55.922840392598495,-4.275649579469182,108.0,55.86078490474355,-4.339631469507248,134,11.714,1230
55.922840392598495,-4.275649579469182,108.0,55.924999437053955,-4.191173279124663,135,7.75,675
55.922840392598495,-4.275649579469182,108.0,55.81549096669224,-4.126910343137958,136,27.664,1730
55.922840392598495,-4.275649579469182,108.0,55.90135585493081,-4.207622057499793,137,7.588,818
55.922840392598495,-4.275649579469182,108.0,55.845816555475636,-4.129576488296543,138,18.419,1386
55.922840392598495,-4.275649579469182,108.0,55.80470047644827,-4.291960781118721,139,15.742,1473
55.922840392598495,-4.275649579469182,108.0,55.89185394491289,-4.179857587296262,140,10.659,942
55.922840392598495,-4.275649579469182,108.0,55.91859399996558,-4.3401659608951215,141,5.068,619
55.922840392598495,-4.275649579469182,108.0,55.90671476836246,-4.3642865107142725,142,7.787,846
55.922840392598495,-4.275649579469182,108.0,55.81273399651921,-4.167613047894911,143,18.282,1494
55.922840392598495,-4.275649579469182,108.0,55.80939871413575,-4.276056954355674,144,15.623,1459
55.922840392598495,-4.275649579469182,108.0,55.88312869327199,-4.214542892826467,145,7.522,926
55.922840392598495,-4.275649579469182,108.0,55.815340374954424,-4.283514492524949,146,14.617,1344
55.922840392598495,-4.275649579469182,108.0,55.87864379034378,-4.080636908866371,147,24.166,1346
55.922840392598495,-4.275649579469182,108.0,55.89423440492952,-4.2418874418647645,148,5.015,643
55.922840392598495,-4.275649579469182,108.0,55.92796852989922,-4.305970400193036,149,2.435,431
55.922840392598495,-4.275649579469182,108.0,55.92895153496988,-4.082888064137351,150,16.231,1191
55.922840392598495,-4.275649579469182,108.0,55.790766759429424,-4.135285962371055,151,23.613,1708
55.922840392598495,-4.275649579469182,108.0,55.80808041573422,-4.184105792933229,152,19.243,1505
55.922840392598495,-4.275649579469182,108.0,55.7982747224006,-4.3931924101572655,153,20.414,1578
55.922840392598495,-4.275649579469182,108.0,55.81178474630603,-4.337962602706185,154,17.012,1339
55.922840392598495,-4.275649579469182,108.0,55.852972007756,-4.353957895039277,155,13.035,1329
55.922840392598495,-4.275649579469182,108.0,55.797152036890715,-4.311451416173846,156,18.984,1413
55.922840392598495,-4.275649579469182,108.0,55.84839482833289,-4.1889265673730645,157,12.411,1205
55.922840392598495,-4.275649579469182,108.0,55.86383954752864,-4.387927326091926,158,20.977,1353
55.922840392598495,-4.275649579469182,108.0,55.807182357875575,-4.140487806234959,159,19.91,1658
55.922840392598495,-4.275649579469182,108.0,55.8296607577131,-4.218765551358871,160,14.695,1372
55.922840392598495,-4.275649579469182,108.0,55.82699494590622,-4.295404959002084,161,14.448,1217
55.922840392598495,-4.275649579469182,108.0,55.861248665443505,-4.307186036515638,162,11.855,1201
55.922840392598495,-4.275649579469182,108.0,55.897857165570365,-4.156645648865112,163,12.196,995
55.922840392598495,-4.275649579469182,108.0,55.877747555317356,-4.342792329217214,164,10.019,1126
55.922840392598495,-4.275649579469182,108.0,55.92259641850896,-4.389236283866068,165,9.067,823
55.922840392598495,-4.275649579469182,108.0,55.92621339590465,-4.2820478996479165,166,1.285,333
55.922840392598495,-4.275649579469182,108.0,55.80660612206145,-4.094012410496262,167,26.649,1730
55.922840392598495,-4.275649579469182,108.0,55.84605439624201,-4.09192094471571,168,18.746,1150
55.922840392598495,-4.275649579469182,108.0,55.83961965364386,-4.1201104741133365,169,21.953,1341
55.922840392598495,-4.275649579469182,108.0,55.85030951683019,-4.217608837338132,170,11.161,1121
55.922840392598495,-4.275649579469182,108.0,55.85971342373431,-4.246748195156407,171,9.098,935
55.922840392598495,-4.275649579469182,108.0,55.815747728441636,-4.150792968910081,172,18.78,1555
55.922840392598495,-4.275649579469182,108.0,55.80041195127493,-4.3806303679601495,173,19.83,1531
55.922840392598495,-4.275649579469182,108.0,55.85487415463933,-4.092829020720908,174,18.556,1151
55.922840392598495,-4.275649579469182,108.0,55.80456076444065,-4.203157873727267,175,19.468,1576
55.922840392598495,-4.275649579469182,108.0,55.84723005082115,-4.330151260440624,176,13.338,1184
55.922840392598495,-4.275649579469182,108.0,55.88775631668876,-4.123428423568879,177,15.059,1089
55.922840392598495,-4.275649579469182,108.0,55.82857385936083,-4.129579652409029,178,27.271,1709
55.922840392598495,-4.275649579469182,108.0,55.879865395443076,-4.36272007519476,179,10.566,1164
55.922840392598495,-4.275649579469182,108.0,55.87973669437185,-4.215636550296907,180,8.437,951
55.922840392598495,-4.275649579469182,108.0,55.8162521393249,-4.1868605517933455,181,17.662,1465
55.922840392598495,-4.275649579469182,108.0,55.80755514535402,-4.201625161718038,182,19.221,1543
55.922840392598495,-4.275649579469182,108.0,55.85565398843102,-4.250533808562208,183,9.912,1091
55.922840392598495,-4.275649579469182,108.0,55.929636326069506,-4.381100658166308,184,8.129,782
55.922840392598495,-4.275649579469182,108.0,55.879581066995904,-4.21986165885879,185,7.46,890
55.922840392598495,-4.275649579469182,108.0,55.92647877645629,-4.127886630011083,186,13.915,1131
55.922840392598495,-4.275649579469182,108.0,55.82282427264178,-4.371094162561755,187,17.479,1417
55.922840392598495,-4.275649579469182,108.0,55.90291353127043,-4.3414180899754955,188,8.915,942
55.922840392598495,-4.275649579469182,108.0,55.78437024600116,-4.156926419796477,189,22.957,1722
55.922840392598495,-4.275649579469182,108.0,55.8321542449311,-4.1561720476648265,190,24.85,1484
55.922840392598495,-4.275649579469182,108.0,55.88310705812362,-4.084862107847263,191,22.81,1313
55.922840392598495,-4.275649579469182,108.0,55.85616333886266,-4.110333739241922,192,17.357,1195
55.922840392598495,-4.275649579469182,108.0,55.90185178498145,-4.152652007721208,193,11.468,1331
55.922840392598495,-4.275649579469182,108.0,55.8837118458465,-4.182392741162416,194,14.597,2007
55.922840392598495,-4.275649579469182,108.0,55.83086049774818,-4.312434105301623,195,15.382,1322
55.922840392598495,-4.275649579469182,108.0,55.821849459706755,-4.176208567338996,196,17.41,1429
55.922840392598495,-4.275649579469182,108.0,55.88009750494633,-4.255964552703097,197,5.375,617
55.922840392598495,-4.275649579469182,108.0,55.87413911675089,-4.369807111055967,198,16.979,1244
55.922840392598495,-4.275649579469182,108.0,55.86354071984154,-4.093406384811447,199,17.973,1248
55.90111288119342,-4.3393137261951535,109.0,55.8391698042901,-4.214478482526657,0,16.303,1134
55.90111288119342,-4.3393137261951535,109.0,55.86553667472969,-4.350500876963486,1,6.683,695
55.90111288119342,-4.3393137261951535,109.0,55.912892829643965,-4.286410947894997,2,9.721,1621
55.90111288119342,-4.3393137261951535,109.0,55.84854019346565,-4.391697428307927,3,10.768,1047
55.90111288119342,-4.3393137261951535,109.0,55.79232875093524,-4.310455024670266,4,19.417,1265
55.90111288119342,-4.3393137261951535,109.0,55.837143362020576,-4.120043492886959,5,20.002,1146
55.90111288119342,-4.3393137261951535,109.0,55.84185129809378,-4.283879851305767,6,11.161,1007
55.90111288119342,-4.3393137261951535,109.0,55.90609664927746,-4.311383718964596,7,5.033,486
55.90111288119342,-4.3393137261951535,109.0,55.7832172019226,-4.31249791159531,8,21.005,1323
55.90111288119342,-4.3393137261951535,109.0,55.8177258987159,-4.260489243356555,9,14.974,1195
55.90111288119342,-4.3393137261951535,109.0,55.903262790870684,-4.212111703691823,10,15.362,1133
55.90111288119342,-4.3393137261951535,109.0,55.893978813107424,-4.1413270988368325,11,15.353,1206
55.90111288119342,-4.3393137261951535,109.0,55.894884622950286,-4.154349650804189,12,17.738,1104
55.90111288119342,-4.3393137261951535,109.0,55.80680963785043,-4.263605759417426,13,16.739,1420
55.90111288119342,-4.3393137261951535,109.0,55.81824312166051,-4.346878846315483,14,16.58,1179
55.90111288119342,-4.3393137261951535,109.0,55.84742656229786,-4.269221405976544,15,10.573,902
55.90111288119342,-4.3393137261951535,109.0,55.80730424868546,-4.315177272898423,16,16.286,1164
55.90111288119342,-4.3393137261951535,109.0,55.83798278877758,-4.260604018644594,17,11.355,1012
55.90111288119342,-4.3393137261951535,109.0,55.89424631095569,-4.343398240721316,18,1.028,219
55.90111288119342,-4.3393137261951535,109.0,55.83908093533876,-4.223069302141199,19,13.894,1165
55.90111288119342,-4.3393137261951535,109.0,55.8357731433788,-4.270556349194068,20,11.377,914
55.90111288119342,-4.3393137261951535,109.0,55.90309627527835,-4.360750370095284,21,2.472,413
55.90111288119342,-4.3393137261951535,109.0,55.85652103589449,-4.101365743428073,22,17.901,1149
55.90111288119342,-4.3393137261951535,109.0,55.783736419963375,-4.235306054793451,23,19.034,1486
55.90111288119342,-4.3393137261951535,109.0,55.92064824587275,-4.2358362157531895,24,12.073,771
55.90111288119342,-4.3393137261951535,109.0,55.907674892744176,-4.2497703459088045,25,15.689,2214
55.90111288119342,-4.3393137261951535,109.0,55.919604340921964,-4.226208116301384,26,14.501,974
55.90111288119342,-4.3393137261951535,109.0,55.83219148710444,-4.304581930326681,27,15.458,1206
55.90111288119342,-4.3393137261951535,109.0,55.79569701419853,-4.1769099124482585,28,20.718,1418
55.90111288119342,-4.3393137261951535,109.0,55.81260197667657,-4.197841211154324,29,18.129,1286
55.90111288119342,-4.3393137261951535,109.0,55.826092940761974,-4.176919409292903,30,16.659,1218
55.90111288119342,-4.3393137261951535,109.0,55.828413149208096,-4.109650878166438,31,23.463,1409
55.90111288119342,-4.3393137261951535,109.0,55.8999241737755,-4.257993823533507,32,12.85,886
55.90111288119342,-4.3393137261951535,109.0,55.892514250678616,-4.340118142906542,33,1.057,224
55.90111288119342,-4.3393137261951535,109.0,55.855241629670886,-4.269936069312288,34,8.417,643
55.90111288119342,-4.3393137261951535,109.0,55.877364911629314,-4.109701193625618,35,18.302,1249
55.90111288119342,-4.3393137261951535,109.0,55.887053111734645,-4.1280531391159245,36,18.604,1216
55.90111288119342,-4.3393137261951535,109.0,55.89108676863447,-4.105446803942431,37,20.337,1522
55.90111288119342,-4.3393137261951535,109.0,55.842635153466425,-4.334387903339716,38,8.546,850
55.90111288119342,-4.3393137261951535,109.0,55.89197542936556,-4.19614108945253,39,14.611,1049
55.90111288119342,-4.3393137261951535,109.0,55.825849135803445,-4.321179033230789,40,13.636,1106
55.90111288119342,-4.3393137261951535,109.0,55.81864602215581,-4.375055705699034,41,12.548,1133
55.90111288119342,-4.3393137261951535,109.0,55.92613065482397,-4.212698358862173,42,15.129,1044
55.90111288119342,-4.3393137261951535,109.0,55.874439929608144,-4.279689658904073,43,5.704,662
55.90111288119342,-4.3393137261951535,109.0,55.81998166828728,-4.245455535821837,44,14.454,1101
55.90111288119342,-4.3393137261951535,109.0,55.91066980601156,-4.213502644426629,45,14.201,1003
55.90111288119342,-4.3393137261951535,109.0,55.8404807486866,-4.356656090229781,46,10.857,1021
55.90111288119342,-4.3393137261951535,109.0,55.88708229912325,-4.079055837843032,47,21.146,1382
55.90111288119342,-4.3393137261951535,109.0,55.84510555179576,-4.178720975321847,48,18.324,1234
55.90111288119342,-4.3393137261951535,109.0,55.84413340760586,-4.085244529493477,49,22.4,1682
55.90111288119342,-4.3393137261951535,109.0,55.83324217210475,-4.157183908594519,50,18.186,1231
55.90111288119342,-4.3393137261951535,109.0,55.895753278756494,-4.323131413571223,51,2.09,324
55.90111288119342,-4.3393137261951535,109.0,55.88609925330935,-4.38354364327563,52,11.548,879
55.90111288119342,-4.3393137261951535,109.0,55.86596770908397,-4.338853955125049,53,5.814,618
55.90111288119342,-4.3393137261951535,109.0,55.819381988004544,-4.256567679373081,54,15.883,1251
55.90111288119342,-4.3393137261951535,109.0,55.919398785577634,-4.298102785445152,55,9.997,1301
55.90111288119342,-4.3393137261951535,109.0,55.81052481551728,-4.0780884232687225,56,26.262,2556
55.90111288119342,-4.3393137261951535,109.0,55.8411814367945,-4.125490362928665,57,21.544,1304
55.90111288119342,-4.3393137261951535,109.0,55.844855881791794,-4.151320272286683,58,19.176,1284
55.90111288119342,-4.3393137261951535,109.0,55.79334532620707,-4.3052187624925375,59,19.748,1271
55.90111288119342,-4.3393137261951535,109.0,55.78499644933002,-4.082518262203789,60,29.985,1555
55.90111288119342,-4.3393137261951535,109.0,55.86482365717543,-4.074666870071637,61,20.167,1366
55.90111288119342,-4.3393137261951535,109.0,55.910543969585106,-4.384534109666136,62,4.299,488
55.90111288119342,-4.3393137261951535,109.0,55.799715679086134,-4.188568421733812,63,20.7,1577
55.90111288119342,-4.3393137261951535,109.0,55.90005630083831,-4.294022887833187,64,4.924,563
55.90111288119342,-4.3393137261951535,109.0,55.82573931186619,-4.210157383495828,65,16.186,1100
55.90111288119342,-4.3393137261951535,109.0,55.88010014610652,-4.288014027401103,66,4.977,679
55.90111288119342,-4.3393137261951535,109.0,55.8836463272421,-4.377148406451105,67,11.318,956
55.90111288119342,-4.3393137261951535,109.0,55.80511293548626,-4.195982430231648,68,19.109,1360
55.90111288119342,-4.3393137261951535,109.0,55.9265186267864,-4.256321117900257,69,10.971,759
55.90111288119342,-4.3393137261951535,109.0,55.90353118048908,-4.119171950823842,70,19.5,1457
55.90111288119342,-4.3393137261951535,109.0,55.81502357146685,-4.260984914919316,71,15.331,1230
55.90111288119342,-4.3393137261951535,109.0,55.894355058439295,-4.293143876300353,72,4.773,567
55.90111288119342,-4.3393137261951535,109.0,55.80246488546192,-4.242274834364847,73,16.595,1326
55.90111288119342,-4.3393137261951535,109.0,55.887581813102464,-4.2985753032369685,74,4.273,558
55.90111288119342,-4.3393137261951535,109.0,55.928290955083554,-4.295962301582311,75,6.85,566
55.90111288119342,-4.3393137261951535,109.0,55.81096058143004,-4.368797105646974,76,19.266,1270
55.90111288119342,-4.3393137261951535,109.0,55.84818750128869,-4.3631808239548375,77,11.021,857
55.90111288119342,-4.3393137261951535,109.0,55.81610352786554,-4.330910795148831,78,15.605,1019
55.90111288119342,-4.3393137261951535,109.0,55.807034270653475,-4.136077366584948,79,19.893,1469
55.90111288119342,-4.3393137261951535,109.0,55.86778114631985,-4.233612892312959,80,9.187,861
55.90111288119342,-4.3393137261951535,109.0,55.79578956690847,-4.368290459919509,81,16.091,2445
55.90111288119342,-4.3393137261951535,109.0,55.897877306124535,-4.077031107370425,82,22.128,1988
55.90111288119342,-4.3393137261951535,109.0,55.80721289582252,-4.242612882195534,83,15.818,1278
55.90111288119342,-4.3393137261951535,109.0,55.92209393969709,-4.157940141970138,84,19.183,1233
55.90111288119342,-4.3393137261951535,109.0,55.79188265083702,-4.28147512844989,85,20.61,1326
55.90111288119342,-4.3393137261951535,109.0,55.88043814367632,-4.104360473798184,86,18.114,1209
55.90111288119342,-4.3393137261951535,109.0,55.90345994988174,-4.293652184560058,87,5.334,607
55.90111288119342,-4.3393137261951535,109.0,55.91230525016259,-4.108196424937476,88,20.768,1403
55.90111288119342,-4.3393137261951535,109.0,55.90569137930351,-4.3852429216612405,89,4.334,511
55.90111288119342,-4.3393137261951535,109.0,55.824402119970216,-4.298242138123909,90,14.072,1027
55.90111288119342,-4.3393137261951535,109.0,55.887104625653905,-4.201059285828647,91,12.323,1198
55.90111288119342,-4.3393137261951535,109.0,55.92006797200308,-4.195257422106852,92,14.571,977
55.90111288119342,-4.3393137261951535,109.0,55.7944551107823,-4.1683749063061635,93,20.848,1853
55.90111288119342,-4.3393137261951535,109.0,55.88003873447475,-4.304350182381346,94,3.859,501
55.90111288119342,-4.3393137261951535,109.0,55.88308048053683,-4.2942103285768285,95,4.317,520
55.90111288119342,-4.3393137261951535,109.0,55.80779271908626,-4.3234306371549245,96,16.876,1151
55.90111288119342,-4.3393137261951535,109.0,55.90123467399992,-4.380968632189907,97,7.238,831
55.90111288119342,-4.3393137261951535,109.0,55.88049231589054,-4.293733205570284,98,4.219,510
55.90111288119342,-4.3393137261951535,109.0,55.84697147961761,-4.334108806216461,99,8.136,784
55.90111288119342,-4.3393137261951535,109.0,55.83067141211495,-4.195633651932574,100,15.469,1097
55.90111288119342,-4.3393137261951535,109.0,55.89350845984679,-4.099445363541155,101,20.152,1354
55.90111288119342,-4.3393137261951535,109.0,55.92592408664018,-4.179171340754611,102,16.742,1121
55.90111288119342,-4.3393137261951535,109.0,55.84941827409408,-4.169566750359822,103,13.964,1291
55.90111288119342,-4.3393137261951535,109.0,55.92413375575165,-4.226670311636797,104,16.344,1787
55.90111288119342,-4.3393137261951535,109.0,55.88995713457192,-4.285031242761631,105,4.931,569
55.90111288119342,-4.3393137261951535,109.0,55.90528066541109,-4.131569818675147,106,16.95,1103
55.90111288119342,-4.3393137261951535,109.0,55.87850608392288,-4.103517886631066,107,18.445,1242
55.90111288119342,-4.3393137261951535,109.0,55.80799405798939,-4.284953473560454,108,15.375,1281
55.90111288119342,-4.3393137261951535,109.0,55.906815669822045,-4.385279074380807,109,3.645,426
55.90111288119342,-4.3393137261951535,109.0,55.916237634416454,-4.222407816066865,110,14.253,956
55.90111288119342,-4.3393137261951535,109.0,55.915798955837815,-4.088621086891774,111,23.852,1434
55.90111288119342,-4.3393137261951535,109.0,55.827538479175395,-4.350653065976025,112,11.4,1099
55.90111288119342,-4.3393137261951535,109.0,55.799515288981674,-4.0866627646338864,113,30.355,1668
55.90111288119342,-4.3393137261951535,109.0,55.831024245961984,-4.244756518165482,114,12.935,1002
55.90111288119342,-4.3393137261951535,109.0,55.86754360554833,-4.2143078261423845,115,10.527,976
55.90111288119342,-4.3393137261951535,109.0,55.8574985965699,-4.1521224561179935,116,15.811,1193
55.90111288119342,-4.3393137261951535,109.0,55.88095643501817,-4.32811659177277,117,3.097,402
55.90111288119342,-4.3393137261951535,109.0,55.85240433608213,-4.177570445500026,118,13.249,1163
55.90111288119342,-4.3393137261951535,109.0,55.91169549549074,-4.359708873069638,119,3.908,649
55.90111288119342,-4.3393137261951535,109.0,55.92640787519779,-4.300990956079843,120,6.658,587
55.90111288119342,-4.3393137261951535,109.0,55.84019197366069,-4.205566157974415,121,16.789,1249
55.90111288119342,-4.3393137261951535,109.0,55.866619942939494,-4.268153778778456,122,7.012,815
55.90111288119342,-4.3393137261951535,109.0,55.81327411986783,-4.2587495402872255,123,15.31,1240
55.90111288119342,-4.3393137261951535,109.0,55.86022660117776,-4.154711133590585,124,15.028,1120
55.90111288119342,-4.3393137261951535,109.0,55.831522729053496,-4.370420634377527,125,10.862,1028
55.90111288119342,-4.3393137261951535,109.0,55.84074346341779,-4.172411658039648,126,17.397,1154
55.90111288119342,-4.3393137261951535,109.0,55.8801412435821,-4.258666277618953,127,8.257,863
55.90111288119342,-4.3393137261951535,109.0,55.8434159429892,-4.1056733307349536,128,21.8,1333
55.90111288119342,-4.3393137261951535,109.0,55.83522057783537,-4.25736952395694,129,11.994,1040
55.90111288119342,-4.3393137261951535,109.0,55.86467774065618,-4.2250953414252415,130,9.311,813
55.90111288119342,-4.3393137261951535,109.0,55.8953662249987,-4.231143624453162,131,11.764,991
55.90111288119342,-4.3393137261951535,109.0,55.81920459649808,-4.236238450921302,132,15.038,1151
55.90111288119342,-4.3393137261951535,109.0,55.900795402502105,-4.206009410292495,133,16.175,1213
55.90111288119342,-4.3393137261951535,109.0,55.86078490474355,-4.339631469507248,134,6.349,713
55.90111288119342,-4.3393137261951535,109.0,55.924999437053955,-4.191173279124663,135,14.822,986
55.90111288119342,-4.3393137261951535,109.0,55.81549096669224,-4.126910343137958,136,20.884,1516
55.90111288119342,-4.3393137261951535,109.0,55.90135585493081,-4.207622057499793,137,16.064,1175
55.90111288119342,-4.3393137261951535,109.0,55.845816555475636,-4.129576488296543,138,19.001,1361
55.90111288119342,-4.3393137261951535,109.0,55.80470047644827,-4.291960781118721,139,15.402,1259
55.90111288119342,-4.3393137261951535,109.0,55.89185394491289,-4.179857587296262,140,13.515,974
55.90111288119342,-4.3393137261951535,109.0,55.91859399996558,-4.3401659608951215,141,5.588,523
55.90111288119342,-4.3393137261951535,109.0,55.90671476836246,-4.3642865107142725,142,3.224,469
55.90111288119342,-4.3393137261951535,109.0,55.81273399651921,-4.167613047894911,143,17.942,1280
55.90111288119342,-4.3393137261951535,109.0,55.80939871413575,-4.276056954355674,144,15.283,1245
55.90111288119342,-4.3393137261951535,109.0,55.88312869327199,-4.214542892826467,145,11.335,1017
55.90111288119342,-4.3393137261951535,109.0,55.815340374954424,-4.283514492524949,146,14.277,1131
55.90111288119342,-4.3393137261951535,109.0,55.87864379034378,-4.080636908866371,147,22.126,1416
55.90111288119342,-4.3393137261951535,109.0,55.89423440492952,-4.2418874418647645,148,13.491,1000
55.90111288119342,-4.3393137261951535,109.0,55.92796852989922,-4.305970400193036,149,6.786,610
55.90111288119342,-4.3393137261951535,109.0,55.92895153496988,-4.082888064137351,150,24.222,1383
55.90111288119342,-4.3393137261951535,109.0,55.790766759429424,-4.135285962371055,151,23.273,1494
55.90111288119342,-4.3393137261951535,109.0,55.80808041573422,-4.184105792933229,152,18.903,1292
55.90111288119342,-4.3393137261951535,109.0,55.7982747224006,-4.3931924101572655,153,15.013,1310
55.90111288119342,-4.3393137261951535,109.0,55.81178474630603,-4.337962602706185,154,16.672,1125
55.90111288119342,-4.3393137261951535,109.0,55.852972007756,-4.353957895039277,155,7.67,812
55.90111288119342,-4.3393137261951535,109.0,55.797152036890715,-4.311451416173846,156,18.644,1199
55.90111288119342,-4.3393137261951535,109.0,55.84839482833289,-4.1889265673730645,157,12.993,1181
55.90111288119342,-4.3393137261951535,109.0,55.86383954752864,-4.387927326091926,158,13.657,884
55.90111288119342,-4.3393137261951535,109.0,55.807182357875575,-4.140487806234959,159,19.57,1444
55.90111288119342,-4.3393137261951535,109.0,55.8296607577131,-4.218765551358871,160,14.355,1158
55.90111288119342,-4.3393137261951535,109.0,55.82699494590622,-4.295404959002084,161,14.108,1003
55.90111288119342,-4.3393137261951535,109.0,55.861248665443505,-4.307186036515638,162,6.49,685
55.90111288119342,-4.3393137261951535,109.0,55.897857165570365,-4.156645648865112,163,14.991,1010
55.90111288119342,-4.3393137261951535,109.0,55.877747555317356,-4.342792329217214,164,3.434,530
55.90111288119342,-4.3393137261951535,109.0,55.92259641850896,-4.389236283866068,165,9.587,729
55.90111288119342,-4.3393137261951535,109.0,55.92621339590465,-4.2820478996479165,166,8.017,611
55.90111288119342,-4.3393137261951535,109.0,55.80660612206145,-4.094012410496262,167,25.847,1621
55.90111288119342,-4.3393137261951535,109.0,55.84605439624201,-4.09192094471571,168,19.328,1125
55.90111288119342,-4.3393137261951535,109.0,55.83961965364386,-4.1201104741133365,169,21.151,1231
55.90111288119342,-4.3393137261951535,109.0,55.85030951683019,-4.217608837338132,170,11.743,1097
55.90111288119342,-4.3393137261951535,109.0,55.85971342373431,-4.246748195156407,171,9.68,911
55.90111288119342,-4.3393137261951535,109.0,55.815747728441636,-4.150792968910081,172,18.44,1341
55.90111288119342,-4.3393137261951535,109.0,55.80041195127493,-4.3806303679601495,173,14.429,1263
55.90111288119342,-4.3393137261951535,109.0,55.85487415463933,-4.092829020720908,174,19.138,1126
55.90111288119342,-4.3393137261951535,109.0,55.80456076444065,-4.203157873727267,175,19.128,1362
55.90111288119342,-4.3393137261951535,109.0,55.84723005082115,-4.330151260440624,176,8.326,765
55.90111288119342,-4.3393137261951535,109.0,55.88775631668876,-4.123428423568879,177,18.739,1222
55.90111288119342,-4.3393137261951535,109.0,55.82857385936083,-4.129579652409029,178,20.962,1528
55.90111288119342,-4.3393137261951535,109.0,55.879865395443076,-4.36272007519476,179,3.695,532
55.90111288119342,-4.3393137261951535,109.0,55.87973669437185,-4.215636550296907,180,10.622,1028
55.90111288119342,-4.3393137261951535,109.0,55.8162521393249,-4.1868605517933455,181,17.322,1251
55.90111288119342,-4.3393137261951535,109.0,55.80755514535402,-4.201625161718038,182,18.881,1329
55.90111288119342,-4.3393137261951535,109.0,55.85565398843102,-4.250533808562208,183,9.554,903
55.90111288119342,-4.3393137261951535,109.0,55.929636326069506,-4.381100658166308,184,8.649,689
55.90111288119342,-4.3393137261951535,109.0,55.879581066995904,-4.21986165885879,185,10.263,1009
55.90111288119342,-4.3393137261951535,109.0,55.92647877645629,-4.127886630011083,186,20.987,1442
55.90111288119342,-4.3393137261951535,109.0,55.82282427264178,-4.371094162561755,187,11.85,1115
55.90111288119342,-4.3393137261951535,109.0,55.90291353127043,-4.3414180899754955,188,0.363,62
55.90111288119342,-4.3393137261951535,109.0,55.78437024600116,-4.156926419796477,189,22.617,1508
55.90111288119342,-4.3393137261951535,109.0,55.8321542449311,-4.1561720476648265,190,18.226,1245
55.90111288119342,-4.3393137261951535,109.0,55.88310705812362,-4.084862107847263,191,23.392,1288
55.90111288119342,-4.3393137261951535,109.0,55.85616333886266,-4.110333739241922,192,17.939,1170
55.90111288119342,-4.3393137261951535,109.0,55.90185178498145,-4.152652007721208,193,20.801,1677
55.90111288119342,-4.3393137261951535,109.0,55.8837118458465,-4.182392741162416,194,15.179,1983
55.90111288119342,-4.3393137261951535,109.0,55.83086049774818,-4.312434105301623,195,15.042,1108
55.90111288119342,-4.3393137261951535,109.0,55.821849459706755,-4.176208567338996,196,17.07,1215
55.90111288119342,-4.3393137261951535,109.0,55.88009750494633,-4.255964552703097,197,8.153,858
55.90111288119342,-4.3393137261951535,109.0,55.87413911675089,-4.369807111055967,198,9.659,775
55.90111288119342,-4.3393137261951535,109.0,55.86354071984154,-4.093406384811447,199,18.555,1224
55.865905818493644,-4.0850278603531045,110.0,55.8391698042901,-4.214478482526657,0,14.346,770
55.865905818493644,-4.0850278603531045,110.0,55.86553667472969,-4.350500876963486,1,25.337,1120
55.865905818493644,-4.0850278603531045,110.0,55.912892829643965,-4.286410947894997,2,21.723,2079
55.865905818493644,-4.0850278603531045,110.0,55.84854019346565,-4.391697428307927,3,24.768,1341
55.865905818493644,-4.0850278603531045,110.0,55.79232875093524,-4.310455024670266,4,27.259,1319
55.865905818493644,-4.0850278603531045,110.0,55.837143362020576,-4.120043492886959,5,12.576,589
55.865905818493644,-4.0850278603531045,110.0,55.84185129809378,-4.283879851305767,6,18.553,1073
55.865905818493644,-4.0850278603531045,110.0,55.90609664927746,-4.311383718964596,7,20.407,1188
55.865905818493644,-4.0850278603531045,110.0,55.7832172019226,-4.31249791159531,8,28.847,1377
55.865905818493644,-4.0850278603531045,110.0,55.8177258987159,-4.260489243356555,9,18.503,985
55.865905818493644,-4.0850278603531045,110.0,55.903262790870684,-4.212111703691823,10,14.96,969
55.865905818493644,-4.0850278603531045,110.0,55.893978813107424,-4.1413270988368325,11,8.681,618
55.865905818493644,-4.0850278603531045,110.0,55.894884622950286,-4.154349650804189,12,9.612,571
55.865905818493644,-4.0850278603531045,110.0,55.80680963785043,-4.263605759417426,13,20.941,1253
55.865905818493644,-4.0850278603531045,110.0,55.81824312166051,-4.346878846315483,14,24.422,1233
55.865905818493644,-4.0850278603531045,110.0,55.84742656229786,-4.269221405976544,15,18.415,957
55.865905818493644,-4.0850278603531045,110.0,55.80730424868546,-4.315177272898423,16,24.128,1218
55.865905818493644,-4.0850278603531045,110.0,55.83798278877758,-4.260604018644594,17,17.024,887
55.865905818493644,-4.0850278603531045,110.0,55.89424631095569,-4.343398240721316,18,20.268,1168
55.865905818493644,-4.0850278603531045,110.0,55.83908093533876,-4.223069302141199,19,15.376,900
55.865905818493644,-4.0850278603531045,110.0,55.8357731433788,-4.270556349194068,20,17.708,937
55.865905818493644,-4.0850278603531045,110.0,55.90309627527835,-4.360750370095284,21,22.301,1403
55.865905818493644,-4.0850278603531045,110.0,55.85652103589449,-4.101365743428073,22,2.909,296
55.865905818493644,-4.0850278603531045,110.0,55.783736419963375,-4.235306054793451,23,19.414,1163
55.865905818493644,-4.0850278603531045,110.0,55.92064824587275,-4.2358362157531895,24,17.616,1038
55.865905818493644,-4.0850278603531045,110.0,55.907674892744176,-4.2497703459088045,25,18.073,2113
55.865905818493644,-4.0850278603531045,110.0,55.919604340921964,-4.226208116301384,26,16.35,973
55.865905818493644,-4.0850278603531045,110.0,55.83219148710444,-4.304581930326681,27,23.3,1260
55.865905818493644,-4.0850278603531045,110.0,55.79569701419853,-4.1769099124482585,28,15.589,919
55.865905818493644,-4.0850278603531045,110.0,55.81260197667657,-4.197841211154324,29,16.211,905
55.865905818493644,-4.0850278603531045,110.0,55.826092940761974,-4.176919409292903,30,12.494,732
55.865905818493644,-4.0850278603531045,110.0,55.828413149208096,-4.109650878166438,31,7.613,552
55.865905818493644,-4.0850278603531045,110.0,55.8999241737755,-4.257993823533507,32,18.172,1058
55.865905818493644,-4.0850278603531045,110.0,55.892514250678616,-4.340118142906542,33,20.297,1179
55.865905818493644,-4.0850278603531045,110.0,55.855241629670886,-4.269936069312288,34,16.259,698
55.865905818493644,-4.0850278603531045,110.0,55.877364911629314,-4.109701193625618,35,4.972,279
55.865905818493644,-4.0850278603531045,110.0,55.887053111734645,-4.1280531391159245,36,8.531,584
55.865905818493644,-4.0850278603531045,110.0,55.89108676863447,-4.105446803942431,37,6.401,610
55.865905818493644,-4.0850278603531045,110.0,55.842635153466425,-4.334387903339716,38,21.205,1047
55.865905818493644,-4.0850278603531045,110.0,55.89197542936556,-4.19614108945253,39,12.744,692
55.865905818493644,-4.0850278603531045,110.0,55.825849135803445,-4.321179033230789,40,21.478,1160
55.865905818493644,-4.0850278603531045,110.0,55.81864602215581,-4.375055705699034,41,25.451,1242
55.865905818493644,-4.0850278603531045,110.0,55.92613065482397,-4.212698358862173,42,15.724,968
55.865905818493644,-4.0850278603531045,110.0,55.874439929608144,-4.279689658904073,43,16.1,819
55.865905818493644,-4.0850278603531045,110.0,55.81998166828728,-4.245455535821837,44,17.983,891
55.865905818493644,-4.0850278603531045,110.0,55.91066980601156,-4.213502644426629,45,16.706,1023
55.865905818493644,-4.0850278603531045,110.0,55.8404807486866,-4.356656090229781,46,24.857,1315
55.865905818493644,-4.0850278603531045,110.0,55.88708229912325,-4.079055837843032,47,4.73,266
55.865905818493644,-4.0850278603531045,110.0,55.84510555179576,-4.178720975321847,48,11.91,705
55.865905818493644,-4.0850278603531045,110.0,55.84413340760586,-4.085244529493477,49,4.709,686
55.865905818493644,-4.0850278603531045,110.0,55.83324217210475,-4.157183908594519,50,10.591,579
55.865905818493644,-4.0850278603531045,110.0,55.895753278756494,-4.323131413571223,51,20.039,1241
55.865905818493644,-4.0850278603531045,110.0,55.88609925330935,-4.38354364327563,52,26.37,1188
55.865905818493644,-4.0850278603531045,110.0,55.86596770908397,-4.338853955125049,53,23.153,1068
55.865905818493644,-4.0850278603531045,110.0,55.819381988004544,-4.256567679373081,54,19.412,1041
55.865905818493644,-4.0850278603531045,110.0,55.919398785577634,-4.298102785445152,55,21.999,1758
55.865905818493644,-4.0850278603531045,110.0,55.81052481551728,-4.0780884232687225,56,9.359,1638
55.865905818493644,-4.0850278603531045,110.0,55.8411814367945,-4.125490362928665,57,7.172,530
55.865905818493644,-4.0850278603531045,110.0,55.844855881791794,-4.151320272286683,58,11.742,678
55.865905818493644,-4.0850278603531045,110.0,55.79334532620707,-4.3052187624925375,59,27.59,1326
55.865905818493644,-4.0850278603531045,110.0,55.78499644933002,-4.082518262203789,60,14.735,700
55.865905818493644,-4.0850278603531045,110.0,55.86482365717543,-4.074666870071637,61,1.127,250
55.865905818493644,-4.0850278603531045,110.0,55.910543969585106,-4.384534109666136,62,24.128,1468
55.865905818493644,-4.0850278603531045,110.0,55.799715679086134,-4.188568421733812,63,15.917,1109
55.865905818493644,-4.0850278603531045,110.0,55.90005630083831,-4.294022887833187,64,19.479,1141
55.865905818493644,-4.0850278603531045,110.0,55.82573931186619,-4.210157383495828,65,14.268,719
55.865905818493644,-4.0850278603531045,110.0,55.88010014610652,-4.288014027401103,66,18.2,1110
55.865905818493644,-4.0850278603531045,110.0,55.8836463272421,-4.377148406451105,67,26.14,1265
55.865905818493644,-4.0850278603531045,110.0,55.80511293548626,-4.195982430231648,68,17.191,979
55.865905818493644,-4.0850278603531045,110.0,55.9265186267864,-4.256321117900257,69,19.842,1168
55.865905818493644,-4.0850278603531045,110.0,55.90353118048908,-4.119171950823842,70,7.003,670
55.865905818493644,-4.0850278603531045,110.0,55.81502357146685,-4.260984914919316,71,18.86,1020
55.865905818493644,-4.0850278603531045,110.0,55.894355058439295,-4.293143876300353,72,18.769,1089
55.865905818493644,-4.0850278603531045,110.0,55.80246488546192,-4.242274834364847,73,20.124,1116
55.865905818493644,-4.0850278603531045,110.0,55.887581813102464,-4.2985753032369685,74,18.381,1085
55.865905818493644,-4.0850278603531045,110.0,55.928290955083554,-4.295962301582311,75,21.469,1202
55.865905818493644,-4.0850278603531045,110.0,55.81096058143004,-4.368797105646974,76,27.108,1324
55.865905818493644,-4.0850278603531045,110.0,55.84818750128869,-4.3631808239548375,77,25.843,1167
55.865905818493644,-4.0850278603531045,110.0,55.81610352786554,-4.330910795148831,78,23.447,1074
55.865905818493644,-4.0850278603531045,110.0,55.807034270653475,-4.136077366584948,79,13.068,854
55.865905818493644,-4.0850278603531045,110.0,55.86778114631985,-4.233612892312959,80,13.23,684
55.865905818493644,-4.0850278603531045,110.0,55.79578956690847,-4.368290459919509,81,32.192,2519
55.865905818493644,-4.0850278603531045,110.0,55.897877306124535,-4.077031107370425,82,6.39,948
55.865905818493644,-4.0850278603531045,110.0,55.80721289582252,-4.242612882195534,83,19.347,1068
55.865905818493644,-4.0850278603531045,110.0,55.92209393969709,-4.157940141970138,84,10.966,688
55.865905818493644,-4.0850278603531045,110.0,55.79188265083702,-4.28147512844989,85,22.314,1311
55.865905818493644,-4.0850278603531045,110.0,55.88043814367632,-4.104360473798184,86,4.282,219
55.865905818493644,-4.0850278603531045,110.0,55.90345994988174,-4.293652184560058,87,21.196,1215
55.865905818493644,-4.0850278603531045,110.0,55.91230525016259,-4.108196424937476,88,7.797,579
55.865905818493644,-4.0850278603531045,110.0,55.90569137930351,-4.3852429216612405,89,24.163,1491
55.865905818493644,-4.0850278603531045,110.0,55.824402119970216,-4.298242138123909,90,21.914,1081
55.865905818493644,-4.0850278603531045,110.0,55.887104625653905,-4.201059285828647,91,12.518,767
55.865905818493644,-4.0850278603531045,110.0,55.92006797200308,-4.195257422106852,92,13.729,786
55.865905818493644,-4.0850278603531045,110.0,55.7944551107823,-4.1683749063061635,93,15.719,1353
55.865905818493644,-4.0850278603531045,110.0,55.88003873447475,-4.304350182381346,94,17.714,992
55.865905818493644,-4.0850278603531045,110.0,55.88308048053683,-4.2942103285768285,95,17.314,967
55.865905818493644,-4.0850278603531045,110.0,55.80779271908626,-4.3234306371549245,96,24.718,1206
55.865905818493644,-4.0850278603531045,110.0,55.90123467399992,-4.380968632189907,97,27.316,1667
55.865905818493644,-4.0850278603531045,110.0,55.88049231589054,-4.293733205570284,98,17.216,957
55.865905818493644,-4.0850278603531045,110.0,55.84697147961761,-4.334108806216461,99,21.319,1081
55.865905818493644,-4.0850278603531045,110.0,55.83067141211495,-4.195633651932574,100,13.512,734
55.865905818493644,-4.0850278603531045,110.0,55.89350845984679,-4.099445363541155,101,5.468,380
55.865905818493644,-4.0850278603531045,110.0,55.92592408664018,-4.179171340754611,102,13.0,824
55.865905818493644,-4.0850278603531045,110.0,55.84941827409408,-4.169566750359822,103,8.026,618
55.865905818493644,-4.0850278603531045,110.0,55.92413375575165,-4.226670311636797,104,16.939,1711
55.865905818493644,-4.0850278603531045,110.0,55.88995713457192,-4.285031242761631,105,17.709,991
55.865905818493644,-4.0850278603531045,110.0,55.90528066541109,-4.131569818675147,106,9.338,588
55.865905818493644,-4.0850278603531045,110.0,55.87850608392288,-4.103517886631066,107,4.613,252
55.865905818493644,-4.0850278603531045,110.0,55.80799405798939,-4.284953473560454,108,20.727,1256
55.865905818493644,-4.0850278603531045,110.0,55.906815669822045,-4.385279074380807,109,23.474,1406
55.865905818493644,-4.0850278603531045,110.0,55.916237634416454,-4.222407816066865,110,16.265,961
55.865905818493644,-4.0850278603531045,110.0,55.915798955837815,-4.088621086891774,111,9.335,532
55.865905818493644,-4.0850278603531045,110.0,55.827538479175395,-4.350653065976025,112,23.791,1164
55.865905818493644,-4.0850278603531045,110.0,55.799515288981674,-4.0866627646338864,113,15.105,813
55.865905818493644,-4.0850278603531045,110.0,55.831024245961984,-4.244756518165482,114,16.464,792
55.865905818493644,-4.0850278603531045,110.0,55.86754360554833,-4.2143078261423845,115,11.903,669
55.865905818493644,-4.0850278603531045,110.0,55.8574985965699,-4.1521224561179935,116,7.981,520
55.865905818493644,-4.0850278603531045,110.0,55.88095643501817,-4.32811659177277,117,20.933,1049
55.865905818493644,-4.0850278603531045,110.0,55.85240433608213,-4.177570445500026,118,8.304,633
55.865905818493644,-4.0850278603531045,110.0,55.91169549549074,-4.359708873069638,119,23.865,1471
55.865905818493644,-4.0850278603531045,110.0,55.92640787519779,-4.300990956079843,120,21.917,1251
55.865905818493644,-4.0850278603531045,110.0,55.84019197366069,-4.205566157974415,121,14.832,885
55.865905818493644,-4.0850278603531045,110.0,55.866619942939494,-4.268153778778456,122,15.177,801
55.865905818493644,-4.0850278603531045,110.0,55.81327411986783,-4.2587495402872255,123,18.839,1029
55.865905818493644,-4.0850278603531045,110.0,55.86022660117776,-4.154711133590585,124,8.232,449
55.865905818493644,-4.0850278603531045,110.0,55.831522729053496,-4.370420634377527,125,25.845,1335
55.865905818493644,-4.0850278603531045,110.0,55.84074346341779,-4.172411658039648,126,11.572,624
55.865905818493644,-4.0850278603531045,110.0,55.8801412435821,-4.258666277618953,127,15.453,815
55.865905818493644,-4.0850278603531045,110.0,55.8434159429892,-4.1056733307349536,128,8.383,551
55.865905818493644,-4.0850278603531045,110.0,55.83522057783537,-4.25736952395694,129,16.998,888
55.865905818493644,-4.0850278603531045,110.0,55.86467774065618,-4.2250953414252415,130,13.123,587
55.865905818493644,-4.0850278603531045,110.0,55.8953662249987,-4.231143624453162,131,16.347,880
55.865905818493644,-4.0850278603531045,110.0,55.81920459649808,-4.236238450921302,132,18.567,941
55.865905818493644,-4.0850278603531045,110.0,55.900795402502105,-4.206009410292495,133,14.145,859
55.865905818493644,-4.0850278603531045,110.0,55.86078490474355,-4.339631469507248,134,23.688,1163
55.865905818493644,-4.0850278603531045,110.0,55.924999437053955,-4.191173279124663,135,13.478,777
55.865905818493644,-4.0850278603531045,110.0,55.81549096669224,-4.126910343137958,136,11.012,763
55.865905818493644,-4.0850278603531045,110.0,55.90135585493081,-4.207622057499793,137,14.144,837
55.865905818493644,-4.0850278603531045,110.0,55.845816555475636,-4.129576488296543,138,5.82,422
55.865905818493644,-4.0850278603531045,110.0,55.80470047644827,-4.291960781118721,139,21.733,1316
55.865905818493644,-4.0850278603531045,110.0,55.89185394491289,-4.179857587296262,140,11.607,689
55.865905818493644,-4.0850278603531045,110.0,55.91859399996558,-4.3401659608951215,141,24.678,1461
55.865905818493644,-4.0850278603531045,110.0,55.90671476836246,-4.3642865107142725,142,23.952,1443
55.865905818493644,-4.0850278603531045,110.0,55.81273399651921,-4.167613047894911,143,13.048,720
55.865905818493644,-4.0850278603531045,110.0,55.80939871413575,-4.276056954355674,144,20.015,1144
55.865905818493644,-4.0850278603531045,110.0,55.88312869327199,-4.214542892826467,145,12.145,737
55.865905818493644,-4.0850278603531045,110.0,55.815340374954424,-4.283514492524949,146,20.185,1162
55.865905818493644,-4.0850278603531045,110.0,55.87864379034378,-4.080636908866371,147,5.71,301
55.865905818493644,-4.0850278603531045,110.0,55.89423440492952,-4.2418874418647645,148,16.91,964
55.865905818493644,-4.0850278603531045,110.0,55.92796852989922,-4.305970400193036,149,22.045,1274
55.865905818493644,-4.0850278603531045,110.0,55.92895153496988,-4.082888064137351,150,10.293,540
55.865905818493644,-4.0850278603531045,110.0,55.790766759429424,-4.135285962371055,151,13.911,863
55.865905818493644,-4.0850278603531045,110.0,55.80808041573422,-4.184105792933229,152,14.527,836
55.865905818493644,-4.0850278603531045,110.0,55.7982747224006,-4.3931924101572655,153,27.916,1419
55.865905818493644,-4.0850278603531045,110.0,55.81178474630603,-4.337962602706185,154,24.514,1180
55.865905818493644,-4.0850278603531045,110.0,55.852972007756,-4.353957895039277,155,22.887,1166
55.865905818493644,-4.0850278603531045,110.0,55.797152036890715,-4.311451416173846,156,26.486,1254
55.865905818493644,-4.0850278603531045,110.0,55.84839482833289,-4.1889265673730645,157,12.671,741
55.865905818493644,-4.0850278603531045,110.0,55.86383954752864,-4.387927326091926,158,28.479,1194
55.865905818493644,-4.0850278603531045,110.0,55.807182357875575,-4.140487806234959,159,14.292,842
55.865905818493644,-4.0850278603531045,110.0,55.8296607577131,-4.218765551358871,160,14.609,811
55.865905818493644,-4.0850278603531045,110.0,55.82699494590622,-4.295404959002084,161,21.95,1058
55.865905818493644,-4.0850278603531045,110.0,55.861248665443505,-4.307186036515638,162,21.59,1093
55.865905818493644,-4.0850278603531045,110.0,55.897857165570365,-4.156645648865112,163,14.824,672
55.865905818493644,-4.0850278603531045,110.0,55.877747555317356,-4.342792329217214,164,21.531,1155
55.865905818493644,-4.0850278603531045,110.0,55.92259641850896,-4.389236283866068,165,28.677,1665
55.865905818493644,-4.0850278603531045,110.0,55.92621339590465,-4.2820478996479165,166,20.789,1170
55.865905818493644,-4.0850278603531045,110.0,55.80660612206145,-4.094012410496262,167,8.944,703
55.865905818493644,-4.0850278603531045,110.0,55.84605439624201,-4.09192094471571,168,10.02,450
55.865905818493644,-4.0850278603531045,110.0,55.83961965364386,-4.1201104741133365,169,7.734,449
55.865905818493644,-4.0850278603531045,110.0,55.85030951683019,-4.217608837338132,170,13.158,846
55.865905818493644,-4.0850278603531045,110.0,55.85971342373431,-4.246748195156407,171,13.836,734
55.865905818493644,-4.0850278603531045,110.0,55.815747728441636,-4.150792968910081,172,13.162,739
55.865905818493644,-4.0850278603531045,110.0,55.80041195127493,-4.3806303679601495,173,27.332,1371
55.865905818493644,-4.0850278603531045,110.0,55.85487415463933,-4.092829020720908,174,2.593,152
55.865905818493644,-4.0850278603531045,110.0,55.80456076444065,-4.203157873727267,175,17.21,981
55.865905818493644,-4.0850278603531045,110.0,55.84723005082115,-4.330151260440624,176,20.84,1024
55.865905818493644,-4.0850278603531045,110.0,55.88775631668876,-4.123428423568879,177,8.666,590
55.865905818493644,-4.0850278603531045,110.0,55.82857385936083,-4.129579652409029,178,10.619,742
55.865905818493644,-4.0850278603531045,110.0,55.879865395443076,-4.36272007519476,179,22.439,1181
55.865905818493644,-4.0850278603531045,110.0,55.87973669437185,-4.215636550296907,180,12.861,834
55.865905818493644,-4.0850278603531045,110.0,55.8162521393249,-4.1868605517933455,181,13.635,834
55.865905818493644,-4.0850278603531045,110.0,55.80755514535402,-4.201625161718038,182,16.963,948
55.865905818493644,-4.0850278603531045,110.0,55.85565398843102,-4.250533808562208,183,14.65,889
55.865905818493644,-4.0850278603531045,110.0,55.929636326069506,-4.381100658166308,184,27.739,1625
55.865905818493644,-4.0850278603531045,110.0,55.879581066995904,-4.21986165885879,185,13.046,868
55.865905818493644,-4.0850278603531045,110.0,55.92647877645629,-4.127886630011083,186,9.909,725
55.865905818493644,-4.0850278603531045,110.0,55.82282427264178,-4.371094162561755,187,24.981,1258
55.865905818493644,-4.0850278603531045,110.0,55.90291353127043,-4.3414180899754955,188,21.099,1336
55.865905818493644,-4.0850278603531045,110.0,55.78437024600116,-4.156926419796477,189,20.334,976
55.865905818493644,-4.0850278603531045,110.0,55.8321542449311,-4.1561720476648265,190,10.631,593
55.865905818493644,-4.0850278603531045,110.0,55.88310705812362,-4.084862107847263,191,6.847,314
55.865905818493644,-4.0850278603531045,110.0,55.85616333886266,-4.110333739241922,192,2.947,318
55.865905818493644,-4.0850278603531045,110.0,55.90185178498145,-4.152652007721208,193,11.288,1120
55.865905818493644,-4.0850278603531045,110.0,55.8837118458465,-4.182392741162416,194,12.715,1519
55.865905818493644,-4.0850278603531045,110.0,55.83086049774818,-4.312434105301623,195,22.884,1162
55.865905818493644,-4.0850278603531045,110.0,55.821849459706755,-4.176208567338996,196,12.515,677
55.865905818493644,-4.0850278603531045,110.0,55.88009750494633,-4.255964552703097,197,15.139,793
55.865905818493644,-4.0850278603531045,110.0,55.87413911675089,-4.369807111055967,198,24.481,1084
55.865905818493644,-4.0850278603531045,110.0,55.86354071984154,-4.093406384811447,199,1.045,54
55.85576230040013,-4.325115993172,111.0,55.8391698042901,-4.214478482526657,0,11.075,660
55.85576230040013,-4.325115993172,111.0,55.86553667472969,-4.350500876963486,1,2.528,278
55.85576230040013,-4.325115993172,111.0,55.912892829643965,-4.286410947894997,2,14.229,1868
55.85576230040013,-4.325115993172,111.0,55.84854019346565,-4.391697428307927,3,6.117,609
55.85576230040013,-4.325115993172,111.0,55.79232875093524,-4.310455024670266,4,10.364,789
55.85576230040013,-4.325115993172,111.0,55.837143362020576,-4.120043492886959,5,14.774,672
55.85576230040013,-4.325115993172,111.0,55.84185129809378,-4.283879851305767,6,3.685,390
55.85576230040013,-4.325115993172,111.0,55.90609664927746,-4.311383718964596,7,8.672,795
55.85576230040013,-4.325115993172,111.0,55.7832172019226,-4.31249791159531,8,11.952,847
55.85576230040013,-4.325115993172,111.0,55.8177258987159,-4.260489243356555,9,9.746,722
55.85576230040013,-4.325115993172,111.0,55.903262790870684,-4.212111703691823,10,13.595,942
55.85576230040013,-4.325115993172,111.0,55.893978813107424,-4.1413270988368325,11,15.335,950
55.85576230040013,-4.325115993172,111.0,55.894884622950286,-4.154349650804189,12,17.72,848
55.85576230040013,-4.325115993172,111.0,55.80680963785043,-4.263605759417426,13,9.009,967
55.85576230040013,-4.325115993172,111.0,55.81824312166051,-4.346878846315483,14,6.04,667
55.85576230040013,-4.325115993172,111.0,55.84742656229786,-4.269221405976544,15,6.574,648
55.85576230040013,-4.325115993172,111.0,55.80730424868546,-4.315177272898423,16,7.043,692
55.85576230040013,-4.325115993172,111.0,55.83798278877758,-4.260604018644594,17,8.267,623
55.85576230040013,-4.325115993172,111.0,55.89424631095569,-4.343398240721316,18,6.343,555
55.85576230040013,-4.325115993172,111.0,55.83908093533876,-4.223069302141199,19,8.666,691
55.85576230040013,-4.325115993172,111.0,55.8357731433788,-4.270556349194068,20,4.927,546
55.85576230040013,-4.325115993172,111.0,55.90309627527835,-4.360750370095284,21,8.376,791
55.85576230040013,-4.325115993172,111.0,55.85652103589449,-4.101365743428073,22,17.883,893
55.85576230040013,-4.325115993172,111.0,55.783736419963375,-4.235306054793451,23,13.806,1012
55.85576230040013,-4.325115993172,111.0,55.92064824587275,-4.2358362157531895,24,14.72,923
55.85576230040013,-4.325115993172,111.0,55.907674892744176,-4.2497703459088045,25,13.472,1968
55.85576230040013,-4.325115993172,111.0,55.919604340921964,-4.226208116301384,26,14.644,935
55.85576230040013,-4.325115993172,111.0,55.83219148710444,-4.304581930326681,27,6.215,734
55.85576230040013,-4.325115993172,111.0,55.79569701419853,-4.1769099124482585,28,15.49,944
55.85576230040013,-4.325115993172,111.0,55.81260197667657,-4.197841211154324,29,12.901,812
55.85576230040013,-4.325115993172,111.0,55.826092940761974,-4.176919409292903,30,11.431,744
55.85576230040013,-4.325115993172,111.0,55.828413149208096,-4.109650878166438,31,18.235,935
55.85576230040013,-4.325115993172,111.0,55.8999241737755,-4.257993823533507,32,10.678,855
55.85576230040013,-4.325115993172,111.0,55.892514250678616,-4.340118142906542,33,6.372,567
55.85576230040013,-4.325115993172,111.0,55.855241629670886,-4.269936069312288,34,6.711,480
55.85576230040013,-4.325115993172,111.0,55.877364911629314,-4.109701193625618,35,18.284,993
55.85576230040013,-4.325115993172,111.0,55.887053111734645,-4.1280531391159245,36,18.586,960
55.85576230040013,-4.325115993172,111.0,55.89108676863447,-4.105446803942431,37,20.319,1266
55.85576230040013,-4.325115993172,111.0,55.842635153466425,-4.334387903339716,38,2.554,316
55.85576230040013,-4.325115993172,111.0,55.89197542936556,-4.19614108945253,39,14.593,793
55.85576230040013,-4.325115993172,111.0,55.825849135803445,-4.321179033230789,40,4.393,634
55.85576230040013,-4.325115993172,111.0,55.81864602215581,-4.375055705699034,41,7.069,676
55.85576230040013,-4.325115993172,111.0,55.92613065482397,-4.212698358862173,42,15.106,987
55.85576230040013,-4.325115993172,111.0,55.874439929608144,-4.279689658904073,43,7.318,522
55.85576230040013,-4.325115993172,111.0,55.81998166828728,-4.245455535821837,44,9.226,627
55.85576230040013,-4.325115993172,111.0,55.91066980601156,-4.213502644426629,45,14.058,938
55.85576230040013,-4.325115993172,111.0,55.8404807486866,-4.356656090229781,46,6.206,583
55.85576230040013,-4.325115993172,111.0,55.88708229912325,-4.079055837843032,47,23.566,1015
55.85576230040013,-4.325115993172,111.0,55.84510555179576,-4.178720975321847,48,13.096,760
55.85576230040013,-4.325115993172,111.0,55.84413340760586,-4.085244529493477,49,20.263,1389
55.85576230040013,-4.325115993172,111.0,55.83324217210475,-4.157183908594519,50,12.958,757
55.85576230040013,-4.325115993172,111.0,55.895753278756494,-4.323131413571223,51,6.129,667
55.85576230040013,-4.325115993172,111.0,55.88609925330935,-4.38354364327563,52,5.885,480
55.85576230040013,-4.325115993172,111.0,55.86596770908397,-4.338853955125049,53,2.343,255
55.85576230040013,-4.325115993172,111.0,55.819381988004544,-4.256567679373081,54,10.655,777
55.85576230040013,-4.325115993172,111.0,55.919398785577634,-4.298102785445152,55,14.505,1548
55.85576230040013,-4.325115993172,111.0,55.81052481551728,-4.0780884232687225,56,21.034,2082
55.85576230040013,-4.325115993172,111.0,55.8411814367945,-4.125490362928665,57,16.316,830
55.85576230040013,-4.325115993172,111.0,55.844855881791794,-4.151320272286683,58,13.948,810
55.85576230040013,-4.325115993172,111.0,55.79334532620707,-4.3052187624925375,59,10.695,796
55.85576230040013,-4.325115993172,111.0,55.78499644933002,-4.082518262203789,60,24.757,1081
55.85576230040013,-4.325115993172,111.0,55.86482365717543,-4.074666870071637,61,20.149,1110
55.85576230040013,-4.325115993172,111.0,55.910543969585106,-4.384534109666136,62,10.203,865
55.85576230040013,-4.325115993172,111.0,55.799715679086134,-4.188568421733812,63,15.472,1103
55.85576230040013,-4.325115993172,111.0,55.90005630083831,-4.294022887833187,64,10.686,829
55.85576230040013,-4.325115993172,111.0,55.82573931186619,-4.210157383495828,65,10.958,626
55.85576230040013,-4.325115993172,111.0,55.88010014610652,-4.288014027401103,66,9.407,798
55.85576230040013,-4.325115993172,111.0,55.8836463272421,-4.377148406451105,67,5.655,557
55.85576230040013,-4.325115993172,111.0,55.80511293548626,-4.195982430231648,68,13.881,886
55.85576230040013,-4.325115993172,111.0,55.9265186267864,-4.256321117900257,69,14.043,962
55.85576230040013,-4.325115993172,111.0,55.90353118048908,-4.119171950823842,70,19.482,1201
55.85576230040013,-4.325115993172,111.0,55.81502357146685,-4.260984914919316,71,10.103,756
55.85576230040013,-4.325115993172,111.0,55.894355058439295,-4.293143876300353,72,9.976,777
55.85576230040013,-4.325115993172,111.0,55.80246488546192,-4.242274834364847,73,11.367,852
55.85576230040013,-4.325115993172,111.0,55.887581813102464,-4.2985753032369685,74,9.588,773
55.85576230040013,-4.325115993172,111.0,55.928290955083554,-4.295962301582311,75,10.489,875
55.85576230040013,-4.325115993172,111.0,55.81096058143004,-4.368797105646974,76,10.213,794
55.85576230040013,-4.325115993172,111.0,55.84818750128869,-4.3631808239548375,77,7.179,467
55.85576230040013,-4.325115993172,111.0,55.81610352786554,-4.330910795148831,78,6.552,544
55.85576230040013,-4.325115993172,111.0,55.807034270653475,-4.136077366584948,79,14.665,995
55.85576230040013,-4.325115993172,111.0,55.86778114631985,-4.233612892312959,80,9.169,605
55.85576230040013,-4.325115993172,111.0,55.79578956690847,-4.368290459919509,81,15.297,1989
55.85576230040013,-4.325115993172,111.0,55.897877306124535,-4.077031107370425,82,22.11,1732
55.85576230040013,-4.325115993172,111.0,55.80721289582252,-4.242612882195534,83,10.59,804
55.85576230040013,-4.325115993172,111.0,55.92209393969709,-4.157940141970138,84,19.253,999
55.85576230040013,-4.325115993172,111.0,55.79188265083702,-4.28147512844989,85,11.557,851
55.85576230040013,-4.325115993172,111.0,55.88043814367632,-4.104360473798184,86,18.096,953
55.85576230040013,-4.325115993172,111.0,55.90345994988174,-4.293652184560058,87,11.155,875
55.85576230040013,-4.325115993172,111.0,55.91230525016259,-4.108196424937476,88,20.75,1147
55.85576230040013,-4.325115993172,111.0,55.90569137930351,-4.3852429216612405,89,10.238,889
55.85576230040013,-4.325115993172,111.0,55.824402119970216,-4.298242138123909,90,4.829,555
55.85576230040013,-4.325115993172,111.0,55.887104625653905,-4.201059285828647,91,12.305,942
55.85576230040013,-4.325115993172,111.0,55.92006797200308,-4.195257422106852,92,15.952,965
55.85576230040013,-4.325115993172,111.0,55.7944551107823,-4.1683749063061635,93,15.62,1379
55.85576230040013,-4.325115993172,111.0,55.88003873447475,-4.304350182381346,94,5.802,663
55.85576230040013,-4.325115993172,111.0,55.88308048053683,-4.2942103285768285,95,8.747,652
55.85576230040013,-4.325115993172,111.0,55.80779271908626,-4.3234306371549245,96,7.823,676
55.85576230040013,-4.325115993172,111.0,55.90123467399992,-4.380968632189907,97,10.544,1024
55.85576230040013,-4.325115993172,111.0,55.88049231589054,-4.293733205570284,98,8.649,643
55.85576230040013,-4.325115993172,111.0,55.84697147961761,-4.334108806216461,99,2.668,349
55.85576230040013,-4.325115993172,111.0,55.83067141211495,-4.195633651932574,100,10.241,623
55.85576230040013,-4.325115993172,111.0,55.89350845984679,-4.099445363541155,101,20.134,1098
55.85576230040013,-4.325115993172,111.0,55.92592408664018,-4.179171340754611,102,20.594,1083
55.85576230040013,-4.325115993172,111.0,55.84941827409408,-4.169566750359822,103,13.801,826
55.85576230040013,-4.325115993172,111.0,55.92413375575165,-4.226670311636797,104,16.321,1730
55.85576230040013,-4.325115993172,111.0,55.88995713457192,-4.285031242761631,105,8.916,680
55.85576230040013,-4.325115993172,111.0,55.90528066541109,-4.131569818675147,106,16.932,847
55.85576230040013,-4.325115993172,111.0,55.87850608392288,-4.103517886631066,107,18.427,986
55.85576230040013,-4.325115993172,111.0,55.80799405798939,-4.284953473560454,108,7.839,845
55.85576230040013,-4.325115993172,111.0,55.906815669822045,-4.385279074380807,109,9.549,793
55.85576230040013,-4.325115993172,111.0,55.916237634416454,-4.222407816066865,110,14.559,923
55.85576230040013,-4.325115993172,111.0,55.915798955837815,-4.088621086891774,111,23.834,1178
55.85576230040013,-4.325115993172,111.0,55.827538479175395,-4.350653065976025,112,5.409,598
55.85576230040013,-4.325115993172,111.0,55.799515288981674,-4.0866627646338864,113,25.127,1194
55.85576230040013,-4.325115993172,111.0,55.831024245961984,-4.244756518165482,114,7.707,528
55.85576230040013,-4.325115993172,111.0,55.86754360554833,-4.2143078261423845,115,10.509,720
55.85576230040013,-4.325115993172,111.0,55.8574985965699,-4.1521224561179935,116,15.104,936
55.85576230040013,-4.325115993172,111.0,55.88095643501817,-4.32811659177277,117,4.185,383
55.85576230040013,-4.325115993172,111.0,55.85240433608213,-4.177570445500026,118,13.965,877
55.85576230040013,-4.325115993172,111.0,55.91169549549074,-4.359708873069638,119,10.361,982
55.85576230040013,-4.325115993172,111.0,55.92640787519779,-4.300990956079843,120,10.297,896
55.85576230040013,-4.325115993172,111.0,55.84019197366069,-4.205566157974415,121,11.561,775
55.85576230040013,-4.325115993172,111.0,55.866619942939494,-4.268153778778456,122,7.471,644
55.85576230040013,-4.325115993172,111.0,55.81327411986783,-4.2587495402872255,123,10.082,766
55.85576230040013,-4.325115993172,111.0,55.86022660117776,-4.154711133590585,124,15.01,864
55.85576230040013,-4.325115993172,111.0,55.831522729053496,-4.370420634377527,125,6.211,590
55.85576230040013,-4.325115993172,111.0,55.84074346341779,-4.172411658039648,126,12.169,680
55.85576230040013,-4.325115993172,111.0,55.8801412435821,-4.258666277618953,127,8.515,670
55.85576230040013,-4.325115993172,111.0,55.8434159429892,-4.1056733307349536,128,16.572,859
55.85576230040013,-4.325115993172,111.0,55.83522057783537,-4.25736952395694,129,8.241,625
55.85576230040013,-4.325115993172,111.0,55.86467774065618,-4.2250953414252415,130,9.293,557
55.85576230040013,-4.325115993172,111.0,55.8953662249987,-4.231143624453162,131,11.746,735
55.85576230040013,-4.325115993172,111.0,55.81920459649808,-4.236238450921302,132,9.81,677
55.85576230040013,-4.325115993172,111.0,55.900795402502105,-4.206009410292495,133,13.913,930
55.85576230040013,-4.325115993172,111.0,55.86078490474355,-4.339631469507248,134,2.29,330
55.85576230040013,-4.325115993172,111.0,55.924999437053955,-4.191173279124663,135,16.203,975
55.85576230040013,-4.325115993172,111.0,55.81549096669224,-4.126910343137958,136,15.656,1042
55.85576230040013,-4.325115993172,111.0,55.90135585493081,-4.207622057499793,137,13.912,907
55.85576230040013,-4.325115993172,111.0,55.845816555475636,-4.129576488296543,138,15.321,901
55.85576230040013,-4.325115993172,111.0,55.80470047644827,-4.291960781118721,139,7.672,822
55.85576230040013,-4.325115993172,111.0,55.89185394491289,-4.179857587296262,140,13.497,718
55.85576230040013,-4.325115993172,111.0,55.91859399996558,-4.3401659608951215,141,9.227,832
55.85576230040013,-4.325115993172,111.0,55.90671476836246,-4.3642865107142725,142,9.128,846
55.85576230040013,-4.325115993172,111.0,55.81273399651921,-4.167613047894911,143,12.714,806
55.85576230040013,-4.325115993172,111.0,55.80939871413575,-4.276056954355674,144,7.553,793
55.85576230040013,-4.325115993172,111.0,55.88312869327199,-4.214542892826467,145,11.317,761
55.85576230040013,-4.325115993172,111.0,55.815340374954424,-4.283514492524949,146,6.547,678
55.85576230040013,-4.325115993172,111.0,55.87864379034378,-4.080636908866371,147,24.546,1050
55.85576230040013,-4.325115993172,111.0,55.89423440492952,-4.2418874418647645,148,12.309,818
55.85576230040013,-4.325115993172,111.0,55.92796852989922,-4.305970400193036,149,10.425,919
55.85576230040013,-4.325115993172,111.0,55.92895153496988,-4.082888064137351,150,24.204,1127
55.85576230040013,-4.325115993172,111.0,55.790766759429424,-4.135285962371055,151,18.045,1020
55.85576230040013,-4.325115993172,111.0,55.80808041573422,-4.184105792933229,152,13.675,818
55.85576230040013,-4.325115993172,111.0,55.7982747224006,-4.3931924101572655,153,9.534,853
55.85576230040013,-4.325115993172,111.0,55.81178474630603,-4.337962602706185,154,7.619,650
55.85576230040013,-4.325115993172,111.0,55.852972007756,-4.353957895039277,155,2.593,383
55.85576230040013,-4.325115993172,111.0,55.797152036890715,-4.311451416173846,156,9.591,724
55.85576230040013,-4.325115993172,111.0,55.84839482833289,-4.1889265673730645,157,13.747,794
55.85576230040013,-4.325115993172,111.0,55.86383954752864,-4.387927326091926,158,9.815,493
55.85576230040013,-4.325115993172,111.0,55.807182357875575,-4.140487806234959,159,14.342,970
55.85576230040013,-4.325115993172,111.0,55.8296607577131,-4.218765551358871,160,9.127,684
55.85576230040013,-4.325115993172,111.0,55.82699494590622,-4.295404959002084,161,4.865,532
55.85576230040013,-4.325115993172,111.0,55.861248665443505,-4.307186036515638,162,1.946,225
55.85576230040013,-4.325115993172,111.0,55.897857165570365,-4.156645648865112,163,14.973,754
55.85576230040013,-4.325115993172,111.0,55.877747555317356,-4.342792329217214,164,4.775,479
55.85576230040013,-4.325115993172,111.0,55.92259641850896,-4.389236283866068,165,23.177,1057
55.85576230040013,-4.325115993172,111.0,55.92621339590465,-4.2820478996479165,166,11.656,920
55.85576230040013,-4.325115993172,111.0,55.80660612206145,-4.094012410496262,167,20.619,1147
55.85576230040013,-4.325115993172,111.0,55.84605439624201,-4.09192094471571,168,19.31,869
55.85576230040013,-4.325115993172,111.0,55.83961965364386,-4.1201104741133365,169,15.923,757
55.85576230040013,-4.325115993172,111.0,55.85030951683019,-4.217608837338132,170,9.215,725
55.85576230040013,-4.325115993172,111.0,55.85971342373431,-4.246748195156407,171,9.662,655
55.85576230040013,-4.325115993172,111.0,55.815747728441636,-4.150792968910081,172,13.212,867
55.85576230040013,-4.325115993172,111.0,55.80041195127493,-4.3806303679601495,173,8.95,805
55.85576230040013,-4.325115993172,111.0,55.85487415463933,-4.092829020720908,174,19.12,870
55.85576230040013,-4.325115993172,111.0,55.80456076444065,-4.203157873727267,175,13.9,888
55.85576230040013,-4.325115993172,111.0,55.84723005082115,-4.330151260440624,176,2.189,292
55.85576230040013,-4.325115993172,111.0,55.88775631668876,-4.123428423568879,177,18.721,966
55.85576230040013,-4.325115993172,111.0,55.82857385936083,-4.129579652409029,178,15.734,1055
55.85576230040013,-4.325115993172,111.0,55.879865395443076,-4.36272007519476,179,5.667,522
55.85576230040013,-4.325115993172,111.0,55.87973669437185,-4.215636550296907,180,10.604,772
55.85576230040013,-4.325115993172,111.0,55.8162521393249,-4.1868605517933455,181,12.094,777
55.85576230040013,-4.325115993172,111.0,55.80755514535402,-4.201625161718038,182,13.653,855
55.85576230040013,-4.325115993172,111.0,55.85565398843102,-4.250533808562208,183,6.174,575
55.85576230040013,-4.325115993172,111.0,55.929636326069506,-4.381100658166308,184,12.288,998
55.85576230040013,-4.325115993172,111.0,55.879581066995904,-4.21986165885879,185,10.245,753
55.85576230040013,-4.325115993172,111.0,55.92647877645629,-4.127886630011083,186,20.335,1085
55.85576230040013,-4.325115993172,111.0,55.82282427264178,-4.371094162561755,187,7.199,677
55.85576230040013,-4.325115993172,111.0,55.90291353127043,-4.3414180899754955,188,7.174,724
55.85576230040013,-4.325115993172,111.0,55.78437024600116,-4.156926419796477,189,17.389,1034
55.85576230040013,-4.325115993172,111.0,55.8321542449311,-4.1561720476648265,190,12.998,771
55.85576230040013,-4.325115993172,111.0,55.88310705812362,-4.084862107847263,191,21.707,932
55.85576230040013,-4.325115993172,111.0,55.85616333886266,-4.110333739241922,192,17.921,914
55.85576230040013,-4.325115993172,111.0,55.90185178498145,-4.152652007721208,193,18.882,1379
55.85576230040013,-4.325115993172,111.0,55.8837118458465,-4.182392741162416,194,15.161,1727
55.85576230040013,-4.325115993172,111.0,55.83086049774818,-4.312434105301623,195,5.799,637
55.85576230040013,-4.325115993172,111.0,55.821849459706755,-4.176208567338996,196,11.842,741
55.85576230040013,-4.325115993172,111.0,55.88009750494633,-4.255964552703097,197,8.201,649
55.85576230040013,-4.325115993172,111.0,55.87413911675089,-4.369807111055967,198,3.996,376
55.85576230040013,-4.325115993172,111.0,55.86354071984154,-4.093406384811447,199,18.537,968
55.8730347714278,-4.314265685641228,112.0,55.8391698042901,-4.214478482526657,0,12.561,821
55.8730347714278,-4.314265685641228,112.0,55.86553667472969,-4.350500876963486,1,4.395,450
55.8730347714278,-4.314265685641228,112.0,55.912892829643965,-4.286410947894997,2,10.204,1733
55.8730347714278,-4.314265685641228,112.0,55.84854019346565,-4.391697428307927,3,8.48,802
55.8730347714278,-4.314265685641228,112.0,55.79232875093524,-4.310455024670266,4,15.675,953
55.8730347714278,-4.314265685641228,112.0,55.837143362020576,-4.120043492886959,5,16.26,833
55.8730347714278,-4.314265685641228,112.0,55.84185129809378,-4.283879851305767,6,10.355,703
55.8730347714278,-4.314265685641228,112.0,55.90609664927746,-4.311383718964596,7,5.832,629
55.8730347714278,-4.314265685641228,112.0,55.7832172019226,-4.31249791159531,8,17.263,1010
55.8730347714278,-4.314265685641228,112.0,55.8177258987159,-4.260489243356555,9,11.232,883
55.8730347714278,-4.314265685641228,112.0,55.903262790870684,-4.212111703691823,10,12.709,954
55.8730347714278,-4.314265685641228,112.0,55.893978813107424,-4.1413270988368325,11,14.449,962
55.8730347714278,-4.314265685641228,112.0,55.894884622950286,-4.154349650804189,12,16.834,860
55.8730347714278,-4.314265685641228,112.0,55.80680963785043,-4.263605759417426,13,12.997,1107
55.8730347714278,-4.314265685641228,112.0,55.81824312166051,-4.346878846315483,14,12.838,867
55.8730347714278,-4.314265685641228,112.0,55.84742656229786,-4.269221405976544,15,6.831,590
55.8730347714278,-4.314265685641228,112.0,55.80730424868546,-4.315177272898423,16,12.544,851
55.8730347714278,-4.314265685641228,112.0,55.83798278877758,-4.260604018644594,17,7.613,700
55.8730347714278,-4.314265685641228,112.0,55.89424631095569,-4.343398240721316,18,3.503,389
55.8730347714278,-4.314265685641228,112.0,55.83908093533876,-4.223069302141199,19,10.152,852
55.8730347714278,-4.314265685641228,112.0,55.8357731433788,-4.270556349194068,20,7.635,601
55.8730347714278,-4.314265685641228,112.0,55.90309627527835,-4.360750370095284,21,5.536,625
55.8730347714278,-4.314265685641228,112.0,55.85652103589449,-4.101365743428073,22,16.997,905
55.8730347714278,-4.314265685641228,112.0,55.783736419963375,-4.235306054793451,23,15.292,1174
55.8730347714278,-4.314265685641228,112.0,55.92064824587275,-4.2358362157531895,24,11.12,840
55.8730347714278,-4.314265685641228,112.0,55.907674892744176,-4.2497703459088045,25,12.586,1980
55.8730347714278,-4.314265685641228,112.0,55.919604340921964,-4.226208116301384,26,13.758,947
55.8730347714278,-4.314265685641228,112.0,55.83219148710444,-4.304581930326681,27,11.716,893
55.8730347714278,-4.314265685641228,112.0,55.79569701419853,-4.1769099124482585,28,16.976,1106
55.8730347714278,-4.314265685641228,112.0,55.81260197667657,-4.197841211154324,29,14.387,973
55.8730347714278,-4.314265685641228,112.0,55.826092940761974,-4.176919409292903,30,12.917,906
55.8730347714278,-4.314265685641228,112.0,55.828413149208096,-4.109650878166438,31,19.721,1096
55.8730347714278,-4.314265685641228,112.0,55.8999241737755,-4.257993823533507,32,6.653,713
55.8730347714278,-4.314265685641228,112.0,55.892514250678616,-4.340118142906542,33,3.532,401
55.8730347714278,-4.314265685641228,112.0,55.855241629670886,-4.269936069312288,34,4.675,331
55.8730347714278,-4.314265685641228,112.0,55.877364911629314,-4.109701193625618,35,17.398,1005
55.8730347714278,-4.314265685641228,112.0,55.887053111734645,-4.1280531391159245,36,17.7,972
55.8730347714278,-4.314265685641228,112.0,55.89108676863447,-4.105446803942431,37,19.433,1278
55.8730347714278,-4.314265685641228,112.0,55.842635153466425,-4.334387903339716,38,6.258,605
55.8730347714278,-4.314265685641228,112.0,55.89197542936556,-4.19614108945253,39,13.707,805
55.8730347714278,-4.314265685641228,112.0,55.825849135803445,-4.321179033230789,40,9.894,793
55.8730347714278,-4.314265685641228,112.0,55.81864602215581,-4.375055705699034,41,13.867,875
55.8730347714278,-4.314265685641228,112.0,55.92613065482397,-4.212698358862173,42,14.22,999
55.8730347714278,-4.314265685641228,112.0,55.874439929608144,-4.279689658904073,43,3.147,448
55.8730347714278,-4.314265685641228,112.0,55.81998166828728,-4.245455535821837,44,10.712,788
55.8730347714278,-4.314265685641228,112.0,55.91066980601156,-4.213502644426629,45,13.172,950
55.8730347714278,-4.314265685641228,112.0,55.8404807486866,-4.356656090229781,46,8.569,777
55.8730347714278,-4.314265685641228,112.0,55.88708229912325,-4.079055837843032,47,20.242,1138
55.8730347714278,-4.314265685641228,112.0,55.84510555179576,-4.178720975321847,48,14.582,921
55.8730347714278,-4.314265685641228,112.0,55.84413340760586,-4.085244529493477,49,21.496,1438
55.8730347714278,-4.314265685641228,112.0,55.83324217210475,-4.157183908594519,50,14.444,919
55.8730347714278,-4.314265685641228,112.0,55.895753278756494,-4.323131413571223,51,3.289,501
55.8730347714278,-4.314265685641228,112.0,55.88609925330935,-4.38354364327563,52,9.26,634
55.8730347714278,-4.314265685641228,112.0,55.86596770908397,-4.338853955125049,53,3.526,373
55.8730347714278,-4.314265685641228,112.0,55.819381988004544,-4.256567679373081,54,12.141,938
55.8730347714278,-4.314265685641228,112.0,55.919398785577634,-4.298102785445152,55,10.48,1413
55.8730347714278,-4.314265685641228,112.0,55.81052481551728,-4.0780884232687225,56,22.52,2243
55.8730347714278,-4.314265685641228,112.0,55.8411814367945,-4.125490362928665,57,17.802,992
55.8730347714278,-4.314265685641228,112.0,55.844855881791794,-4.151320272286683,58,15.434,972
55.8730347714278,-4.314265685641228,112.0,55.79334532620707,-4.3052187624925375,59,16.006,959
55.8730347714278,-4.314265685641228,112.0,55.78499644933002,-4.082518262203789,60,26.243,1243
55.8730347714278,-4.314265685641228,112.0,55.86482365717543,-4.074666870071637,61,19.263,1122
55.8730347714278,-4.314265685641228,112.0,55.910543969585106,-4.384534109666136,62,7.363,689
55.8730347714278,-4.314265685641228,112.0,55.799715679086134,-4.188568421733812,63,16.958,1264
55.8730347714278,-4.314265685641228,112.0,55.90005630083831,-4.294022887833187,64,5.291,598
55.8730347714278,-4.314265685641228,112.0,55.82573931186619,-4.210157383495828,65,12.444,788
55.8730347714278,-4.314265685641228,112.0,55.88010014610652,-4.288014027401103,66,3.569,548
55.8730347714278,-4.314265685641228,112.0,55.8836463272421,-4.377148406451105,67,9.03,711
55.8730347714278,-4.314265685641228,112.0,55.80511293548626,-4.195982430231648,68,15.367,1048
55.8730347714278,-4.314265685641228,112.0,55.9265186267864,-4.256321117900257,69,10.018,827
55.8730347714278,-4.314265685641228,112.0,55.90353118048908,-4.119171950823842,70,18.596,1213
55.8730347714278,-4.314265685641228,112.0,55.81502357146685,-4.260984914919316,71,11.589,917
55.8730347714278,-4.314265685641228,112.0,55.894355058439295,-4.293143876300353,72,4.985,576
55.8730347714278,-4.314265685641228,112.0,55.80246488546192,-4.242274834364847,73,12.853,1014
55.8730347714278,-4.314265685641228,112.0,55.887581813102464,-4.2985753032369685,74,3.334,458
55.8730347714278,-4.314265685641228,112.0,55.928290955083554,-4.295962301582311,75,7.649,709
55.8730347714278,-4.314265685641228,112.0,55.81096058143004,-4.368797105646974,76,15.524,957
55.8730347714278,-4.314265685641228,112.0,55.84818750128869,-4.3631808239548375,77,8.733,613
55.8730347714278,-4.314265685641228,112.0,55.81610352786554,-4.330910795148831,78,11.863,707
55.8730347714278,-4.314265685641228,112.0,55.807034270653475,-4.136077366584948,79,16.151,1157
55.8730347714278,-4.314265685641228,112.0,55.86778114631985,-4.233612892312959,80,8.283,617
55.8730347714278,-4.314265685641228,112.0,55.79578956690847,-4.368290459919509,81,20.608,2152
55.8730347714278,-4.314265685641228,112.0,55.897877306124535,-4.077031107370425,82,21.224,1744
55.8730347714278,-4.314265685641228,112.0,55.80721289582252,-4.242612882195534,83,12.076,965
55.8730347714278,-4.314265685641228,112.0,55.92209393969709,-4.157940141970138,84,18.367,1011
55.8730347714278,-4.314265685641228,112.0,55.79188265083702,-4.28147512844989,85,16.868,1014
55.8730347714278,-4.314265685641228,112.0,55.88043814367632,-4.104360473798184,86,17.21,965
55.8730347714278,-4.314265685641228,112.0,55.90345994988174,-4.293652184560058,87,5.701,642
55.8730347714278,-4.314265685641228,112.0,55.91230525016259,-4.108196424937476,88,19.864,1159
55.8730347714278,-4.314265685641228,112.0,55.90569137930351,-4.3852429216612405,89,7.398,712
55.8730347714278,-4.314265685641228,112.0,55.824402119970216,-4.298242138123909,90,10.33,714
55.8730347714278,-4.314265685641228,112.0,55.887104625653905,-4.201059285828647,91,11.419,954
55.8730347714278,-4.314265685641228,112.0,55.92006797200308,-4.195257422106852,92,15.066,977
55.8730347714278,-4.314265685641228,112.0,55.7944551107823,-4.1683749063061635,93,17.106,1540
55.8730347714278,-4.314265685641228,112.0,55.88003873447475,-4.304350182381346,94,2.093,306
55.8730347714278,-4.314265685641228,112.0,55.88308048053683,-4.2942103285768285,95,2.909,389
55.8730347714278,-4.314265685641228,112.0,55.80779271908626,-4.3234306371549245,96,13.134,839
55.8730347714278,-4.314265685641228,112.0,55.90123467399992,-4.380968632189907,97,8.631,917
55.8730347714278,-4.314265685641228,112.0,55.88049231589054,-4.293733205570284,98,2.811,379
55.8730347714278,-4.314265685641228,112.0,55.84697147961761,-4.334108806216461,99,5.848,539
55.8730347714278,-4.314265685641228,112.0,55.83067141211495,-4.195633651932574,100,11.727,785
55.8730347714278,-4.314265685641228,112.0,55.89350845984679,-4.099445363541155,101,19.248,1110
55.8730347714278,-4.314265685641228,112.0,55.92592408664018,-4.179171340754611,102,19.708,1095
55.8730347714278,-4.314265685641228,112.0,55.84941827409408,-4.169566750359822,103,15.287,987
55.8730347714278,-4.314265685641228,112.0,55.92413375575165,-4.226670311636797,104,15.435,1742
55.8730347714278,-4.314265685641228,112.0,55.88995713457192,-4.285031242761631,105,3.925,479
55.8730347714278,-4.314265685641228,112.0,55.90528066541109,-4.131569818675147,106,16.046,859
55.8730347714278,-4.314265685641228,112.0,55.87850608392288,-4.103517886631066,107,17.541,998
55.8730347714278,-4.314265685641228,112.0,55.80799405798939,-4.284953473560454,108,11.633,969
55.8730347714278,-4.314265685641228,112.0,55.906815669822045,-4.385279074380807,109,6.709,637
55.8730347714278,-4.314265685641228,112.0,55.916237634416454,-4.222407816066865,110,13.673,935
55.8730347714278,-4.314265685641228,112.0,55.915798955837815,-4.088621086891774,111,22.948,1190
55.8730347714278,-4.314265685641228,112.0,55.827538479175395,-4.350653065976025,112,12.207,798
55.8730347714278,-4.314265685641228,112.0,55.799515288981674,-4.0866627646338864,113,26.613,1355
55.8730347714278,-4.314265685641228,112.0,55.831024245961984,-4.244756518165482,114,9.193,689
55.8730347714278,-4.314265685641228,112.0,55.86754360554833,-4.2143078261423845,115,9.623,732
55.8730347714278,-4.314265685641228,112.0,55.8574985965699,-4.1521224561179935,116,14.907,949
55.8730347714278,-4.314265685641228,112.0,55.88095643501817,-4.32811659177277,117,1.345,216
55.8730347714278,-4.314265685641228,112.0,55.85240433608213,-4.177570445500026,118,12.345,919
55.8730347714278,-4.314265685641228,112.0,55.91169549549074,-4.359708873069638,119,7.521,816
55.8730347714278,-4.314265685641228,112.0,55.92640787519779,-4.300990956079843,120,7.457,730
55.8730347714278,-4.314265685641228,112.0,55.84019197366069,-4.205566157974415,121,13.047,936
55.8730347714278,-4.314265685641228,112.0,55.866619942939494,-4.268153778778456,122,5.767,605
55.8730347714278,-4.314265685641228,112.0,55.81327411986783,-4.2587495402872255,123,11.568,927
55.8730347714278,-4.314265685641228,112.0,55.86022660117776,-4.154711133590585,124,14.124,876
55.8730347714278,-4.314265685641228,112.0,55.831522729053496,-4.370420634377527,125,8.574,783
55.8730347714278,-4.314265685641228,112.0,55.84074346341779,-4.172411658039648,126,13.655,841
55.8730347714278,-4.314265685641228,112.0,55.8801412435821,-4.258666277618953,127,5.924,666
55.8730347714278,-4.314265685641228,112.0,55.8434159429892,-4.1056733307349536,128,18.058,1020
55.8730347714278,-4.314265685641228,112.0,55.83522057783537,-4.25736952395694,129,8.252,728
55.8730347714278,-4.314265685641228,112.0,55.86467774065618,-4.2250953414252415,130,8.407,569
55.8730347714278,-4.314265685641228,112.0,55.8953662249987,-4.231143624453162,131,10.86,747
55.8730347714278,-4.314265685641228,112.0,55.81920459649808,-4.236238450921302,132,11.296,839
55.8730347714278,-4.314265685641228,112.0,55.900795402502105,-4.206009410292495,133,13.027,941
55.8730347714278,-4.314265685641228,112.0,55.86078490474355,-4.339631469507248,134,4.061,468
55.8730347714278,-4.314265685641228,112.0,55.924999437053955,-4.191173279124663,135,15.317,987
55.8730347714278,-4.314265685641228,112.0,55.81549096669224,-4.126910343137958,136,17.142,1204
55.8730347714278,-4.314265685641228,112.0,55.90135585493081,-4.207622057499793,137,13.026,919
55.8730347714278,-4.314265685641228,112.0,55.845816555475636,-4.129576488296543,138,16.807,1062
55.8730347714278,-4.314265685641228,112.0,55.80470047644827,-4.291960781118721,139,11.66,947
55.8730347714278,-4.314265685641228,112.0,55.89185394491289,-4.179857587296262,140,12.611,730
55.8730347714278,-4.314265685641228,112.0,55.91859399996558,-4.3401659608951215,141,6.387,666
55.8730347714278,-4.314265685641228,112.0,55.90671476836246,-4.3642865107142725,142,6.288,680
55.8730347714278,-4.314265685641228,112.0,55.81273399651921,-4.167613047894911,143,14.2,967
55.8730347714278,-4.314265685641228,112.0,55.80939871413575,-4.276056954355674,144,11.541,933
55.8730347714278,-4.314265685641228,112.0,55.88312869327199,-4.214542892826467,145,10.431,773
55.8730347714278,-4.314265685641228,112.0,55.815340374954424,-4.283514492524949,146,10.535,818
55.8730347714278,-4.314265685641228,112.0,55.87864379034378,-4.080636908866371,147,21.222,1172
55.8730347714278,-4.314265685641228,112.0,55.89423440492952,-4.2418874418647645,148,7.016,805
55.8730347714278,-4.314265685641228,112.0,55.92796852989922,-4.305970400193036,149,7.585,753
55.8730347714278,-4.314265685641228,112.0,55.92895153496988,-4.082888064137351,150,23.318,1139
55.8730347714278,-4.314265685641228,112.0,55.790766759429424,-4.135285962371055,151,19.531,1181
55.8730347714278,-4.314265685641228,112.0,55.80808041573422,-4.184105792933229,152,15.161,979
55.8730347714278,-4.314265685641228,112.0,55.7982747224006,-4.3931924101572655,153,16.332,1052
55.8730347714278,-4.314265685641228,112.0,55.81178474630603,-4.337962602706185,154,12.93,813
55.8730347714278,-4.314265685641228,112.0,55.852972007756,-4.353957895039277,155,5.382,567
55.8730347714278,-4.314265685641228,112.0,55.797152036890715,-4.311451416173846,156,14.902,887
55.8730347714278,-4.314265685641228,112.0,55.84839482833289,-4.1889265673730645,157,15.233,956
55.8730347714278,-4.314265685641228,112.0,55.86383954752864,-4.387927326091926,158,11.369,639
55.8730347714278,-4.314265685641228,112.0,55.807182357875575,-4.140487806234959,159,15.828,1132
55.8730347714278,-4.314265685641228,112.0,55.8296607577131,-4.218765551358871,160,10.613,845
55.8730347714278,-4.314265685641228,112.0,55.82699494590622,-4.295404959002084,161,10.366,691
55.8730347714278,-4.314265685641228,112.0,55.861248665443505,-4.307186036515638,162,4.202,440
55.8730347714278,-4.314265685641228,112.0,55.897857165570365,-4.156645648865112,163,14.087,766
55.8730347714278,-4.314265685641228,112.0,55.877747555317356,-4.342792329217214,164,2.341,338
55.8730347714278,-4.314265685641228,112.0,55.92259641850896,-4.389236283866068,165,10.386,872
55.8730347714278,-4.314265685641228,112.0,55.92621339590465,-4.2820478996479165,166,8.816,754
55.8730347714278,-4.314265685641228,112.0,55.80660612206145,-4.094012410496262,167,22.105,1308
55.8730347714278,-4.314265685641228,112.0,55.84605439624201,-4.09192094471571,168,18.424,881
55.8730347714278,-4.314265685641228,112.0,55.83961965364386,-4.1201104741133365,169,17.409,919
55.8730347714278,-4.314265685641228,112.0,55.85030951683019,-4.217608837338132,170,10.839,853
55.8730347714278,-4.314265685641228,112.0,55.85971342373431,-4.246748195156407,171,8.776,667
55.8730347714278,-4.314265685641228,112.0,55.815747728441636,-4.150792968910081,172,14.698,1029
55.8730347714278,-4.314265685641228,112.0,55.80041195127493,-4.3806303679601495,173,15.748,1005
55.8730347714278,-4.314265685641228,112.0,55.85487415463933,-4.092829020720908,174,18.234,882
55.8730347714278,-4.314265685641228,112.0,55.80456076444065,-4.203157873727267,175,15.386,1050
55.8730347714278,-4.314265685641228,112.0,55.84723005082115,-4.330151260440624,176,6.038,520
55.8730347714278,-4.314265685641228,112.0,55.88775631668876,-4.123428423568879,177,17.835,978
55.8730347714278,-4.314265685641228,112.0,55.82857385936083,-4.129579652409029,178,17.22,1216
55.8730347714278,-4.314265685641228,112.0,55.879865395443076,-4.36272007519476,179,3.754,431
55.8730347714278,-4.314265685641228,112.0,55.87973669437185,-4.215636550296907,180,9.718,784
55.8730347714278,-4.314265685641228,112.0,55.8162521393249,-4.1868605517933455,181,13.58,939
55.8730347714278,-4.314265685641228,112.0,55.80755514535402,-4.201625161718038,182,15.139,1016
55.8730347714278,-4.314265685641228,112.0,55.85565398843102,-4.250533808562208,183,5.812,591
55.8730347714278,-4.314265685641228,112.0,55.929636326069506,-4.381100658166308,184,9.448,832
55.8730347714278,-4.314265685641228,112.0,55.879581066995904,-4.21986165885879,185,9.359,765
55.8730347714278,-4.314265685641228,112.0,55.92647877645629,-4.127886630011083,186,19.449,1097
55.8730347714278,-4.314265685641228,112.0,55.82282427264178,-4.371094162561755,187,9.562,870
55.8730347714278,-4.314265685641228,112.0,55.90291353127043,-4.3414180899754955,188,4.334,558
55.8730347714278,-4.314265685641228,112.0,55.78437024600116,-4.156926419796477,189,18.875,1196
55.8730347714278,-4.314265685641228,112.0,55.8321542449311,-4.1561720476648265,190,14.484,932
55.8730347714278,-4.314265685641228,112.0,55.88310705812362,-4.084862107847263,191,22.488,1044
55.8730347714278,-4.314265685641228,112.0,55.85616333886266,-4.110333739241922,192,17.035,926
55.8730347714278,-4.314265685641228,112.0,55.90185178498145,-4.152652007721208,193,17.996,1391
55.8730347714278,-4.314265685641228,112.0,55.8837118458465,-4.182392741162416,194,14.275,1739
55.8730347714278,-4.314265685641228,112.0,55.83086049774818,-4.312434105301623,195,11.3,796
55.8730347714278,-4.314265685641228,112.0,55.821849459706755,-4.176208567338996,196,13.328,903
55.8730347714278,-4.314265685641228,112.0,55.88009750494633,-4.255964552703097,197,5.82,660
55.8730347714278,-4.314265685641228,112.0,55.87413911675089,-4.369807111055967,198,7.371,530
55.8730347714278,-4.314265685641228,112.0,55.86354071984154,-4.093406384811447,199,17.651,980
55.78281063509159,-4.2703679878143666,113.0,55.8391698042901,-4.214478482526657,0,11.591,827
55.78281063509159,-4.2703679878143666,113.0,55.86553667472969,-4.350500876963486,1,19.353,1173
55.78281063509159,-4.2703679878143666,113.0,55.912892829643965,-4.286410947894997,2,23.765,2496
55.78281063509159,-4.2703679878143666,113.0,55.84854019346565,-4.391697428307927,3,13.177,1143
55.78281063509159,-4.2703679878143666,113.0,55.79232875093524,-4.310455024670266,4,3.72,376
55.78281063509159,-4.2703679878143666,113.0,55.837143362020576,-4.120043492886959,5,14.08,921
55.78281063509159,-4.2703679878143666,113.0,55.84185129809378,-4.283879851305767,6,9.568,845
55.78281063509159,-4.2703679878143666,113.0,55.90609664927746,-4.311383718964596,7,21.15,1504
55.78281063509159,-4.2703679878143666,113.0,55.7832172019226,-4.31249791159531,8,3.459,343
55.78281063509159,-4.2703679878143666,113.0,55.8177258987159,-4.260489243356555,9,5.024,509
55.78281063509159,-4.2703679878143666,113.0,55.903262790870684,-4.212111703691823,10,17.608,1530
55.78281063509159,-4.2703679878143666,113.0,55.893978813107424,-4.1413270988368325,11,19.084,1532
55.78281063509159,-4.2703679878143666,113.0,55.894884622950286,-4.154349650804189,12,21.469,1430
55.78281063509159,-4.2703679878143666,113.0,55.80680963785043,-4.263605759417426,13,3.601,432
55.78281063509159,-4.2703679878143666,113.0,55.81824312166051,-4.346878846315483,14,8.362,821
55.78281063509159,-4.2703679878143666,113.0,55.84742656229786,-4.269221405976544,15,9.851,865
55.78281063509159,-4.2703679878143666,113.0,55.80730424868546,-4.315177272898423,16,5.357,507
55.78281063509159,-4.2703679878143666,113.0,55.83798278877758,-4.260604018644594,17,8.735,731
55.78281063509159,-4.2703679878143666,113.0,55.89424631095569,-4.343398240721316,18,18.569,1371
55.78281063509159,-4.2703679878143666,113.0,55.83908093533876,-4.223069302141199,19,12.621,957
55.78281063509159,-4.2703679878143666,113.0,55.8357731433788,-4.270556349194068,20,8.005,691
55.78281063509159,-4.2703679878143666,113.0,55.90309627527835,-4.360750370095284,21,20.602,1606
55.78281063509159,-4.2703679878143666,113.0,55.85652103589449,-4.101365743428073,22,26.264,1261
55.78281063509159,-4.2703679878143666,113.0,55.783736419963375,-4.235306054793451,23,3.022,213
55.78281063509159,-4.2703679878143666,113.0,55.92064824587275,-4.2358362157531895,24,18.733,1510
55.78281063509159,-4.2703679878143666,113.0,55.907674892744176,-4.2497703459088045,25,17.485,2555
55.78281063509159,-4.2703679878143666,113.0,55.919604340921964,-4.226208116301384,26,18.657,1522
55.78281063509159,-4.2703679878143666,113.0,55.83219148710444,-4.304581930326681,27,8.563,821
55.78281063509159,-4.2703679878143666,113.0,55.79569701419853,-4.1769099124482585,28,8.545,586
55.78281063509159,-4.2703679878143666,113.0,55.81260197667657,-4.197841211154324,29,8.47,623
55.78281063509159,-4.2703679878143666,113.0,55.826092940761974,-4.176919409292903,30,11.587,933
55.78281063509159,-4.2703679878143666,113.0,55.828413149208096,-4.109650878166438,31,18.605,1069
55.78281063509159,-4.2703679878143666,113.0,55.8999241737755,-4.257993823533507,32,20.214,1483
55.78281063509159,-4.2703679878143666,113.0,55.892514250678616,-4.340118142906542,33,18.598,1383
55.78281063509159,-4.2703679878143666,113.0,55.855241629670886,-4.269936069312288,34,12.678,1079
55.78281063509159,-4.2703679878143666,113.0,55.877364911629314,-4.109701193625618,35,32.505,1472
55.78281063509159,-4.2703679878143666,113.0,55.887053111734645,-4.1280531391159245,36,22.335,1542
55.78281063509159,-4.2703679878143666,113.0,55.89108676863447,-4.105446803942431,37,32.493,1687
55.78281063509159,-4.2703679878143666,113.0,55.842635153466425,-4.334387903339716,38,12.587,971
55.78281063509159,-4.2703679878143666,113.0,55.89197542936556,-4.19614108945253,39,18.342,1375
55.78281063509159,-4.2703679878143666,113.0,55.825849135803445,-4.321179033230789,40,8.542,743
55.78281063509159,-4.2703679878143666,113.0,55.81864602215581,-4.375055705699034,41,8.489,749
55.78281063509159,-4.2703679878143666,113.0,55.92613065482397,-4.212698358862173,42,19.119,1575
55.78281063509159,-4.2703679878143666,113.0,55.874439929608144,-4.279689658904073,43,16.854,1150
55.78281063509159,-4.2703679878143666,113.0,55.81998166828728,-4.245455535821837,44,6.387,515
55.78281063509159,-4.2703679878143666,113.0,55.91066980601156,-4.213502644426629,45,18.071,1525
55.78281063509159,-4.2703679878143666,113.0,55.8404807486866,-4.356656090229781,46,10.765,979
55.78281063509159,-4.2703679878143666,113.0,55.88708229912325,-4.079055837843032,47,30.123,1280
55.78281063509159,-4.2703679878143666,113.0,55.84510555179576,-4.178720975321847,48,13.414,1036
55.78281063509159,-4.2703679878143666,113.0,55.84413340760586,-4.085244529493477,49,27.276,1666
55.78281063509159,-4.2703679878143666,113.0,55.83324217210475,-4.157183908594519,50,11.526,848
55.78281063509159,-4.2703679878143666,113.0,55.895753278756494,-4.323131413571223,51,18.355,1482
55.78281063509159,-4.2703679878143666,113.0,55.88609925330935,-4.38354364327563,52,20.386,1241
55.78281063509159,-4.2703679878143666,113.0,55.86596770908397,-4.338853955125049,53,17.169,1121
55.78281063509159,-4.2703679878143666,113.0,55.819381988004544,-4.256567679373081,54,5.09,504
55.78281063509159,-4.2703679878143666,113.0,55.919398785577634,-4.298102785445152,55,24.041,2176
55.78281063509159,-4.2703679878143666,113.0,55.81052481551728,-4.0780884232687225,56,24.819,2251
55.78281063509159,-4.2703679878143666,113.0,55.8411814367945,-4.125490362928665,57,13.95,1052
55.78281063509159,-4.2703679878143666,113.0,55.844855881791794,-4.151320272286683,58,13.246,1010
55.78281063509159,-4.2703679878143666,113.0,55.79334532620707,-4.3052187624925375,59,3.315,334
55.78281063509159,-4.2703679878143666,113.0,55.78499644933002,-4.082518262203789,60,15.012,758
55.78281063509159,-4.2703679878143666,113.0,55.86482365717543,-4.074666870071637,61,27.816,1454
55.78281063509159,-4.2703679878143666,113.0,55.910543969585106,-4.384534109666136,62,22.429,1671
55.78281063509159,-4.2703679878143666,113.0,55.799715679086134,-4.188568421733812,63,6.244,622
55.78281063509159,-4.2703679878143666,113.0,55.90005630083831,-4.294022887833187,64,20.222,1458
55.78281063509159,-4.2703679878143666,113.0,55.82573931186619,-4.210157383495828,65,9.76,667
55.78281063509159,-4.2703679878143666,113.0,55.88010014610652,-4.288014027401103,66,18.943,1426
55.78281063509159,-4.2703679878143666,113.0,55.8836463272421,-4.377148406451105,67,20.156,1318
55.78281063509159,-4.2703679878143666,113.0,55.80511293548626,-4.195982430231648,68,7.727,572
55.78281063509159,-4.2703679878143666,113.0,55.9265186267864,-4.256321117900257,69,23.579,1590
55.78281063509159,-4.2703679878143666,113.0,55.90353118048908,-4.119171950823842,70,33.095,1748
55.78281063509159,-4.2703679878143666,113.0,55.81502357146685,-4.260984914919316,71,4.693,456
55.78281063509159,-4.2703679878143666,113.0,55.894355058439295,-4.293143876300353,72,19.512,1405
55.78281063509159,-4.2703679878143666,113.0,55.80246488546192,-4.242274834364847,73,4.152,350
55.78281063509159,-4.2703679878143666,113.0,55.887581813102464,-4.2985753032369685,74,19.124,1401
55.78281063509159,-4.2703679878143666,113.0,55.928290955083554,-4.295962301582311,75,24.463,1591
55.78281063509159,-4.2703679878143666,113.0,55.81096058143004,-4.368797105646974,76,7.654,723
55.78281063509159,-4.2703679878143666,113.0,55.84818750128869,-4.3631808239548375,77,12.519,1093
55.78281063509159,-4.2703679878143666,113.0,55.81610352786554,-4.330910795148831,78,7.185,649
55.78281063509159,-4.2703679878143666,113.0,55.807034270653475,-4.136077366584948,79,13.293,766
55.78281063509159,-4.2703679878143666,113.0,55.86778114631985,-4.233612892312959,80,12.811,1156
55.78281063509159,-4.2703679878143666,113.0,55.79578956690847,-4.368290459919509,81,10.802,1787
55.78281063509159,-4.2703679878143666,113.0,55.897877306124535,-4.077031107370425,82,32.482,2026
55.78281063509159,-4.2703679878143666,113.0,55.80721289582252,-4.242612882195534,83,4.529,377
55.78281063509159,-4.2703679878143666,113.0,55.92209393969709,-4.157940141970138,84,23.002,1581
55.78281063509159,-4.2703679878143666,113.0,55.79188265083702,-4.28147512844989,85,1.462,172
55.78281063509159,-4.2703679878143666,113.0,55.88043814367632,-4.104360473798184,86,31.815,1412
55.78281063509159,-4.2703679878143666,113.0,55.90345994988174,-4.293652184560058,87,20.691,1503
55.78281063509159,-4.2703679878143666,113.0,55.91230525016259,-4.108196424937476,88,35.775,1650
55.78281063509159,-4.2703679878143666,113.0,55.90569137930351,-4.3852429216612405,89,22.464,1694
55.78281063509159,-4.2703679878143666,113.0,55.824402119970216,-4.298242138123909,90,6.93,662
55.78281063509159,-4.2703679878143666,113.0,55.887104625653905,-4.201059285828647,91,15.947,1494
55.78281063509159,-4.2703679878143666,113.0,55.92006797200308,-4.195257422106852,92,19.965,1553
55.78281063509159,-4.2703679878143666,113.0,55.7944551107823,-4.1683749063061635,93,8.675,1020
55.78281063509159,-4.2703679878143666,113.0,55.88003873447475,-4.304350182381346,94,18.683,1306
55.78281063509159,-4.2703679878143666,113.0,55.88308048053683,-4.2942103285768285,95,18.283,1281
55.78281063509159,-4.2703679878143666,113.0,55.80779271908626,-4.3234306371549245,96,5.805,553
55.78281063509159,-4.2703679878143666,113.0,55.90123467399992,-4.380968632189907,97,22.794,1816
55.78281063509159,-4.2703679878143666,113.0,55.88049231589054,-4.293733205570284,98,18.185,1271
55.78281063509159,-4.2703679878143666,113.0,55.84697147961761,-4.334108806216461,99,12.898,1047
55.78281063509159,-4.2703679878143666,113.0,55.83067141211495,-4.195633651932574,100,11.809,877
55.78281063509159,-4.2703679878143666,113.0,55.89350845984679,-4.099445363541155,101,31.56,1458
55.78281063509159,-4.2703679878143666,113.0,55.92592408664018,-4.179171340754611,102,24.343,1665
55.78281063509159,-4.2703679878143666,113.0,55.84941827409408,-4.169566750359822,103,13.523,1059
55.78281063509159,-4.2703679878143666,113.0,55.92413375575165,-4.226670311636797,104,20.334,2317
55.78281063509159,-4.2703679878143666,113.0,55.88995713457192,-4.285031242761631,105,18.452,1308
55.78281063509159,-4.2703679878143666,113.0,55.90528066541109,-4.131569818675147,106,20.681,1429
55.78281063509159,-4.2703679878143666,113.0,55.87850608392288,-4.103517886631066,107,32.146,1445
55.78281063509159,-4.2703679878143666,113.0,55.80799405798939,-4.284953473560454,108,4.708,490
55.78281063509159,-4.2703679878143666,113.0,55.906815669822045,-4.385279074380807,109,21.775,1609
55.78281063509159,-4.2703679878143666,113.0,55.916237634416454,-4.222407816066865,110,18.572,1510
55.78281063509159,-4.2703679878143666,113.0,55.915798955837815,-4.088621086891774,111,34.641,1533
55.78281063509159,-4.2703679878143666,113.0,55.827538479175395,-4.350653065976025,112,8.959,786
55.78281063509159,-4.2703679878143666,113.0,55.799515288981674,-4.0866627646338864,113,15.779,902
55.78281063509159,-4.2703679878143666,113.0,55.831024245961984,-4.244756518165482,114,7.714,637
55.78281063509159,-4.2703679878143666,113.0,55.86754360554833,-4.2143078261423845,115,14.258,1302
55.78281063509159,-4.2703679878143666,113.0,55.8574985965699,-4.1521224561179935,116,14.402,1135
55.78281063509159,-4.2703679878143666,113.0,55.88095643501817,-4.32811659177277,117,16.411,1198
55.78281063509159,-4.2703679878143666,113.0,55.85240433608213,-4.177570445500026,118,14.455,1116
55.78281063509159,-4.2703679878143666,113.0,55.91169549549074,-4.359708873069638,119,24.608,1787
55.78281063509159,-4.2703679878143666,113.0,55.92640787519779,-4.300990956079843,120,24.911,1639
55.78281063509159,-4.2703679878143666,113.0,55.84019197366069,-4.205566157974415,121,12.077,942
55.78281063509159,-4.2703679878143666,113.0,55.866619942939494,-4.268153778778456,122,13.031,1218
55.78281063509159,-4.2703679878143666,113.0,55.81327411986783,-4.2587495402872255,123,5.962,539
55.78281063509159,-4.2703679878143666,113.0,55.86022660117776,-4.154711133590585,124,14.755,1166
55.78281063509159,-4.2703679878143666,113.0,55.831522729053496,-4.370420634377527,125,10.052,941
55.78281063509159,-4.2703679878143666,113.0,55.84074346341779,-4.172411658039648,126,12.903,986
55.78281063509159,-4.2703679878143666,113.0,55.8801412435821,-4.258666277618953,127,18.051,1299
55.78281063509159,-4.2703679878143666,113.0,55.8434159429892,-4.1056733307349536,128,15.878,1108
55.78281063509159,-4.2703679878143666,113.0,55.83522057783537,-4.25736952395694,129,8.709,733
55.78281063509159,-4.2703679878143666,113.0,55.86467774065618,-4.2250953414252415,130,12.616,1068
55.78281063509159,-4.2703679878143666,113.0,55.8953662249987,-4.231143624453162,131,15.759,1322
55.78281063509159,-4.2703679878143666,113.0,55.81920459649808,-4.236238450921302,132,6.971,565
55.78281063509159,-4.2703679878143666,113.0,55.900795402502105,-4.206009410292495,133,17.926,1517
55.78281063509159,-4.2703679878143666,113.0,55.86078490474355,-4.339631469507248,134,17.704,1216
55.78281063509159,-4.2703679878143666,113.0,55.924999437053955,-4.191173279124663,135,20.216,1562
55.78281063509159,-4.2703679878143666,113.0,55.81549096669224,-4.126910343137958,136,14.35,855
55.78281063509159,-4.2703679878143666,113.0,55.90135585493081,-4.207622057499793,137,17.925,1494
55.78281063509159,-4.2703679878143666,113.0,55.845816555475636,-4.129576488296543,138,14.619,1098
55.78281063509159,-4.2703679878143666,113.0,55.80470047644827,-4.291960781118721,139,4.55,488
55.78281063509159,-4.2703679878143666,113.0,55.89185394491289,-4.179857587296262,140,17.246,1300
55.78281063509159,-4.2703679878143666,113.0,55.91859399996558,-4.3401659608951215,141,23.474,1638
55.78281063509159,-4.2703679878143666,113.0,55.90671476836246,-4.3642865107142725,142,21.354,1662
55.78281063509159,-4.2703679878143666,113.0,55.81273399651921,-4.167613047894911,143,8.546,604
55.78281063509159,-4.2703679878143666,113.0,55.80939871413575,-4.276056954355674,144,3.729,361
55.78281063509159,-4.2703679878143666,113.0,55.88312869327199,-4.214542892826467,145,15.33,1348
55.78281063509159,-4.2703679878143666,113.0,55.815340374954424,-4.283514492524949,146,4.751,464
55.78281063509159,-4.2703679878143666,113.0,55.87864379034378,-4.080636908866371,147,31.103,1315
55.78281063509159,-4.2703679878143666,113.0,55.89423440492952,-4.2418874418647645,148,16.322,1406
55.78281063509159,-4.2703679878143666,113.0,55.92796852989922,-4.305970400193036,149,25.039,1662
55.78281063509159,-4.2703679878143666,113.0,55.92895153496988,-4.082888064137351,150,35.599,1541
55.78281063509159,-4.2703679878143666,113.0,55.790766759429424,-4.135285962371055,151,11.1,661
55.78281063509159,-4.2703679878143666,113.0,55.80808041573422,-4.184105792933229,152,7.343,508
55.78281063509159,-4.2703679878143666,113.0,55.7982747224006,-4.3931924101572655,153,9.292,830
55.78281063509159,-4.2703679878143666,113.0,55.81178474630603,-4.337962602706185,154,6.44,624
55.78281063509159,-4.2703679878143666,113.0,55.852972007756,-4.353957895039277,155,12.732,1206
55.78281063509159,-4.2703679878143666,113.0,55.797152036890715,-4.311451416173846,156,3.605,370
55.78281063509159,-4.2703679878143666,113.0,55.84839482833289,-4.1889265673730645,157,14.175,1072
55.78281063509159,-4.2703679878143666,113.0,55.86383954752864,-4.387927326091926,158,15.791,1230
55.78281063509159,-4.2703679878143666,113.0,55.807182357875575,-4.140487806234959,159,10.376,721
55.78281063509159,-4.2703679878143666,113.0,55.8296607577131,-4.218765551358871,160,10.672,791
55.78281063509159,-4.2703679878143666,113.0,55.82699494590622,-4.295404959002084,161,6.997,652
55.78281063509159,-4.2703679878143666,113.0,55.861248665443505,-4.307186036515638,162,13.161,1072
55.78281063509159,-4.2703679878143666,113.0,55.897857165570365,-4.156645648865112,163,18.722,1336
55.78281063509159,-4.2703679878143666,113.0,55.877747555317356,-4.342792329217214,164,17.009,1304
55.78281063509159,-4.2703679878143666,113.0,55.92259641850896,-4.389236283866068,165,35.857,1810
55.78281063509159,-4.2703679878143666,113.0,55.92621339590465,-4.2820478996479165,166,23.363,1539
55.78281063509159,-4.2703679878143666,113.0,55.80660612206145,-4.094012410496262,167,25.221,1380
55.78281063509159,-4.2703679878143666,113.0,55.84605439624201,-4.09192094471571,168,32.332,1384
55.78281063509159,-4.2703679878143666,113.0,55.83961965364386,-4.1201104741133365,169,15.229,1006
55.78281063509159,-4.2703679878143666,113.0,55.85030951683019,-4.217608837338132,170,12.971,1008
55.78281063509159,-4.2703679878143666,113.0,55.85971342373431,-4.246748195156407,171,11.349,1005
55.78281063509159,-4.2703679878143666,113.0,55.815747728441636,-4.150792968910081,172,10.564,819
55.78281063509159,-4.2703679878143666,113.0,55.80041195127493,-4.3806303679601495,173,10.802,734
55.78281063509159,-4.2703679878143666,113.0,55.85487415463933,-4.092829020720908,174,26.787,1215
55.78281063509159,-4.2703679878143666,113.0,55.80456076444065,-4.203157873727267,175,8.218,592
55.78281063509159,-4.2703679878143666,113.0,55.84723005082115,-4.330151260440624,176,12.786,1016
55.78281063509159,-4.2703679878143666,113.0,55.88775631668876,-4.123428423568879,177,22.47,1548
55.78281063509159,-4.2703679878143666,113.0,55.82857385936083,-4.129579652409029,178,16.423,1029
55.78281063509159,-4.2703679878143666,113.0,55.879865395443076,-4.36272007519476,179,17.917,1330
55.78281063509159,-4.2703679878143666,113.0,55.87973669437185,-4.215636550296907,180,14.617,1360
55.78281063509159,-4.2703679878143666,113.0,55.8162521393249,-4.1868605517933455,181,8.725,628
55.78281063509159,-4.2703679878143666,113.0,55.80755514535402,-4.201625161718038,182,7.971,559
55.78281063509159,-4.2703679878143666,113.0,55.85565398843102,-4.250533808562208,183,10.388,906
55.78281063509159,-4.2703679878143666,113.0,55.929636326069506,-4.381100658166308,184,36.843,1831
55.78281063509159,-4.2703679878143666,113.0,55.879581066995904,-4.21986165885879,185,14.258,1340
55.78281063509159,-4.2703679878143666,113.0,55.92647877645629,-4.127886630011083,186,24.084,1667
55.78281063509159,-4.2703679878143666,113.0,55.82282427264178,-4.371094162561755,187,9.188,864
55.78281063509159,-4.2703679878143666,113.0,55.90291353127043,-4.3414180899754955,188,19.4,1540
55.78281063509159,-4.2703679878143666,113.0,55.78437024600116,-4.156926419796477,189,10.99,639
55.78281063509159,-4.2703679878143666,113.0,55.8321542449311,-4.1561720476648265,190,11.566,862
55.78281063509159,-4.2703679878143666,113.0,55.88310705812362,-4.084862107847263,191,28.264,1197
55.78281063509159,-4.2703679878143666,113.0,55.85616333886266,-4.110333739241922,192,26.907,1312
55.78281063509159,-4.2703679878143666,113.0,55.90185178498145,-4.152652007721208,193,22.631,1961
55.78281063509159,-4.2703679878143666,113.0,55.8837118458465,-4.182392741162416,194,18.91,2309
55.78281063509159,-4.2703679878143666,113.0,55.83086049774818,-4.312434105301623,195,8.147,724
55.78281063509159,-4.2703679878143666,113.0,55.821849459706755,-4.176208567338996,196,9.963,750
55.78281063509159,-4.2703679878143666,113.0,55.88009750494633,-4.255964552703097,197,17.737,1277
55.78281063509159,-4.2703679878143666,113.0,55.87413911675089,-4.369807111055967,198,18.497,1137
55.78281063509159,-4.2703679878143666,113.0,55.86354071984154,-4.093406384811447,199,28.367,1319
55.80117151582289,-4.3204263498210045,114.0,55.8391698042901,-4.214478482526657,0,16.52,911
55.80117151582289,-4.3204263498210045,114.0,55.86553667472969,-4.350500876963486,1,13.889,828
55.80117151582289,-4.3204263498210045,114.0,55.912892829643965,-4.286410947894997,2,19.688,2120
55.80117151582289,-4.3204263498210045,114.0,55.84854019346565,-4.391697428307927,3,9.1,766
55.80117151582289,-4.3204263498210045,114.0,55.79232875093524,-4.310455024670266,4,1.529,170
55.80117151582289,-4.3204263498210045,114.0,55.837143362020576,-4.120043492886959,5,20.219,923
55.80117151582289,-4.3204263498210045,114.0,55.84185129809378,-4.283879851305767,6,5.747,491
55.80117151582289,-4.3204263498210045,114.0,55.90609664927746,-4.311383718964596,7,17.073,1128
55.80117151582289,-4.3204263498210045,114.0,55.7832172019226,-4.31249791159531,8,3.117,228
55.80117151582289,-4.3204263498210045,114.0,55.8177258987159,-4.260489243356555,9,6.133,566
55.80117151582289,-4.3204263498210045,114.0,55.903262790870684,-4.212111703691823,10,19.054,1194
55.80117151582289,-4.3204263498210045,114.0,55.893978813107424,-4.1413270988368325,11,20.794,1202
55.80117151582289,-4.3204263498210045,114.0,55.894884622950286,-4.154349650804189,12,23.179,1100
55.80117151582289,-4.3204263498210045,114.0,55.80680963785043,-4.263605759417426,13,5.345,528
55.80117151582289,-4.3204263498210045,114.0,55.81824312166051,-4.346878846315483,14,4.285,444
55.80117151582289,-4.3204263498210045,114.0,55.84742656229786,-4.269221405976544,15,8.217,693
55.80117151582289,-4.3204263498210045,114.0,55.80730424868546,-4.315177272898423,16,0.939,108
55.80117151582289,-4.3204263498210045,114.0,55.83798278877758,-4.260604018644594,17,6.363,671
55.80117151582289,-4.3204263498210045,114.0,55.89424631095569,-4.343398240721316,18,15.705,1078
55.80117151582289,-4.3204263498210045,114.0,55.83908093533876,-4.223069302141199,19,14.111,942
55.80117151582289,-4.3204263498210045,114.0,55.8357731433788,-4.270556349194068,20,5.486,491
55.80117151582289,-4.3204263498210045,114.0,55.90309627527835,-4.360750370095284,21,17.738,1313
55.80117151582289,-4.3204263498210045,114.0,55.85652103589449,-4.101365743428073,22,23.342,1144
55.80117151582289,-4.3204263498210045,114.0,55.783736419963375,-4.235306054793451,23,7.008,559
55.80117151582289,-4.3204263498210045,114.0,55.92064824587275,-4.2358362157531895,24,20.179,1175
55.80117151582289,-4.3204263498210045,114.0,55.907674892744176,-4.2497703459088045,25,18.931,2220
55.80117151582289,-4.3204263498210045,114.0,55.919604340921964,-4.226208116301384,26,20.103,1186
55.80117151582289,-4.3204263498210045,114.0,55.83219148710444,-4.304581930326681,27,4.742,470
55.80117151582289,-4.3204263498210045,114.0,55.79569701419853,-4.1769099124482585,28,12.531,932
55.80117151582289,-4.3204263498210045,114.0,55.81260197667657,-4.197841211154324,29,12.456,969
55.80117151582289,-4.3204263498210045,114.0,55.826092940761974,-4.176919409292903,30,16.876,996
55.80117151582289,-4.3204263498210045,114.0,55.828413149208096,-4.109650878166438,31,23.68,1186
55.80117151582289,-4.3204263498210045,114.0,55.8999241737755,-4.257993823533507,32,16.137,1107
55.80117151582289,-4.3204263498210045,114.0,55.892514250678616,-4.340118142906542,33,15.734,1089
55.80117151582289,-4.3204263498210045,114.0,55.855241629670886,-4.269936069312288,34,12.17,732
55.80117151582289,-4.3204263498210045,114.0,55.877364911629314,-4.109701193625618,35,23.743,1245
55.80117151582289,-4.3204263498210045,114.0,55.887053111734645,-4.1280531391159245,36,24.045,1211
55.80117151582289,-4.3204263498210045,114.0,55.89108676863447,-4.105446803942431,37,25.778,1518
55.80117151582289,-4.3204263498210045,114.0,55.842635153466425,-4.334387903339716,38,8.51,594
55.80117151582289,-4.3204263498210045,114.0,55.89197542936556,-4.19614108945253,39,20.052,1045
55.80117151582289,-4.3204263498210045,114.0,55.825849135803445,-4.321179033230789,40,4.721,389
55.80117151582289,-4.3204263498210045,114.0,55.81864602215581,-4.375055705699034,41,4.412,372
55.80117151582289,-4.3204263498210045,114.0,55.92613065482397,-4.212698358862173,42,20.565,1239
55.80117151582289,-4.3204263498210045,114.0,55.874439929608144,-4.279689658904073,43,12.777,773
55.80117151582289,-4.3204263498210045,114.0,55.81998166828728,-4.245455535821837,44,7.069,668
55.80117151582289,-4.3204263498210045,114.0,55.91066980601156,-4.213502644426629,45,19.517,1190
55.80117151582289,-4.3204263498210045,114.0,55.8404807486866,-4.356656090229781,46,6.688,602
55.80117151582289,-4.3204263498210045,114.0,55.88708229912325,-4.079055837843032,47,29.011,1266
55.80117151582289,-4.3204263498210045,114.0,55.84510555179576,-4.178720975321847,48,18.541,1011
55.80117151582289,-4.3204263498210045,114.0,55.84413340760586,-4.085244529493477,49,25.708,1640
55.80117151582289,-4.3204263498210045,114.0,55.83324217210475,-4.157183908594519,50,18.403,1008
55.80117151582289,-4.3204263498210045,114.0,55.895753278756494,-4.323131413571223,51,15.491,1189
55.80117151582289,-4.3204263498210045,114.0,55.88609925330935,-4.38354364327563,52,14.922,897
55.80117151582289,-4.3204263498210045,114.0,55.86596770908397,-4.338853955125049,53,11.705,777
55.80117151582289,-4.3204263498210045,114.0,55.819381988004544,-4.256567679373081,54,6.199,561
55.80117151582289,-4.3204263498210045,114.0,55.919398785577634,-4.298102785445152,55,19.964,1799
55.80117151582289,-4.3204263498210045,114.0,55.81052481551728,-4.0780884232687225,56,26.479,2333
55.80117151582289,-4.3204263498210045,114.0,55.8411814367945,-4.125490362928665,57,21.761,1081
55.80117151582289,-4.3204263498210045,114.0,55.844855881791794,-4.151320272286683,58,19.393,1062
55.80117151582289,-4.3204263498210045,114.0,55.79334532620707,-4.3052187624925375,59,1.86,176
55.80117151582289,-4.3204263498210045,114.0,55.78499644933002,-4.082518262203789,60,18.998,1104
55.80117151582289,-4.3204263498210045,114.0,55.86482365717543,-4.074666870071637,61,25.608,1361
55.80117151582289,-4.3204263498210045,114.0,55.910543969585106,-4.384534109666136,62,19.565,1378
55.80117151582289,-4.3204263498210045,114.0,55.799715679086134,-4.188568421733812,63,10.23,968
55.80117151582289,-4.3204263498210045,114.0,55.90005630083831,-4.294022887833187,64,16.145,1081
55.80117151582289,-4.3204263498210045,114.0,55.82573931186619,-4.210157383495828,65,16.403,877
55.80117151582289,-4.3204263498210045,114.0,55.88010014610652,-4.288014027401103,66,14.866,1050
55.80117151582289,-4.3204263498210045,114.0,55.8836463272421,-4.377148406451105,67,14.692,974
55.80117151582289,-4.3204263498210045,114.0,55.80511293548626,-4.195982430231648,68,11.713,918
55.80117151582289,-4.3204263498210045,114.0,55.9265186267864,-4.256321117900257,69,19.502,1214
55.80117151582289,-4.3204263498210045,114.0,55.90353118048908,-4.119171950823842,70,24.941,1453
55.80117151582289,-4.3204263498210045,114.0,55.81502357146685,-4.260984914919316,71,6.437,552
55.80117151582289,-4.3204263498210045,114.0,55.894355058439295,-4.293143876300353,72,15.435,1029
55.80117151582289,-4.3204263498210045,114.0,55.80246488546192,-4.242274834364847,73,8.138,696
55.80117151582289,-4.3204263498210045,114.0,55.887581813102464,-4.2985753032369685,74,15.047,1025
55.80117151582289,-4.3204263498210045,114.0,55.928290955083554,-4.295962301582311,75,20.386,1214
55.80117151582289,-4.3204263498210045,114.0,55.81096058143004,-4.368797105646974,76,3.577,346
55.80117151582289,-4.3204263498210045,114.0,55.84818750128869,-4.3631808239548375,77,8.442,717
55.80117151582289,-4.3204263498210045,114.0,55.81610352786554,-4.330910795148831,78,2.767,250
55.80117151582289,-4.3204263498210045,114.0,55.807034270653475,-4.136077366584948,79,17.279,1112
55.80117151582289,-4.3204263498210045,114.0,55.86778114631985,-4.233612892312959,80,14.628,856
55.80117151582289,-4.3204263498210045,114.0,55.79578956690847,-4.368290459919509,81,7.219,1506
55.80117151582289,-4.3204263498210045,114.0,55.897877306124535,-4.077031107370425,82,27.569,1984
55.80117151582289,-4.3204263498210045,114.0,55.80721289582252,-4.242612882195534,83,8.515,723
55.80117151582289,-4.3204263498210045,114.0,55.92209393969709,-4.157940141970138,84,24.712,1251
55.80117151582289,-4.3204263498210045,114.0,55.79188265083702,-4.28147512844989,85,2.722,231
55.80117151582289,-4.3204263498210045,114.0,55.88043814367632,-4.104360473798184,86,23.555,1205
55.80117151582289,-4.3204263498210045,114.0,55.90345994988174,-4.293652184560058,87,16.614,1126
55.80117151582289,-4.3204263498210045,114.0,55.91230525016259,-4.108196424937476,88,26.209,1398
55.80117151582289,-4.3204263498210045,114.0,55.90569137930351,-4.3852429216612405,89,19.6,1401
55.80117151582289,-4.3204263498210045,114.0,55.824402119970216,-4.298242138123909,90,3.539,351
55.80117151582289,-4.3204263498210045,114.0,55.887104625653905,-4.201059285828647,91,17.764,1194
55.80117151582289,-4.3204263498210045,114.0,55.92006797200308,-4.195257422106852,92,21.411,1217
55.80117151582289,-4.3204263498210045,114.0,55.7944551107823,-4.1683749063061635,93,12.661,1366
55.80117151582289,-4.3204263498210045,114.0,55.88003873447475,-4.304350182381346,94,14.606,929
55.80117151582289,-4.3204263498210045,114.0,55.88308048053683,-4.2942103285768285,95,14.206,904
55.80117151582289,-4.3204263498210045,114.0,55.80779271908626,-4.3234306371549245,96,1.387,154
55.80117151582289,-4.3204263498210045,114.0,55.90123467399992,-4.380968632189907,97,19.906,1530
55.80117151582289,-4.3204263498210045,114.0,55.88049231589054,-4.293733205570284,98,14.108,894
55.80117151582289,-4.3204263498210045,114.0,55.84697147961761,-4.334108806216461,99,8.821,671
55.80117151582289,-4.3204263498210045,114.0,55.83067141211495,-4.195633651932574,100,15.686,874
55.80117151582289,-4.3204263498210045,114.0,55.89350845984679,-4.099445363541155,101,25.593,1349
55.80117151582289,-4.3204263498210045,114.0,55.92592408664018,-4.179171340754611,102,26.053,1335
55.80117151582289,-4.3204263498210045,114.0,55.84941827409408,-4.169566750359822,103,19.246,1077
55.80117151582289,-4.3204263498210045,114.0,55.92413375575165,-4.226670311636797,104,21.78,1981
55.80117151582289,-4.3204263498210045,114.0,55.88995713457192,-4.285031242761631,105,14.375,931
55.80117151582289,-4.3204263498210045,114.0,55.90528066541109,-4.131569818675147,106,22.391,1098
55.80117151582289,-4.3204263498210045,114.0,55.87850608392288,-4.103517886631066,107,23.886,1238
55.80117151582289,-4.3204263498210045,114.0,55.80799405798939,-4.284953473560454,108,3.358,360
55.80117151582289,-4.3204263498210045,114.0,55.906815669822045,-4.385279074380807,109,18.911,1316
55.80117151582289,-4.3204263498210045,114.0,55.916237634416454,-4.222407816066865,110,20.018,1174
55.80117151582289,-4.3204263498210045,114.0,55.915798955837815,-4.088621086891774,111,29.293,1429
55.80117151582289,-4.3204263498210045,114.0,55.827538479175395,-4.350653065976025,112,4.882,409
55.80117151582289,-4.3204263498210045,114.0,55.799515288981674,-4.0866627646338864,113,19.765,1248
55.80117151582289,-4.3204263498210045,114.0,55.831024245961984,-4.244756518165482,114,13.152,779
55.80117151582289,-4.3204263498210045,114.0,55.86754360554833,-4.2143078261423845,115,15.968,972
55.80117151582289,-4.3204263498210045,114.0,55.8574985965699,-4.1521224561179935,116,20.549,1187
55.80117151582289,-4.3204263498210045,114.0,55.88095643501817,-4.32811659177277,117,13.547,905
55.80117151582289,-4.3204263498210045,114.0,55.85240433608213,-4.177570445500026,118,19.41,1128
55.80117151582289,-4.3204263498210045,114.0,55.91169549549074,-4.359708873069638,119,20.531,1411
55.80117151582289,-4.3204263498210045,114.0,55.92640787519779,-4.300990956079843,120,20.834,1263
55.80117151582289,-4.3204263498210045,114.0,55.84019197366069,-4.205566157974415,121,17.006,1026
55.80117151582289,-4.3204263498210045,114.0,55.866619942939494,-4.268153778778456,122,12.93,896
55.80117151582289,-4.3204263498210045,114.0,55.81327411986783,-4.2587495402872255,123,6.523,614
55.80117151582289,-4.3204263498210045,114.0,55.86022660117776,-4.154711133590585,124,20.469,1115
55.80117151582289,-4.3204263498210045,114.0,55.831522729053496,-4.370420634377527,125,5.975,564
55.80117151582289,-4.3204263498210045,114.0,55.84074346341779,-4.172411658039648,126,17.614,931
55.80117151582289,-4.3204263498210045,114.0,55.8801412435821,-4.258666277618953,127,13.974,922
55.80117151582289,-4.3204263498210045,114.0,55.8434159429892,-4.1056733307349536,128,22.017,1110
55.80117151582289,-4.3204263498210045,114.0,55.83522057783537,-4.25736952395694,129,6.415,657
55.80117151582289,-4.3204263498210045,114.0,55.86467774065618,-4.2250953414252415,130,14.752,809
55.80117151582289,-4.3204263498210045,114.0,55.8953662249987,-4.231143624453162,131,17.205,986
55.80117151582289,-4.3204263498210045,114.0,55.81920459649808,-4.236238450921302,132,7.653,719
55.80117151582289,-4.3204263498210045,114.0,55.900795402502105,-4.206009410292495,133,19.372,1181
55.80117151582289,-4.3204263498210045,114.0,55.86078490474355,-4.339631469507248,134,12.24,872
55.80117151582289,-4.3204263498210045,114.0,55.924999437053955,-4.191173279124663,135,21.662,1226
55.80117151582289,-4.3204263498210045,114.0,55.81549096669224,-4.126910343137958,136,18.336,1201
55.80117151582289,-4.3204263498210045,114.0,55.90135585493081,-4.207622057499793,137,19.371,1159
55.80117151582289,-4.3204263498210045,114.0,55.845816555475636,-4.129576488296543,138,20.766,1152
55.80117151582289,-4.3204263498210045,114.0,55.80470047644827,-4.291960781118721,139,2.916,317
55.80117151582289,-4.3204263498210045,114.0,55.89185394491289,-4.179857587296262,140,18.956,969
55.80117151582289,-4.3204263498210045,114.0,55.91859399996558,-4.3401659608951215,141,19.397,1261
55.80117151582289,-4.3204263498210045,114.0,55.90671476836246,-4.3642865107142725,142,18.49,1368
55.80117151582289,-4.3204263498210045,114.0,55.81273399651921,-4.167613047894911,143,12.532,950
55.80117151582289,-4.3204263498210045,114.0,55.80939871413575,-4.276056954355674,144,4.233,406
55.80117151582289,-4.3204263498210045,114.0,55.88312869327199,-4.214542892826467,145,16.776,1013
55.80117151582289,-4.3204263498210045,114.0,55.815340374954424,-4.283514492524949,146,3.668,357
55.80117151582289,-4.3204263498210045,114.0,55.87864379034378,-4.080636908866371,147,29.991,1301
55.80117151582289,-4.3204263498210045,114.0,55.89423440492952,-4.2418874418647645,148,17.768,1070
55.80117151582289,-4.3204263498210045,114.0,55.92796852989922,-4.305970400193036,149,20.962,1286
55.80117151582289,-4.3204263498210045,114.0,55.92895153496988,-4.082888064137351,150,29.663,1379
55.80117151582289,-4.3204263498210045,114.0,55.790766759429424,-4.135285962371055,151,15.086,1007
55.80117151582289,-4.3204263498210045,114.0,55.80808041573422,-4.184105792933229,152,11.329,854
55.80117151582289,-4.3204263498210045,114.0,55.7982747224006,-4.3931924101572655,153,5.215,454
55.80117151582289,-4.3204263498210045,114.0,55.81178474630603,-4.337962602706185,154,2.363,247
55.80117151582289,-4.3204263498210045,114.0,55.852972007756,-4.353957895039277,155,8.655,829
55.80117151582289,-4.3204263498210045,114.0,55.797152036890715,-4.311451416173846,156,0.756,104
55.80117151582289,-4.3204263498210045,114.0,55.84839482833289,-4.1889265673730645,157,19.192,1045
55.80117151582289,-4.3204263498210045,114.0,55.86383954752864,-4.387927326091926,158,11.714,854
55.80117151582289,-4.3204263498210045,114.0,55.807182357875575,-4.140487806234959,159,14.362,1067
55.80117151582289,-4.3204263498210045,114.0,55.8296607577131,-4.218765551358871,160,14.572,935
55.80117151582289,-4.3204263498210045,114.0,55.82699494590622,-4.295404959002084,161,4.123,354
55.80117151582289,-4.3204263498210045,114.0,55.861248665443505,-4.307186036515638,162,9.084,696
55.80117151582289,-4.3204263498210045,114.0,55.897857165570365,-4.156645648865112,163,20.432,1006
55.80117151582289,-4.3204263498210045,114.0,55.877747555317356,-4.342792329217214,164,14.137,1002
55.80117151582289,-4.3204263498210045,114.0,55.92259641850896,-4.389236283866068,165,30.393,1466
55.80117151582289,-4.3204263498210045,114.0,55.92621339590465,-4.2820478996479165,166,19.286,1162
55.80117151582289,-4.3204263498210045,114.0,55.80660612206145,-4.094012410496262,167,26.064,1398
55.80117151582289,-4.3204263498210045,114.0,55.84605439624201,-4.09192094471571,168,24.769,1121
55.80117151582289,-4.3204263498210045,114.0,55.83961965364386,-4.1201104741133365,169,21.368,1008
55.80117151582289,-4.3204263498210045,114.0,55.85030951683019,-4.217608837338132,170,14.66,976
55.80117151582289,-4.3204263498210045,114.0,55.85971342373431,-4.246748195156407,171,15.121,907
55.80117151582289,-4.3204263498210045,114.0,55.815747728441636,-4.150792968910081,172,14.55,1165
55.80117151582289,-4.3204263498210045,114.0,55.80041195127493,-4.3806303679601495,173,4.631,407
55.80117151582289,-4.3204263498210045,114.0,55.85487415463933,-4.092829020720908,174,24.579,1122
55.80117151582289,-4.3204263498210045,114.0,55.80456076444065,-4.203157873727267,175,12.204,938
55.80117151582289,-4.3204263498210045,114.0,55.84723005082115,-4.330151260440624,176,8.709,639
55.80117151582289,-4.3204263498210045,114.0,55.88775631668876,-4.123428423568879,177,24.18,1218
55.80117151582289,-4.3204263498210045,114.0,55.82857385936083,-4.129579652409029,178,20.409,1375
55.80117151582289,-4.3204263498210045,114.0,55.879865395443076,-4.36272007519476,179,15.029,1044
55.80117151582289,-4.3204263498210045,114.0,55.87973669437185,-4.215636550296907,180,16.063,1024
55.80117151582289,-4.3204263498210045,114.0,55.8162521393249,-4.1868605517933455,181,12.711,974
55.80117151582289,-4.3204263498210045,114.0,55.80755514535402,-4.201625161718038,182,11.957,905
55.80117151582289,-4.3204263498210045,114.0,55.85565398843102,-4.250533808562208,183,11.619,826
55.80117151582289,-4.3204263498210045,114.0,55.929636326069506,-4.381100658166308,184,31.379,1487
55.80117151582289,-4.3204263498210045,114.0,55.879581066995904,-4.21986165885879,185,15.704,1005
55.80117151582289,-4.3204263498210045,114.0,55.92647877645629,-4.127886630011083,186,25.794,1337
55.80117151582289,-4.3204263498210045,114.0,55.82282427264178,-4.371094162561755,187,5.111,487
55.80117151582289,-4.3204263498210045,114.0,55.90291353127043,-4.3414180899754955,188,16.536,1246
55.80117151582289,-4.3204263498210045,114.0,55.78437024600116,-4.156926419796477,189,14.976,985
55.80117151582289,-4.3204263498210045,114.0,55.8321542449311,-4.1561720476648265,190,18.443,1022
55.80117151582289,-4.3204263498210045,114.0,55.88310705812362,-4.084862107847263,191,27.152,1183
55.80117151582289,-4.3204263498210045,114.0,55.85616333886266,-4.110333739241922,192,23.38,1166
55.80117151582289,-4.3204263498210045,114.0,55.90185178498145,-4.152652007721208,193,24.341,1630
55.80117151582289,-4.3204263498210045,114.0,55.8837118458465,-4.182392741162416,194,20.62,1978
55.80117151582289,-4.3204263498210045,114.0,55.83086049774818,-4.312434105301623,195,4.326,373
55.80117151582289,-4.3204263498210045,114.0,55.821849459706755,-4.176208567338996,196,17.287,992
55.80117151582289,-4.3204263498210045,114.0,55.88009750494633,-4.255964552703097,197,13.66,901
55.80117151582289,-4.3204263498210045,114.0,55.87413911675089,-4.369807111055967,198,13.033,793
55.80117151582289,-4.3204263498210045,114.0,55.86354071984154,-4.093406384811447,199,23.996,1220
55.84621969656564,-4.22376587462158,115.0,55.8391698042901,-4.214478482526657,0,1.317,246
55.84621969656564,-4.22376587462158,115.0,55.86553667472969,-4.350500876963486,1,13.155,873
55.84621969656564,-4.22376587462158,115.0,55.912892829643965,-4.286410947894997,2,12.588,1959
55.84621969656564,-4.22376587462158,115.0,55.84854019346565,-4.391697428307927,3,12.586,1094
55.84621969656564,-4.22376587462158,115.0,55.79232875093524,-4.310455024670266,4,10.621,1023
55.84621969656564,-4.22376587462158,115.0,55.837143362020576,-4.120043492886959,5,7.919,535
55.84621969656564,-4.22376587462158,115.0,55.84185129809378,-4.283879851305767,6,5.033,696
55.84621969656564,-4.22376587462158,115.0,55.90609664927746,-4.311383718964596,7,10.954,1124
55.84621969656564,-4.22376587462158,115.0,55.7832172019226,-4.31249791159531,8,11.473,1036
55.84621969656564,-4.22376587462158,115.0,55.8177258987159,-4.260489243356555,9,4.983,609
55.84621969656564,-4.22376587462158,115.0,55.903262790870684,-4.212111703691823,10,9.061,967
55.84621969656564,-4.22376587462158,115.0,55.893978813107424,-4.1413270988368325,11,8.562,898
55.84621969656564,-4.22376587462158,115.0,55.894884622950286,-4.154349650804189,12,11.457,828
55.84621969656564,-4.22376587462158,115.0,55.80680963785043,-4.263605759417426,13,7.421,876
55.84621969656564,-4.22376587462158,115.0,55.81824312166051,-4.346878846315483,14,12.214,986
55.84621969656564,-4.22376587462158,115.0,55.84742656229786,-4.269221405976544,15,3.665,537
55.84621969656564,-4.22376587462158,115.0,55.80730424868546,-4.315177272898423,16,8.793,955
55.84621969656564,-4.22376587462158,115.0,55.83798278877758,-4.260604018644594,17,3.504,510
55.84621969656564,-4.22376587462158,115.0,55.89424631095569,-4.343398240721316,18,11.544,987
55.84621969656564,-4.22376587462158,115.0,55.83908093533876,-4.223069302141199,19,1.493,295
55.84621969656564,-4.22376587462158,115.0,55.8357731433788,-4.270556349194068,20,4.188,560
55.84621969656564,-4.22376587462158,115.0,55.90309627527835,-4.360750370095284,21,13.577,1222
55.84621969656564,-4.22376587462158,115.0,55.85652103589449,-4.101365743428073,22,12.852,858
55.84621969656564,-4.22376587462158,115.0,55.783736419963375,-4.235306054793451,23,10.887,877
55.84621969656564,-4.22376587462158,115.0,55.92064824587275,-4.2358362157531895,24,10.186,948
55.84621969656564,-4.22376587462158,115.0,55.907674892744176,-4.2497703459088045,25,8.938,1993
55.84621969656564,-4.22376587462158,115.0,55.919604340921964,-4.226208116301384,26,10.11,960
55.84621969656564,-4.22376587462158,115.0,55.83219148710444,-4.304581930326681,27,7.965,997
55.84621969656564,-4.22376587462158,115.0,55.79569701419853,-4.1769099124482585,28,7.408,665
55.84621969656564,-4.22376587462158,115.0,55.81260197667657,-4.197841211154324,29,4.819,532
55.84621969656564,-4.22376587462158,115.0,55.826092940761974,-4.176919409292903,30,4.593,590
55.84621969656564,-4.22376587462158,115.0,55.828413149208096,-4.109650878166438,31,11.38,798
55.84621969656564,-4.22376587462158,115.0,55.8999241737755,-4.257993823533507,32,9.037,938
55.84621969656564,-4.22376587462158,115.0,55.892514250678616,-4.340118142906542,33,11.573,998
55.84621969656564,-4.22376587462158,115.0,55.855241629670886,-4.269936069312288,34,7.224,653
55.84621969656564,-4.22376587462158,115.0,55.877364911629314,-4.109701193625618,35,11.988,980
55.84621969656564,-4.22376587462158,115.0,55.887053111734645,-4.1280531391159245,36,12.323,940
55.84621969656564,-4.22376587462158,115.0,55.89108676863447,-4.105446803942431,37,19.081,1285
55.84621969656564,-4.22376587462158,115.0,55.842635153466425,-4.334387903339716,38,9.023,801
55.84621969656564,-4.22376587462158,115.0,55.89197542936556,-4.19614108945253,39,8.33,773
55.84621969656564,-4.22376587462158,115.0,55.825849135803445,-4.321179033230789,40,7.944,918
55.84621969656564,-4.22376587462158,115.0,55.81864602215581,-4.375055705699034,41,13.243,994
55.84621969656564,-4.22376587462158,115.0,55.92613065482397,-4.212698358862173,42,10.572,1012
55.84621969656564,-4.22376587462158,115.0,55.874439929608144,-4.279689658904073,43,6.213,753
55.84621969656564,-4.22376587462158,115.0,55.81998166828728,-4.245455535821837,44,4.463,514
55.84621969656564,-4.22376587462158,115.0,55.91066980601156,-4.213502644426629,45,9.524,963
55.84621969656564,-4.22376587462158,115.0,55.8404807486866,-4.356656090229781,46,12.675,1068
55.84621969656564,-4.22376587462158,115.0,55.88708229912325,-4.079055837843032,47,16.711,878
55.84621969656564,-4.22376587462158,115.0,55.84510555179576,-4.178720975321847,48,4.356,511
55.84621969656564,-4.22376587462158,115.0,55.84413340760586,-4.085244529493477,49,13.408,1252
55.84621969656564,-4.22376587462158,115.0,55.83324217210475,-4.157183908594519,50,5.624,597
55.84621969656564,-4.22376587462158,115.0,55.895753278756494,-4.323131413571223,51,11.33,1098
55.84621969656564,-4.22376587462158,115.0,55.88609925330935,-4.38354364327563,52,14.188,941
55.84621969656564,-4.22376587462158,115.0,55.86596770908397,-4.338853955125049,53,10.971,822
55.84621969656564,-4.22376587462158,115.0,55.819381988004544,-4.256567679373081,54,5.892,664
55.84621969656564,-4.22376587462158,115.0,55.919398785577634,-4.298102785445152,55,12.864,1638
55.84621969656564,-4.22376587462158,115.0,55.81052481551728,-4.0780884232687225,56,14.179,1945
55.84621969656564,-4.22376587462158,115.0,55.8411814367945,-4.125490362928665,57,7.318,694
55.84621969656564,-4.22376587462158,115.0,55.844855881791794,-4.151320272286683,58,6.614,650
55.84621969656564,-4.22376587462158,115.0,55.79334532620707,-4.3052187624925375,59,10.216,984
55.84621969656564,-4.22376587462158,115.0,55.78499644933002,-4.082518262203789,60,14.602,954
55.84621969656564,-4.22376587462158,115.0,55.86482365717543,-4.074666870071637,61,14.404,1052
55.84621969656564,-4.22376587462158,115.0,55.910543969585106,-4.384534109666136,62,15.404,1286
55.84621969656564,-4.22376587462158,115.0,55.799715679086134,-4.188568421733812,63,7.39,823
55.84621969656564,-4.22376587462158,115.0,55.90005630083831,-4.294022887833187,64,10.026,1077
55.84621969656564,-4.22376587462158,115.0,55.82573931186619,-4.210157383495828,65,2.876,347
55.84621969656564,-4.22376587462158,115.0,55.88010014610652,-4.288014027401103,66,8.747,1046
55.84621969656564,-4.22376587462158,115.0,55.8836463272421,-4.377148406451105,67,13.958,1019
55.84621969656564,-4.22376587462158,115.0,55.80511293548626,-4.195982430231648,68,5.799,607
55.84621969656564,-4.22376587462158,115.0,55.9265186267864,-4.256321117900257,69,12.402,1053
55.84621969656564,-4.22376587462158,115.0,55.90353118048908,-4.119171950823842,70,13.219,1181
55.84621969656564,-4.22376587462158,115.0,55.81502357146685,-4.260984914919316,71,5.34,643
55.84621969656564,-4.22376587462158,115.0,55.894355058439295,-4.293143876300353,72,9.316,1025
55.84621969656564,-4.22376587462158,115.0,55.80246488546192,-4.242274834364847,73,6.604,739
55.84621969656564,-4.22376587462158,115.0,55.887581813102464,-4.2985753032369685,74,8.928,1021
55.84621969656564,-4.22376587462158,115.0,55.928290955083554,-4.295962301582311,75,13.286,1053
55.84621969656564,-4.22376587462158,115.0,55.81096058143004,-4.368797105646974,76,14.9,1076
55.84621969656564,-4.22376587462158,115.0,55.84818750128869,-4.3631808239548375,77,13.661,920
55.84621969656564,-4.22376587462158,115.0,55.81610352786554,-4.330910795148831,78,11.239,826
55.84621969656564,-4.22376587462158,115.0,55.807034270653475,-4.136077366584948,79,12.156,845
55.84621969656564,-4.22376587462158,115.0,55.86778114631985,-4.233612892312959,80,4.264,594
55.84621969656564,-4.22376587462158,115.0,55.79578956690847,-4.368290459919509,81,19.984,2271
55.84621969656564,-4.22376587462158,115.0,55.897877306124535,-4.077031107370425,82,19.07,1623
55.84621969656564,-4.22376587462158,115.0,55.80721289582252,-4.242612882195534,83,5.827,691
55.84621969656564,-4.22376587462158,115.0,55.92209393969709,-4.157940141970138,84,12.99,979
55.84621969656564,-4.22376587462158,115.0,55.79188265083702,-4.28147512844989,85,8.794,934
55.84621969656564,-4.22376587462158,115.0,55.88043814367632,-4.104360473798184,86,11.8,940
55.84621969656564,-4.22376587462158,115.0,55.90345994988174,-4.293652184560058,87,12.061,1094
55.84621969656564,-4.22376587462158,115.0,55.91230525016259,-4.108196424937476,88,14.487,1126
55.84621969656564,-4.22376587462158,115.0,55.90569137930351,-4.3852429216612405,89,15.439,1310
55.84621969656564,-4.22376587462158,115.0,55.824402119970216,-4.298242138123909,90,6.579,818
55.84621969656564,-4.22376587462158,115.0,55.887104625653905,-4.201059285828647,91,6.573,909
55.84621969656564,-4.22376587462158,115.0,55.92006797200308,-4.195257422106852,92,11.418,990
55.84621969656564,-4.22376587462158,115.0,55.7944551107823,-4.1683749063061635,93,7.538,1099
55.84621969656564,-4.22376587462158,115.0,55.88003873447475,-4.304350182381346,94,8.679,948
55.84621969656564,-4.22376587462158,115.0,55.88308048053683,-4.2942103285768285,95,8.279,923
55.84621969656564,-4.22376587462158,115.0,55.80779271908626,-4.3234306371549245,96,12.51,958
55.84621969656564,-4.22376587462158,115.0,55.90123467399992,-4.380968632189907,97,15.769,1431
55.84621969656564,-4.22376587462158,115.0,55.88049231589054,-4.293733205570284,98,8.181,913
55.84621969656564,-4.22376587462158,115.0,55.84697147961761,-4.334108806216461,99,9.137,834
55.84621969656564,-4.22376587462158,115.0,55.83067141211495,-4.195633651932574,100,3.211,421
55.84621969656564,-4.22376587462158,115.0,55.89350845984679,-4.099445363541155,101,18.148,1055
55.84621969656564,-4.22376587462158,115.0,55.92592408664018,-4.179171340754611,102,14.331,1063
55.84621969656564,-4.22376587462158,115.0,55.84941827409408,-4.169566750359822,103,5.061,577
55.84621969656564,-4.22376587462158,115.0,55.92413375575165,-4.226670311636797,104,11.787,1755
55.84621969656564,-4.22376587462158,115.0,55.88995713457192,-4.285031242761631,105,8.256,927
55.84621969656564,-4.22376587462158,115.0,55.90528066541109,-4.131569818675147,106,10.669,826
55.84621969656564,-4.22376587462158,115.0,55.87850608392288,-4.103517886631066,107,12.131,973
55.84621969656564,-4.22376587462158,115.0,55.80799405798939,-4.284953473560454,108,7.207,879
55.84621969656564,-4.22376587462158,115.0,55.906815669822045,-4.385279074380807,109,14.75,1224
55.84621969656564,-4.22376587462158,115.0,55.916237634416454,-4.222407816066865,110,10.025,948
55.84621969656564,-4.22376587462158,115.0,55.915798955837815,-4.088621086891774,111,21.229,1131
55.84621969656564,-4.22376587462158,115.0,55.827538479175395,-4.350653065976025,112,11.583,917
55.84621969656564,-4.22376587462158,115.0,55.799515288981674,-4.0866627646338864,113,15.161,1071
55.84621969656564,-4.22376587462158,115.0,55.831024245961984,-4.244756518165482,114,2.944,415
55.84621969656564,-4.22376587462158,115.0,55.86754360554833,-4.2143078261423845,115,4.388,684
55.84621969656564,-4.22376587462158,115.0,55.8574985965699,-4.1521224561179935,116,6.572,701
55.84621969656564,-4.22376587462158,115.0,55.88095643501817,-4.32811659177277,117,9.386,814
55.84621969656564,-4.22376587462158,115.0,55.85240433608213,-4.177570445500026,118,4.211,473
55.84621969656564,-4.22376587462158,115.0,55.91169549549074,-4.359708873069638,119,15.562,1413
55.84621969656564,-4.22376587462158,115.0,55.92640787519779,-4.300990956079843,120,13.734,1102
55.84621969656564,-4.22376587462158,115.0,55.84019197366069,-4.205566157974415,121,1.803,344
55.84621969656564,-4.22376587462158,115.0,55.866619942939494,-4.268153778778456,122,6.142,756
55.84621969656564,-4.22376587462158,115.0,55.81327411986783,-4.2587495402872255,123,5.319,653
55.84621969656564,-4.22376587462158,115.0,55.86022660117776,-4.154711133590585,124,6.355,681
55.84621969656564,-4.22376587462158,115.0,55.831522729053496,-4.370420634377527,125,13.637,1087
55.84621969656564,-4.22376587462158,115.0,55.84074346341779,-4.172411658039648,126,4.572,496
55.84621969656564,-4.22376587462158,115.0,55.8801412435821,-4.258666277618953,127,7.448,802
55.84621969656564,-4.22376587462158,115.0,55.8434159429892,-4.1056733307349536,128,9.717,722
55.84621969656564,-4.22376587462158,115.0,55.83522057783537,-4.25736952395694,129,3.478,512
55.84621969656564,-4.22376587462158,115.0,55.86467774065618,-4.2250953414252415,130,3.613,441
55.84621969656564,-4.22376587462158,115.0,55.8953662249987,-4.231143624453162,131,7.212,760
55.84621969656564,-4.22376587462158,115.0,55.81920459649808,-4.236238450921302,132,4.864,529
55.84621969656564,-4.22376587462158,115.0,55.900795402502105,-4.206009410292495,133,9.731,940
55.84621969656564,-4.22376587462158,115.0,55.86078490474355,-4.339631469507248,134,11.506,917
55.84621969656564,-4.22376587462158,115.0,55.924999437053955,-4.191173279124663,135,14.809,1015
55.84621969656564,-4.22376587462158,115.0,55.81549096669224,-4.126910343137958,136,8.818,888
55.84621969656564,-4.22376587462158,115.0,55.90135585493081,-4.207622057499793,137,9.73,917
55.84621969656564,-4.22376587462158,115.0,55.845816555475636,-4.129576488296543,138,7.987,740
55.84621969656564,-4.22376587462158,115.0,55.80470047644827,-4.291960781118721,139,8.67,912
55.84621969656564,-4.22376587462158,115.0,55.89185394491289,-4.179857587296262,140,7.234,698
55.84621969656564,-4.22376587462158,115.0,55.91859399996558,-4.3401659608951215,141,16.495,1312
55.84621969656564,-4.22376587462158,115.0,55.90671476836246,-4.3642865107142725,142,14.329,1277
55.84621969656564,-4.22376587462158,115.0,55.81273399651921,-4.167613047894911,143,6.796,636
55.84621969656564,-4.22376587462158,115.0,55.80939871413575,-4.276056954355674,144,6.495,768
55.84621969656564,-4.22376587462158,115.0,55.88312869327199,-4.214542892826467,145,6.783,786
55.84621969656564,-4.22376587462158,115.0,55.815340374954424,-4.283514492524949,146,6.665,785
55.84621969656564,-4.22376587462158,115.0,55.87864379034378,-4.080636908866371,147,17.691,913
55.84621969656564,-4.22376587462158,115.0,55.89423440492952,-4.2418874418647645,148,7.775,843
55.84621969656564,-4.22376587462158,115.0,55.92796852989922,-4.305970400193036,149,13.862,1125
55.84621969656564,-4.22376587462158,115.0,55.92895153496988,-4.082888064137351,150,17.941,1107
55.84621969656564,-4.22376587462158,115.0,55.790766759429424,-4.135285962371055,151,9.963,740
55.84621969656564,-4.22376587462158,115.0,55.80808041573422,-4.184105792933229,152,5.593,538
55.84621969656564,-4.22376587462158,115.0,55.7982747224006,-4.3931924101572655,153,15.708,1171
55.84621969656564,-4.22376587462158,115.0,55.81178474630603,-4.337962602706185,154,12.306,932
55.84621969656564,-4.22376587462158,115.0,55.852972007756,-4.353957895039277,155,10.705,920
55.84621969656564,-4.22376587462158,115.0,55.797152036890715,-4.311451416173846,156,14.278,1006
55.84621969656564,-4.22376587462158,115.0,55.84839482833289,-4.1889265673730645,157,3.133,444
55.84621969656564,-4.22376587462158,115.0,55.86383954752864,-4.387927326091926,158,16.297,947
55.84621969656564,-4.22376587462158,115.0,55.807182357875575,-4.140487806234959,159,8.832,803
55.84621969656564,-4.22376587462158,115.0,55.8296607577131,-4.218765551358871,160,2.98,403
55.84621969656564,-4.22376587462158,115.0,55.82699494590622,-4.295404959002084,161,6.863,756
55.84621969656564,-4.22376587462158,115.0,55.861248665443505,-4.307186036515638,162,8.591,823
55.84621969656564,-4.22376587462158,115.0,55.897857165570365,-4.156645648865112,163,8.71,734
55.84621969656564,-4.22376587462158,115.0,55.877747555317356,-4.342792329217214,164,9.984,920
55.84621969656564,-4.22376587462158,115.0,55.92259641850896,-4.389236283866068,165,29.659,1510
55.84621969656564,-4.22376587462158,115.0,55.92621339590465,-4.2820478996479165,166,12.186,1001
55.84621969656564,-4.22376587462158,115.0,55.80660612206145,-4.094012410496262,167,13.764,1010
55.84621969656564,-4.22376587462158,115.0,55.84605439624201,-4.09192094471571,168,13.014,856
55.84621969656564,-4.22376587462158,115.0,55.83961965364386,-4.1201104741133365,169,9.068,620
55.84621969656564,-4.22376587462158,115.0,55.85030951683019,-4.217608837338132,170,1.363,249
55.84621969656564,-4.22376587462158,115.0,55.85971342373431,-4.246748195156407,171,2.802,443
55.84621969656564,-4.22376587462158,115.0,55.815747728441636,-4.150792968910081,172,6.374,713
55.84621969656564,-4.22376587462158,115.0,55.80041195127493,-4.3806303679601495,173,15.124,1124
55.84621969656564,-4.22376587462158,115.0,55.85487415463933,-4.092829020720908,174,13.375,812
55.84621969656564,-4.22376587462158,115.0,55.80456076444065,-4.203157873727267,175,5.818,608
55.84621969656564,-4.22376587462158,115.0,55.84723005082115,-4.330151260440624,176,8.658,778
55.84621969656564,-4.22376587462158,115.0,55.88775631668876,-4.123428423568879,177,12.458,946
55.84621969656564,-4.22376587462158,115.0,55.82857385936083,-4.129579652409029,178,8.896,900
55.84621969656564,-4.22376587462158,115.0,55.879865395443076,-4.36272007519476,179,10.892,945
55.84621969656564,-4.22376587462158,115.0,55.87973669437185,-4.215636550296907,180,6.07,797
55.84621969656564,-4.22376587462158,115.0,55.8162521393249,-4.1868605517933455,181,4.96,520
55.84621969656564,-4.22376587462158,115.0,55.80755514535402,-4.201625161718038,182,5.571,575
55.84621969656564,-4.22376587462158,115.0,55.85565398843102,-4.250533808562208,183,2.682,439
55.84621969656564,-4.22376587462158,115.0,55.929636326069506,-4.381100658166308,184,19.556,1476
55.84621969656564,-4.22376587462158,115.0,55.879581066995904,-4.21986165885879,185,5.711,778
55.84621969656564,-4.22376587462158,115.0,55.92647877645629,-4.127886630011083,186,14.072,1065
55.84621969656564,-4.22376587462158,115.0,55.82282427264178,-4.371094162561755,187,12.773,1010
55.84621969656564,-4.22376587462158,115.0,55.90291353127043,-4.3414180899754955,188,12.375,1155
55.84621969656564,-4.22376587462158,115.0,55.78437024600116,-4.156926419796477,189,9.307,755
55.84621969656564,-4.22376587462158,115.0,55.8321542449311,-4.1561720476648265,190,5.664,610
55.84621969656564,-4.22376587462158,115.0,55.88310705812362,-4.084862107847263,191,14.852,794
55.84621969656564,-4.22376587462158,115.0,55.85616333886266,-4.110333739241922,192,13.495,910
55.84621969656564,-4.22376587462158,115.0,55.90185178498145,-4.152652007721208,193,12.619,1359
55.84621969656564,-4.22376587462158,115.0,55.8837118458465,-4.182392741162416,194,8.388,1675
55.84621969656564,-4.22376587462158,115.0,55.83086049774818,-4.312434105301623,195,7.549,899
55.84621969656564,-4.22376587462158,115.0,55.821849459706755,-4.176208567338996,196,5.004,587
55.84621969656564,-4.22376587462158,115.0,55.88009750494633,-4.255964552703097,197,7.134,780
55.84621969656564,-4.22376587462158,115.0,55.87413911675089,-4.369807111055967,198,12.299,838
55.84621969656564,-4.22376587462158,115.0,55.86354071984154,-4.093406384811447,199,14.955,917
55.82943418513131,-4.212616063199007,116.0,55.8391698042901,-4.214478482526657,0,1.552,152
55.82943418513131,-4.212616063199007,116.0,55.86553667472969,-4.350500876963486,1,15.515,799
55.82943418513131,-4.212616063199007,116.0,55.912892829643965,-4.286410947894997,2,15.041,2089
55.82943418513131,-4.212616063199007,116.0,55.84854019346565,-4.391697428307927,3,14.946,1020
55.82943418513131,-4.212616063199007,116.0,55.79232875093524,-4.310455024670266,4,10.174,973
55.82943418513131,-4.212616063199007,116.0,55.837143362020576,-4.120043492886959,5,6.478,316
55.82943418513131,-4.212616063199007,116.0,55.84185129809378,-4.283879851305767,6,5.879,667
55.82943418513131,-4.212616063199007,116.0,55.90609664927746,-4.311383718964596,7,13.971,1259
55.82943418513131,-4.212616063199007,116.0,55.7832172019226,-4.31249791159531,8,11.026,986
55.82943418513131,-4.212616063199007,116.0,55.8177258987159,-4.260489243356555,9,4.482,491
55.82943418513131,-4.212616063199007,116.0,55.903262790870684,-4.212111703691823,10,11.514,1098
55.82943418513131,-4.212616063199007,116.0,55.893978813107424,-4.1413270988368325,11,10.131,983
55.82943418513131,-4.212616063199007,116.0,55.894884622950286,-4.154349650804189,12,24.785,975
55.82943418513131,-4.212616063199007,116.0,55.80680963785043,-4.263605759417426,13,6.92,758
55.82943418513131,-4.212616063199007,116.0,55.81824312166051,-4.346878846315483,14,14.574,912
55.82943418513131,-4.212616063199007,116.0,55.84742656229786,-4.269221405976544,15,6.076,680
55.82943418513131,-4.212616063199007,116.0,55.80730424868546,-4.315177272898423,16,8.803,878
55.82943418513131,-4.212616063199007,116.0,55.83798278877758,-4.260604018644594,17,4.35,481
55.82943418513131,-4.212616063199007,116.0,55.89424631095569,-4.343398240721316,18,17.331,1048
55.82943418513131,-4.212616063199007,116.0,55.83908093533876,-4.223069302141199,19,2.582,282
55.82943418513131,-4.212616063199007,116.0,55.8357731433788,-4.270556349194068,20,5.034,531
55.82943418513131,-4.212616063199007,116.0,55.90309627527835,-4.360750370095284,21,19.364,1284
55.82943418513131,-4.212616063199007,116.0,55.85652103589449,-4.101365743428073,22,11.411,639
55.82943418513131,-4.212616063199007,116.0,55.783736419963375,-4.235306054793451,23,8.624,612
55.82943418513131,-4.212616063199007,116.0,55.92064824587275,-4.2358362157531895,24,12.639,1079
55.82943418513131,-4.212616063199007,116.0,55.907674892744176,-4.2497703459088045,25,11.391,2124
55.82943418513131,-4.212616063199007,116.0,55.919604340921964,-4.226208116301384,26,12.563,1090
55.82943418513131,-4.212616063199007,116.0,55.83219148710444,-4.304581930326681,27,7.975,920
55.82943418513131,-4.212616063199007,116.0,55.79569701419853,-4.1769099124482585,28,5.145,400
55.82943418513131,-4.212616063199007,116.0,55.81260197667657,-4.197841211154324,29,2.556,268
55.82943418513131,-4.212616063199007,116.0,55.826092940761974,-4.176919409292903,30,2.813,334
55.82943418513131,-4.212616063199007,116.0,55.828413149208096,-4.109650878166438,31,9.939,578
55.82943418513131,-4.212616063199007,116.0,55.8999241737755,-4.257993823533507,32,11.49,1068
55.82943418513131,-4.212616063199007,116.0,55.892514250678616,-4.340118142906542,33,17.36,1060
55.82943418513131,-4.212616063199007,116.0,55.855241629670886,-4.269936069312288,34,9.823,769
55.82943418513131,-4.212616063199007,116.0,55.877364911629314,-4.109701193625618,35,17.652,851
55.82943418513131,-4.212616063199007,116.0,55.887053111734645,-4.1280531391159245,36,23.299,1055
55.82943418513131,-4.212616063199007,116.0,55.89108676863447,-4.105446803942431,37,17.64,1066
55.82943418513131,-4.212616063199007,116.0,55.842635153466425,-4.334387903339716,38,11.383,727
55.82943418513131,-4.212616063199007,116.0,55.89197542936556,-4.19614108945253,39,9.899,857
55.82943418513131,-4.212616063199007,116.0,55.825849135803445,-4.321179033230789,40,11.63,838
55.82943418513131,-4.212616063199007,116.0,55.81864602215581,-4.375055705699034,41,15.603,920
55.82943418513131,-4.212616063199007,116.0,55.92613065482397,-4.212698358862173,42,13.025,1143
55.82943418513131,-4.212616063199007,116.0,55.874439929608144,-4.279689658904073,43,9.664,891
55.82943418513131,-4.212616063199007,116.0,55.81998166828728,-4.245455535821837,44,3.774,375
55.82943418513131,-4.212616063199007,116.0,55.91066980601156,-4.213502644426629,45,11.977,1094
55.82943418513131,-4.212616063199007,116.0,55.8404807486866,-4.356656090229781,46,15.035,994
55.82943418513131,-4.212616063199007,116.0,55.88708229912325,-4.079055837843032,47,15.27,659
55.82943418513131,-4.212616063199007,116.0,55.84510555179576,-4.178720975321847,48,4.8,404
55.82943418513131,-4.212616063199007,116.0,55.84413340760586,-4.085244529493477,49,11.967,1033
55.82943418513131,-4.212616063199007,116.0,55.83324217210475,-4.157183908594519,50,4.662,401
55.82943418513131,-4.212616063199007,116.0,55.895753278756494,-4.323131413571223,51,17.117,1160
55.82943418513131,-4.212616063199007,116.0,55.88609925330935,-4.38354364327563,52,16.548,867
55.82943418513131,-4.212616063199007,116.0,55.86596770908397,-4.338853955125049,53,13.331,748
55.82943418513131,-4.212616063199007,116.0,55.819381988004544,-4.256567679373081,54,5.391,546
55.82943418513131,-4.212616063199007,116.0,55.919398785577634,-4.298102785445152,55,15.317,1769
55.82943418513131,-4.212616063199007,116.0,55.81052481551728,-4.0780884232687225,56,12.738,1726
55.82943418513131,-4.212616063199007,116.0,55.8411814367945,-4.125490362928665,57,8.02,474
55.82943418513131,-4.212616063199007,116.0,55.844855881791794,-4.151320272286683,58,5.652,454
55.82943418513131,-4.212616063199007,116.0,55.79334532620707,-4.3052187624925375,59,9.769,934
55.82943418513131,-4.212616063199007,116.0,55.78499644933002,-4.082518262203789,60,12.339,689
55.82943418513131,-4.212616063199007,116.0,55.86482365717543,-4.074666870071637,61,12.963,833
55.82943418513131,-4.212616063199007,116.0,55.910543969585106,-4.384534109666136,62,21.191,1348
55.82943418513131,-4.212616063199007,116.0,55.799715679086134,-4.188568421733812,63,5.127,559
55.82943418513131,-4.212616063199007,116.0,55.90005630083831,-4.294022887833187,64,13.043,1212
55.82943418513131,-4.212616063199007,116.0,55.82573931186619,-4.210157383495828,65,0.613,82
55.82943418513131,-4.212616063199007,116.0,55.88010014610652,-4.288014027401103,66,11.764,1181
55.82943418513131,-4.212616063199007,116.0,55.8836463272421,-4.377148406451105,67,16.318,945
55.82943418513131,-4.212616063199007,116.0,55.80511293548626,-4.195982430231648,68,3.536,342
55.82943418513131,-4.212616063199007,116.0,55.9265186267864,-4.256321117900257,69,14.855,1183
55.82943418513131,-4.212616063199007,116.0,55.90353118048908,-4.119171950823842,70,18.242,1126
55.82943418513131,-4.212616063199007,116.0,55.81502357146685,-4.260984914919316,71,4.839,525
55.82943418513131,-4.212616063199007,116.0,55.894355058439295,-4.293143876300353,72,12.333,1160
55.82943418513131,-4.212616063199007,116.0,55.80246488546192,-4.242274834364847,73,5.276,545
55.82943418513131,-4.212616063199007,116.0,55.887581813102464,-4.2985753032369685,74,11.945,1156
55.82943418513131,-4.212616063199007,116.0,55.928290955083554,-4.295962301582311,75,15.739,1183
55.82943418513131,-4.212616063199007,116.0,55.81096058143004,-4.368797105646974,76,17.26,1002
55.82943418513131,-4.212616063199007,116.0,55.84818750128869,-4.3631808239548375,77,16.021,846
55.82943418513131,-4.212616063199007,116.0,55.81610352786554,-4.330910795148831,78,13.599,752
55.82943418513131,-4.212616063199007,116.0,55.807034270653475,-4.136077366584948,79,9.893,581
55.82943418513131,-4.212616063199007,116.0,55.86778114631985,-4.233612892312959,80,6.621,733
55.82943418513131,-4.212616063199007,116.0,55.79578956690847,-4.368290459919509,81,22.344,2197
55.82943418513131,-4.212616063199007,116.0,55.897877306124535,-4.077031107370425,82,17.629,1404
55.82943418513131,-4.212616063199007,116.0,55.80721289582252,-4.242612882195534,83,4.615,507
55.82943418513131,-4.212616063199007,116.0,55.92209393969709,-4.157940141970138,84,14.559,1064
55.82943418513131,-4.212616063199007,116.0,55.79188265083702,-4.28147512844989,85,8.293,816
55.82943418513131,-4.212616063199007,116.0,55.88043814367632,-4.104360473798184,86,16.962,791
55.82943418513131,-4.212616063199007,116.0,55.90345994988174,-4.293652184560058,87,14.514,1225
55.82943418513131,-4.212616063199007,116.0,55.91230525016259,-4.108196424937476,88,20.922,1028
55.82943418513131,-4.212616063199007,116.0,55.90569137930351,-4.3852429216612405,89,21.226,1371
55.82943418513131,-4.212616063199007,116.0,55.824402119970216,-4.298242138123909,90,6.589,741
55.82943418513131,-4.212616063199007,116.0,55.887104625653905,-4.201059285828647,91,8.142,994
55.82943418513131,-4.212616063199007,116.0,55.92006797200308,-4.195257422106852,92,16.629,1109
55.82943418513131,-4.212616063199007,116.0,55.7944551107823,-4.1683749063061635,93,5.275,835
55.82943418513131,-4.212616063199007,116.0,55.88003873447475,-4.304350182381346,94,11.278,1064
55.82943418513131,-4.212616063199007,116.0,55.88308048053683,-4.2942103285768285,95,10.878,1038
55.82943418513131,-4.212616063199007,116.0,55.80779271908626,-4.3234306371549245,96,14.87,884
55.82943418513131,-4.212616063199007,116.0,55.90123467399992,-4.380968632189907,97,21.532,1501
55.82943418513131,-4.212616063199007,116.0,55.88049231589054,-4.293733205570284,98,10.78,1029
55.82943418513131,-4.212616063199007,116.0,55.84697147961761,-4.334108806216461,99,11.497,760
55.82943418513131,-4.212616063199007,116.0,55.83067141211495,-4.195633651932574,100,1.77,202
55.82943418513131,-4.212616063199007,116.0,55.89350845984679,-4.099445363541155,101,16.707,836
55.82943418513131,-4.212616063199007,116.0,55.92592408664018,-4.179171340754611,102,15.9,1147
55.82943418513131,-4.212616063199007,116.0,55.84941827409408,-4.169566750359822,103,5.505,470
55.82943418513131,-4.212616063199007,116.0,55.92413375575165,-4.226670311636797,104,14.24,1885
55.82943418513131,-4.212616063199007,116.0,55.88995713457192,-4.285031242761631,105,11.273,1063
55.82943418513131,-4.212616063199007,116.0,55.90528066541109,-4.131569818675147,106,12.238,911
55.82943418513131,-4.212616063199007,116.0,55.87850608392288,-4.103517886631066,107,17.293,824
55.82943418513131,-4.212616063199007,116.0,55.80799405798939,-4.284953473560454,108,6.706,762
55.82943418513131,-4.212616063199007,116.0,55.906815669822045,-4.385279074380807,109,20.537,1286
55.82943418513131,-4.212616063199007,116.0,55.916237634416454,-4.222407816066865,110,12.478,1078
55.82943418513131,-4.212616063199007,116.0,55.915798955837815,-4.088621086891774,111,19.788,912
55.82943418513131,-4.212616063199007,116.0,55.827538479175395,-4.350653065976025,112,13.943,843
55.82943418513131,-4.212616063199007,116.0,55.799515288981674,-4.0866627646338864,113,12.898,806
55.82943418513131,-4.212616063199007,116.0,55.831024245961984,-4.244756518165482,114,3.329,386
55.82943418513131,-4.212616063199007,116.0,55.86754360554833,-4.2143078261423845,115,5.957,769
55.82943418513131,-4.212616063199007,116.0,55.8574985965699,-4.1521224561179935,116,6.808,580
55.82943418513131,-4.212616063199007,116.0,55.88095643501817,-4.32811659177277,117,15.173,875
55.82943418513131,-4.212616063199007,116.0,55.85240433608213,-4.177570445500026,118,5.421,509
55.82943418513131,-4.212616063199007,116.0,55.91169549549074,-4.359708873069638,119,21.349,1475
55.82943418513131,-4.212616063199007,116.0,55.92640787519779,-4.300990956079843,120,16.187,1232
55.82943418513131,-4.212616063199007,116.0,55.84019197366069,-4.205566157974415,121,2.038,268
55.82943418513131,-4.212616063199007,116.0,55.866619942939494,-4.268153778778456,122,8.741,872
55.82943418513131,-4.212616063199007,116.0,55.81327411986783,-4.2587495402872255,123,4.818,535
55.82943418513131,-4.212616063199007,116.0,55.86022660117776,-4.154711133590585,124,7.161,611
55.82943418513131,-4.212616063199007,116.0,55.831522729053496,-4.370420634377527,125,15.997,1013
55.82943418513131,-4.212616063199007,116.0,55.84074346341779,-4.172411658039648,126,3.873,323
55.82943418513131,-4.212616063199007,116.0,55.8801412435821,-4.258666277618953,127,9.017,886
55.82943418513131,-4.212616063199007,116.0,55.8434159429892,-4.1056733307349536,128,8.276,503
55.82943418513131,-4.212616063199007,116.0,55.83522057783537,-4.25736952395694,129,4.324,482
55.82943418513131,-4.212616063199007,116.0,55.86467774065618,-4.2250953414252415,130,5.182,525
55.82943418513131,-4.212616063199007,116.0,55.8953662249987,-4.231143624453162,131,9.665,890
55.82943418513131,-4.212616063199007,116.0,55.81920459649808,-4.236238450921302,132,3.19,324
55.82943418513131,-4.212616063199007,116.0,55.900795402502105,-4.206009410292495,133,11.3,1024
55.82943418513131,-4.212616063199007,116.0,55.86078490474355,-4.339631469507248,134,13.866,843
55.82943418513131,-4.212616063199007,116.0,55.924999437053955,-4.191173279124663,135,16.378,1100
55.82943418513131,-4.212616063199007,116.0,55.81549096669224,-4.126910343137958,136,7.038,631
55.82943418513131,-4.212616063199007,116.0,55.90135585493081,-4.207622057499793,137,11.299,1001
55.82943418513131,-4.212616063199007,116.0,55.845816555475636,-4.129576488296543,138,7.025,544
55.82943418513131,-4.212616063199007,116.0,55.80470047644827,-4.291960781118721,139,8.223,862
55.82943418513131,-4.212616063199007,116.0,55.89185394491289,-4.179857587296262,140,8.803,782
55.82943418513131,-4.212616063199007,116.0,55.91859399996558,-4.3401659608951215,141,20.215,1325
55.82943418513131,-4.212616063199007,116.0,55.90671476836246,-4.3642865107142725,142,20.116,1339
55.82943418513131,-4.212616063199007,116.0,55.81273399651921,-4.167613047894911,143,4.533,372
55.82943418513131,-4.212616063199007,116.0,55.80939871413575,-4.276056954355674,144,5.994,650
55.82943418513131,-4.212616063199007,116.0,55.88312869327199,-4.214542892826467,145,9.236,917
55.82943418513131,-4.212616063199007,116.0,55.815340374954424,-4.283514492524949,146,6.164,667
55.82943418513131,-4.212616063199007,116.0,55.87864379034378,-4.080636908866371,147,16.25,693
55.82943418513131,-4.212616063199007,116.0,55.89423440492952,-4.2418874418647645,148,10.228,974
55.82943418513131,-4.212616063199007,116.0,55.92796852989922,-4.305970400193036,149,16.315,1255
55.82943418513131,-4.212616063199007,116.0,55.92895153496988,-4.082888064137351,150,20.746,920
55.82943418513131,-4.212616063199007,116.0,55.790766759429424,-4.135285962371055,151,7.7,476
55.82943418513131,-4.212616063199007,116.0,55.80808041573422,-4.184105792933229,152,3.33,274
55.82943418513131,-4.212616063199007,116.0,55.7982747224006,-4.3931924101572655,153,18.068,1097
55.82943418513131,-4.212616063199007,116.0,55.81178474630603,-4.337962602706185,154,14.666,858
55.82943418513131,-4.212616063199007,116.0,55.852972007756,-4.353957895039277,155,13.065,846
55.82943418513131,-4.212616063199007,116.0,55.797152036890715,-4.311451416173846,156,16.638,932
55.82943418513131,-4.212616063199007,116.0,55.84839482833289,-4.1889265673730645,157,5.451,438
55.82943418513131,-4.212616063199007,116.0,55.86383954752864,-4.387927326091926,158,18.657,873
55.82943418513131,-4.212616063199007,116.0,55.807182357875575,-4.140487806234959,159,6.569,539
55.82943418513131,-4.212616063199007,116.0,55.8296607577131,-4.218765551358871,160,0.846,173
55.82943418513131,-4.212616063199007,116.0,55.82699494590622,-4.295404959002084,161,6.416,706
55.82943418513131,-4.212616063199007,116.0,55.861248665443505,-4.307186036515638,162,10.951,749
55.82943418513131,-4.212616063199007,116.0,55.897857165570365,-4.156645648865112,163,10.279,819
55.82943418513131,-4.212616063199007,116.0,55.877747555317356,-4.342792329217214,164,15.763,972
55.82943418513131,-4.212616063199007,116.0,55.92259641850896,-4.389236283866068,165,32.019,1436
55.82943418513131,-4.212616063199007,116.0,55.92621339590465,-4.2820478996479165,166,14.639,1132
55.82943418513131,-4.212616063199007,116.0,55.80660612206145,-4.094012410496262,167,12.323,790
55.82943418513131,-4.212616063199007,116.0,55.84605439624201,-4.09192094471571,168,17.479,762
55.82943418513131,-4.212616063199007,116.0,55.83961965364386,-4.1201104741133365,169,7.627,401
55.82943418513131,-4.212616063199007,116.0,55.85030951683019,-4.217608837338132,170,2.932,334
55.82943418513131,-4.212616063199007,116.0,55.85971342373431,-4.246748195156407,171,5.255,573
55.82943418513131,-4.212616063199007,116.0,55.815747728441636,-4.150792968910081,172,4.594,456
55.82943418513131,-4.212616063199007,116.0,55.80041195127493,-4.3806303679601495,173,17.484,1050
55.82943418513131,-4.212616063199007,116.0,55.85487415463933,-4.092829020720908,174,11.934,593
55.82943418513131,-4.212616063199007,116.0,55.80456076444065,-4.203157873727267,175,3.555,344
55.82943418513131,-4.212616063199007,116.0,55.84723005082115,-4.330151260440624,176,11.018,704
55.82943418513131,-4.212616063199007,116.0,55.88775631668876,-4.123428423568879,177,19.905,1046
55.82943418513131,-4.212616063199007,116.0,55.82857385936083,-4.129579652409029,178,7.116,644
55.82943418513131,-4.212616063199007,116.0,55.879865395443076,-4.36272007519476,179,16.655,1015
55.82943418513131,-4.212616063199007,116.0,55.87973669437185,-4.215636550296907,180,7.03,895
55.82943418513131,-4.212616063199007,116.0,55.8162521393249,-4.1868605517933455,181,2.697,256
55.82943418513131,-4.212616063199007,116.0,55.80755514535402,-4.201625161718038,182,3.308,311
55.82943418513131,-4.212616063199007,116.0,55.85565398843102,-4.250533808562208,183,5.135,569
55.82943418513131,-4.212616063199007,116.0,55.929636326069506,-4.381100658166308,184,33.005,1457
55.82943418513131,-4.212616063199007,116.0,55.879581066995904,-4.21986165885879,185,8.164,908
55.82943418513131,-4.212616063199007,116.0,55.92647877645629,-4.127886630011083,186,21.148,1181
55.82943418513131,-4.212616063199007,116.0,55.82282427264178,-4.371094162561755,187,15.133,936
55.82943418513131,-4.212616063199007,116.0,55.90291353127043,-4.3414180899754955,188,18.162,1217
55.82943418513131,-4.212616063199007,116.0,55.78437024600116,-4.156926419796477,189,7.044,490
55.82943418513131,-4.212616063199007,116.0,55.8321542449311,-4.1561720476648265,190,4.702,414
55.82943418513131,-4.212616063199007,116.0,55.88310705812362,-4.084862107847263,191,13.411,575
55.82943418513131,-4.212616063199007,116.0,55.85616333886266,-4.110333739241922,192,12.054,690
55.82943418513131,-4.212616063199007,116.0,55.90185178498145,-4.152652007721208,193,14.188,1443
55.82943418513131,-4.212616063199007,116.0,55.8837118458465,-4.182392741162416,194,9.957,1760
55.82943418513131,-4.212616063199007,116.0,55.83086049774818,-4.312434105301623,195,7.559,822
55.82943418513131,-4.212616063199007,116.0,55.821849459706755,-4.176208567338996,196,3.224,330
55.82943418513131,-4.212616063199007,116.0,55.88009750494633,-4.255964552703097,197,8.703,865
55.82943418513131,-4.212616063199007,116.0,55.87413911675089,-4.369807111055967,198,14.659,764
55.82943418513131,-4.212616063199007,116.0,55.86354071984154,-4.093406384811447,199,13.514,698
55.898829861624606,-4.386301786484468,117.0,55.8391698042901,-4.214478482526657,0,17.938,1237
55.898829861624606,-4.386301786484468,117.0,55.86553667472969,-4.350500876963486,1,8.778,835
55.898829861624606,-4.386301786484468,117.0,55.912892829643965,-4.286410947894997,2,12.071,1923
55.898829861624606,-4.386301786484468,117.0,55.84854019346565,-4.391697428307927,3,20.891,1259
55.898829861624606,-4.386301786484468,117.0,55.79232875093524,-4.310455024670266,4,21.052,1369
55.898829861624606,-4.386301786484468,117.0,55.837143362020576,-4.120043492886959,5,21.637,1250
55.898829861624606,-4.386301786484468,117.0,55.84185129809378,-4.283879851305767,6,15.732,1119
55.898829861624606,-4.386301786484468,117.0,55.90609664927746,-4.311383718964596,7,7.453,804
55.898829861624606,-4.386301786484468,117.0,55.7832172019226,-4.31249791159531,8,22.64,1427
55.898829861624606,-4.386301786484468,117.0,55.8177258987159,-4.260489243356555,9,16.609,1299
55.898829861624606,-4.386301786484468,117.0,55.903262790870684,-4.212111703691823,10,17.712,1435
55.898829861624606,-4.386301786484468,117.0,55.893978813107424,-4.1413270988368325,11,19.826,1378
55.898829861624606,-4.386301786484468,117.0,55.894884622950286,-4.154349650804189,12,22.211,1277
55.898829861624606,-4.386301786484468,117.0,55.80680963785043,-4.263605759417426,13,18.374,1524
55.898829861624606,-4.386301786484468,117.0,55.81824312166051,-4.346878846315483,14,18.215,1283
55.898829861624606,-4.386301786484468,117.0,55.84742656229786,-4.269221405976544,15,12.208,1006
55.898829861624606,-4.386301786484468,117.0,55.80730424868546,-4.315177272898423,16,17.921,1268
55.898829861624606,-4.386301786484468,117.0,55.83798278877758,-4.260604018644594,17,12.99,1116
55.898829861624606,-4.386301786484468,117.0,55.89424631095569,-4.343398240721316,18,3.658,452
55.898829861624606,-4.386301786484468,117.0,55.83908093533876,-4.223069302141199,19,15.529,1268
55.898829861624606,-4.386301786484468,117.0,55.8357731433788,-4.270556349194068,20,13.012,1018
55.898829861624606,-4.386301786484468,117.0,55.90309627527835,-4.360750370095284,21,3.537,467
55.898829861624606,-4.386301786484468,117.0,55.85652103589449,-4.101365743428073,22,22.374,1321
55.898829861624606,-4.386301786484468,117.0,55.783736419963375,-4.235306054793451,23,20.669,1590
55.898829861624606,-4.386301786484468,117.0,55.92064824587275,-4.2358362157531895,24,14.423,1073
55.898829861624606,-4.386301786484468,117.0,55.907674892744176,-4.2497703459088045,25,17.963,2396
55.898829861624606,-4.386301786484468,117.0,55.919604340921964,-4.226208116301384,26,16.851,1276
55.898829861624606,-4.386301786484468,117.0,55.83219148710444,-4.304581930326681,27,17.093,1309
55.898829861624606,-4.386301786484468,117.0,55.79569701419853,-4.1769099124482585,28,22.353,1522
55.898829861624606,-4.386301786484468,117.0,55.81260197667657,-4.197841211154324,29,19.764,1389
55.898829861624606,-4.386301786484468,117.0,55.826092940761974,-4.176919409292903,30,18.294,1322
55.898829861624606,-4.386301786484468,117.0,55.828413149208096,-4.109650878166438,31,25.098,1512
55.898829861624606,-4.386301786484468,117.0,55.8999241737755,-4.257993823533507,32,15.2,1188
55.898829861624606,-4.386301786484468,117.0,55.892514250678616,-4.340118142906542,33,4.349,560
55.898829861624606,-4.386301786484468,117.0,55.855241629670886,-4.269936069312288,34,10.052,747
55.898829861624606,-4.386301786484468,117.0,55.877364911629314,-4.109701193625618,35,22.775,1421
55.898829861624606,-4.386301786484468,117.0,55.887053111734645,-4.1280531391159245,36,23.077,1388
55.898829861624606,-4.386301786484468,117.0,55.89108676863447,-4.105446803942431,37,24.81,1694
55.898829861624606,-4.386301786484468,117.0,55.842635153466425,-4.334387903339716,38,10.641,991
55.898829861624606,-4.386301786484468,117.0,55.89197542936556,-4.19614108945253,39,19.084,1221
55.898829861624606,-4.386301786484468,117.0,55.825849135803445,-4.321179033230789,40,15.271,1210
55.898829861624606,-4.386301786484468,117.0,55.81864602215581,-4.375055705699034,41,14.643,1274
55.898829861624606,-4.386301786484468,117.0,55.92613065482397,-4.212698358862173,42,17.479,1346
55.898829861624606,-4.386301786484468,117.0,55.874439929608144,-4.279689658904073,43,11.809,950
55.898829861624606,-4.386301786484468,117.0,55.81998166828728,-4.245455535821837,44,16.089,1205
55.898829861624606,-4.386301786484468,117.0,55.91066980601156,-4.213502644426629,45,16.551,1305
55.898829861624606,-4.386301786484468,117.0,55.8404807486866,-4.356656090229781,46,12.952,1162
55.898829861624606,-4.386301786484468,117.0,55.88708229912325,-4.079055837843032,47,25.619,1554
55.898829861624606,-4.386301786484468,117.0,55.84510555179576,-4.178720975321847,48,19.959,1338
55.898829861624606,-4.386301786484468,117.0,55.84413340760586,-4.085244529493477,49,26.873,1854
55.898829861624606,-4.386301786484468,117.0,55.83324217210475,-4.157183908594519,50,19.821,1335
55.898829861624606,-4.386301786484468,117.0,55.895753278756494,-4.323131413571223,51,5.208,718
55.898829861624606,-4.386301786484468,117.0,55.88609925330935,-4.38354364327563,52,13.643,1019
55.898829861624606,-4.386301786484468,117.0,55.86596770908397,-4.338853955125049,53,7.909,759
55.898829861624606,-4.386301786484468,117.0,55.819381988004544,-4.256567679373081,54,17.518,1355
55.898829861624606,-4.386301786484468,117.0,55.919398785577634,-4.298102785445152,55,12.347,1603
55.898829861624606,-4.386301786484468,117.0,55.81052481551728,-4.0780884232687225,56,27.897,2660
55.898829861624606,-4.386301786484468,117.0,55.8411814367945,-4.125490362928665,57,23.179,1408
55.898829861624606,-4.386301786484468,117.0,55.844855881791794,-4.151320272286683,58,20.811,1388
55.898829861624606,-4.386301786484468,117.0,55.79334532620707,-4.3052187624925375,59,21.383,1375
55.898829861624606,-4.386301786484468,117.0,55.78499644933002,-4.082518262203789,60,31.62,1659
55.898829861624606,-4.386301786484468,117.0,55.86482365717543,-4.074666870071637,61,24.64,1538
55.898829861624606,-4.386301786484468,117.0,55.910543969585106,-4.384534109666136,62,3.611,411
55.898829861624606,-4.386301786484468,117.0,55.799715679086134,-4.188568421733812,63,22.335,1681
55.898829861624606,-4.386301786484468,117.0,55.90005630083831,-4.294022887833187,64,9.484,917
55.898829861624606,-4.386301786484468,117.0,55.82573931186619,-4.210157383495828,65,17.821,1204
55.898829861624606,-4.386301786484468,117.0,55.88010014610652,-4.288014027401103,66,8.007,1032
55.898829861624606,-4.386301786484468,117.0,55.8836463272421,-4.377148406451105,67,13.413,1097
55.898829861624606,-4.386301786484468,117.0,55.80511293548626,-4.195982430231648,68,20.744,1464
55.898829861624606,-4.386301786484468,117.0,55.9265186267864,-4.256321117900257,69,13.321,1061
55.898829861624606,-4.386301786484468,117.0,55.90353118048908,-4.119171950823842,70,23.973,1630
55.898829861624606,-4.386301786484468,117.0,55.81502357146685,-4.260984914919316,71,16.966,1334
55.898829861624606,-4.386301786484468,117.0,55.894355058439295,-4.293143876300353,72,9.925,960
55.898829861624606,-4.386301786484468,117.0,55.80246488546192,-4.242274834364847,73,18.23,1430
55.898829861624606,-4.386301786484468,117.0,55.887581813102464,-4.2985753032369685,74,7.372,928
55.898829861624606,-4.386301786484468,117.0,55.928290955083554,-4.295962301582311,75,9.2,868
55.898829861624606,-4.386301786484468,117.0,55.81096058143004,-4.368797105646974,76,20.901,1373
55.898829861624606,-4.386301786484468,117.0,55.84818750128869,-4.3631808239548375,77,13.116,998
55.898829861624606,-4.386301786484468,117.0,55.81610352786554,-4.330910795148831,78,17.24,1123
55.898829861624606,-4.386301786484468,117.0,55.807034270653475,-4.136077366584948,79,21.528,1573
55.898829861624606,-4.386301786484468,117.0,55.86778114631985,-4.233612892312959,80,13.66,1033
55.898829861624606,-4.386301786484468,117.0,55.79578956690847,-4.368290459919509,81,25.985,2568
55.898829861624606,-4.386301786484468,117.0,55.897877306124535,-4.077031107370425,82,26.601,2161
55.898829861624606,-4.386301786484468,117.0,55.80721289582252,-4.242612882195534,83,17.453,1382
55.898829861624606,-4.386301786484468,117.0,55.92209393969709,-4.157940141970138,84,23.744,1427
55.898829861624606,-4.386301786484468,117.0,55.79188265083702,-4.28147512844989,85,22.245,1430
55.898829861624606,-4.386301786484468,117.0,55.88043814367632,-4.104360473798184,86,22.587,1381
55.898829861624606,-4.386301786484468,117.0,55.90345994988174,-4.293652184560058,87,9.554,935
55.898829861624606,-4.386301786484468,117.0,55.91230525016259,-4.108196424937476,88,25.241,1575
55.898829861624606,-4.386301786484468,117.0,55.90569137930351,-4.3852429216612405,89,3.646,435
55.898829861624606,-4.386301786484468,117.0,55.824402119970216,-4.298242138123909,90,15.707,1131
55.898829861624606,-4.386301786484468,117.0,55.887104625653905,-4.201059285828647,91,16.796,1371
55.898829861624606,-4.386301786484468,117.0,55.92006797200308,-4.195257422106852,92,16.921,1279
55.898829861624606,-4.386301786484468,117.0,55.7944551107823,-4.1683749063061635,93,22.483,1957
55.898829861624606,-4.386301786484468,117.0,55.88003873447475,-4.304350182381346,94,6.889,853
55.898829861624606,-4.386301786484468,117.0,55.88308048053683,-4.2942103285768285,95,7.347,873
55.898829861624606,-4.386301786484468,117.0,55.80779271908626,-4.3234306371549245,96,18.511,1255
55.898829861624606,-4.386301786484468,117.0,55.90123467399992,-4.380968632189907,97,2.851,495
55.898829861624606,-4.386301786484468,117.0,55.88049231589054,-4.293733205570284,98,7.249,863
55.898829861624606,-4.386301786484468,117.0,55.84697147961761,-4.334108806216461,99,10.231,925
55.898829861624606,-4.386301786484468,117.0,55.83067141211495,-4.195633651932574,100,17.104,1201
55.898829861624606,-4.386301786484468,117.0,55.89350845984679,-4.099445363541155,101,24.625,1526
55.898829861624606,-4.386301786484468,117.0,55.92592408664018,-4.179171340754611,102,19.092,1423
55.898829861624606,-4.386301786484468,117.0,55.84941827409408,-4.169566750359822,103,20.664,1404
55.898829861624606,-4.386301786484468,117.0,55.92413375575165,-4.226670311636797,104,18.694,2089
55.898829861624606,-4.386301786484468,117.0,55.88995713457192,-4.285031242761631,105,10.083,961
55.898829861624606,-4.386301786484468,117.0,55.90528066541109,-4.131569818675147,106,21.423,1275
55.898829861624606,-4.386301786484468,117.0,55.87850608392288,-4.103517886631066,107,22.918,1414
55.898829861624606,-4.386301786484468,117.0,55.80799405798939,-4.284953473560454,108,17.01,1385
55.898829861624606,-4.386301786484468,117.0,55.906815669822045,-4.385279074380807,109,2.957,349
55.898829861624606,-4.386301786484468,117.0,55.916237634416454,-4.222407816066865,110,16.603,1258
55.898829861624606,-4.386301786484468,117.0,55.915798955837815,-4.088621086891774,111,28.325,1606
55.898829861624606,-4.386301786484468,117.0,55.827538479175395,-4.350653065976025,112,17.584,1214
55.898829861624606,-4.386301786484468,117.0,55.799515288981674,-4.0866627646338864,113,31.99,1772
55.898829861624606,-4.386301786484468,117.0,55.831024245961984,-4.244756518165482,114,14.57,1106
55.898829861624606,-4.386301786484468,117.0,55.86754360554833,-4.2143078261423845,115,15.0,1148
55.898829861624606,-4.386301786484468,117.0,55.8574985965699,-4.1521224561179935,116,20.284,1365
55.898829861624606,-4.386301786484468,117.0,55.88095643501817,-4.32811659177277,117,6.039,605
55.898829861624606,-4.386301786484468,117.0,55.85240433608213,-4.177570445500026,118,17.722,1335
55.898829861624606,-4.386301786484468,117.0,55.91169549549074,-4.359708873069638,119,4.242,582
55.898829861624606,-4.386301786484468,117.0,55.92640787519779,-4.300990956079843,120,9.008,889
55.898829861624606,-4.386301786484468,117.0,55.84019197366069,-4.205566157974415,121,18.424,1353
55.898829861624606,-4.386301786484468,117.0,55.866619942939494,-4.268153778778456,122,11.144,1021
55.898829861624606,-4.386301786484468,117.0,55.81327411986783,-4.2587495402872255,123,16.945,1343
55.898829861624606,-4.386301786484468,117.0,55.86022660117776,-4.154711133590585,124,19.501,1292
55.898829861624606,-4.386301786484468,117.0,55.831522729053496,-4.370420634377527,125,12.957,1169
55.898829861624606,-4.386301786484468,117.0,55.84074346341779,-4.172411658039648,126,19.032,1257
55.898829861624606,-4.386301786484468,117.0,55.8801412435821,-4.258666277618953,127,13.006,1099
55.898829861624606,-4.386301786484468,117.0,55.8434159429892,-4.1056733307349536,128,23.435,1437
55.898829861624606,-4.386301786484468,117.0,55.83522057783537,-4.25736952395694,129,13.629,1144
55.898829861624606,-4.386301786484468,117.0,55.86467774065618,-4.2250953414252415,130,13.784,985
55.898829861624606,-4.386301786484468,117.0,55.8953662249987,-4.231143624453162,131,16.237,1163
55.898829861624606,-4.386301786484468,117.0,55.81920459649808,-4.236238450921302,132,16.673,1255
55.898829861624606,-4.386301786484468,117.0,55.900795402502105,-4.206009410292495,133,18.404,1358
55.898829861624606,-4.386301786484468,117.0,55.86078490474355,-4.339631469507248,134,8.444,854
55.898829861624606,-4.386301786484468,117.0,55.924999437053955,-4.191173279124663,135,17.172,1288
55.898829861624606,-4.386301786484468,117.0,55.81549096669224,-4.126910343137958,136,22.519,1620
55.898829861624606,-4.386301786484468,117.0,55.90135585493081,-4.207622057499793,137,18.403,1335
55.898829861624606,-4.386301786484468,117.0,55.845816555475636,-4.129576488296543,138,22.184,1478
55.898829861624606,-4.386301786484468,117.0,55.80470047644827,-4.291960781118721,139,17.037,1363
55.898829861624606,-4.386301786484468,117.0,55.89185394491289,-4.179857587296262,140,17.988,1146
55.898829861624606,-4.386301786484468,117.0,55.91859399996558,-4.3401659608951215,141,6.931,732
55.898829861624606,-4.386301786484468,117.0,55.90671476836246,-4.3642865107142725,142,3.482,424
55.898829861624606,-4.386301786484468,117.0,55.81273399651921,-4.167613047894911,143,19.577,1384
55.898829861624606,-4.386301786484468,117.0,55.80939871413575,-4.276056954355674,144,16.918,1349
55.898829861624606,-4.386301786484468,117.0,55.88312869327199,-4.214542892826467,145,15.808,1189
55.898829861624606,-4.386301786484468,117.0,55.815340374954424,-4.283514492524949,146,15.912,1234
55.898829861624606,-4.386301786484468,117.0,55.87864379034378,-4.080636908866371,147,26.599,1588
55.898829861624606,-4.386301786484468,117.0,55.89423440492952,-4.2418874418647645,148,15.841,1302
55.898829861624606,-4.386301786484468,117.0,55.92796852989922,-4.305970400193036,149,9.136,912
55.898829861624606,-4.386301786484468,117.0,55.92895153496988,-4.082888064137351,150,28.695,1555
55.898829861624606,-4.386301786484468,117.0,55.790766759429424,-4.135285962371055,151,24.908,1598
55.898829861624606,-4.386301786484468,117.0,55.80808041573422,-4.184105792933229,152,20.538,1395
55.898829861624606,-4.386301786484468,117.0,55.7982747224006,-4.3931924101572655,153,17.108,1451
55.898829861624606,-4.386301786484468,117.0,55.81178474630603,-4.337962602706185,154,18.307,1229
55.898829861624606,-4.386301786484468,117.0,55.852972007756,-4.353957895039277,155,9.765,953
55.898829861624606,-4.386301786484468,117.0,55.797152036890715,-4.311451416173846,156,20.279,1303
55.898829861624606,-4.386301786484468,117.0,55.84839482833289,-4.1889265673730645,157,20.61,1372
55.898829861624606,-4.386301786484468,117.0,55.86383954752864,-4.387927326091926,158,19.68,979
55.898829861624606,-4.386301786484468,117.0,55.807182357875575,-4.140487806234959,159,21.205,1548
55.898829861624606,-4.386301786484468,117.0,55.8296607577131,-4.218765551358871,160,15.99,1262
55.898829861624606,-4.386301786484468,117.0,55.82699494590622,-4.295404959002084,161,15.743,1107
55.898829861624606,-4.386301786484468,117.0,55.861248665443505,-4.307186036515638,162,8.585,825
55.898829861624606,-4.386301786484468,117.0,55.897857165570365,-4.156645648865112,163,19.464,1183
55.898829861624606,-4.386301786484468,117.0,55.877747555317356,-4.342792329217214,164,4.372,507
55.898829861624606,-4.386301786484468,117.0,55.92259641850896,-4.389236283866068,165,5.727,628
55.898829861624606,-4.386301786484468,117.0,55.92621339590465,-4.2820478996479165,166,10.367,913
55.898829861624606,-4.386301786484468,117.0,55.80660612206145,-4.094012410496262,167,27.482,1724
55.898829861624606,-4.386301786484468,117.0,55.84605439624201,-4.09192094471571,168,23.801,1298
55.898829861624606,-4.386301786484468,117.0,55.83961965364386,-4.1201104741133365,169,22.786,1335
55.898829861624606,-4.386301786484468,117.0,55.85030951683019,-4.217608837338132,170,16.216,1269
55.898829861624606,-4.386301786484468,117.0,55.85971342373431,-4.246748195156407,171,14.153,1083
55.898829861624606,-4.386301786484468,117.0,55.815747728441636,-4.150792968910081,172,20.075,1445
55.898829861624606,-4.386301786484468,117.0,55.80041195127493,-4.3806303679601495,173,16.524,1404
55.898829861624606,-4.386301786484468,117.0,55.85487415463933,-4.092829020720908,174,23.611,1299
55.898829861624606,-4.386301786484468,117.0,55.80456076444065,-4.203157873727267,175,20.763,1466
55.898829861624606,-4.386301786484468,117.0,55.84723005082115,-4.330151260440624,176,10.421,906
55.898829861624606,-4.386301786484468,117.0,55.88775631668876,-4.123428423568879,177,23.212,1394
55.898829861624606,-4.386301786484468,117.0,55.82857385936083,-4.129579652409029,178,22.597,1632
55.898829861624606,-4.386301786484468,117.0,55.879865395443076,-4.36272007519476,179,3.183,363
55.898829861624606,-4.386301786484468,117.0,55.87973669437185,-4.215636550296907,180,15.095,1201
55.898829861624606,-4.386301786484468,117.0,55.8162521393249,-4.1868605517933455,181,18.957,1355
55.898829861624606,-4.386301786484468,117.0,55.80755514535402,-4.201625161718038,182,20.516,1433
55.898829861624606,-4.386301786484468,117.0,55.85565398843102,-4.250533808562208,183,11.189,1007
55.898829861624606,-4.386301786484468,117.0,55.929636326069506,-4.381100658166308,184,6.496,602
55.898829861624606,-4.386301786484468,117.0,55.879581066995904,-4.21986165885879,185,14.736,1181
55.898829861624606,-4.386301786484468,117.0,55.92647877645629,-4.127886630011083,186,24.826,1513
55.898829861624606,-4.386301786484468,117.0,55.82282427264178,-4.371094162561755,187,13.945,1256
55.898829861624606,-4.386301786484468,117.0,55.90291353127043,-4.3414180899754955,188,4.492,631
55.898829861624606,-4.386301786484468,117.0,55.78437024600116,-4.156926419796477,189,24.252,1612
55.898829861624606,-4.386301786484468,117.0,55.8321542449311,-4.1561720476648265,190,19.861,1349
55.898829861624606,-4.386301786484468,117.0,55.88310705812362,-4.084862107847263,191,27.865,1461
55.898829861624606,-4.386301786484468,117.0,55.85616333886266,-4.110333739241922,192,22.412,1342
55.898829861624606,-4.386301786484468,117.0,55.90185178498145,-4.152652007721208,193,23.373,1807
55.898829861624606,-4.386301786484468,117.0,55.8837118458465,-4.182392741162416,194,19.652,2155
55.898829861624606,-4.386301786484468,117.0,55.83086049774818,-4.312434105301623,195,16.677,1212
55.898829861624606,-4.386301786484468,117.0,55.821849459706755,-4.176208567338996,196,18.705,1319
55.898829861624606,-4.386301786484468,117.0,55.88009750494633,-4.255964552703097,197,12.692,1077
55.898829861624606,-4.386301786484468,117.0,55.87413911675089,-4.369807111055967,198,11.754,916
55.898829861624606,-4.386301786484468,117.0,55.86354071984154,-4.093406384811447,199,23.028,1396
55.81146520020299,-4.215786447798476,118.0,55.8391698042901,-4.214478482526657,0,4.618,460
55.81146520020299,-4.215786447798476,118.0,55.86553667472969,-4.350500876963486,1,15.722,1016
55.81146520020299,-4.215786447798476,118.0,55.912892829643965,-4.286410947894997,2,16.966,2282
55.81146520020299,-4.215786447798476,118.0,55.84854019346565,-4.391697428307927,3,15.153,1237
55.81146520020299,-4.215786447798476,118.0,55.79232875093524,-4.310455024670266,4,10.421,909
55.81146520020299,-4.215786447798476,118.0,55.837143362020576,-4.120043492886959,5,9.544,623
55.81146520020299,-4.215786447798476,118.0,55.84185129809378,-4.283879851305767,6,7.578,769
55.81146520020299,-4.215786447798476,118.0,55.90609664927746,-4.311383718964596,7,16.071,1431
55.81146520020299,-4.215786447798476,118.0,55.7832172019226,-4.31249791159531,8,10.751,886
55.81146520020299,-4.215786447798476,118.0,55.8177258987159,-4.260489243356555,9,3.497,434
55.81146520020299,-4.215786447798476,118.0,55.903262790870684,-4.212111703691823,10,13.439,1290
55.81146520020299,-4.215786447798476,118.0,55.893978813107424,-4.1413270988368325,11,12.857,1270
55.81146520020299,-4.215786447798476,118.0,55.894884622950286,-4.154349650804189,12,15.752,1199
55.81146520020299,-4.215786447798476,118.0,55.80680963785043,-4.263605759417426,13,5.935,688
55.81146520020299,-4.215786447798476,118.0,55.81824312166051,-4.346878846315483,14,10.507,1084
55.81146520020299,-4.215786447798476,118.0,55.84742656229786,-4.269221405976544,15,7.775,783
55.81146520020299,-4.215786447798476,118.0,55.80730424868546,-4.315177272898423,16,7.992,851
55.81146520020299,-4.215786447798476,118.0,55.83798278877758,-4.260604018644594,17,6.049,583
55.81146520020299,-4.215786447798476,118.0,55.89424631095569,-4.343398240721316,18,17.538,1266
55.81146520020299,-4.215786447798476,118.0,55.83908093533876,-4.223069302141199,19,5.109,586
55.81146520020299,-4.215786447798476,118.0,55.8357731433788,-4.270556349194068,20,6.733,633
55.81146520020299,-4.215786447798476,118.0,55.90309627527835,-4.360750370095284,21,19.571,1501
55.81146520020299,-4.215786447798476,118.0,55.85652103589449,-4.101365743428073,22,14.477,947
55.81146520020299,-4.215786447798476,118.0,55.783736419963375,-4.235306054793451,23,5.45,492
55.81146520020299,-4.215786447798476,118.0,55.92064824587275,-4.2358362157531895,24,14.564,1271
55.81146520020299,-4.215786447798476,118.0,55.907674892744176,-4.2497703459088045,25,13.316,2316
55.81146520020299,-4.215786447798476,118.0,55.919604340921964,-4.226208116301384,26,14.488,1283
55.81146520020299,-4.215786447798476,118.0,55.83219148710444,-4.304581930326681,27,8.637,968
55.81146520020299,-4.215786447798476,118.0,55.79569701419853,-4.1769099124482585,28,4.218,377
55.81146520020299,-4.215786447798476,118.0,55.81260197667657,-4.197841211154324,29,2.536,315
55.81146520020299,-4.215786447798476,118.0,55.826092940761974,-4.176919409292903,30,5.09,574
55.81146520020299,-4.215786447798476,118.0,55.828413149208096,-4.109650878166438,31,13.701,895
55.81146520020299,-4.215786447798476,118.0,55.8999241737755,-4.257993823533507,32,13.415,1261
55.81146520020299,-4.215786447798476,118.0,55.892514250678616,-4.340118142906542,33,17.567,1277
55.81146520020299,-4.215786447798476,118.0,55.855241629670886,-4.269936069312288,34,11.602,976
55.81146520020299,-4.215786447798476,118.0,55.877364911629314,-4.109701193625618,35,20.718,1159
55.81146520020299,-4.215786447798476,118.0,55.887053111734645,-4.1280531391159245,36,26.365,1363
55.81146520020299,-4.215786447798476,118.0,55.89108676863447,-4.105446803942431,37,20.706,1374
55.81146520020299,-4.215786447798476,118.0,55.842635153466425,-4.334387903339716,38,11.59,944
55.81146520020299,-4.215786447798476,118.0,55.89197542936556,-4.19614108945253,39,12.625,1144
55.81146520020299,-4.215786447798476,118.0,55.825849135803445,-4.321179033230789,40,8.616,889
55.81146520020299,-4.215786447798476,118.0,55.81864602215581,-4.375055705699034,41,11.536,1092
55.81146520020299,-4.215786447798476,118.0,55.92613065482397,-4.212698358862173,42,14.95,1335
55.81146520020299,-4.215786447798476,118.0,55.874439929608144,-4.279689658904073,43,11.33,1060
55.81146520020299,-4.215786447798476,118.0,55.81998166828728,-4.245455535821837,44,3.435,332
55.81146520020299,-4.215786447798476,118.0,55.91066980601156,-4.213502644426629,45,13.902,1286
55.81146520020299,-4.215786447798476,118.0,55.8404807486866,-4.356656090229781,46,11.651,1204
55.81146520020299,-4.215786447798476,118.0,55.88708229912325,-4.079055837843032,47,18.336,967
55.81146520020299,-4.215786447798476,118.0,55.84510555179576,-4.178720975321847,48,7.866,712
55.81146520020299,-4.215786447798476,118.0,55.84413340760586,-4.085244529493477,49,15.033,1341
55.81146520020299,-4.215786447798476,118.0,55.83324217210475,-4.157183908594519,50,6.576,609
55.81146520020299,-4.215786447798476,118.0,55.895753278756494,-4.323131413571223,51,17.324,1377
55.81146520020299,-4.215786447798476,118.0,55.88609925330935,-4.38354364327563,52,16.755,1085
55.81146520020299,-4.215786447798476,118.0,55.86596770908397,-4.338853955125049,53,13.538,965
55.81146520020299,-4.215786447798476,118.0,55.819381988004544,-4.256567679373081,54,4.662,518
55.81146520020299,-4.215786447798476,118.0,55.919398785577634,-4.298102785445152,55,17.242,1961
55.81146520020299,-4.215786447798476,118.0,55.81052481551728,-4.0780884232687225,56,15.804,2034
55.81146520020299,-4.215786447798476,118.0,55.8411814367945,-4.125490362928665,57,11.086,782
55.81146520020299,-4.215786447798476,118.0,55.844855881791794,-4.151320272286683,58,8.718,762
55.81146520020299,-4.215786447798476,118.0,55.79334532620707,-4.3052187624925375,59,10.016,870
55.81146520020299,-4.215786447798476,118.0,55.78499644933002,-4.082518262203789,60,11.412,666
55.81146520020299,-4.215786447798476,118.0,55.86482365717543,-4.074666870071637,61,16.029,1140
55.81146520020299,-4.215786447798476,118.0,55.910543969585106,-4.384534109666136,62,21.398,1566
55.81146520020299,-4.215786447798476,118.0,55.799715679086134,-4.188568421733812,63,4.2,535
55.81146520020299,-4.215786447798476,118.0,55.90005630083831,-4.294022887833187,64,15.143,1385
55.81146520020299,-4.215786447798476,118.0,55.82573931186619,-4.210157383495828,65,3.263,309
55.81146520020299,-4.215786447798476,118.0,55.88010014610652,-4.288014027401103,66,13.864,1353
55.81146520020299,-4.215786447798476,118.0,55.8836463272421,-4.377148406451105,67,16.525,1162
55.81146520020299,-4.215786447798476,118.0,55.80511293548626,-4.195982430231648,68,2.047,248
55.81146520020299,-4.215786447798476,118.0,55.9265186267864,-4.256321117900257,69,16.78,1376
55.81146520020299,-4.215786447798476,118.0,55.90353118048908,-4.119171950823842,70,21.308,1434
55.81146520020299,-4.215786447798476,118.0,55.81502357146685,-4.260984914919316,71,3.854,455
55.81146520020299,-4.215786447798476,118.0,55.894355058439295,-4.293143876300353,72,14.433,1332
55.81146520020299,-4.215786447798476,118.0,55.80246488546192,-4.242274834364847,73,2.845,312
55.81146520020299,-4.215786447798476,118.0,55.887581813102464,-4.2985753032369685,74,14.045,1328
55.81146520020299,-4.215786447798476,118.0,55.928290955083554,-4.295962301582311,75,17.664,1376
55.81146520020299,-4.215786447798476,118.0,55.81096058143004,-4.368797105646974,76,11.639,1153
55.81146520020299,-4.215786447798476,118.0,55.84818750128869,-4.3631808239548375,77,16.228,1063
55.81146520020299,-4.215786447798476,118.0,55.81610352786554,-4.330910795148831,78,8.737,841
55.81146520020299,-4.215786447798476,118.0,55.807034270653475,-4.136077366584948,79,8.966,557
55.81146520020299,-4.215786447798476,118.0,55.86778114631985,-4.233612892312959,80,8.642,917
55.81146520020299,-4.215786447798476,118.0,55.79578956690847,-4.368290459919509,81,23.917,2351
55.81146520020299,-4.215786447798476,118.0,55.897877306124535,-4.077031107370425,82,20.695,1712
55.81146520020299,-4.215786447798476,118.0,55.80721289582252,-4.242612882195534,83,2.259,293
55.81146520020299,-4.215786447798476,118.0,55.92209393969709,-4.157940141970138,84,17.285,1350
55.81146520020299,-4.215786447798476,118.0,55.79188265083702,-4.28147512844989,85,8.163,708
55.81146520020299,-4.215786447798476,118.0,55.88043814367632,-4.104360473798184,86,20.028,1099
55.81146520020299,-4.215786447798476,118.0,55.90345994988174,-4.293652184560058,87,16.439,1418
55.81146520020299,-4.215786447798476,118.0,55.91230525016259,-4.108196424937476,88,23.988,1336
55.81146520020299,-4.215786447798476,118.0,55.90569137930351,-4.3852429216612405,89,21.433,1589
55.81146520020299,-4.215786447798476,118.0,55.824402119970216,-4.298242138123909,90,6.246,780
55.81146520020299,-4.215786447798476,118.0,55.887104625653905,-4.201059285828647,91,10.868,1281
55.81146520020299,-4.215786447798476,118.0,55.92006797200308,-4.195257422106852,92,15.796,1313
55.81146520020299,-4.215786447798476,118.0,55.7944551107823,-4.1683749063061635,93,4.348,811
55.81146520020299,-4.215786447798476,118.0,55.88003873447475,-4.304350182381346,94,13.057,1271
55.81146520020299,-4.215786447798476,118.0,55.88308048053683,-4.2942103285768285,95,12.657,1246
55.81146520020299,-4.215786447798476,118.0,55.80779271908626,-4.3234306371549245,96,8.592,920
55.81146520020299,-4.215786447798476,118.0,55.90123467399992,-4.380968632189907,97,21.739,1718
55.81146520020299,-4.215786447798476,118.0,55.88049231589054,-4.293733205570284,98,12.559,1236
55.81146520020299,-4.215786447798476,118.0,55.84697147961761,-4.334108806216461,99,11.704,977
55.81146520020299,-4.215786447798476,118.0,55.83067141211495,-4.195633651932574,100,4.836,510
55.81146520020299,-4.215786447798476,118.0,55.89350845984679,-4.099445363541155,101,19.773,1144
55.81146520020299,-4.215786447798476,118.0,55.92592408664018,-4.179171340754611,102,18.626,1434
55.81146520020299,-4.215786447798476,118.0,55.84941827409408,-4.169566750359822,103,8.571,777
55.81146520020299,-4.215786447798476,118.0,55.92413375575165,-4.226670311636797,104,16.165,2078
55.81146520020299,-4.215786447798476,118.0,55.88995713457192,-4.285031242761631,105,13.373,1235
55.81146520020299,-4.215786447798476,118.0,55.90528066541109,-4.131569818675147,106,14.964,1198
55.81146520020299,-4.215786447798476,118.0,55.87850608392288,-4.103517886631066,107,20.359,1132
55.81146520020299,-4.215786447798476,118.0,55.80799405798939,-4.284953473560454,108,5.721,691
55.81146520020299,-4.215786447798476,118.0,55.906815669822045,-4.385279074380807,109,20.744,1504
55.81146520020299,-4.215786447798476,118.0,55.916237634416454,-4.222407816066865,110,14.403,1271
55.81146520020299,-4.215786447798476,118.0,55.915798955837815,-4.088621086891774,111,22.854,1220
55.81146520020299,-4.215786447798476,118.0,55.827538479175395,-4.350653065976025,112,9.876,1015
55.81146520020299,-4.215786447798476,118.0,55.799515288981674,-4.0866627646338864,113,11.971,783
55.81146520020299,-4.215786447798476,118.0,55.831024245961984,-4.244756518165482,114,5.028,489
55.81146520020299,-4.215786447798476,118.0,55.86754360554833,-4.2143078261423845,115,8.683,1056
55.81146520020299,-4.215786447798476,118.0,55.8574985965699,-4.1521224561179935,116,9.874,888
55.81146520020299,-4.215786447798476,118.0,55.88095643501817,-4.32811659177277,117,15.38,1093
55.81146520020299,-4.215786447798476,118.0,55.85240433608213,-4.177570445500026,118,8.487,817
55.81146520020299,-4.215786447798476,118.0,55.91169549549074,-4.359708873069638,119,21.556,1692
55.81146520020299,-4.215786447798476,118.0,55.92640787519779,-4.300990956079843,120,18.112,1425
55.81146520020299,-4.215786447798476,118.0,55.84019197366069,-4.205566157974415,121,5.104,576
55.81146520020299,-4.215786447798476,118.0,55.866619942939494,-4.268153778778456,122,10.52,1079
55.81146520020299,-4.215786447798476,118.0,55.81327411986783,-4.2587495402872255,123,3.271,429
55.81146520020299,-4.215786447798476,118.0,55.86022660117776,-4.154711133590585,124,10.227,919
55.81146520020299,-4.215786447798476,118.0,55.831522729053496,-4.370420634377527,125,11.93,1185
55.81146520020299,-4.215786447798476,118.0,55.84074346341779,-4.172411658039648,126,6.939,631
55.81146520020299,-4.215786447798476,118.0,55.8801412435821,-4.258666277618953,127,10.796,1129
55.81146520020299,-4.215786447798476,118.0,55.8434159429892,-4.1056733307349536,128,11.342,810
55.81146520020299,-4.215786447798476,118.0,55.83522057783537,-4.25736952395694,129,6.023,585
55.81146520020299,-4.215786447798476,118.0,55.86467774065618,-4.2250953414252415,130,7.908,812
55.81146520020299,-4.215786447798476,118.0,55.8953662249987,-4.231143624453162,131,11.59,1083
55.81146520020299,-4.215786447798476,118.0,55.81920459649808,-4.236238450921302,132,2.851,281
55.81146520020299,-4.215786447798476,118.0,55.900795402502105,-4.206009410292495,133,13.757,1278
55.81146520020299,-4.215786447798476,118.0,55.86078490474355,-4.339631469507248,134,14.073,1060
55.81146520020299,-4.215786447798476,118.0,55.924999437053955,-4.191173279124663,135,16.047,1323
55.81146520020299,-4.215786447798476,118.0,55.81549096669224,-4.126910343137958,136,10.023,646
55.81146520020299,-4.215786447798476,118.0,55.90135585493081,-4.207622057499793,137,13.756,1255
55.81146520020299,-4.215786447798476,118.0,55.845816555475636,-4.129576488296543,138,10.091,852
55.81146520020299,-4.215786447798476,118.0,55.80470047644827,-4.291960781118721,139,6.986,796
55.81146520020299,-4.215786447798476,118.0,55.89185394491289,-4.179857587296262,140,11.529,1069
55.81146520020299,-4.215786447798476,118.0,55.91859399996558,-4.3401659608951215,141,20.422,1542
55.81146520020299,-4.215786447798476,118.0,55.90671476836246,-4.3642865107142725,142,20.323,1556
55.81146520020299,-4.215786447798476,118.0,55.81273399651921,-4.167613047894911,143,4.219,396
55.81146520020299,-4.215786447798476,118.0,55.80939871413575,-4.276056954355674,144,5.009,579
55.81146520020299,-4.215786447798476,118.0,55.88312869327199,-4.214542892826467,145,11.161,1109
55.81146520020299,-4.215786447798476,118.0,55.815340374954424,-4.283514492524949,146,5.179,597
55.81146520020299,-4.215786447798476,118.0,55.87864379034378,-4.080636908866371,147,19.316,1001
55.81146520020299,-4.215786447798476,118.0,55.89423440492952,-4.2418874418647645,148,12.153,1166
55.81146520020299,-4.215786447798476,118.0,55.92796852989922,-4.305970400193036,149,18.24,1448
55.81146520020299,-4.215786447798476,118.0,55.92895153496988,-4.082888064137351,150,23.812,1228
55.81146520020299,-4.215786447798476,118.0,55.790766759429424,-4.135285962371055,151,6.773,453
55.81146520020299,-4.215786447798476,118.0,55.80808041573422,-4.184105792933229,152,3.016,300
55.81146520020299,-4.215786447798476,118.0,55.7982747224006,-4.3931924101572655,153,13.277,1261
55.81146520020299,-4.215786447798476,118.0,55.81178474630603,-4.337962602706185,154,9.152,886
55.81146520020299,-4.215786447798476,118.0,55.852972007756,-4.353957895039277,155,13.272,1063
55.81146520020299,-4.215786447798476,118.0,55.797152036890715,-4.311451416173846,156,10.306,903
55.81146520020299,-4.215786447798476,118.0,55.84839482833289,-4.1889265673730645,157,8.517,746
55.81146520020299,-4.215786447798476,118.0,55.86383954752864,-4.387927326091926,158,18.864,1090
55.81146520020299,-4.215786447798476,118.0,55.807182357875575,-4.140487806234959,159,6.049,512
55.81146520020299,-4.215786447798476,118.0,55.8296607577131,-4.218765551358871,160,3.029,357
55.81146520020299,-4.215786447798476,118.0,55.82699494590622,-4.295404959002084,161,6.313,769
55.81146520020299,-4.215786447798476,118.0,55.861248665443505,-4.307186036515638,162,11.158,966
55.81146520020299,-4.215786447798476,118.0,55.897857165570365,-4.156645648865112,163,13.005,1105
55.81146520020299,-4.215786447798476,118.0,55.877747555317356,-4.342792329217214,164,15.97,1189
55.81146520020299,-4.215786447798476,118.0,55.92259641850896,-4.389236283866068,165,32.226,1654
55.81146520020299,-4.215786447798476,118.0,55.92621339590465,-4.2820478996479165,166,16.564,1324
55.81146520020299,-4.215786447798476,118.0,55.80660612206145,-4.094012410496262,167,15.389,1098
55.81146520020299,-4.215786447798476,118.0,55.84605439624201,-4.09192094471571,168,20.545,1070
55.81146520020299,-4.215786447798476,118.0,55.83961965364386,-4.1201104741133365,169,10.693,709
55.81146520020299,-4.215786447798476,118.0,55.85030951683019,-4.217608837338132,170,5.658,620
55.81146520020299,-4.215786447798476,118.0,55.85971342373431,-4.246748195156407,171,7.18,766
55.81146520020299,-4.215786447798476,118.0,55.815747728441636,-4.150792968910081,172,6.237,610
55.81146520020299,-4.215786447798476,118.0,55.80041195127493,-4.3806303679601495,173,12.693,1213
55.81146520020299,-4.215786447798476,118.0,55.85487415463933,-4.092829020720908,174,15.0,901
55.81146520020299,-4.215786447798476,118.0,55.80456076444065,-4.203157873727267,175,1.478,199
55.81146520020299,-4.215786447798476,118.0,55.84723005082115,-4.330151260440624,176,11.225,921
55.81146520020299,-4.215786447798476,118.0,55.88775631668876,-4.123428423568879,177,22.971,1354
55.81146520020299,-4.215786447798476,118.0,55.82857385936083,-4.129579652409029,178,12.096,821
55.81146520020299,-4.215786447798476,118.0,55.879865395443076,-4.36272007519476,179,16.862,1232
55.81146520020299,-4.215786447798476,118.0,55.87973669437185,-4.215636550296907,180,10.448,1120
55.81146520020299,-4.215786447798476,118.0,55.8162521393249,-4.1868605517933455,181,3.033,333
55.81146520020299,-4.215786447798476,118.0,55.80755514535402,-4.201625161718038,182,1.093,145
55.81146520020299,-4.215786447798476,118.0,55.85565398843102,-4.250533808562208,183,7.702,758
55.81146520020299,-4.215786447798476,118.0,55.929636326069506,-4.381100658166308,184,33.212,1675
55.81146520020299,-4.215786447798476,118.0,55.879581066995904,-4.21986165885879,185,10.089,1101
55.81146520020299,-4.215786447798476,118.0,55.92647877645629,-4.127886630011083,186,24.214,1489
55.81146520020299,-4.215786447798476,118.0,55.82282427264178,-4.371094162561755,187,11.066,1108
55.81146520020299,-4.215786447798476,118.0,55.90291353127043,-4.3414180899754955,188,18.369,1434
55.81146520020299,-4.215786447798476,118.0,55.78437024600116,-4.156926419796477,189,6.117,467
55.81146520020299,-4.215786447798476,118.0,55.8321542449311,-4.1561720476648265,190,6.616,623
55.81146520020299,-4.215786447798476,118.0,55.88310705812362,-4.084862107847263,191,16.477,883
55.81146520020299,-4.215786447798476,118.0,55.85616333886266,-4.110333739241922,192,15.12,998
55.81146520020299,-4.215786447798476,118.0,55.90185178498145,-4.152652007721208,193,16.914,1730
55.81146520020299,-4.215786447798476,118.0,55.8837118458465,-4.182392741162416,194,12.683,2047
55.81146520020299,-4.215786447798476,118.0,55.83086049774818,-4.312434105301623,195,8.221,870
55.81146520020299,-4.215786447798476,118.0,55.821849459706755,-4.176208567338996,196,4.686,494
55.81146520020299,-4.215786447798476,118.0,55.88009750494633,-4.255964552703097,197,10.482,1107
55.81146520020299,-4.215786447798476,118.0,55.87413911675089,-4.369807111055967,198,14.866,981
55.81146520020299,-4.215786447798476,118.0,55.86354071984154,-4.093406384811447,199,16.58,1005
55.78401675442737,-4.231922831406603,119.0,55.8391698042901,-4.214478482526657,0,9.368,729
55.78401675442737,-4.231922831406603,119.0,55.86553667472969,-4.350500876963486,1,18.059,1166
55.78401675442737,-4.231922831406603,119.0,55.912892829643965,-4.286410947894997,2,19.841,2515
55.78401675442737,-4.231922831406603,119.0,55.84854019346565,-4.391697428307927,3,26.234,1449
55.78401675442737,-4.231922831406603,119.0,55.79232875093524,-4.310455024670266,4,7.57,675
55.78401675442737,-4.231922831406603,119.0,55.837143362020576,-4.120043492886959,5,11.857,822
55.78401675442737,-4.231922831406603,119.0,55.84185129809378,-4.283879851305767,6,8.97,911
55.78401675442737,-4.231922831406603,119.0,55.90609664927746,-4.311383718964596,7,17.463,1574
55.78401675442737,-4.231922831406603,119.0,55.7832172019226,-4.31249791159531,8,7.9,672
55.78401675442737,-4.231922831406603,119.0,55.8177258987159,-4.260489243356555,9,5.248,535
55.78401675442737,-4.231922831406603,119.0,55.903262790870684,-4.212111703691823,10,16.314,1523
55.78401675442737,-4.231922831406603,119.0,55.893978813107424,-4.1413270988368325,11,25.299,1581
55.78401675442737,-4.231922831406603,119.0,55.894884622950286,-4.154349650804189,12,30.164,1482
55.78401675442737,-4.231922831406603,119.0,55.80680963785043,-4.263605759417426,13,7.451,734
55.78401675442737,-4.231922831406603,119.0,55.81824312166051,-4.346878846315483,14,21.419,1127
55.78401675442737,-4.231922831406603,119.0,55.84742656229786,-4.269221405976544,15,9.167,925
55.78401675442737,-4.231922831406603,119.0,55.80730424868546,-4.315177272898423,16,9.207,808
55.78401675442737,-4.231922831406603,119.0,55.83798278877758,-4.260604018644594,17,7.441,725
55.78401675442737,-4.231922831406603,119.0,55.89424631095569,-4.343398240721316,18,19.875,1416
55.78401675442737,-4.231922831406603,119.0,55.83908093533876,-4.223069302141199,19,10.398,859
55.78401675442737,-4.231922831406603,119.0,55.8357731433788,-4.270556349194068,20,8.125,775
55.78401675442737,-4.231922831406603,119.0,55.90309627527835,-4.360750370095284,21,21.908,1651
55.78401675442737,-4.231922831406603,119.0,55.85652103589449,-4.101365743428073,22,16.79,1146
55.78401675442737,-4.231922831406603,119.0,55.783736419963375,-4.235306054793451,23,1.01,136
55.78401675442737,-4.231922831406603,119.0,55.92064824587275,-4.2358362157531895,24,17.439,1504
55.78401675442737,-4.231922831406603,119.0,55.907674892744176,-4.2497703459088045,25,16.191,2549
55.78401675442737,-4.231922831406603,119.0,55.919604340921964,-4.226208116301384,26,17.363,1516
55.78401675442737,-4.231922831406603,119.0,55.83219148710444,-4.304581930326681,27,10.388,1082
55.78401675442737,-4.231922831406603,119.0,55.79569701419853,-4.1769099124482585,28,6.322,487
55.78401675442737,-4.231922831406603,119.0,55.81260197667657,-4.197841211154324,29,6.247,525
55.78401675442737,-4.231922831406603,119.0,55.826092940761974,-4.176919409292903,30,9.364,834
55.78401675442737,-4.231922831406603,119.0,55.828413149208096,-4.109650878166438,31,15.805,1005
55.78401675442737,-4.231922831406603,119.0,55.8999241737755,-4.257993823533507,32,16.29,1494
55.78401675442737,-4.231922831406603,119.0,55.892514250678616,-4.340118142906542,33,19.904,1428
55.78401675442737,-4.231922831406603,119.0,55.855241629670886,-4.269936069312288,34,12.162,1144
55.78401675442737,-4.231922831406603,119.0,55.877364911629314,-4.109701193625618,35,23.031,1358
55.78401675442737,-4.231922831406603,119.0,55.887053111734645,-4.1280531391159245,36,28.678,1562
55.78401675442737,-4.231922831406603,119.0,55.89108676863447,-4.105446803942431,37,23.019,1573
55.78401675442737,-4.231922831406603,119.0,55.842635153466425,-4.334387903339716,38,13.927,1094
55.78401675442737,-4.231922831406603,119.0,55.89197542936556,-4.19614108945253,39,17.048,1369
55.78401675442737,-4.231922831406603,119.0,55.825849135803445,-4.321179033230789,40,10.367,1004
55.78401675442737,-4.231922831406603,119.0,55.81864602215581,-4.375055705699034,41,21.546,1055
55.78401675442737,-4.231922831406603,119.0,55.92613065482397,-4.212698358862173,42,17.825,1568
55.78401675442737,-4.231922831406603,119.0,55.874439929608144,-4.279689658904073,43,12.722,1202
55.78401675442737,-4.231922831406603,119.0,55.81998166828728,-4.245455535821837,44,5.093,509
55.78401675442737,-4.231922831406603,119.0,55.91066980601156,-4.213502644426629,45,16.777,1519
55.78401675442737,-4.231922831406603,119.0,55.8404807486866,-4.356656090229781,46,23.44,1258
55.78401675442737,-4.231922831406603,119.0,55.88708229912325,-4.079055837843032,47,20.649,1166
55.78401675442737,-4.231922831406603,119.0,55.84510555179576,-4.178720975321847,48,11.191,938
55.78401675442737,-4.231922831406603,119.0,55.84413340760586,-4.085244529493477,49,17.346,1540
55.78401675442737,-4.231922831406603,119.0,55.83324217210475,-4.157183908594519,50,9.303,750
55.78401675442737,-4.231922831406603,119.0,55.895753278756494,-4.323131413571223,51,19.661,1527
55.78401675442737,-4.231922831406603,119.0,55.88609925330935,-4.38354364327563,52,19.092,1235
55.78401675442737,-4.231922831406603,119.0,55.86596770908397,-4.338853955125049,53,15.875,1115
55.78401675442737,-4.231922831406603,119.0,55.819381988004544,-4.256567679373081,54,6.522,642
55.78401675442737,-4.231922831406603,119.0,55.919398785577634,-4.298102785445152,55,20.117,2194
55.78401675442737,-4.231922831406603,119.0,55.81052481551728,-4.0780884232687225,56,23.323,2270
55.78401675442737,-4.231922831406603,119.0,55.8411814367945,-4.125490362928665,57,11.727,953
55.78401675442737,-4.231922831406603,119.0,55.844855881791794,-4.151320272286683,58,11.023,911
55.78401675442737,-4.231922831406603,119.0,55.79334532620707,-4.3052187624925375,59,7.165,636
55.78401675442737,-4.231922831406603,119.0,55.78499644933002,-4.082518262203789,60,13.516,776
55.78401675442737,-4.231922831406603,119.0,55.86482365717543,-4.074666870071637,61,18.342,1339
55.78401675442737,-4.231922831406603,119.0,55.910543969585106,-4.384534109666136,62,23.735,1716
55.78401675442737,-4.231922831406603,119.0,55.799715679086134,-4.188568421733812,63,4.021,524
55.78401675442737,-4.231922831406603,119.0,55.90005630083831,-4.294022887833187,64,16.535,1527
55.78401675442737,-4.231922831406603,119.0,55.82573931186619,-4.210157383495828,65,7.537,569
55.78401675442737,-4.231922831406603,119.0,55.88010014610652,-4.288014027401103,66,15.256,1495
55.78401675442737,-4.231922831406603,119.0,55.8836463272421,-4.377148406451105,67,18.862,1312
55.78401675442737,-4.231922831406603,119.0,55.80511293548626,-4.195982430231648,68,5.504,474
55.78401675442737,-4.231922831406603,119.0,55.9265186267864,-4.256321117900257,69,19.655,1609
55.78401675442737,-4.231922831406603,119.0,55.90353118048908,-4.119171950823842,70,23.621,1633
55.78401675442737,-4.231922831406603,119.0,55.81502357146685,-4.260984914919316,71,5.605,569
55.78401675442737,-4.231922831406603,119.0,55.894355058439295,-4.293143876300353,72,15.825,1474
55.78401675442737,-4.231922831406603,119.0,55.80246488546192,-4.242274834364847,73,2.845,338
55.78401675442737,-4.231922831406603,119.0,55.887581813102464,-4.2985753032369685,74,15.437,1471
55.78401675442737,-4.231922831406603,119.0,55.928290955083554,-4.295962301582311,75,20.539,1609
55.78401675442737,-4.231922831406603,119.0,55.81096058143004,-4.368797105646974,76,20.711,1030
55.78401675442737,-4.231922831406603,119.0,55.84818750128869,-4.3631808239548375,77,18.565,1214
55.78401675442737,-4.231922831406603,119.0,55.81610352786554,-4.330910795148831,78,11.035,951
55.78401675442737,-4.231922831406603,119.0,55.807034270653475,-4.136077366584948,79,11.07,668
55.78401675442737,-4.231922831406603,119.0,55.86778114631985,-4.233612892312959,80,11.517,1150
55.78401675442737,-4.231922831406603,119.0,55.79578956690847,-4.368290459919509,81,19.806,2068
55.78401675442737,-4.231922831406603,119.0,55.897877306124535,-4.077031107370425,82,23.008,1911
55.78401675442737,-4.231922831406603,119.0,55.80721289582252,-4.242612882195534,83,3.235,371
55.78401675442737,-4.231922831406603,119.0,55.92209393969709,-4.157940141970138,84,32.265,1660
55.78401675442737,-4.231922831406603,119.0,55.79188265083702,-4.28147512844989,85,5.312,474
55.78401675442737,-4.231922831406603,119.0,55.88043814367632,-4.104360473798184,86,22.341,1298
55.78401675442737,-4.231922831406603,119.0,55.90345994988174,-4.293652184560058,87,17.004,1572
55.78401675442737,-4.231922831406603,119.0,55.91230525016259,-4.108196424937476,88,26.301,1535
55.78401675442737,-4.231922831406603,119.0,55.90569137930351,-4.3852429216612405,89,23.77,1739
55.78401675442737,-4.231922831406603,119.0,55.824402119970216,-4.298242138123909,90,7.997,895
55.78401675442737,-4.231922831406603,119.0,55.887104625653905,-4.201059285828647,91,14.653,1488
55.78401675442737,-4.231922831406603,119.0,55.92006797200308,-4.195257422106852,92,18.671,1546
55.78401675442737,-4.231922831406603,119.0,55.7944551107823,-4.1683749063061635,93,6.452,922
55.78401675442737,-4.231922831406603,119.0,55.88003873447475,-4.304350182381346,94,14.992,1418
55.78401675442737,-4.231922831406603,119.0,55.88308048053683,-4.2942103285768285,95,14.592,1392
55.78401675442737,-4.231922831406603,119.0,55.80779271908626,-4.3234306371549245,96,9.655,855
55.78401675442737,-4.231922831406603,119.0,55.90123467399992,-4.380968632189907,97,24.076,1868
55.78401675442737,-4.231922831406603,119.0,55.88049231589054,-4.293733205570284,98,14.494,1383
55.78401675442737,-4.231922831406603,119.0,55.84697147961761,-4.334108806216461,99,14.041,1127
55.78401675442737,-4.231922831406603,119.0,55.83067141211495,-4.195633651932574,100,9.586,779
55.78401675442737,-4.231922831406603,119.0,55.89350845984679,-4.099445363541155,101,22.086,1343
55.78401675442737,-4.231922831406603,119.0,55.92592408664018,-4.179171340754611,102,33.606,1743
55.78401675442737,-4.231922831406603,119.0,55.84941827409408,-4.169566750359822,103,11.3,961
55.78401675442737,-4.231922831406603,119.0,55.92413375575165,-4.226670311636797,104,19.04,2311
55.78401675442737,-4.231922831406603,119.0,55.88995713457192,-4.285031242761631,105,14.765,1377
55.78401675442737,-4.231922831406603,119.0,55.90528066541109,-4.131569818675147,106,29.944,1507
55.78401675442737,-4.231922831406603,119.0,55.87850608392288,-4.103517886631066,107,22.672,1331
55.78401675442737,-4.231922831406603,119.0,55.80799405798939,-4.284953473560454,108,8.558,791
55.78401675442737,-4.231922831406603,119.0,55.906815669822045,-4.385279074380807,109,23.081,1654
55.78401675442737,-4.231922831406603,119.0,55.916237634416454,-4.222407816066865,110,17.278,1504
55.78401675442737,-4.231922831406603,119.0,55.915798955837815,-4.088621086891774,111,25.167,1419
55.78401675442737,-4.231922831406603,119.0,55.827538479175395,-4.350653065976025,112,21.665,1069
55.78401675442737,-4.231922831406603,119.0,55.799515288981674,-4.0866627646338864,113,14.075,893
55.78401675442737,-4.231922831406603,119.0,55.831024245961984,-4.244756518165482,114,6.42,631
55.78401675442737,-4.231922831406603,119.0,55.86754360554833,-4.2143078261423845,115,12.964,1296
55.78401675442737,-4.231922831406603,119.0,55.8574985965699,-4.1521224561179935,116,12.179,1037
55.78401675442737,-4.231922831406603,119.0,55.88095643501817,-4.32811659177277,117,17.717,1243
55.78401675442737,-4.231922831406603,119.0,55.85240433608213,-4.177570445500026,118,12.232,1018
55.78401675442737,-4.231922831406603,119.0,55.91169549549074,-4.359708873069638,119,23.893,1842
55.78401675442737,-4.231922831406603,119.0,55.92640787519779,-4.300990956079843,120,20.987,1658
55.78401675442737,-4.231922831406603,119.0,55.84019197366069,-4.205566157974415,121,9.854,844
55.78401675442737,-4.231922831406603,119.0,55.866619942939494,-4.268153778778456,122,12.515,1283
55.78401675442737,-4.231922831406603,119.0,55.81327411986783,-4.2587495402872255,123,4.668,533
55.78401675442737,-4.231922831406603,119.0,55.86022660117776,-4.154711133590585,124,12.532,1068
55.78401675442737,-4.231922831406603,119.0,55.831522729053496,-4.370420634377527,125,23.109,1247
55.78401675442737,-4.231922831406603,119.0,55.84074346341779,-4.172411658039648,126,10.68,887
55.78401675442737,-4.231922831406603,119.0,55.8801412435821,-4.258666277618953,127,13.671,1362
55.78401675442737,-4.231922831406603,119.0,55.8434159429892,-4.1056733307349536,128,13.655,1009
55.78401675442737,-4.231922831406603,119.0,55.83522057783537,-4.25736952395694,129,7.415,727
55.78401675442737,-4.231922831406603,119.0,55.86467774065618,-4.2250953414252415,130,11.322,1062
55.78401675442737,-4.231922831406603,119.0,55.8953662249987,-4.231143624453162,131,14.465,1316
55.78401675442737,-4.231922831406603,119.0,55.81920459649808,-4.236238450921302,132,5.677,559
55.78401675442737,-4.231922831406603,119.0,55.900795402502105,-4.206009410292495,133,16.632,1511
55.78401675442737,-4.231922831406603,119.0,55.86078490474355,-4.339631469507248,134,16.41,1210
55.78401675442737,-4.231922831406603,119.0,55.924999437053955,-4.191173279124663,135,18.922,1556
55.78401675442737,-4.231922831406603,119.0,55.81549096669224,-4.126910343137958,136,12.127,757
55.78401675442737,-4.231922831406603,119.0,55.90135585493081,-4.207622057499793,137,16.631,1488
55.78401675442737,-4.231922831406603,119.0,55.845816555475636,-4.129576488296543,138,12.396,999
55.78401675442737,-4.231922831406603,119.0,55.80470047644827,-4.291960781118721,139,8.4,790
55.78401675442737,-4.231922831406603,119.0,55.89185394491289,-4.179857587296262,140,15.952,1294
55.78401675442737,-4.231922831406603,119.0,55.91859399996558,-4.3401659608951215,141,22.759,1693
55.78401675442737,-4.231922831406603,119.0,55.90671476836246,-4.3642865107142725,142,22.66,1707
55.78401675442737,-4.231922831406603,119.0,55.81273399651921,-4.167613047894911,143,6.323,506
55.78401675442737,-4.231922831406603,119.0,55.80939871413575,-4.276056954355674,144,7.579,663
55.78401675442737,-4.231922831406603,119.0,55.88312869327199,-4.214542892826467,145,14.036,1342
55.78401675442737,-4.231922831406603,119.0,55.815340374954424,-4.283514492524949,146,6.93,711
55.78401675442737,-4.231922831406603,119.0,55.87864379034378,-4.080636908866371,147,21.629,1200
55.78401675442737,-4.231922831406603,119.0,55.89423440492952,-4.2418874418647645,148,15.028,1399
55.78401675442737,-4.231922831406603,119.0,55.92796852989922,-4.305970400193036,149,21.115,1681
55.78401675442737,-4.231922831406603,119.0,55.92895153496988,-4.082888064137351,150,26.125,1427
55.78401675442737,-4.231922831406603,119.0,55.790766759429424,-4.135285962371055,151,8.877,563
55.78401675442737,-4.231922831406603,119.0,55.80808041573422,-4.184105792933229,152,5.12,410
55.78401675442737,-4.231922831406603,119.0,55.7982747224006,-4.3931924101572655,153,22.349,1137
55.78401675442737,-4.231922831406603,119.0,55.81178474630603,-4.337962602706185,154,19.497,930
55.78401675442737,-4.231922831406603,119.0,55.852972007756,-4.353957895039277,155,15.609,1213
55.78401675442737,-4.231922831406603,119.0,55.797152036890715,-4.311451416173846,156,7.455,669
55.78401675442737,-4.231922831406603,119.0,55.84839482833289,-4.1889265673730645,157,11.952,974
55.78401675442737,-4.231922831406603,119.0,55.86383954752864,-4.387927326091926,158,21.201,1241
55.78401675442737,-4.231922831406603,119.0,55.807182357875575,-4.140487806234959,159,8.153,623
55.78401675442737,-4.231922831406603,119.0,55.8296607577131,-4.218765551358871,160,8.449,693
55.78401675442737,-4.231922831406603,119.0,55.82699494590622,-4.295404959002084,161,8.064,884
55.78401675442737,-4.231922831406603,119.0,55.861248665443505,-4.307186036515638,162,13.495,1117
55.78401675442737,-4.231922831406603,119.0,55.897857165570365,-4.156645648865112,163,17.428,1330
55.78401675442737,-4.231922831406603,119.0,55.877747555317356,-4.342792329217214,164,18.307,1340
55.78401675442737,-4.231922831406603,119.0,55.92259641850896,-4.389236283866068,165,34.563,1804
55.78401675442737,-4.231922831406603,119.0,55.92621339590465,-4.2820478996479165,166,19.439,1557
55.78401675442737,-4.231922831406603,119.0,55.80660612206145,-4.094012410496262,167,19.953,1343
55.78401675442737,-4.231922831406603,119.0,55.84605439624201,-4.09192094471571,168,22.858,1269
55.78401675442737,-4.231922831406603,119.0,55.83961965364386,-4.1201104741133365,169,13.006,908
55.78401675442737,-4.231922831406603,119.0,55.85030951683019,-4.217608837338132,170,10.748,910
55.78401675442737,-4.231922831406603,119.0,55.85971342373431,-4.246748195156407,171,10.055,999
55.78401675442737,-4.231922831406603,119.0,55.815747728441636,-4.150792968910081,172,8.341,721
55.78401675442737,-4.231922831406603,119.0,55.80041195127493,-4.3806303679601495,173,20.18,1046
55.78401675442737,-4.231922831406603,119.0,55.85487415463933,-4.092829020720908,174,17.313,1100
55.78401675442737,-4.231922831406603,119.0,55.80456076444065,-4.203157873727267,175,5.995,494
55.78401675442737,-4.231922831406603,119.0,55.84723005082115,-4.330151260440624,176,13.562,1071
55.78401675442737,-4.231922831406603,119.0,55.88775631668876,-4.123428423568879,177,25.284,1553
55.78401675442737,-4.231922831406603,119.0,55.82857385936083,-4.129579652409029,178,14.2,931
55.78401675442737,-4.231922831406603,119.0,55.879865395443076,-4.36272007519476,179,19.199,1382
55.78401675442737,-4.231922831406603,119.0,55.87973669437185,-4.215636550296907,180,13.323,1353
55.78401675442737,-4.231922831406603,119.0,55.8162521393249,-4.1868605517933455,181,6.502,530
55.78401675442737,-4.231922831406603,119.0,55.80755514535402,-4.201625161718038,182,5.748,461
55.78401675442737,-4.231922831406603,119.0,55.85565398843102,-4.250533808562208,183,9.094,900
55.78401675442737,-4.231922831406603,119.0,55.929636326069506,-4.381100658166308,184,35.549,1825
55.78401675442737,-4.231922831406603,119.0,55.879581066995904,-4.21986165885879,185,12.964,1334
55.78401675442737,-4.231922831406603,119.0,55.92647877645629,-4.127886630011083,186,26.527,1688
55.78401675442737,-4.231922831406603,119.0,55.82282427264178,-4.371094162561755,187,22.245,1170
55.78401675442737,-4.231922831406603,119.0,55.90291353127043,-4.3414180899754955,188,20.706,1585
55.78401675442737,-4.231922831406603,119.0,55.78437024600116,-4.156926419796477,189,8.221,577
55.78401675442737,-4.231922831406603,119.0,55.8321542449311,-4.1561720476648265,190,9.343,763
55.78401675442737,-4.231922831406603,119.0,55.88310705812362,-4.084862107847263,191,18.79,1082
55.78401675442737,-4.231922831406603,119.0,55.85616333886266,-4.110333739241922,192,14.349,1204
55.78401675442737,-4.231922831406603,119.0,55.90185178498145,-4.152652007721208,193,31.894,2039
55.78401675442737,-4.231922831406603,119.0,55.8837118458465,-4.182392741162416,194,17.773,2336
55.78401675442737,-4.231922831406603,119.0,55.83086049774818,-4.312434105301623,195,9.972,985
55.78401675442737,-4.231922831406603,119.0,55.821849459706755,-4.176208567338996,196,7.74,651
55.78401675442737,-4.231922831406603,119.0,55.88009750494633,-4.255964552703097,197,13.357,1340
55.78401675442737,-4.231922831406603,119.0,55.87413911675089,-4.369807111055967,198,17.203,1131
55.78401675442737,-4.231922831406603,119.0,55.86354071984154,-4.093406384811447,199,18.893,1204
55.855742450429496,-4.383304725640783,120.0,55.8391698042901,-4.214478482526657,0,18.189,849
55.855742450429496,-4.383304725640783,120.0,55.86553667472969,-4.350500876963486,1,6.06,315
55.855742450429496,-4.383304725640783,120.0,55.912892829643965,-4.286410947894997,2,19.044,2048
55.855742450429496,-4.383304725640783,120.0,55.84854019346565,-4.391697428307927,3,2.004,291
55.855742450429496,-4.383304725640783,120.0,55.79232875093524,-4.310455024670266,4,10.918,916
55.855742450429496,-4.383304725640783,120.0,55.837143362020576,-4.120043492886959,5,21.888,861
55.855742450429496,-4.383304725640783,120.0,55.84185129809378,-4.283879851305767,6,11.619,672
55.855742450429496,-4.383304725640783,120.0,55.90609664927746,-4.311383718964596,7,14.356,913
55.855742450429496,-4.383304725640783,120.0,55.7832172019226,-4.31249791159531,8,12.506,974
55.855742450429496,-4.383304725640783,120.0,55.8177258987159,-4.260489243356555,9,16.86,911
55.855742450429496,-4.383304725640783,120.0,55.903262790870684,-4.212111703691823,10,20.709,1132
55.855742450429496,-4.383304725640783,120.0,55.893978813107424,-4.1413270988368325,11,22.449,1139
55.855742450429496,-4.383304725640783,120.0,55.894884622950286,-4.154349650804189,12,24.834,1038
55.855742450429496,-4.383304725640783,120.0,55.80680963785043,-4.263605759417426,13,12.773,1121
55.855742450429496,-4.383304725640783,120.0,55.81824312166051,-4.346878846315483,14,7.539,673
55.855742450429496,-4.383304725640783,120.0,55.84742656229786,-4.269221405976544,15,13.688,837
55.855742450429496,-4.383304725640783,120.0,55.80730424868546,-4.315177272898423,16,10.275,848
55.855742450429496,-4.383304725640783,120.0,55.83798278877758,-4.260604018644594,17,15.381,813
55.855742450429496,-4.383304725640783,120.0,55.89424631095569,-4.343398240721316,18,12.027,674
55.855742450429496,-4.383304725640783,120.0,55.83908093533876,-4.223069302141199,19,15.78,880
55.855742450429496,-4.383304725640783,120.0,55.8357731433788,-4.270556349194068,20,16.043,829
55.855742450429496,-4.383304725640783,120.0,55.90309627527835,-4.360750370095284,21,14.06,909
55.855742450429496,-4.383304725640783,120.0,55.85652103589449,-4.101365743428073,22,24.997,1082
55.855742450429496,-4.383304725640783,120.0,55.783736419963375,-4.235306054793451,23,20.92,1202
55.855742450429496,-4.383304725640783,120.0,55.92064824587275,-4.2358362157531895,24,21.834,1113
55.855742450429496,-4.383304725640783,120.0,55.907674892744176,-4.2497703459088045,25,20.586,2158
55.855742450429496,-4.383304725640783,120.0,55.919604340921964,-4.226208116301384,26,21.758,1124
55.855742450429496,-4.383304725640783,120.0,55.83219148710444,-4.304581930326681,27,10.853,934
55.855742450429496,-4.383304725640783,120.0,55.79569701419853,-4.1769099124482585,28,22.604,1134
55.855742450429496,-4.383304725640783,120.0,55.81260197667657,-4.197841211154324,29,20.015,1001
55.855742450429496,-4.383304725640783,120.0,55.826092940761974,-4.176919409292903,30,18.545,934
55.855742450429496,-4.383304725640783,120.0,55.828413149208096,-4.109650878166438,31,25.349,1124
55.855742450429496,-4.383304725640783,120.0,55.8999241737755,-4.257993823533507,32,17.792,1044
55.855742450429496,-4.383304725640783,120.0,55.892514250678616,-4.340118142906542,33,12.056,685
55.855742450429496,-4.383304725640783,120.0,55.855241629670886,-4.269936069312288,34,13.825,670
55.855742450429496,-4.383304725640783,120.0,55.877364911629314,-4.109701193625618,35,25.398,1183
55.855742450429496,-4.383304725640783,120.0,55.887053111734645,-4.1280531391159245,36,25.7,1149
55.855742450429496,-4.383304725640783,120.0,55.89108676863447,-4.105446803942431,37,27.433,1456
55.855742450429496,-4.383304725640783,120.0,55.842635153466425,-4.334387903339716,38,4.717,490
55.855742450429496,-4.383304725640783,120.0,55.89197542936556,-4.19614108945253,39,21.707,983
55.855742450429496,-4.383304725640783,120.0,55.825849135803445,-4.321179033230789,40,10.832,855
55.855742450429496,-4.383304725640783,120.0,55.81864602215581,-4.375055705699034,41,6.105,548
55.855742450429496,-4.383304725640783,120.0,55.92613065482397,-4.212698358862173,42,22.22,1177
55.855742450429496,-4.383304725640783,120.0,55.874439929608144,-4.279689658904073,43,14.432,711
55.855742450429496,-4.383304725640783,120.0,55.81998166828728,-4.245455535821837,44,16.34,816
55.855742450429496,-4.383304725640783,120.0,55.91066980601156,-4.213502644426629,45,21.172,1128
55.855742450429496,-4.383304725640783,120.0,55.8404807486866,-4.356656090229781,46,4.414,436
55.855742450429496,-4.383304725640783,120.0,55.88708229912325,-4.079055837843032,47,30.68,1205
55.855742450429496,-4.383304725640783,120.0,55.84510555179576,-4.178720975321847,48,20.21,949
55.855742450429496,-4.383304725640783,120.0,55.84413340760586,-4.085244529493477,49,27.377,1579
55.855742450429496,-4.383304725640783,120.0,55.83324217210475,-4.157183908594519,50,20.072,947
55.855742450429496,-4.383304725640783,120.0,55.895753278756494,-4.323131413571223,51,11.813,785
55.855742450429496,-4.383304725640783,120.0,55.88609925330935,-4.38354364327563,52,5.137,301
55.855742450429496,-4.383304725640783,120.0,55.86596770908397,-4.338853955125049,53,8.027,373
55.855742450429496,-4.383304725640783,120.0,55.819381988004544,-4.256567679373081,54,17.769,966
55.855742450429496,-4.383304725640783,120.0,55.919398785577634,-4.298102785445152,55,19.32,1728
55.855742450429496,-4.383304725640783,120.0,55.81052481551728,-4.0780884232687225,56,28.148,2271
55.855742450429496,-4.383304725640783,120.0,55.8411814367945,-4.125490362928665,57,23.43,1020
55.855742450429496,-4.383304725640783,120.0,55.844855881791794,-4.151320272286683,58,21.062,1000
55.855742450429496,-4.383304725640783,120.0,55.79334532620707,-4.3052187624925375,59,11.249,922
55.855742450429496,-4.383304725640783,120.0,55.78499644933002,-4.082518262203789,60,31.871,1271
55.855742450429496,-4.383304725640783,120.0,55.86482365717543,-4.074666870071637,61,27.263,1299
55.855742450429496,-4.383304725640783,120.0,55.910543969585106,-4.384534109666136,62,18.92,826
55.855742450429496,-4.383304725640783,120.0,55.799715679086134,-4.188568421733812,63,22.586,1292
55.855742450429496,-4.383304725640783,120.0,55.90005630083831,-4.294022887833187,64,14.247,990
55.855742450429496,-4.383304725640783,120.0,55.82573931186619,-4.210157383495828,65,18.072,816
55.855742450429496,-4.383304725640783,120.0,55.88010014610652,-4.288014027401103,66,16.521,987
55.855742450429496,-4.383304725640783,120.0,55.8836463272421,-4.377148406451105,67,5.571,380
55.855742450429496,-4.383304725640783,120.0,55.80511293548626,-4.195982430231648,68,20.995,1076
55.855742450429496,-4.383304725640783,120.0,55.9265186267864,-4.256321117900257,69,21.157,1152
55.855742450429496,-4.383304725640783,120.0,55.90353118048908,-4.119171950823842,70,26.596,1391
55.855742450429496,-4.383304725640783,120.0,55.81502357146685,-4.260984914919316,71,17.217,945
55.855742450429496,-4.383304725640783,120.0,55.894355058439295,-4.293143876300353,72,17.09,966
55.855742450429496,-4.383304725640783,120.0,55.80246488546192,-4.242274834364847,73,18.481,1042
55.855742450429496,-4.383304725640783,120.0,55.887581813102464,-4.2985753032369685,74,13.333,941
55.855742450429496,-4.383304725640783,120.0,55.928290955083554,-4.295962301582311,75,16.173,993
55.855742450429496,-4.383304725640783,120.0,55.81096058143004,-4.368797105646974,76,7.713,735
55.855742450429496,-4.383304725640783,120.0,55.84818750128869,-4.3631808239548375,77,2.385,270
55.855742450429496,-4.383304725640783,120.0,55.81610352786554,-4.330910795148831,78,8.034,675
55.855742450429496,-4.383304725640783,120.0,55.807034270653475,-4.136077366584948,79,21.779,1185
55.855742450429496,-4.383304725640783,120.0,55.86778114631985,-4.233612892312959,80,16.283,794
55.855742450429496,-4.383304725640783,120.0,55.79578956690847,-4.368290459919509,81,9.648,1859
55.855742450429496,-4.383304725640783,120.0,55.897877306124535,-4.077031107370425,82,29.224,1922
55.855742450429496,-4.383304725640783,120.0,55.80721289582252,-4.242612882195534,83,17.704,993
55.855742450429496,-4.383304725640783,120.0,55.92209393969709,-4.157940141970138,84,26.367,1189
55.855742450429496,-4.383304725640783,120.0,55.79188265083702,-4.28147512844989,85,12.111,977
55.855742450429496,-4.383304725640783,120.0,55.88043814367632,-4.104360473798184,86,25.21,1143
55.855742450429496,-4.383304725640783,120.0,55.90345994988174,-4.293652184560058,87,14.657,1034
55.855742450429496,-4.383304725640783,120.0,55.91230525016259,-4.108196424937476,88,27.864,1336
55.855742450429496,-4.383304725640783,120.0,55.90569137930351,-4.3852429216612405,89,19.163,864
55.855742450429496,-4.383304725640783,120.0,55.824402119970216,-4.298242138123909,90,15.596,778
55.855742450429496,-4.383304725640783,120.0,55.887104625653905,-4.201059285828647,91,19.419,1132
55.855742450429496,-4.383304725640783,120.0,55.92006797200308,-4.195257422106852,92,23.066,1155
55.855742450429496,-4.383304725640783,120.0,55.7944551107823,-4.1683749063061635,93,22.734,1568
55.855742450429496,-4.383304725640783,120.0,55.88003873447475,-4.304350182381346,94,11.486,782
55.855742450429496,-4.383304725640783,120.0,55.88308048053683,-4.2942103285768285,95,15.861,842
55.855742450429496,-4.383304725640783,120.0,55.80779271908626,-4.3234306371549245,96,9.305,807
55.855742450429496,-4.383304725640783,120.0,55.90123467399992,-4.380968632189907,97,20.361,1077
55.855742450429496,-4.383304725640783,120.0,55.88049231589054,-4.293733205570284,98,15.763,832
55.855742450429496,-4.383304725640783,120.0,55.84697147961761,-4.334108806216461,99,4.307,424
55.855742450429496,-4.383304725640783,120.0,55.83067141211495,-4.195633651932574,100,17.355,813
55.855742450429496,-4.383304725640783,120.0,55.89350845984679,-4.099445363541155,101,27.248,1287
55.855742450429496,-4.383304725640783,120.0,55.92592408664018,-4.179171340754611,102,27.708,1272
55.855742450429496,-4.383304725640783,120.0,55.84941827409408,-4.169566750359822,103,20.915,1015
55.855742450429496,-4.383304725640783,120.0,55.92413375575165,-4.226670311636797,104,23.435,1919
55.855742450429496,-4.383304725640783,120.0,55.88995713457192,-4.285031242761631,105,16.03,869
55.855742450429496,-4.383304725640783,120.0,55.90528066541109,-4.131569818675147,106,24.046,1036
55.855742450429496,-4.383304725640783,120.0,55.87850608392288,-4.103517886631066,107,25.541,1176
55.855742450429496,-4.383304725640783,120.0,55.80799405798939,-4.284953473560454,108,11.603,999
55.855742450429496,-4.383304725640783,120.0,55.906815669822045,-4.385279074380807,109,18.944,818
55.855742450429496,-4.383304725640783,120.0,55.916237634416454,-4.222407816066865,110,21.673,1112
55.855742450429496,-4.383304725640783,120.0,55.915798955837815,-4.088621086891774,111,30.948,1367
55.855742450429496,-4.383304725640783,120.0,55.827538479175395,-4.350653065976025,112,4.957,514
55.855742450429496,-4.383304725640783,120.0,55.799515288981674,-4.0866627646338864,113,32.241,1384
55.855742450429496,-4.383304725640783,120.0,55.831024245961984,-4.244756518165482,114,14.821,717
55.855742450429496,-4.383304725640783,120.0,55.86754360554833,-4.2143078261423845,115,17.623,910
55.855742450429496,-4.383304725640783,120.0,55.8574985965699,-4.1521224561179935,116,22.218,1126
55.855742450429496,-4.383304725640783,120.0,55.88095643501817,-4.32811659177277,117,9.869,501
55.855742450429496,-4.383304725640783,120.0,55.85240433608213,-4.177570445500026,118,21.079,1066
55.855742450429496,-4.383304725640783,120.0,55.91169549549074,-4.359708873069638,119,21.472,1044
55.855742450429496,-4.383304725640783,120.0,55.92640787519779,-4.300990956079843,120,15.981,1014
55.855742450429496,-4.383304725640783,120.0,55.84019197366069,-4.205566157974415,121,18.675,964
55.855742450429496,-4.383304725640783,120.0,55.866619942939494,-4.268153778778456,122,14.585,834
55.855742450429496,-4.383304725640783,120.0,55.81327411986783,-4.2587495402872255,123,17.196,955
55.855742450429496,-4.383304725640783,120.0,55.86022660117776,-4.154711133590585,124,22.124,1053
55.855742450429496,-4.383304725640783,120.0,55.831522729053496,-4.370420634377527,125,4.419,442
55.855742450429496,-4.383304725640783,120.0,55.84074346341779,-4.172411658039648,126,19.283,869
55.855742450429496,-4.383304725640783,120.0,55.8801412435821,-4.258666277618953,127,15.629,860
55.855742450429496,-4.383304725640783,120.0,55.8434159429892,-4.1056733307349536,128,23.686,1048
55.855742450429496,-4.383304725640783,120.0,55.83522057783537,-4.25736952395694,129,15.355,814
55.855742450429496,-4.383304725640783,120.0,55.86467774065618,-4.2250953414252415,130,16.407,746
55.855742450429496,-4.383304725640783,120.0,55.8953662249987,-4.231143624453162,131,18.86,924
55.855742450429496,-4.383304725640783,120.0,55.81920459649808,-4.236238450921302,132,16.924,867
55.855742450429496,-4.383304725640783,120.0,55.900795402502105,-4.206009410292495,133,21.027,1119
55.855742450429496,-4.383304725640783,120.0,55.86078490474355,-4.339631469507248,134,6.972,424
55.855742450429496,-4.383304725640783,120.0,55.924999437053955,-4.191173279124663,135,23.317,1164
55.855742450429496,-4.383304725640783,120.0,55.81549096669224,-4.126910343137958,136,22.77,1232
55.855742450429496,-4.383304725640783,120.0,55.90135585493081,-4.207622057499793,137,21.026,1097
55.855742450429496,-4.383304725640783,120.0,55.845816555475636,-4.129576488296543,138,22.435,1090
55.855742450429496,-4.383304725640783,120.0,55.80470047644827,-4.291960781118721,139,11.436,976
55.855742450429496,-4.383304725640783,120.0,55.89185394491289,-4.179857587296262,140,20.611,907
55.855742450429496,-4.383304725640783,120.0,55.91859399996558,-4.3401659608951215,141,14.911,950
55.855742450429496,-4.383304725640783,120.0,55.90671476836246,-4.3642865107142725,142,21.105,1003
55.855742450429496,-4.383304725640783,120.0,55.81273399651921,-4.167613047894911,143,19.828,995
55.855742450429496,-4.383304725640783,120.0,55.80939871413575,-4.276056954355674,144,11.317,946
55.855742450429496,-4.383304725640783,120.0,55.88312869327199,-4.214542892826467,145,18.431,951
55.855742450429496,-4.383304725640783,120.0,55.815340374954424,-4.283514492524949,146,10.311,832
55.855742450429496,-4.383304725640783,120.0,55.87864379034378,-4.080636908866371,147,31.66,1239
55.855742450429496,-4.383304725640783,120.0,55.89423440492952,-4.2418874418647645,148,19.423,1008
55.855742450429496,-4.383304725640783,120.0,55.92796852989922,-4.305970400193036,149,16.109,1037
55.855742450429496,-4.383304725640783,120.0,55.92895153496988,-4.082888064137351,150,31.318,1317
55.855742450429496,-4.383304725640783,120.0,55.790766759429424,-4.135285962371055,151,25.159,1210
55.855742450429496,-4.383304725640783,120.0,55.80808041573422,-4.184105792933229,152,20.789,1007
55.855742450429496,-4.383304725640783,120.0,55.7982747224006,-4.3931924101572655,153,8.41,696
55.855742450429496,-4.383304725640783,120.0,55.81178474630603,-4.337962602706185,154,8.404,681
55.855742450429496,-4.383304725640783,120.0,55.852972007756,-4.353957895039277,155,2.466,357
55.855742450429496,-4.383304725640783,120.0,55.797152036890715,-4.311451416173846,156,10.145,850
55.855742450429496,-4.383304725640783,120.0,55.84839482833289,-4.1889265673730645,157,20.861,984
55.855742450429496,-4.383304725640783,120.0,55.86383954752864,-4.387927326091926,158,3.063,138
55.855742450429496,-4.383304725640783,120.0,55.807182357875575,-4.140487806234959,159,21.456,1160
55.855742450429496,-4.383304725640783,120.0,55.8296607577131,-4.218765551358871,160,16.241,874
55.855742450429496,-4.383304725640783,120.0,55.82699494590622,-4.295404959002084,161,15.632,755
55.855742450429496,-4.383304725640783,120.0,55.861248665443505,-4.307186036515638,162,9.88,507
55.855742450429496,-4.383304725640783,120.0,55.897857165570365,-4.156645648865112,163,22.087,944
55.855742450429496,-4.383304725640783,120.0,55.877747555317356,-4.342792329217214,164,10.459,597
55.855742450429496,-4.383304725640783,120.0,55.92259641850896,-4.389236283866068,165,17.821,825
55.855742450429496,-4.383304725640783,120.0,55.92621339590465,-4.2820478996479165,166,17.34,1038
55.855742450429496,-4.383304725640783,120.0,55.80660612206145,-4.094012410496262,167,27.733,1336
55.855742450429496,-4.383304725640783,120.0,55.84605439624201,-4.09192094471571,168,26.424,1059
55.855742450429496,-4.383304725640783,120.0,55.83961965364386,-4.1201104741133365,169,23.037,947
55.855742450429496,-4.383304725640783,120.0,55.85030951683019,-4.217608837338132,170,16.329,915
55.855742450429496,-4.383304725640783,120.0,55.85971342373431,-4.246748195156407,171,16.776,845
55.855742450429496,-4.383304725640783,120.0,55.815747728441636,-4.150792968910081,172,20.326,1057
55.855742450429496,-4.383304725640783,120.0,55.80041195127493,-4.3806303679601495,173,7.986,677
55.855742450429496,-4.383304725640783,120.0,55.85487415463933,-4.092829020720908,174,26.234,1060
55.855742450429496,-4.383304725640783,120.0,55.80456076444065,-4.203157873727267,175,21.014,1078
55.855742450429496,-4.383304725640783,120.0,55.84723005082115,-4.330151260440624,176,4.497,404
55.855742450429496,-4.383304725640783,120.0,55.88775631668876,-4.123428423568879,177,25.835,1155
55.855742450429496,-4.383304725640783,120.0,55.82857385936083,-4.129579652409029,178,22.848,1244
55.855742450429496,-4.383304725640783,120.0,55.879865395443076,-4.36272007519476,179,11.351,640
55.855742450429496,-4.383304725640783,120.0,55.87973669437185,-4.215636550296907,180,17.718,962
55.855742450429496,-4.383304725640783,120.0,55.8162521393249,-4.1868605517933455,181,19.208,967
55.855742450429496,-4.383304725640783,120.0,55.80755514535402,-4.201625161718038,182,20.767,1044
55.855742450429496,-4.383304725640783,120.0,55.85565398843102,-4.250533808562208,183,13.288,765
55.855742450429496,-4.383304725640783,120.0,55.929636326069506,-4.381100658166308,184,18.807,846
55.855742450429496,-4.383304725640783,120.0,55.879581066995904,-4.21986165885879,185,17.359,943
55.855742450429496,-4.383304725640783,120.0,55.92647877645629,-4.127886630011083,186,27.449,1275
55.855742450429496,-4.383304725640783,120.0,55.82282427264178,-4.371094162561755,187,5.407,529
55.855742450429496,-4.383304725640783,120.0,55.90291353127043,-4.3414180899754955,188,12.858,842
55.855742450429496,-4.383304725640783,120.0,55.78437024600116,-4.156926419796477,189,24.503,1224
55.855742450429496,-4.383304725640783,120.0,55.8321542449311,-4.1561720476648265,190,20.112,960
55.855742450429496,-4.383304725640783,120.0,55.88310705812362,-4.084862107847263,191,28.821,1121
55.855742450429496,-4.383304725640783,120.0,55.85616333886266,-4.110333739241922,192,25.035,1104
55.855742450429496,-4.383304725640783,120.0,55.90185178498145,-4.152652007721208,193,25.996,1568
55.855742450429496,-4.383304725640783,120.0,55.8837118458465,-4.182392741162416,194,22.275,1916
55.855742450429496,-4.383304725640783,120.0,55.83086049774818,-4.312434105301623,195,10.437,836
55.855742450429496,-4.383304725640783,120.0,55.821849459706755,-4.176208567338996,196,18.956,931
55.855742450429496,-4.383304725640783,120.0,55.88009750494633,-4.255964552703097,197,15.315,839
55.855742450429496,-4.383304725640783,120.0,55.87413911675089,-4.369807111055967,198,5.204,280
55.855742450429496,-4.383304725640783,120.0,55.86354071984154,-4.093406384811447,199,25.651,1158
55.87813898981884,-4.109286941610058,121.0,55.8391698042901,-4.214478482526657,0,18.515,955
55.87813898981884,-4.109286941610058,121.0,55.86553667472969,-4.350500876963486,1,22.824,1154
55.87813898981884,-4.109286941610058,121.0,55.912892829643965,-4.286410947894997,2,21.714,2189
55.87813898981884,-4.109286941610058,121.0,55.84854019346565,-4.391697428307927,3,22.255,1375
55.87813898981884,-4.109286941610058,121.0,55.79232875093524,-4.310455024670266,4,24.746,1354
55.87813898981884,-4.109286941610058,121.0,55.837143362020576,-4.120043492886959,5,16.745,774
55.87813898981884,-4.109286941610058,121.0,55.84185129809378,-4.283879851305767,6,19.426,1104
55.87813898981884,-4.109286941610058,121.0,55.90609664927746,-4.311383718964596,7,17.894,1222
55.87813898981884,-4.109286941610058,121.0,55.7832172019226,-4.31249791159531,8,26.334,1412
55.87813898981884,-4.109286941610058,121.0,55.8177258987159,-4.260489243356555,9,22.672,1171
55.87813898981884,-4.109286941610058,121.0,55.903262790870684,-4.212111703691823,10,15.279,1040
55.87813898981884,-4.109286941610058,121.0,55.893978813107424,-4.1413270988368325,11,7.902,626
55.87813898981884,-4.109286941610058,121.0,55.894884622950286,-4.154349650804189,12,8.833,579
55.87813898981884,-4.109286941610058,121.0,55.80680963785043,-4.263605759417426,13,25.11,1438
55.87813898981884,-4.109286941610058,121.0,55.81824312166051,-4.346878846315483,14,21.909,1268
55.87813898981884,-4.109286941610058,121.0,55.84742656229786,-4.269221405976544,15,15.902,991
55.87813898981884,-4.109286941610058,121.0,55.80730424868546,-4.315177272898423,16,21.615,1253
55.87813898981884,-4.109286941610058,121.0,55.83798278877758,-4.260604018644594,17,21.193,1072
55.87813898981884,-4.109286941610058,121.0,55.89424631095569,-4.343398240721316,18,17.755,1202
55.87813898981884,-4.109286941610058,121.0,55.83908093533876,-4.223069302141199,19,11.897,1011
55.87813898981884,-4.109286941610058,121.0,55.8357731433788,-4.270556349194068,20,16.706,1003
55.87813898981884,-4.109286941610058,121.0,55.90309627527835,-4.360750370095284,21,19.788,1437
55.87813898981884,-4.109286941610058,121.0,55.85652103589449,-4.101365743428073,22,6.346,432
55.87813898981884,-4.109286941610058,121.0,55.783736419963375,-4.235306054793451,23,23.583,1348
55.87813898981884,-4.109286941610058,121.0,55.92064824587275,-4.2358362157531895,24,16.837,1047
55.87813898981884,-4.109286941610058,121.0,55.907674892744176,-4.2497703459088045,25,15.56,2148
55.87813898981884,-4.109286941610058,121.0,55.919604340921964,-4.226208116301384,26,15.571,982
55.87813898981884,-4.109286941610058,121.0,55.83219148710444,-4.304581930326681,27,20.787,1295
55.87813898981884,-4.109286941610058,121.0,55.79569701419853,-4.1769099124482585,28,19.758,1104
55.87813898981884,-4.109286941610058,121.0,55.81260197667657,-4.197841211154324,29,20.38,1090
55.87813898981884,-4.109286941610058,121.0,55.826092940761974,-4.176919409292903,30,16.663,917
55.87813898981884,-4.109286941610058,121.0,55.828413149208096,-4.109650878166438,31,11.616,767
55.87813898981884,-4.109286941610058,121.0,55.8999241737755,-4.257993823533507,32,15.659,1093
55.87813898981884,-4.109286941610058,121.0,55.892514250678616,-4.340118142906542,33,17.784,1214
55.87813898981884,-4.109286941610058,121.0,55.855241629670886,-4.269936069312288,34,13.746,732
55.87813898981884,-4.109286941610058,121.0,55.877364911629314,-4.109701193625618,35,0.207,21
55.87813898981884,-4.109286941610058,121.0,55.887053111734645,-4.1280531391159245,36,7.752,593
55.87813898981884,-4.109286941610058,121.0,55.89108676863447,-4.105446803942431,37,5.622,620
55.87813898981884,-4.109286941610058,121.0,55.842635153466425,-4.334387903339716,38,18.692,1082
55.87813898981884,-4.109286941610058,121.0,55.89197542936556,-4.19614108945253,39,10.231,727
55.87813898981884,-4.109286941610058,121.0,55.825849135803445,-4.321179033230789,40,18.965,1195
55.87813898981884,-4.109286941610058,121.0,55.81864602215581,-4.375055705699034,41,22.938,1277
55.87813898981884,-4.109286941610058,121.0,55.92613065482397,-4.212698358862173,42,14.945,977
55.87813898981884,-4.109286941610058,121.0,55.874439929608144,-4.279689658904073,43,13.587,854
55.87813898981884,-4.109286941610058,121.0,55.81998166828728,-4.245455535821837,44,22.152,1076
55.87813898981884,-4.109286941610058,121.0,55.91066980601156,-4.213502644426629,45,15.927,1031
55.87813898981884,-4.109286941610058,121.0,55.8404807486866,-4.356656090229781,46,22.344,1349
55.87813898981884,-4.109286941610058,121.0,55.88708229912325,-4.079055837843032,47,3.951,275
55.87813898981884,-4.109286941610058,121.0,55.84510555179576,-4.178720975321847,48,9.314,801
55.87813898981884,-4.109286941610058,121.0,55.84413340760586,-4.085244529493477,49,8.712,902
55.87813898981884,-4.109286941610058,121.0,55.83324217210475,-4.157183908594519,50,14.76,764
55.87813898981884,-4.109286941610058,121.0,55.895753278756494,-4.323131413571223,51,17.526,1276
55.87813898981884,-4.109286941610058,121.0,55.88609925330935,-4.38354364327563,52,23.857,1222
55.87813898981884,-4.109286941610058,121.0,55.86596770908397,-4.338853955125049,53,20.64,1103
55.87813898981884,-4.109286941610058,121.0,55.819381988004544,-4.256567679373081,54,23.581,1226
55.87813898981884,-4.109286941610058,121.0,55.919398785577634,-4.298102785445152,55,21.99,1869
55.87813898981884,-4.109286941610058,121.0,55.81052481551728,-4.0780884232687225,56,13.362,1853
55.87813898981884,-4.109286941610058,121.0,55.8411814367945,-4.125490362928665,57,8.415,670
55.87813898981884,-4.109286941610058,121.0,55.844855881791794,-4.151320272286683,58,8.716,735
55.87813898981884,-4.109286941610058,121.0,55.79334532620707,-4.3052187624925375,59,25.077,1360
55.87813898981884,-4.109286941610058,121.0,55.78499644933002,-4.082518262203789,60,18.904,886
55.87813898981884,-4.109286941610058,121.0,55.86482365717543,-4.074666870071637,61,5.13,465
55.87813898981884,-4.109286941610058,121.0,55.910543969585106,-4.384534109666136,62,21.615,1502
55.87813898981884,-4.109286941610058,121.0,55.799715679086134,-4.188568421733812,63,20.086,1294
55.87813898981884,-4.109286941610058,121.0,55.90005630083831,-4.294022887833187,64,16.966,1176
55.87813898981884,-4.109286941610058,121.0,55.82573931186619,-4.210157383495828,65,18.437,905
55.87813898981884,-4.109286941610058,121.0,55.88010014610652,-4.288014027401103,66,15.687,1144
55.87813898981884,-4.109286941610058,121.0,55.8836463272421,-4.377148406451105,67,23.627,1300
55.87813898981884,-4.109286941610058,121.0,55.80511293548626,-4.195982430231648,68,21.36,1164
55.87813898981884,-4.109286941610058,121.0,55.9265186267864,-4.256321117900257,69,19.063,1176
55.87813898981884,-4.109286941610058,121.0,55.90353118048908,-4.119171950823842,70,6.224,679
55.87813898981884,-4.109286941610058,121.0,55.81502357146685,-4.260984914919316,71,23.029,1205
55.87813898981884,-4.109286941610058,121.0,55.894355058439295,-4.293143876300353,72,16.256,1123
55.87813898981884,-4.109286941610058,121.0,55.80246488546192,-4.242274834364847,73,24.293,1301
55.87813898981884,-4.109286941610058,121.0,55.887581813102464,-4.2985753032369685,74,15.868,1119
55.87813898981884,-4.109286941610058,121.0,55.928290955083554,-4.295962301582311,75,20.69,1210
55.87813898981884,-4.109286941610058,121.0,55.81096058143004,-4.368797105646974,76,24.595,1359
55.87813898981884,-4.109286941610058,121.0,55.84818750128869,-4.3631808239548375,77,23.33,1201
55.87813898981884,-4.109286941610058,121.0,55.81610352786554,-4.330910795148831,78,20.934,1108
55.87813898981884,-4.109286941610058,121.0,55.807034270653475,-4.136077366584948,79,18.784,1052
55.87813898981884,-4.109286941610058,121.0,55.86778114631985,-4.233612892312959,80,10.717,718
55.87813898981884,-4.109286941610058,121.0,55.79578956690847,-4.368290459919509,81,29.679,2553
55.87813898981884,-4.109286941610058,121.0,55.897877306124535,-4.077031107370425,82,5.611,956
55.87813898981884,-4.109286941610058,121.0,55.80721289582252,-4.242612882195534,83,23.516,1253
55.87813898981884,-4.109286941610058,121.0,55.92209393969709,-4.157940141970138,84,10.187,696
55.87813898981884,-4.109286941610058,121.0,55.79188265083702,-4.28147512844989,85,25.939,1415
55.87813898981884,-4.109286941610058,121.0,55.88043814367632,-4.104360473798184,86,0.919,97
55.87813898981884,-4.109286941610058,121.0,55.90345994988174,-4.293652184560058,87,18.683,1249
55.87813898981884,-4.109286941610058,121.0,55.91230525016259,-4.108196424937476,88,7.018,587
55.87813898981884,-4.109286941610058,121.0,55.90569137930351,-4.3852429216612405,89,21.65,1525
55.87813898981884,-4.109286941610058,121.0,55.824402119970216,-4.298242138123909,90,19.401,1116
55.87813898981884,-4.109286941610058,121.0,55.887104625653905,-4.201059285828647,91,10.005,801
55.87813898981884,-4.109286941610058,121.0,55.92006797200308,-4.195257422106852,92,12.95,794
55.87813898981884,-4.109286941610058,121.0,55.7944551107823,-4.1683749063061635,93,19.888,1538
55.87813898981884,-4.109286941610058,121.0,55.88003873447475,-4.304350182381346,94,15.201,1027
55.87813898981884,-4.109286941610058,121.0,55.88308048053683,-4.2942103285768285,95,14.801,1002
55.87813898981884,-4.109286941610058,121.0,55.80779271908626,-4.3234306371549245,96,22.205,1240
55.87813898981884,-4.109286941610058,121.0,55.90123467399992,-4.380968632189907,97,24.803,1701
55.87813898981884,-4.109286941610058,121.0,55.88049231589054,-4.293733205570284,98,14.703,992
55.87813898981884,-4.109286941610058,121.0,55.84697147961761,-4.334108806216461,99,18.806,1115
55.87813898981884,-4.109286941610058,121.0,55.83067141211495,-4.195633651932574,100,17.681,919
55.87813898981884,-4.109286941610058,121.0,55.89350845984679,-4.099445363541155,101,4.689,388
55.87813898981884,-4.109286941610058,121.0,55.92592408664018,-4.179171340754611,102,12.221,833
55.87813898981884,-4.109286941610058,121.0,55.84941827409408,-4.169566750359822,103,7.885,681
55.87813898981884,-4.109286941610058,121.0,55.92413375575165,-4.226670311636797,104,16.16,1719
55.87813898981884,-4.109286941610058,121.0,55.88995713457192,-4.285031242761631,105,15.196,1026
55.87813898981884,-4.109286941610058,121.0,55.90528066541109,-4.131569818675147,106,8.559,597
55.87813898981884,-4.109286941610058,121.0,55.87850608392288,-4.103517886631066,107,1.25,131
55.87813898981884,-4.109286941610058,121.0,55.80799405798939,-4.284953473560454,108,20.704,1370
55.87813898981884,-4.109286941610058,121.0,55.906815669822045,-4.385279074380807,109,20.961,1440
55.87813898981884,-4.109286941610058,121.0,55.916237634416454,-4.222407816066865,110,15.486,970
55.87813898981884,-4.109286941610058,121.0,55.915798955837815,-4.088621086891774,111,8.556,541
55.87813898981884,-4.109286941610058,121.0,55.827538479175395,-4.350653065976025,112,21.278,1199
55.87813898981884,-4.109286941610058,121.0,55.799515288981674,-4.0866627646338864,113,19.274,999
55.87813898981884,-4.109286941610058,121.0,55.831024245961984,-4.244756518165482,114,20.633,977
55.87813898981884,-4.109286941610058,121.0,55.86754360554833,-4.2143078261423845,115,9.39,704
55.87813898981884,-4.109286941610058,121.0,55.8574985965699,-4.1521224561179935,116,6.497,520
55.87813898981884,-4.109286941610058,121.0,55.88095643501817,-4.32811659177277,117,18.42,1084
55.87813898981884,-4.109286941610058,121.0,55.85240433608213,-4.177570445500026,118,8.163,695
55.87813898981884,-4.109286941610058,121.0,55.91169549549074,-4.359708873069638,119,21.352,1505
55.87813898981884,-4.109286941610058,121.0,55.92640787519779,-4.300990956079843,120,21.138,1259
55.87813898981884,-4.109286941610058,121.0,55.84019197366069,-4.205566157974415,121,19.001,1070
55.87813898981884,-4.109286941610058,121.0,55.866619942939494,-4.268153778778456,122,12.664,835
55.87813898981884,-4.109286941610058,121.0,55.81327411986783,-4.2587495402872255,123,23.008,1215
55.87813898981884,-4.109286941610058,121.0,55.86022660117776,-4.154711133590585,124,5.714,447
55.87813898981884,-4.109286941610058,121.0,55.831522729053496,-4.370420634377527,125,23.332,1369
55.87813898981884,-4.109286941610058,121.0,55.84074346341779,-4.172411658039648,126,9.036,761
55.87813898981884,-4.109286941610058,121.0,55.8801412435821,-4.258666277618953,127,12.94,849
55.87813898981884,-4.109286941610058,121.0,55.8434159429892,-4.1056733307349536,128,12.552,736
55.87813898981884,-4.109286941610058,121.0,55.83522057783537,-4.25736952395694,129,21.167,1074
55.87813898981884,-4.109286941610058,121.0,55.86467774065618,-4.2250953414252415,130,10.61,622
55.87813898981884,-4.109286941610058,121.0,55.8953662249987,-4.231143624453162,131,13.834,914
55.87813898981884,-4.109286941610058,121.0,55.81920459649808,-4.236238450921302,132,22.736,1126
55.87813898981884,-4.109286941610058,121.0,55.900795402502105,-4.206009410292495,133,11.632,894
55.87813898981884,-4.109286941610058,121.0,55.86078490474355,-4.339631469507248,134,21.175,1198
55.87813898981884,-4.109286941610058,121.0,55.924999437053955,-4.191173279124663,135,12.699,785
55.87813898981884,-4.109286941610058,121.0,55.81549096669224,-4.126910343137958,136,15.015,978
55.87813898981884,-4.109286941610058,121.0,55.90135585493081,-4.207622057499793,137,11.631,871
55.87813898981884,-4.109286941610058,121.0,55.845816555475636,-4.129576488296543,138,7.263,590
55.87813898981884,-4.109286941610058,121.0,55.80470047644827,-4.291960781118721,139,20.731,1348
55.87813898981884,-4.109286941610058,121.0,55.89185394491289,-4.179857587296262,140,10.828,697
55.87813898981884,-4.109286941610058,121.0,55.91859399996558,-4.3401659608951215,141,23.899,1470
55.87813898981884,-4.109286941610058,121.0,55.90671476836246,-4.3642865107142725,142,21.439,1477
55.87813898981884,-4.109286941610058,121.0,55.81273399651921,-4.167613047894911,143,17.217,905
55.87813898981884,-4.109286941610058,121.0,55.80939871413575,-4.276056954355674,144,24.184,1330
55.87813898981884,-4.109286941610058,121.0,55.88312869327199,-4.214542892826467,145,9.632,772
55.87813898981884,-4.109286941610058,121.0,55.815340374954424,-4.283514492524949,146,19.606,1219
55.87813898981884,-4.109286941610058,121.0,55.87864379034378,-4.080636908866371,147,4.931,310
55.87813898981884,-4.109286941610058,121.0,55.89423440492952,-4.2418874418647645,148,14.397,998
55.87813898981884,-4.109286941610058,121.0,55.92796852989922,-4.305970400193036,149,21.266,1282
55.87813898981884,-4.109286941610058,121.0,55.92895153496988,-4.082888064137351,150,9.514,549
55.87813898981884,-4.109286941610058,121.0,55.790766759429424,-4.135285962371055,151,17.914,1079
55.87813898981884,-4.109286941610058,121.0,55.80808041573422,-4.184105792933229,152,18.696,1022
55.87813898981884,-4.109286941610058,121.0,55.7982747224006,-4.3931924101572655,153,25.403,1453
55.87813898981884,-4.109286941610058,121.0,55.81178474630603,-4.337962602706185,154,22.001,1214
55.87813898981884,-4.109286941610058,121.0,55.852972007756,-4.353957895039277,155,20.374,1201
55.87813898981884,-4.109286941610058,121.0,55.797152036890715,-4.311451416173846,156,23.973,1288
55.87813898981884,-4.109286941610058,121.0,55.84839482833289,-4.1889265673730645,157,10.075,836
55.87813898981884,-4.109286941610058,121.0,55.86383954752864,-4.387927326091926,158,25.966,1228
55.87813898981884,-4.109286941610058,121.0,55.807182357875575,-4.140487806234959,159,18.461,1027
55.87813898981884,-4.109286941610058,121.0,55.8296607577131,-4.218765551358871,160,18.778,996
55.87813898981884,-4.109286941610058,121.0,55.82699494590622,-4.295404959002084,161,19.437,1092
55.87813898981884,-4.109286941610058,121.0,55.861248665443505,-4.307186036515638,162,19.077,1127
55.87813898981884,-4.109286941610058,121.0,55.897857165570365,-4.156645648865112,163,12.365,749
55.87813898981884,-4.109286941610058,121.0,55.877747555317356,-4.342792329217214,164,19.018,1190
55.87813898981884,-4.109286941610058,121.0,55.92259641850896,-4.389236283866068,165,27.898,1674
55.87813898981884,-4.109286941610058,121.0,55.92621339590465,-4.2820478996479165,166,20.01,1179
55.87813898981884,-4.109286941610058,121.0,55.80660612206145,-4.094012410496262,167,12.947,918
55.87813898981884,-4.109286941610058,121.0,55.84605439624201,-4.09192094471571,168,7.773,408
55.87813898981884,-4.109286941610058,121.0,55.83961965364386,-4.1201104741133365,169,11.903,634
55.87813898981884,-4.109286941610058,121.0,55.85030951683019,-4.217608837338132,170,10.645,880
55.87813898981884,-4.109286941610058,121.0,55.85971342373431,-4.246748195156407,171,11.323,768
55.87813898981884,-4.109286941610058,121.0,55.815747728441636,-4.150792968910081,172,17.331,924
55.87813898981884,-4.109286941610058,121.0,55.80041195127493,-4.3806303679601495,173,24.819,1406
55.87813898981884,-4.109286941610058,121.0,55.85487415463933,-4.092829020720908,174,6.596,367
55.87813898981884,-4.109286941610058,121.0,55.80456076444065,-4.203157873727267,175,21.379,1166
55.87813898981884,-4.109286941610058,121.0,55.84723005082115,-4.330151260440624,176,18.327,1059
55.87813898981884,-4.109286941610058,121.0,55.88775631668876,-4.123428423568879,177,7.887,599
55.87813898981884,-4.109286941610058,121.0,55.82857385936083,-4.129579652409029,178,14.622,957
55.87813898981884,-4.109286941610058,121.0,55.879865395443076,-4.36272007519476,179,19.926,1215
55.87813898981884,-4.109286941610058,121.0,55.87973669437185,-4.215636550296907,180,10.348,868
55.87813898981884,-4.109286941610058,121.0,55.8162521393249,-4.1868605517933455,181,17.804,1019
55.87813898981884,-4.109286941610058,121.0,55.80755514535402,-4.201625161718038,182,21.132,1133
55.87813898981884,-4.109286941610058,121.0,55.85565398843102,-4.250533808562208,183,12.137,923
55.87813898981884,-4.109286941610058,121.0,55.929636326069506,-4.381100658166308,184,26.96,1633
55.87813898981884,-4.109286941610058,121.0,55.879581066995904,-4.21986165885879,185,10.533,903
55.87813898981884,-4.109286941610058,121.0,55.92647877645629,-4.127886630011083,186,9.13,733
55.87813898981884,-4.109286941610058,121.0,55.82282427264178,-4.371094162561755,187,22.468,1292
55.87813898981884,-4.109286941610058,121.0,55.90291353127043,-4.3414180899754955,188,18.586,1371
55.87813898981884,-4.109286941610058,121.0,55.78437024600116,-4.156926419796477,189,24.503,1161
55.87813898981884,-4.109286941610058,121.0,55.8321542449311,-4.1561720476648265,190,14.8,778
55.87813898981884,-4.109286941610058,121.0,55.88310705812362,-4.084862107847263,191,10.85,529
55.87813898981884,-4.109286941610058,121.0,55.85616333886266,-4.110333739241922,192,6.384,453
55.87813898981884,-4.109286941610058,121.0,55.90185178498145,-4.152652007721208,193,10.509,1129
55.87813898981884,-4.109286941610058,121.0,55.8837118458465,-4.182392741162416,194,7.447,1455
55.87813898981884,-4.109286941610058,121.0,55.83086049774818,-4.312434105301623,195,20.371,1197
55.87813898981884,-4.109286941610058,121.0,55.821849459706755,-4.176208567338996,196,16.684,862
55.87813898981884,-4.109286941610058,121.0,55.88009750494633,-4.255964552703097,197,12.626,828
55.87813898981884,-4.109286941610058,121.0,55.87413911675089,-4.369807111055967,198,21.968,1119
55.87813898981884,-4.109286941610058,121.0,55.86354071984154,-4.093406384811447,199,5.81,330
55.84369724506502,-4.1777383989622585,122.0,55.8391698042901,-4.214478482526657,0,4.002,394
55.84369724506502,-4.1777383989622585,122.0,55.86553667472969,-4.350500876963486,1,17.505,873
55.84369724506502,-4.1777383989622585,122.0,55.912892829643965,-4.286410947894997,2,14.989,2093
55.84369724506502,-4.1777383989622585,122.0,55.84854019346565,-4.391697428307927,3,16.936,1095
55.84369724506502,-4.1777383989622585,122.0,55.79232875093524,-4.310455024670266,4,19.401,1072
55.84369724506502,-4.1777383989622585,122.0,55.837143362020576,-4.120043492886959,5,4.627,263
55.84369724506502,-4.1777383989622585,122.0,55.84185129809378,-4.283879851305767,6,9.375,747
55.84369724506502,-4.1777383989622585,122.0,55.90609664927746,-4.311383718964596,7,13.614,1223
55.84369724506502,-4.1777383989622585,122.0,55.7832172019226,-4.31249791159531,8,15.358,1114
55.84369724506502,-4.1777383989622585,122.0,55.8177258987159,-4.260489243356555,9,9.325,660
55.84369724506502,-4.1777383989622585,122.0,55.903262790870684,-4.212111703691823,10,11.462,1102
55.84369724506502,-4.1777383989622585,122.0,55.893978813107424,-4.1413270988368325,11,10.299,920
55.84369724506502,-4.1777383989622585,122.0,55.894884622950286,-4.154349650804189,12,22.934,923
55.84369724506502,-4.1777383989622585,122.0,55.80680963785043,-4.263605759417426,13,11.763,927
55.84369724506502,-4.1777383989622585,122.0,55.81824312166051,-4.346878846315483,14,16.564,986
55.84369724506502,-4.1777383989622585,122.0,55.84742656229786,-4.269221405976544,15,9.74,766
55.84369724506502,-4.1777383989622585,122.0,55.80730424868546,-4.315177272898423,16,16.27,971
55.84369724506502,-4.1777383989622585,122.0,55.83798278877758,-4.260604018644594,17,7.846,561
55.84369724506502,-4.1777383989622585,122.0,55.89424631095569,-4.343398240721316,18,19.321,1123
55.84369724506502,-4.1777383989622585,122.0,55.83908093533876,-4.223069302141199,19,4.178,445
55.84369724506502,-4.1777383989622585,122.0,55.8357731433788,-4.270556349194068,20,8.53,611
55.84369724506502,-4.1777383989622585,122.0,55.90309627527835,-4.360750370095284,21,21.354,1358
55.84369724506502,-4.1777383989622585,122.0,55.85652103589449,-4.101365743428073,22,6.483,555
55.84369724506502,-4.1777383989622585,122.0,55.783736419963375,-4.235306054793451,23,11.374,866
55.84369724506502,-4.1777383989622585,122.0,55.92064824587275,-4.2358362157531895,24,12.587,1082
55.84369724506502,-4.1777383989622585,122.0,55.907674892744176,-4.2497703459088045,25,11.339,2127
55.84369724506502,-4.1777383989622585,122.0,55.919604340921964,-4.226208116301384,26,12.511,1094
55.84369724506502,-4.1777383989622585,122.0,55.83219148710444,-4.304581930326681,27,15.442,1013
55.84369724506502,-4.1777383989622585,122.0,55.79569701419853,-4.1769099124482585,28,7.549,622
55.84369724506502,-4.1777383989622585,122.0,55.81260197667657,-4.197841211154324,29,7.033,579
55.84369724506502,-4.1777383989622585,122.0,55.826092940761974,-4.176919409292903,30,3.292,381
55.84369724506502,-4.1777383989622585,122.0,55.828413149208096,-4.109650878166438,31,8.088,526
55.84369724506502,-4.1777383989622585,122.0,55.8999241737755,-4.257993823533507,32,11.438,1072
55.84369724506502,-4.1777383989622585,122.0,55.892514250678616,-4.340118142906542,33,19.35,1134
55.84369724506502,-4.1777383989622585,122.0,55.855241629670886,-4.269936069312288,34,9.466,733
55.84369724506502,-4.1777383989622585,122.0,55.877364911629314,-4.109701193625618,35,15.801,798
55.84369724506502,-4.1777383989622585,122.0,55.887053111734645,-4.1280531391159245,36,21.448,1003
55.84369724506502,-4.1777383989622585,122.0,55.89108676863447,-4.105446803942431,37,15.789,1014
55.84369724506502,-4.1777383989622585,122.0,55.842635153466425,-4.334387903339716,38,13.373,801
55.84369724506502,-4.1777383989622585,122.0,55.89197542936556,-4.19614108945253,39,9.542,822
55.84369724506502,-4.1777383989622585,122.0,55.825849135803445,-4.321179033230789,40,13.62,913
55.84369724506502,-4.1777383989622585,122.0,55.81864602215581,-4.375055705699034,41,17.593,995
55.84369724506502,-4.1777383989622585,122.0,55.92613065482397,-4.212698358862173,42,12.973,1147
55.84369724506502,-4.1777383989622585,122.0,55.874439929608144,-4.279689658904073,43,9.307,855
55.84369724506502,-4.1777383989622585,122.0,55.81998166828728,-4.245455535821837,44,8.805,565
55.84369724506502,-4.1777383989622585,122.0,55.91066980601156,-4.213502644426629,45,11.925,1097
55.84369724506502,-4.1777383989622585,122.0,55.8404807486866,-4.356656090229781,46,17.025,1069
55.84369724506502,-4.1777383989622585,122.0,55.88708229912325,-4.079055837843032,47,13.419,606
55.84369724506502,-4.1777383989622585,122.0,55.84510555179576,-4.178720975321847,48,0.449,95
55.84369724506502,-4.1777383989622585,122.0,55.84413340760586,-4.085244529493477,49,10.116,981
55.84369724506502,-4.1777383989622585,122.0,55.83324217210475,-4.157183908594519,50,2.551,283
55.84369724506502,-4.1777383989622585,122.0,55.895753278756494,-4.323131413571223,51,19.107,1234
55.84369724506502,-4.1777383989622585,122.0,55.88609925330935,-4.38354364327563,52,18.538,942
55.84369724506502,-4.1777383989622585,122.0,55.86596770908397,-4.338853955125049,53,15.321,822
55.84369724506502,-4.1777383989622585,122.0,55.819381988004544,-4.256567679373081,54,10.234,715
55.84369724506502,-4.1777383989622585,122.0,55.919398785577634,-4.298102785445152,55,15.265,1772
55.84369724506502,-4.1777383989622585,122.0,55.81052481551728,-4.0780884232687225,56,10.887,1673
55.84369724506502,-4.1777383989622585,122.0,55.8411814367945,-4.125490362928665,57,3.603,349
55.84369724506502,-4.1777383989622585,122.0,55.844855881791794,-4.151320272286683,58,2.125,228
55.84369724506502,-4.1777383989622585,122.0,55.79334532620707,-4.3052187624925375,59,14.101,1062
55.84369724506502,-4.1777383989622585,122.0,55.78499644933002,-4.082518262203789,60,14.61,672
55.84369724506502,-4.1777383989622585,122.0,55.86482365717543,-4.074666870071637,61,11.112,780
55.84369724506502,-4.1777383989622585,122.0,55.910543969585106,-4.384534109666136,62,23.181,1423
55.84369724506502,-4.1777383989622585,122.0,55.799715679086134,-4.188568421733812,63,7.877,813
55.84369724506502,-4.1777383989622585,122.0,55.90005630083831,-4.294022887833187,64,12.686,1176
55.84369724506502,-4.1777383989622585,122.0,55.82573931186619,-4.210157383495828,65,5.09,394
55.84369724506502,-4.1777383989622585,122.0,55.88010014610652,-4.288014027401103,66,11.407,1145
55.84369724506502,-4.1777383989622585,122.0,55.8836463272421,-4.377148406451105,67,18.308,1019
55.84369724506502,-4.1777383989622585,122.0,55.80511293548626,-4.195982430231648,68,8.013,654
55.84369724506502,-4.1777383989622585,122.0,55.9265186267864,-4.256321117900257,69,14.803,1187
55.84369724506502,-4.1777383989622585,122.0,55.90353118048908,-4.119171950823842,70,16.391,1074
55.84369724506502,-4.1777383989622585,122.0,55.81502357146685,-4.260984914919316,71,9.682,694
55.84369724506502,-4.1777383989622585,122.0,55.894355058439295,-4.293143876300353,72,11.976,1124
55.84369724506502,-4.1777383989622585,122.0,55.80246488546192,-4.242274834364847,73,10.946,791
55.84369724506502,-4.1777383989622585,122.0,55.887581813102464,-4.2985753032369685,74,11.588,1120
55.84369724506502,-4.1777383989622585,122.0,55.928290955083554,-4.295962301582311,75,15.687,1187
55.84369724506502,-4.1777383989622585,122.0,55.81096058143004,-4.368797105646974,76,19.25,1077
55.84369724506502,-4.1777383989622585,122.0,55.84818750128869,-4.3631808239548375,77,18.011,921
55.84369724506502,-4.1777383989622585,122.0,55.81610352786554,-4.330910795148831,78,15.589,826
55.84369724506502,-4.1777383989622585,122.0,55.807034270653475,-4.136077366584948,79,6.575,570
55.84369724506502,-4.1777383989622585,122.0,55.86778114631985,-4.233612892312959,80,6.264,697
55.84369724506502,-4.1777383989622585,122.0,55.79578956690847,-4.368290459919509,81,24.334,2271
55.84369724506502,-4.1777383989622585,122.0,55.897877306124535,-4.077031107370425,82,15.778,1352
55.84369724506502,-4.1777383989622585,122.0,55.80721289582252,-4.242612882195534,83,10.169,742
55.84369724506502,-4.1777383989622585,122.0,55.92209393969709,-4.157940141970138,84,25.035,1101
55.84369724506502,-4.1777383989622585,122.0,55.79188265083702,-4.28147512844989,85,13.136,986
55.84369724506502,-4.1777383989622585,122.0,55.88043814367632,-4.104360473798184,86,15.111,738
55.84369724506502,-4.1777383989622585,122.0,55.90345994988174,-4.293652184560058,87,14.462,1229
55.84369724506502,-4.1777383989622585,122.0,55.91230525016259,-4.108196424937476,88,19.071,976
55.84369724506502,-4.1777383989622585,122.0,55.90569137930351,-4.3852429216612405,89,23.216,1446
55.84369724506502,-4.1777383989622585,122.0,55.824402119970216,-4.298242138123909,90,14.056,834
55.84369724506502,-4.1777383989622585,122.0,55.887104625653905,-4.201059285828647,91,9.928,945
55.84369724506502,-4.1777383989622585,122.0,55.92006797200308,-4.195257422106852,92,27.105,1146
55.84369724506502,-4.1777383989622585,122.0,55.7944551107823,-4.1683749063061635,93,7.679,1056
55.84369724506502,-4.1777383989622585,122.0,55.88003873447475,-4.304350182381346,94,10.921,1028
55.84369724506502,-4.1777383989622585,122.0,55.88308048053683,-4.2942103285768285,95,10.521,1002
55.84369724506502,-4.1777383989622585,122.0,55.80779271908626,-4.3234306371549245,96,16.86,958
55.84369724506502,-4.1777383989622585,122.0,55.90123467399992,-4.380968632189907,97,23.522,1575
55.84369724506502,-4.1777383989622585,122.0,55.88049231589054,-4.293733205570284,98,10.423,993
55.84369724506502,-4.1777383989622585,122.0,55.84697147961761,-4.334108806216461,99,13.487,834
55.84369724506502,-4.1777383989622585,122.0,55.83067141211495,-4.195633651932574,100,4.334,408
55.84369724506502,-4.1777383989622585,122.0,55.89350845984679,-4.099445363541155,101,14.856,784
55.84369724506502,-4.1777383989622585,122.0,55.92592408664018,-4.179171340754611,102,26.376,1184
55.84369724506502,-4.1777383989622585,122.0,55.84941827409408,-4.169566750359822,103,1.154,161
55.84369724506502,-4.1777383989622585,122.0,55.92413375575165,-4.226670311636797,104,14.188,1889
55.84369724506502,-4.1777383989622585,122.0,55.88995713457192,-4.285031242761631,105,10.916,1027
55.84369724506502,-4.1777383989622585,122.0,55.90528066541109,-4.131569818675147,106,22.714,948
55.84369724506502,-4.1777383989622585,122.0,55.87850608392288,-4.103517886631066,107,15.442,771
55.84369724506502,-4.1777383989622585,122.0,55.80799405798939,-4.284953473560454,108,11.549,931
55.84369724506502,-4.1777383989622585,122.0,55.906815669822045,-4.385279074380807,109,22.527,1361
55.84369724506502,-4.1777383989622585,122.0,55.916237634416454,-4.222407816066865,110,12.426,1082
55.84369724506502,-4.1777383989622585,122.0,55.915798955837815,-4.088621086891774,111,17.937,859
55.84369724506502,-4.1777383989622585,122.0,55.827538479175395,-4.350653065976025,112,15.933,917
55.84369724506502,-4.1777383989622585,122.0,55.799515288981674,-4.0866627646338864,113,14.98,785
55.84369724506502,-4.1777383989622585,122.0,55.831024245961984,-4.244756518165482,114,7.286,466
55.84369724506502,-4.1777383989622585,122.0,55.86754360554833,-4.2143078261423845,115,5.6,733
55.84369724506502,-4.1777383989622585,122.0,55.8574985965699,-4.1521224561179935,116,3.281,354
55.84369724506502,-4.1777383989622585,122.0,55.88095643501817,-4.32811659177277,117,17.163,950
55.84369724506502,-4.1777383989622585,122.0,55.85240433608213,-4.177570445500026,118,1.318,212
55.84369724506502,-4.1777383989622585,122.0,55.91169549549074,-4.359708873069638,119,23.339,1549
55.84369724506502,-4.1777383989622585,122.0,55.92640787519779,-4.300990956079843,120,16.135,1236
55.84369724506502,-4.1777383989622585,122.0,55.84019197366069,-4.205566157974415,121,4.488,492
55.84369724506502,-4.1777383989622585,122.0,55.866619942939494,-4.268153778778456,122,8.384,836
55.84369724506502,-4.1777383989622585,122.0,55.81327411986783,-4.2587495402872255,123,9.661,704
55.84369724506502,-4.1777383989622585,122.0,55.86022660117776,-4.154711133590585,124,3.634,385
55.84369724506502,-4.1777383989622585,122.0,55.831522729053496,-4.370420634377527,125,17.987,1087
55.84369724506502,-4.1777383989622585,122.0,55.84074346341779,-4.172411658039648,126,0.793,117
55.84369724506502,-4.1777383989622585,122.0,55.8801412435821,-4.258666277618953,127,8.66,850
55.84369724506502,-4.1777383989622585,122.0,55.8434159429892,-4.1056733307349536,128,5.214,454
55.84369724506502,-4.1777383989622585,122.0,55.83522057783537,-4.25736952395694,129,7.82,563
55.84369724506502,-4.1777383989622585,122.0,55.86467774065618,-4.2250953414252415,130,4.825,489
55.84369724506502,-4.1777383989622585,122.0,55.8953662249987,-4.231143624453162,131,9.613,894
55.84369724506502,-4.1777383989622585,122.0,55.81920459649808,-4.236238450921302,132,9.389,616
55.84369724506502,-4.1777383989622585,122.0,55.900795402502105,-4.206009410292495,133,10.943,988
55.84369724506502,-4.1777383989622585,122.0,55.86078490474355,-4.339631469507248,134,15.856,917
55.84369724506502,-4.1777383989622585,122.0,55.924999437053955,-4.191173279124663,135,26.854,1137
55.84369724506502,-4.1777383989622585,122.0,55.81549096669224,-4.126910343137958,136,6.644,567
55.84369724506502,-4.1777383989622585,122.0,55.90135585493081,-4.207622057499793,137,10.942,966
55.84369724506502,-4.1777383989622585,122.0,55.845816555475636,-4.129576488296543,138,4.272,367
55.84369724506502,-4.1777383989622585,122.0,55.80470047644827,-4.291960781118721,139,12.555,990
55.84369724506502,-4.1777383989622585,122.0,55.89185394491289,-4.179857587296262,140,8.446,746
55.84369724506502,-4.1777383989622585,122.0,55.91859399996558,-4.3401659608951215,141,22.205,1400
55.84369724506502,-4.1777383989622585,122.0,55.90671476836246,-4.3642865107142725,142,22.106,1413
55.84369724506502,-4.1777383989622585,122.0,55.81273399651921,-4.167613047894911,143,5.008,424
55.84369724506502,-4.1777383989622585,122.0,55.80939871413575,-4.276056954355674,144,10.837,819
55.84369724506502,-4.1777383989622585,122.0,55.88312869327199,-4.214542892826467,145,7.531,900
55.84369724506502,-4.1777383989622585,122.0,55.815340374954424,-4.283514492524949,146,11.007,836
55.84369724506502,-4.1777383989622585,122.0,55.87864379034378,-4.080636908866371,147,14.399,641
55.84369724506502,-4.1777383989622585,122.0,55.89423440492952,-4.2418874418647645,148,10.176,978
55.84369724506502,-4.1777383989622585,122.0,55.92796852989922,-4.305970400193036,149,16.263,1259
55.84369724506502,-4.1777383989622585,122.0,55.92895153496988,-4.082888064137351,150,18.895,867
55.84369724506502,-4.1777383989622585,122.0,55.790766759429424,-4.135285962371055,151,8.703,627
55.84369724506502,-4.1777383989622585,122.0,55.80808041573422,-4.184105792933229,152,6.487,540
55.84369724506502,-4.1777383989622585,122.0,55.7982747224006,-4.3931924101572655,153,20.058,1171
55.84369724506502,-4.1777383989622585,122.0,55.81178474630603,-4.337962602706185,154,16.656,932
55.84369724506502,-4.1777383989622585,122.0,55.852972007756,-4.353957895039277,155,15.055,920
55.84369724506502,-4.1777383989622585,122.0,55.797152036890715,-4.311451416173846,156,18.628,1006
55.84369724506502,-4.1777383989622585,122.0,55.84839482833289,-4.1889265673730645,157,1.21,129
55.84369724506502,-4.1777383989622585,122.0,55.86383954752864,-4.387927326091926,158,20.647,947
55.84369724506502,-4.1777383989622585,122.0,55.807182357875575,-4.140487806234959,159,6.252,546
55.84369724506502,-4.1777383989622585,122.0,55.8296607577131,-4.218765551358871,160,5.431,486
55.84369724506502,-4.1777383989622585,122.0,55.82699494590622,-4.295404959002084,161,14.092,810
55.84369724506502,-4.1777383989622585,122.0,55.861248665443505,-4.307186036515638,162,12.941,823
55.84369724506502,-4.1777383989622585,122.0,55.897857165570365,-4.156645648865112,163,9.922,783
55.84369724506502,-4.1777383989622585,122.0,55.877747555317356,-4.342792329217214,164,17.753,1047
55.84369724506502,-4.1777383989622585,122.0,55.92259641850896,-4.389236283866068,165,34.009,1511
55.84369724506502,-4.1777383989622585,122.0,55.92621339590465,-4.2820478996479165,166,14.587,1135
55.84369724506502,-4.1777383989622585,122.0,55.80660612206145,-4.094012410496262,167,10.472,738
55.84369724506502,-4.1777383989622585,122.0,55.84605439624201,-4.09192094471571,168,15.628,710
55.84369724506502,-4.1777383989622585,122.0,55.83961965364386,-4.1201104741133365,169,4.057,340
55.84369724506502,-4.1777383989622585,122.0,55.85030951683019,-4.217608837338132,170,3.314,387
55.84369724506502,-4.1777383989622585,122.0,55.85971342373431,-4.246748195156407,171,5.545,596
55.84369724506502,-4.1777383989622585,122.0,55.815747728441636,-4.150792968910081,172,5.122,442
55.84369724506502,-4.1777383989622585,122.0,55.80041195127493,-4.3806303679601495,173,19.474,1124
55.84369724506502,-4.1777383989622585,122.0,55.85487415463933,-4.092829020720908,174,10.083,541
55.84369724506502,-4.1777383989622585,122.0,55.80456076444065,-4.203157873727267,175,8.032,656
55.84369724506502,-4.1777383989622585,122.0,55.84723005082115,-4.330151260440624,176,13.008,778
55.84369724506502,-4.1777383989622585,122.0,55.88775631668876,-4.123428423568879,177,18.054,994
55.84369724506502,-4.1777383989622585,122.0,55.82857385936083,-4.129579652409029,178,6.994,601
55.84369724506502,-4.1777383989622585,122.0,55.879865395443076,-4.36272007519476,179,18.645,1089
55.84369724506502,-4.1777383989622585,122.0,55.87973669437185,-4.215636550296907,180,6.673,859
55.84369724506502,-4.1777383989622585,122.0,55.8162521393249,-4.1868605517933455,181,5.771,506
55.84369724506502,-4.1777383989622585,122.0,55.80755514535402,-4.201625161718038,182,7.785,622
55.84369724506502,-4.1777383989622585,122.0,55.85565398843102,-4.250533808562208,183,5.884,670
55.84369724506502,-4.1777383989622585,122.0,55.929636326069506,-4.381100658166308,184,34.995,1532
55.84369724506502,-4.1777383989622585,122.0,55.879581066995904,-4.21986165885879,185,6.858,894
55.84369724506502,-4.1777383989622585,122.0,55.92647877645629,-4.127886630011083,186,19.297,1129
55.84369724506502,-4.1777383989622585,122.0,55.82282427264178,-4.371094162561755,187,17.123,1010
55.84369724506502,-4.1777383989622585,122.0,55.90291353127043,-4.3414180899754955,188,20.152,1291
55.84369724506502,-4.1777383989622585,122.0,55.78437024600116,-4.156926419796477,189,9.448,712
55.84369724506502,-4.1777383989622585,122.0,55.8321542449311,-4.1561720476648265,190,2.591,296
55.84369724506502,-4.1777383989622585,122.0,55.88310705812362,-4.084862107847263,191,11.56,523
55.84369724506502,-4.1777383989622585,122.0,55.85616333886266,-4.110333739241922,192,6.225,571
55.84369724506502,-4.1777383989622585,122.0,55.90185178498145,-4.152652007721208,193,24.664,1480
55.84369724506502,-4.1777383989622585,122.0,55.8837118458465,-4.182392741162416,194,8.049,1700
55.84369724506502,-4.1777383989622585,122.0,55.83086049774818,-4.312434105301623,195,15.026,915
55.84369724506502,-4.1777383989622585,122.0,55.821849459706755,-4.176208567338996,196,4.475,381
55.84369724506502,-4.1777383989622585,122.0,55.88009750494633,-4.255964552703097,197,8.346,829
55.84369724506502,-4.1777383989622585,122.0,55.87413911675089,-4.369807111055967,198,16.649,838
55.84369724506502,-4.1777383989622585,122.0,55.86354071984154,-4.093406384811447,199,11.663,645
55.80149306968439,-4.135025095209694,123.0,55.8391698042901,-4.214478482526657,0,10.281,634
55.80149306968439,-4.135025095209694,123.0,55.86553667472969,-4.350500876963486,1,19.94,1127
55.80149306968439,-4.135025095209694,123.0,55.912892829643965,-4.286410947894997,2,21.852,2513
55.80149306968439,-4.135025095209694,123.0,55.84854019346565,-4.391697428307927,3,19.371,1349
55.80149306968439,-4.135025095209694,123.0,55.79232875093524,-4.310455024670266,4,15.378,1042
55.80149306968439,-4.135025095209694,123.0,55.837143362020576,-4.120043492886959,5,7.882,471
55.80149306968439,-4.135025095209694,123.0,55.84185129809378,-4.283879851305767,6,11.81,1001
55.80149306968439,-4.135025095209694,123.0,55.90609664927746,-4.311383718964596,7,24.085,1617
55.80149306968439,-4.135025095209694,123.0,55.7832172019226,-4.31249791159531,8,15.708,1019
55.80149306968439,-4.135025095209694,123.0,55.8177258987159,-4.260489243356555,9,11.277,777
55.80149306968439,-4.135025095209694,123.0,55.903262790870684,-4.212111703691823,10,23.823,1436
55.80149306968439,-4.135025095209694,123.0,55.893978813107424,-4.1413270988368325,11,21.324,1230
55.80149306968439,-4.135025095209694,123.0,55.894884622950286,-4.154349650804189,12,26.189,1131
55.80149306968439,-4.135025095209694,123.0,55.80680963785043,-4.263605759417426,13,15.259,1101
55.80149306968439,-4.135025095209694,123.0,55.81824312166051,-4.346878846315483,14,18.999,1240
55.80149306968439,-4.135025095209694,123.0,55.84742656229786,-4.269221405976544,15,12.175,1020
55.80149306968439,-4.135025095209694,123.0,55.80730424868546,-4.315177272898423,16,17.015,1175
55.80149306968439,-4.135025095209694,123.0,55.83798278877758,-4.260604018644594,17,10.281,815
55.80149306968439,-4.135025095209694,123.0,55.89424631095569,-4.343398240721316,18,21.756,1377
55.80149306968439,-4.135025095209694,123.0,55.83908093533876,-4.223069302141199,19,11.311,764
55.80149306968439,-4.135025095209694,123.0,55.8357731433788,-4.270556349194068,20,10.965,865
55.80149306968439,-4.135025095209694,123.0,55.90309627527835,-4.360750370095284,21,23.789,1612
55.80149306968439,-4.135025095209694,123.0,55.85652103589449,-4.101365743428073,22,12.815,795
55.80149306968439,-4.135025095209694,123.0,55.783736419963375,-4.235306054793451,23,9.757,558
55.80149306968439,-4.135025095209694,123.0,55.92064824587275,-4.2358362157531895,24,19.45,1503
55.80149306968439,-4.135025095209694,123.0,55.907674892744176,-4.2497703459088045,25,18.202,2548
55.80149306968439,-4.135025095209694,123.0,55.919604340921964,-4.226208116301384,26,32.981,1541
55.80149306968439,-4.135025095209694,123.0,55.83219148710444,-4.304581930326681,27,17.877,1267
55.80149306968439,-4.135025095209694,123.0,55.79569701419853,-4.1769099124482585,28,4.6,259
55.80149306968439,-4.135025095209694,123.0,55.81260197667657,-4.197841211154324,29,7.16,430
55.80149306968439,-4.135025095209694,123.0,55.826092940761974,-4.176919409292903,30,6.055,581
55.80149306968439,-4.135025095209694,123.0,55.828413149208096,-4.109650878166438,31,5.6,400
55.80149306968439,-4.135025095209694,123.0,55.8999241737755,-4.257993823533507,32,18.301,1493
55.80149306968439,-4.135025095209694,123.0,55.892514250678616,-4.340118142906542,33,21.785,1388
55.80149306968439,-4.135025095209694,123.0,55.855241629670886,-4.269936069312288,34,25.122,1165
55.80149306968439,-4.135025095209694,123.0,55.877364911629314,-4.109701193625618,35,19.056,1006
55.80149306968439,-4.135025095209694,123.0,55.887053111734645,-4.1280531391159245,36,24.703,1211
55.80149306968439,-4.135025095209694,123.0,55.89108676863447,-4.105446803942431,37,19.044,1222
55.80149306968439,-4.135025095209694,123.0,55.842635153466425,-4.334387903339716,38,15.808,1055
55.80149306968439,-4.135025095209694,123.0,55.89197542936556,-4.19614108945253,39,21.607,1160
55.80149306968439,-4.135025095209694,123.0,55.825849135803445,-4.321179033230789,40,16.055,1167
55.80149306968439,-4.135025095209694,123.0,55.81864602215581,-4.375055705699034,41,20.028,1249
55.80149306968439,-4.135025095209694,123.0,55.92613065482397,-4.212698358862173,42,32.355,1537
55.80149306968439,-4.135025095209694,123.0,55.874439929608144,-4.279689658904073,43,24.963,1287
55.80149306968439,-4.135025095209694,123.0,55.81998166828728,-4.245455535821837,44,10.137,643
55.80149306968439,-4.135025095209694,123.0,55.91066980601156,-4.213502644426629,45,33.337,1591
55.80149306968439,-4.135025095209694,123.0,55.8404807486866,-4.356656090229781,46,19.46,1323
55.80149306968439,-4.135025095209694,123.0,55.88708229912325,-4.079055837843032,47,16.674,815
55.80149306968439,-4.135025095209694,123.0,55.84510555179576,-4.178720975321847,48,7.216,587
55.80149306968439,-4.135025095209694,123.0,55.84413340760586,-4.085244529493477,49,9.451,1045
55.80149306968439,-4.135025095209694,123.0,55.83324217210475,-4.157183908594519,50,5.328,398
55.80149306968439,-4.135025095209694,123.0,55.895753278756494,-4.323131413571223,51,21.542,1488
55.80149306968439,-4.135025095209694,123.0,55.88609925330935,-4.38354364327563,52,20.973,1196
55.80149306968439,-4.135025095209694,123.0,55.86596770908397,-4.338853955125049,53,17.756,1076
55.80149306968439,-4.135025095209694,123.0,55.819381988004544,-4.256567679373081,54,12.186,838
55.80149306968439,-4.135025095209694,123.0,55.919398785577634,-4.298102785445152,55,22.128,2193
55.80149306968439,-4.135025095209694,123.0,55.81052481551728,-4.0780884232687225,56,10.233,1698
55.80149306968439,-4.135025095209694,123.0,55.8411814367945,-4.125490362928665,57,7.752,602
55.80149306968439,-4.135025095209694,123.0,55.844855881791794,-4.151320272286683,58,7.048,560
55.80149306968439,-4.135025095209694,123.0,55.79334532620707,-4.3052187624925375,59,14.973,1003
55.80149306968439,-4.135025095209694,123.0,55.78499644933002,-4.082518262203789,60,4.607,393
55.80149306968439,-4.135025095209694,123.0,55.86482365717543,-4.074666870071637,61,12.046,965
55.80149306968439,-4.135025095209694,123.0,55.910543969585106,-4.384534109666136,62,25.616,1677
55.80149306968439,-4.135025095209694,123.0,55.799715679086134,-4.188568421733812,63,6.26,491
55.80149306968439,-4.135025095209694,123.0,55.90005630083831,-4.294022887833187,64,28.342,1609
55.80149306968439,-4.135025095209694,123.0,55.82573931186619,-4.210157383495828,65,8.45,474
55.80149306968439,-4.135025095209694,123.0,55.88010014610652,-4.288014027401103,66,27.063,1577
55.80149306968439,-4.135025095209694,123.0,55.8836463272421,-4.377148406451105,67,20.743,1273
55.80149306968439,-4.135025095209694,123.0,55.80511293548626,-4.195982430231648,68,6.417,379
55.80149306968439,-4.135025095209694,123.0,55.9265186267864,-4.256321117900257,69,21.666,1607
55.80149306968439,-4.135025095209694,123.0,55.90353118048908,-4.119171950823842,70,19.646,1282
55.80149306968439,-4.135025095209694,123.0,55.81502357146685,-4.260984914919316,71,11.634,811
55.80149306968439,-4.135025095209694,123.0,55.894355058439295,-4.293143876300353,72,27.632,1556
55.80149306968439,-4.135025095209694,123.0,55.80246488546192,-4.242274834364847,73,11.164,686
55.80149306968439,-4.135025095209694,123.0,55.887581813102464,-4.2985753032369685,74,27.244,1553
55.80149306968439,-4.135025095209694,123.0,55.928290955083554,-4.295962301582311,75,22.55,1608
55.80149306968439,-4.135025095209694,123.0,55.81096058143004,-4.368797105646974,76,28.339,1320
55.80149306968439,-4.135025095209694,123.0,55.84818750128869,-4.3631808239548375,77,20.446,1175
55.80149306968439,-4.135025095209694,123.0,55.81610352786554,-4.330910795148831,78,18.024,1080
55.80149306968439,-4.135025095209694,123.0,55.807034270653475,-4.136077366584948,79,0.865,55
55.80149306968439,-4.135025095209694,123.0,55.86778114631985,-4.233612892312959,80,22.093,1151
55.80149306968439,-4.135025095209694,123.0,55.79578956690847,-4.368290459919509,81,27.434,2359
55.80149306968439,-4.135025095209694,123.0,55.897877306124535,-4.077031107370425,82,19.033,1560
55.80149306968439,-4.135025095209694,123.0,55.80721289582252,-4.242612882195534,83,11.554,719
55.80149306968439,-4.135025095209694,123.0,55.92209393969709,-4.157940141970138,84,28.29,1309
55.80149306968439,-4.135025095209694,123.0,55.79188265083702,-4.28147512844989,85,13.12,841
55.80149306968439,-4.135025095209694,123.0,55.88043814367632,-4.104360473798184,86,18.366,946
55.80149306968439,-4.135025095209694,123.0,55.90345994988174,-4.293652184560058,87,21.325,1649
55.80149306968439,-4.135025095209694,123.0,55.91230525016259,-4.108196424937476,88,22.326,1184
55.80149306968439,-4.135025095209694,123.0,55.90569137930351,-4.3852429216612405,89,25.651,1700
55.80149306968439,-4.135025095209694,123.0,55.824402119970216,-4.298242138123909,90,16.491,1088
55.80149306968439,-4.135025095209694,123.0,55.887104625653905,-4.201059285828647,91,21.381,1234
55.80149306968439,-4.135025095209694,123.0,55.92006797200308,-4.195257422106852,92,30.36,1354
55.80149306968439,-4.135025095209694,123.0,55.7944551107823,-4.1683749063061635,93,4.863,689
55.80149306968439,-4.135025095209694,123.0,55.88003873447475,-4.304350182381346,94,26.577,1460
55.80149306968439,-4.135025095209694,123.0,55.88308048053683,-4.2942103285768285,95,26.177,1435
55.80149306968439,-4.135025095209694,123.0,55.80779271908626,-4.3234306371549245,96,17.463,1222
55.80149306968439,-4.135025095209694,123.0,55.90123467399992,-4.380968632189907,97,25.957,1829
55.80149306968439,-4.135025095209694,123.0,55.88049231589054,-4.293733205570284,98,26.079,1425
55.80149306968439,-4.135025095209694,123.0,55.84697147961761,-4.334108806216461,99,15.922,1088
55.80149306968439,-4.135025095209694,123.0,55.83067141211495,-4.195633651932574,100,6.752,622
55.80149306968439,-4.135025095209694,123.0,55.89350845984679,-4.099445363541155,101,18.111,992
55.80149306968439,-4.135025095209694,123.0,55.92592408664018,-4.179171340754611,102,29.631,1392
55.80149306968439,-4.135025095209694,123.0,55.84941827409408,-4.169566750359822,103,7.325,609
55.80149306968439,-4.135025095209694,123.0,55.92413375575165,-4.226670311636797,104,33.57,2279
55.80149306968439,-4.135025095209694,123.0,55.88995713457192,-4.285031242761631,105,26.572,1459
55.80149306968439,-4.135025095209694,123.0,55.90528066541109,-4.131569818675147,106,25.969,1156
55.80149306968439,-4.135025095209694,123.0,55.87850608392288,-4.103517886631066,107,18.697,979
55.80149306968439,-4.135025095209694,123.0,55.80799405798939,-4.284953473560454,108,13.501,1048
55.80149306968439,-4.135025095209694,123.0,55.906815669822045,-4.385279074380807,109,24.962,1615
55.80149306968439,-4.135025095209694,123.0,55.916237634416454,-4.222407816066865,110,32.896,1530
55.80149306968439,-4.135025095209694,123.0,55.915798955837815,-4.088621086891774,111,21.192,1068
55.80149306968439,-4.135025095209694,123.0,55.827538479175395,-4.350653065976025,112,18.368,1171
55.80149306968439,-4.135025095209694,123.0,55.799515288981674,-4.0866627646338864,113,3.87,288
55.80149306968439,-4.135025095209694,123.0,55.831024245961984,-4.244756518165482,114,9.721,720
55.80149306968439,-4.135025095209694,123.0,55.86754360554833,-4.2143078261423845,115,20.766,1137
55.80149306968439,-4.135025095209694,123.0,55.8574985965699,-4.1521224561179935,116,8.204,686
55.80149306968439,-4.135025095209694,123.0,55.88095643501817,-4.32811659177277,117,19.598,1204
55.80149306968439,-4.135025095209694,123.0,55.85240433608213,-4.177570445500026,118,8.257,667
55.80149306968439,-4.135025095209694,123.0,55.91169549549074,-4.359708873069638,119,25.774,1803
55.80149306968439,-4.135025095209694,123.0,55.92640787519779,-4.300990956079843,120,22.998,1657
55.80149306968439,-4.135025095209694,123.0,55.84019197366069,-4.205566157974415,121,10.767,749
55.80149306968439,-4.135025095209694,123.0,55.866619942939494,-4.268153778778456,122,24.04,1268
55.80149306968439,-4.135025095209694,123.0,55.81327411986783,-4.2587495402872255,123,11.613,821
55.80149306968439,-4.135025095209694,123.0,55.86022660117776,-4.154711133590585,124,8.557,717
55.80149306968439,-4.135025095209694,123.0,55.831522729053496,-4.370420634377527,125,20.422,1342
55.80149306968439,-4.135025095209694,123.0,55.84074346341779,-4.172411658039648,126,6.705,536
55.80149306968439,-4.135025095209694,123.0,55.8801412435821,-4.258666277618953,127,24.316,1282
55.80149306968439,-4.135025095209694,123.0,55.8434159429892,-4.1056733307349536,128,9.076,648
55.80149306968439,-4.135025095209694,123.0,55.83522057783537,-4.25736952395694,129,10.255,817
55.80149306968439,-4.135025095209694,123.0,55.86467774065618,-4.2250953414252415,130,11.889,953
55.80149306968439,-4.135025095209694,123.0,55.8953662249987,-4.231143624453162,131,16.476,1314
55.80149306968439,-4.135025095209694,123.0,55.81920459649808,-4.236238450921302,132,9.553,593
55.80149306968439,-4.135025095209694,123.0,55.900795402502105,-4.206009410292495,133,23.008,1327
55.80149306968439,-4.135025095209694,123.0,55.86078490474355,-4.339631469507248,134,18.291,1171
55.80149306968439,-4.135025095209694,123.0,55.924999437053955,-4.191173279124663,135,30.109,1345
55.80149306968439,-4.135025095209694,123.0,55.81549096669224,-4.126910343137958,136,1.922,151
55.80149306968439,-4.135025095209694,123.0,55.90135585493081,-4.207622057499793,137,23.007,1304
55.80149306968439,-4.135025095209694,123.0,55.845816555475636,-4.129576488296543,138,8.421,648
55.80149306968439,-4.135025095209694,123.0,55.80470047644827,-4.291960781118721,139,16.208,1157
55.80149306968439,-4.135025095209694,123.0,55.89185394491289,-4.179857587296262,140,22.211,1103
55.80149306968439,-4.135025095209694,123.0,55.91859399996558,-4.3401659608951215,141,24.64,1654
55.80149306968439,-4.135025095209694,123.0,55.90671476836246,-4.3642865107142725,142,24.541,1667
55.80149306968439,-4.135025095209694,123.0,55.81273399651921,-4.167613047894911,143,3.375,261
55.80149306968439,-4.135025095209694,123.0,55.80939871413575,-4.276056954355674,144,12.789,936
55.80149306968439,-4.135025095209694,123.0,55.88312869327199,-4.214542892826467,145,21.008,1205
55.80149306968439,-4.135025095209694,123.0,55.815340374954424,-4.283514492524949,146,12.959,953
55.80149306968439,-4.135025095209694,123.0,55.87864379034378,-4.080636908866371,147,17.654,849
55.80149306968439,-4.135025095209694,123.0,55.89423440492952,-4.2418874418647645,148,17.039,1398
55.80149306968439,-4.135025095209694,123.0,55.92796852989922,-4.305970400193036,149,23.126,1680
55.80149306968439,-4.135025095209694,123.0,55.92895153496988,-4.082888064137351,150,22.15,1076
55.80149306968439,-4.135025095209694,123.0,55.790766759429424,-4.135285962371055,151,1.328,50
55.80149306968439,-4.135025095209694,123.0,55.80808041573422,-4.184105792933229,152,6.033,315
55.80149306968439,-4.135025095209694,123.0,55.7982747224006,-4.3931924101572655,153,29.977,1427
55.80149306968439,-4.135025095209694,123.0,55.81178474630603,-4.337962602706185,154,27.125,1220
55.80149306968439,-4.135025095209694,123.0,55.852972007756,-4.353957895039277,155,17.49,1174
55.80149306968439,-4.135025095209694,123.0,55.797152036890715,-4.311451416173846,156,15.263,1036
55.80149306968439,-4.135025095209694,123.0,55.84839482833289,-4.1889265673730645,157,7.977,623
55.80149306968439,-4.135025095209694,123.0,55.86383954752864,-4.387927326091926,158,23.082,1202
55.80149306968439,-4.135025095209694,123.0,55.807182357875575,-4.140487806234959,159,1.076,53
55.80149306968439,-4.135025095209694,123.0,55.8296607577131,-4.218765551358871,160,9.362,598
55.80149306968439,-4.135025095209694,123.0,55.82699494590622,-4.295404959002084,161,16.527,1064
55.80149306968439,-4.135025095209694,123.0,55.861248665443505,-4.307186036515638,162,15.376,1078
55.80149306968439,-4.135025095209694,123.0,55.897857165570365,-4.156645648865112,163,23.687,1140
55.80149306968439,-4.135025095209694,123.0,55.877747555317356,-4.342792329217214,164,20.188,1301
55.80149306968439,-4.135025095209694,123.0,55.92259641850896,-4.389236283866068,165,36.444,1765
55.80149306968439,-4.135025095209694,123.0,55.92621339590465,-4.2820478996479165,166,21.45,1556
55.80149306968439,-4.135025095209694,123.0,55.80660612206145,-4.094012410496262,167,9.748,738
55.80149306968439,-4.135025095209694,123.0,55.84605439624201,-4.09192094471571,168,18.883,918
55.80149306968439,-4.135025095209694,123.0,55.83961965364386,-4.1201104741133365,169,8.427,546
55.80149306968439,-4.135025095209694,123.0,55.85030951683019,-4.217608837338132,170,9.639,762
55.80149306968439,-4.135025095209694,123.0,55.85971342373431,-4.246748195156407,171,12.066,998
55.80149306968439,-4.135025095209694,123.0,55.815747728441636,-4.150792968910081,172,2.529,222
55.80149306968439,-4.135025095209694,123.0,55.80041195127493,-4.3806303679601495,173,27.808,1336
55.80149306968439,-4.135025095209694,123.0,55.85487415463933,-4.092829020720908,174,11.795,734
55.80149306968439,-4.135025095209694,123.0,55.80456076444065,-4.203157873727267,175,6.908,399
55.80149306968439,-4.135025095209694,123.0,55.84723005082115,-4.330151260440624,176,15.443,1032
55.80149306968439,-4.135025095209694,123.0,55.88775631668876,-4.123428423568879,177,21.309,1202
55.80149306968439,-4.135025095209694,123.0,55.82857385936083,-4.129579652409029,178,3.995,326
55.80149306968439,-4.135025095209694,123.0,55.879865395443076,-4.36272007519476,179,21.08,1343
55.80149306968439,-4.135025095209694,123.0,55.87973669437185,-4.215636550296907,180,21.724,1301
55.80149306968439,-4.135025095209694,123.0,55.8162521393249,-4.1868605517933455,181,4.371,402
55.80149306968439,-4.135025095209694,123.0,55.80755514535402,-4.201625161718038,182,6.661,366
55.80149306968439,-4.135025095209694,123.0,55.85565398843102,-4.250533808562208,183,11.934,1004
55.80149306968439,-4.135025095209694,123.0,55.929636326069506,-4.381100658166308,184,37.43,1786
55.80149306968439,-4.135025095209694,123.0,55.879581066995904,-4.21986165885879,185,14.975,1333
55.80149306968439,-4.135025095209694,123.0,55.92647877645629,-4.127886630011083,186,22.552,1337
55.80149306968439,-4.135025095209694,123.0,55.82282427264178,-4.371094162561755,187,19.558,1265
55.80149306968439,-4.135025095209694,123.0,55.90291353127043,-4.3414180899754955,188,22.587,1546
55.80149306968439,-4.135025095209694,123.0,55.78437024600116,-4.156926419796477,189,4.485,278
55.80149306968439,-4.135025095209694,123.0,55.8321542449311,-4.1561720476648265,190,5.368,412
55.80149306968439,-4.135025095209694,123.0,55.88310705812362,-4.084862107847263,191,14.815,731
55.80149306968439,-4.135025095209694,123.0,55.85616333886266,-4.110333739241922,192,10.374,853
55.80149306968439,-4.135025095209694,123.0,55.90185178498145,-4.152652007721208,193,27.919,1688
55.80149306968439,-4.135025095209694,123.0,55.8837118458465,-4.182392741162416,194,21.578,1987
55.80149306968439,-4.135025095209694,123.0,55.83086049774818,-4.312434105301623,195,17.461,1169
55.80149306968439,-4.135025095209694,123.0,55.821849459706755,-4.176208567338996,196,4.145,353
55.80149306968439,-4.135025095209694,123.0,55.88009750494633,-4.255964552703097,197,24.002,1261
55.80149306968439,-4.135025095209694,123.0,55.87413911675089,-4.369807111055967,198,19.084,1092
55.80149306968439,-4.135025095209694,123.0,55.86354071984154,-4.093406384811447,199,12.597,830
55.82246835283927,-4.322565436237576,124.0,55.8391698042901,-4.214478482526657,0,13.854,853
55.82246835283927,-4.322565436237576,124.0,55.86553667472969,-4.350500876963486,1,11.231,746
55.82246835283927,-4.322565436237576,124.0,55.912892829643965,-4.286410947894997,2,17.022,2062
55.82246835283927,-4.322565436237576,124.0,55.84854019346565,-4.391697428307927,3,9.468,773
55.82246835283927,-4.322565436237576,124.0,55.79232875093524,-4.310455024670266,4,5.692,450
55.82246835283927,-4.322565436237576,124.0,55.837143362020576,-4.120043492886959,5,17.553,865
55.82246835283927,-4.322565436237576,124.0,55.84185129809378,-4.283879851305767,6,4.191,335
55.82246835283927,-4.322565436237576,124.0,55.90609664927746,-4.311383718964596,7,14.407,1070
55.82246835283927,-4.322565436237576,124.0,55.7832172019226,-4.31249791159531,8,6.572,484
55.82246835283927,-4.322565436237576,124.0,55.8177258987159,-4.260489243356555,9,4.624,422
55.82246835283927,-4.322565436237576,124.0,55.903262790870684,-4.212111703691823,10,16.388,1137
55.82246835283927,-4.322565436237576,124.0,55.893978813107424,-4.1413270988368325,11,18.128,1144
55.82246835283927,-4.322565436237576,124.0,55.894884622950286,-4.154349650804189,12,20.513,1043
55.82246835283927,-4.322565436237576,124.0,55.80680963785043,-4.263605759417426,13,5.106,499
55.82246835283927,-4.322565436237576,124.0,55.81824312166051,-4.346878846315483,14,4.817,421
55.82246835283927,-4.322565436237576,124.0,55.84742656229786,-4.269221405976544,15,5.776,542
55.82246835283927,-4.322565436237576,124.0,55.80730424868546,-4.315177272898423,16,3.14,224
55.82246835283927,-4.322565436237576,124.0,55.83798278877758,-4.260604018644594,17,4.807,514
55.82246835283927,-4.322565436237576,124.0,55.89424631095569,-4.343398240721316,18,13.047,995
55.82246835283927,-4.322565436237576,124.0,55.83908093533876,-4.223069302141199,19,11.445,884
55.82246835283927,-4.322565436237576,124.0,55.8357731433788,-4.270556349194068,20,3.93,335
55.82246835283927,-4.322565436237576,124.0,55.90309627527835,-4.360750370095284,21,15.08,1230
55.82246835283927,-4.322565436237576,124.0,55.85652103589449,-4.101365743428073,22,20.676,1087
55.82246835283927,-4.322565436237576,124.0,55.783736419963375,-4.235306054793451,23,10.463,808
55.82246835283927,-4.322565436237576,124.0,55.92064824587275,-4.2358362157531895,24,17.513,1117
55.82246835283927,-4.322565436237576,124.0,55.907674892744176,-4.2497703459088045,25,16.265,2162
55.82246835283927,-4.322565436237576,124.0,55.919604340921964,-4.226208116301384,26,17.437,1129
55.82246835283927,-4.322565436237576,124.0,55.83219148710444,-4.304581930326681,27,3.186,312
55.82246835283927,-4.322565436237576,124.0,55.79569701419853,-4.1769099124482585,28,11.869,1025
55.82246835283927,-4.322565436237576,124.0,55.81260197667657,-4.197841211154324,29,9.371,891
55.82246835283927,-4.322565436237576,124.0,55.826092940761974,-4.176919409292903,30,14.21,938
55.82246835283927,-4.322565436237576,124.0,55.828413149208096,-4.109650878166438,31,21.014,1128
55.82246835283927,-4.322565436237576,124.0,55.8999241737755,-4.257993823533507,32,13.471,1049
55.82246835283927,-4.322565436237576,124.0,55.892514250678616,-4.340118142906542,33,13.076,1007
55.82246835283927,-4.322565436237576,124.0,55.855241629670886,-4.269936069312288,34,9.504,674
55.82246835283927,-4.322565436237576,124.0,55.877364911629314,-4.109701193625618,35,21.077,1187
55.82246835283927,-4.322565436237576,124.0,55.887053111734645,-4.1280531391159245,36,21.379,1154
55.82246835283927,-4.322565436237576,124.0,55.89108676863447,-4.105446803942431,37,23.112,1460
55.82246835283927,-4.322565436237576,124.0,55.842635153466425,-4.334387903339716,38,5.852,512
55.82246835283927,-4.322565436237576,124.0,55.89197542936556,-4.19614108945253,39,17.386,987
55.82246835283927,-4.322565436237576,124.0,55.825849135803445,-4.321179033230789,40,3.165,233
55.82246835283927,-4.322565436237576,124.0,55.81864602215581,-4.375055705699034,41,5.846,430
55.82246835283927,-4.322565436237576,124.0,55.92613065482397,-4.212698358862173,42,17.899,1182
55.82246835283927,-4.322565436237576,124.0,55.874439929608144,-4.279689658904073,43,10.111,716
55.82246835283927,-4.322565436237576,124.0,55.81998166828728,-4.245455535821837,44,5.56,524
55.82246835283927,-4.322565436237576,124.0,55.91066980601156,-4.213502644426629,45,16.851,1132
55.82246835283927,-4.322565436237576,124.0,55.8404807486866,-4.356656090229781,46,5.961,541
55.82246835283927,-4.322565436237576,124.0,55.88708229912325,-4.079055837843032,47,26.345,1209
55.82246835283927,-4.322565436237576,124.0,55.84510555179576,-4.178720975321847,48,15.875,953
55.82246835283927,-4.322565436237576,124.0,55.84413340760586,-4.085244529493477,49,23.042,1583
55.82246835283927,-4.322565436237576,124.0,55.83324217210475,-4.157183908594519,50,15.737,951
55.82246835283927,-4.322565436237576,124.0,55.895753278756494,-4.323131413571223,51,12.833,1106
55.82246835283927,-4.322565436237576,124.0,55.88609925330935,-4.38354364327563,52,12.264,814
55.82246835283927,-4.322565436237576,124.0,55.86596770908397,-4.338853955125049,53,9.047,695
55.82246835283927,-4.322565436237576,124.0,55.819381988004544,-4.256567679373081,54,4.69,416
55.82246835283927,-4.322565436237576,124.0,55.919398785577634,-4.298102785445152,55,17.298,1742
55.82246835283927,-4.322565436237576,124.0,55.81052481551728,-4.0780884232687225,56,23.813,2275
55.82246835283927,-4.322565436237576,124.0,55.8411814367945,-4.125490362928665,57,19.095,1024
55.82246835283927,-4.322565436237576,124.0,55.844855881791794,-4.151320272286683,58,16.727,1004
55.82246835283927,-4.322565436237576,124.0,55.79334532620707,-4.3052187624925375,59,5.315,432
55.82246835283927,-4.322565436237576,124.0,55.78499644933002,-4.082518262203789,60,27.536,1275
55.82246835283927,-4.322565436237576,124.0,55.86482365717543,-4.074666870071637,61,22.942,1304
55.82246835283927,-4.322565436237576,124.0,55.910543969585106,-4.384534109666136,62,16.907,1295
55.82246835283927,-4.322565436237576,124.0,55.799715679086134,-4.188568421733812,63,12.38,1177
55.82246835283927,-4.322565436237576,124.0,55.90005630083831,-4.294022887833187,64,13.479,1023
55.82246835283927,-4.322565436237576,124.0,55.82573931186619,-4.210157383495828,65,8.588,820
55.82246835283927,-4.322565436237576,124.0,55.88010014610652,-4.288014027401103,66,12.2,992
55.82246835283927,-4.322565436237576,124.0,55.8836463272421,-4.377148406451105,67,12.034,892
55.82246835283927,-4.322565436237576,124.0,55.80511293548626,-4.195982430231648,68,10.096,924
55.82246835283927,-4.322565436237576,124.0,55.9265186267864,-4.256321117900257,69,16.836,1156
55.82246835283927,-4.322565436237576,124.0,55.90353118048908,-4.119171950823842,70,22.275,1396
55.82246835283927,-4.322565436237576,124.0,55.81502357146685,-4.260984914919316,71,4.335,399
55.82246835283927,-4.322565436237576,124.0,55.894355058439295,-4.293143876300353,72,12.769,971
55.82246835283927,-4.322565436237576,124.0,55.80246488546192,-4.242274834364847,73,7.358,700
55.82246835283927,-4.322565436237576,124.0,55.887581813102464,-4.2985753032369685,74,12.381,967
55.82246835283927,-4.322565436237576,124.0,55.928290955083554,-4.295962301582311,75,17.72,1156
55.82246835283927,-4.322565436237576,124.0,55.81096058143004,-4.368797105646974,76,5.949,497
55.82246835283927,-4.322565436237576,124.0,55.84818750128869,-4.3631808239548375,77,8.707,675
55.82246835283927,-4.322565436237576,124.0,55.81610352786554,-4.330910795148831,78,3.047,178
55.82246835283927,-4.322565436237576,124.0,55.807034270653475,-4.136077366584948,79,16.617,1205
55.82246835283927,-4.322565436237576,124.0,55.86778114631985,-4.233612892312959,80,11.962,799
55.82246835283927,-4.322565436237576,124.0,55.79578956690847,-4.368290459919509,81,8.665,1732
55.82246835283927,-4.322565436237576,124.0,55.897877306124535,-4.077031107370425,82,24.903,1927
55.82246835283927,-4.322565436237576,124.0,55.80721289582252,-4.242612882195534,83,6.581,651
55.82246835283927,-4.322565436237576,124.0,55.92209393969709,-4.157940141970138,84,22.046,1193
55.82246835283927,-4.322565436237576,124.0,55.79188265083702,-4.28147512844989,85,6.177,481
55.82246835283927,-4.322565436237576,124.0,55.88043814367632,-4.104360473798184,86,20.889,1147
55.82246835283927,-4.322565436237576,124.0,55.90345994988174,-4.293652184560058,87,13.948,1069
55.82246835283927,-4.322565436237576,124.0,55.91230525016259,-4.108196424937476,88,23.543,1341
55.82246835283927,-4.322565436237576,124.0,55.90569137930351,-4.3852429216612405,89,16.942,1318
55.82246835283927,-4.322565436237576,124.0,55.824402119970216,-4.298242138123909,90,1.995,200
55.82246835283927,-4.322565436237576,124.0,55.887104625653905,-4.201059285828647,91,15.098,1137
55.82246835283927,-4.322565436237576,124.0,55.92006797200308,-4.195257422106852,92,18.745,1159
55.82246835283927,-4.322565436237576,124.0,55.7944551107823,-4.1683749063061635,93,11.999,1459
55.82246835283927,-4.322565436237576,124.0,55.88003873447475,-4.304350182381346,94,11.94,872
55.82246835283927,-4.322565436237576,124.0,55.88308048053683,-4.2942103285768285,95,11.54,847
55.82246835283927,-4.322565436237576,124.0,55.80779271908626,-4.3234306371549245,96,3.666,247
55.82246835283927,-4.322565436237576,124.0,55.90123467399992,-4.380968632189907,97,17.248,1448
55.82246835283927,-4.322565436237576,124.0,55.88049231589054,-4.293733205570284,98,11.442,837
55.82246835283927,-4.322565436237576,124.0,55.84697147961761,-4.334108806216461,99,6.163,588
55.82246835283927,-4.322565436237576,124.0,55.83067141211495,-4.195633651932574,100,13.02,817
55.82246835283927,-4.322565436237576,124.0,55.89350845984679,-4.099445363541155,101,22.927,1292
55.82246835283927,-4.322565436237576,124.0,55.92592408664018,-4.179171340754611,102,23.387,1277
55.82246835283927,-4.322565436237576,124.0,55.84941827409408,-4.169566750359822,103,16.58,1019
55.82246835283927,-4.322565436237576,124.0,55.92413375575165,-4.226670311636797,104,19.114,1924
55.82246835283927,-4.322565436237576,124.0,55.88995713457192,-4.285031242761631,105,11.709,874
55.82246835283927,-4.322565436237576,124.0,55.90528066541109,-4.131569818675147,106,19.725,1041
55.82246835283927,-4.322565436237576,124.0,55.87850608392288,-4.103517886631066,107,21.22,1180
55.82246835283927,-4.322565436237576,124.0,55.80799405798939,-4.284953473560454,108,3.742,376
55.82246835283927,-4.322565436237576,124.0,55.906815669822045,-4.385279074380807,109,16.253,1233
55.82246835283927,-4.322565436237576,124.0,55.916237634416454,-4.222407816066865,110,17.352,1117
55.82246835283927,-4.322565436237576,124.0,55.915798955837815,-4.088621086891774,111,26.627,1372
55.82246835283927,-4.322565436237576,124.0,55.827538479175395,-4.350653065976025,112,4.186,352
55.82246835283927,-4.322565436237576,124.0,55.799515288981674,-4.0866627646338864,113,27.906,1387
55.82246835283927,-4.322565436237576,124.0,55.831024245961984,-4.244756518165482,114,6.887,646
55.82246835283927,-4.322565436237576,124.0,55.86754360554833,-4.2143078261423845,115,13.302,914
55.82246835283927,-4.322565436237576,124.0,55.8574985965699,-4.1521224561179935,116,17.883,1130
55.82246835283927,-4.322565436237576,124.0,55.88095643501817,-4.32811659177277,117,10.889,822
55.82246835283927,-4.322565436237576,124.0,55.85240433608213,-4.177570445500026,118,16.744,1070
55.82246835283927,-4.322565436237576,124.0,55.91169549549074,-4.359708873069638,119,17.865,1353
55.82246835283927,-4.322565436237576,124.0,55.92640787519779,-4.300990956079843,120,18.168,1205
55.82246835283927,-4.322565436237576,124.0,55.84019197366069,-4.205566157974415,121,14.34,968
55.82246835283927,-4.322565436237576,124.0,55.866619942939494,-4.268153778778456,122,10.264,838
55.82246835283927,-4.322565436237576,124.0,55.81327411986783,-4.2587495402872255,123,5.014,470
55.82246835283927,-4.322565436237576,124.0,55.86022660117776,-4.154711133590585,124,17.803,1058
55.82246835283927,-4.322565436237576,124.0,55.831522729053496,-4.370420634377527,125,6.24,522
55.82246835283927,-4.322565436237576,124.0,55.84074346341779,-4.172411658039648,126,14.948,873
55.82246835283927,-4.322565436237576,124.0,55.8801412435821,-4.258666277618953,127,11.308,865
55.82246835283927,-4.322565436237576,124.0,55.8434159429892,-4.1056733307349536,128,19.351,1052
55.82246835283927,-4.322565436237576,124.0,55.83522057783537,-4.25736952395694,129,4.859,501
55.82246835283927,-4.322565436237576,124.0,55.86467774065618,-4.2250953414252415,130,12.086,751
55.82246835283927,-4.322565436237576,124.0,55.8953662249987,-4.231143624453162,131,14.539,929
55.82246835283927,-4.322565436237576,124.0,55.81920459649808,-4.236238450921302,132,6.144,574
55.82246835283927,-4.322565436237576,124.0,55.900795402502105,-4.206009410292495,133,16.706,1124
55.82246835283927,-4.322565436237576,124.0,55.86078490474355,-4.339631469507248,134,9.582,789
55.82246835283927,-4.322565436237576,124.0,55.924999437053955,-4.191173279124663,135,18.996,1169
55.82246835283927,-4.322565436237576,124.0,55.81549096669224,-4.126910343137958,136,18.435,1236
55.82246835283927,-4.322565436237576,124.0,55.90135585493081,-4.207622057499793,137,16.705,1101
55.82246835283927,-4.322565436237576,124.0,55.845816555475636,-4.129576488296543,138,18.1,1094
55.82246835283927,-4.322565436237576,124.0,55.80470047644827,-4.291960781118721,139,3.769,354
55.82246835283927,-4.322565436237576,124.0,55.89185394491289,-4.179857587296262,140,16.29,912
55.82246835283927,-4.322565436237576,124.0,55.91859399996558,-4.3401659608951215,141,16.731,1204
55.82246835283927,-4.322565436237576,124.0,55.90671476836246,-4.3642865107142725,142,15.832,1286
55.82246835283927,-4.322565436237576,124.0,55.81273399651921,-4.167613047894911,143,15.493,999
55.82246835283927,-4.322565436237576,124.0,55.80939871413575,-4.276056954355674,144,3.65,325
55.82246835283927,-4.322565436237576,124.0,55.88312869327199,-4.214542892826467,145,14.11,955
55.82246835283927,-4.322565436237576,124.0,55.815340374954424,-4.283514492524949,146,2.644,210
55.82246835283927,-4.322565436237576,124.0,55.87864379034378,-4.080636908866371,147,27.325,1243
55.82246835283927,-4.322565436237576,124.0,55.89423440492952,-4.2418874418647645,148,15.102,1013
55.82246835283927,-4.322565436237576,124.0,55.92796852989922,-4.305970400193036,149,18.296,1228
55.82246835283927,-4.322565436237576,124.0,55.92895153496988,-4.082888064137351,150,26.997,1321
55.82246835283927,-4.322565436237576,124.0,55.790766759429424,-4.135285962371055,151,14.424,1100
55.82246835283927,-4.322565436237576,124.0,55.80808041573422,-4.184105792933229,152,10.397,933
55.82246835283927,-4.322565436237576,124.0,55.7982747224006,-4.3931924101572655,153,7.587,598
55.82246835283927,-4.322565436237576,124.0,55.81178474630603,-4.337962602706185,154,3.462,223
55.82246835283927,-4.322565436237576,124.0,55.852972007756,-4.353957895039277,155,7.531,739
55.82246835283927,-4.322565436237576,124.0,55.797152036890715,-4.311451416173846,156,4.919,384
55.82246835283927,-4.322565436237576,124.0,55.84839482833289,-4.1889265673730645,157,16.526,988
55.82246835283927,-4.322565436237576,124.0,55.86383954752864,-4.387927326091926,158,14.373,820
55.82246835283927,-4.322565436237576,124.0,55.807182357875575,-4.140487806234959,159,13.7,1160
55.82246835283927,-4.322565436237576,124.0,55.8296607577131,-4.218765551358871,160,8.522,822
55.82246835283927,-4.322565436237576,124.0,55.82699494590622,-4.295404959002084,161,2.567,198
55.82246835283927,-4.322565436237576,124.0,55.861248665443505,-4.307186036515638,162,6.426,613
55.82246835283927,-4.322565436237576,124.0,55.897857165570365,-4.156645648865112,163,17.766,949
55.82246835283927,-4.322565436237576,124.0,55.877747555317356,-4.342792329217214,164,11.479,919
55.82246835283927,-4.322565436237576,124.0,55.92259641850896,-4.389236283866068,165,27.735,1383
55.82246835283927,-4.322565436237576,124.0,55.92621339590465,-4.2820478996479165,166,16.62,1105
55.82246835283927,-4.322565436237576,124.0,55.80660612206145,-4.094012410496262,167,23.398,1340
55.82246835283927,-4.322565436237576,124.0,55.84605439624201,-4.09192094471571,168,22.103,1064
55.82246835283927,-4.322565436237576,124.0,55.83961965364386,-4.1201104741133365,169,18.702,951
55.82246835283927,-4.322565436237576,124.0,55.85030951683019,-4.217608837338132,170,11.994,919
55.82246835283927,-4.322565436237576,124.0,55.85971342373431,-4.246748195156407,171,12.455,849
55.82246835283927,-4.322565436237576,124.0,55.815747728441636,-4.150792968910081,172,15.991,1061
55.82246835283927,-4.322565436237576,124.0,55.80041195127493,-4.3806303679601495,173,7.003,550
55.82246835283927,-4.322565436237576,124.0,55.85487415463933,-4.092829020720908,174,21.913,1065
55.82246835283927,-4.322565436237576,124.0,55.80456076444065,-4.203157873727267,175,10.115,926
55.82246835283927,-4.322565436237576,124.0,55.84723005082115,-4.330151260440624,176,6.051,557
55.82246835283927,-4.322565436237576,124.0,55.88775631668876,-4.123428423568879,177,21.514,1160
55.82246835283927,-4.322565436237576,124.0,55.82857385936083,-4.129579652409029,178,18.513,1248
55.82246835283927,-4.322565436237576,124.0,55.879865395443076,-4.36272007519476,179,12.371,962
55.82246835283927,-4.322565436237576,124.0,55.87973669437185,-4.215636550296907,180,13.397,967
55.82246835283927,-4.322565436237576,124.0,55.8162521393249,-4.1868605517933455,181,9.868,922
55.82246835283927,-4.322565436237576,124.0,55.80755514535402,-4.201625161718038,182,9.35,874
55.82246835283927,-4.322565436237576,124.0,55.85565398843102,-4.250533808562208,183,6.789,763
55.82246835283927,-4.322565436237576,124.0,55.929636326069506,-4.381100658166308,184,28.721,1404
55.82246835283927,-4.322565436237576,124.0,55.879581066995904,-4.21986165885879,185,13.038,947
55.82246835283927,-4.322565436237576,124.0,55.92647877645629,-4.127886630011083,186,23.128,1279
55.82246835283927,-4.322565436237576,124.0,55.82282427264178,-4.371094162561755,187,5.376,445
55.82246835283927,-4.322565436237576,124.0,55.90291353127043,-4.3414180899754955,188,13.878,1164
55.82246835283927,-4.322565436237576,124.0,55.78437024600116,-4.156926419796477,189,13.768,1114
55.82246835283927,-4.322565436237576,124.0,55.8321542449311,-4.1561720476648265,190,15.777,964
55.82246835283927,-4.322565436237576,124.0,55.88310705812362,-4.084862107847263,191,24.486,1125
55.82246835283927,-4.322565436237576,124.0,55.85616333886266,-4.110333739241922,192,20.714,1108
55.82246835283927,-4.322565436237576,124.0,55.90185178498145,-4.152652007721208,193,21.675,1573
55.82246835283927,-4.322565436237576,124.0,55.8837118458465,-4.182392741162416,194,17.954,1921
55.82246835283927,-4.322565436237576,124.0,55.83086049774818,-4.312434105301623,195,2.77,214
55.82246835283927,-4.322565436237576,124.0,55.821849459706755,-4.176208567338996,196,14.621,935
55.82246835283927,-4.322565436237576,124.0,55.88009750494633,-4.255964552703097,197,10.994,843
55.82246835283927,-4.322565436237576,124.0,55.87413911675089,-4.369807111055967,198,10.375,711
55.82246835283927,-4.322565436237576,124.0,55.86354071984154,-4.093406384811447,199,21.33,1162
55.896225401947696,-4.346266520988428,125.0,55.8391698042901,-4.214478482526657,0,16.08,1088
55.896225401947696,-4.346266520988428,125.0,55.86553667472969,-4.350500876963486,1,6.46,649
55.896225401947696,-4.346266520988428,125.0,55.912892829643965,-4.286410947894997,2,9.795,1613
55.896225401947696,-4.346266520988428,125.0,55.84854019346565,-4.391697428307927,3,10.545,1001
55.896225401947696,-4.346266520988428,125.0,55.79232875093524,-4.310455024670266,4,19.194,1219
55.896225401947696,-4.346266520988428,125.0,55.837143362020576,-4.120043492886959,5,19.779,1100
55.896225401947696,-4.346266520988428,125.0,55.84185129809378,-4.283879851305767,6,10.938,961
55.896225401947696,-4.346266520988428,125.0,55.90609664927746,-4.311383718964596,7,5.107,478
55.896225401947696,-4.346266520988428,125.0,55.7832172019226,-4.31249791159531,8,20.782,1277
55.896225401947696,-4.346266520988428,125.0,55.8177258987159,-4.260489243356555,9,14.751,1149
55.896225401947696,-4.346266520988428,125.0,55.903262790870684,-4.212111703691823,10,15.436,1125
55.896225401947696,-4.346266520988428,125.0,55.893978813107424,-4.1413270988368325,11,15.13,1160
55.896225401947696,-4.346266520988428,125.0,55.894884622950286,-4.154349650804189,12,17.515,1058
55.896225401947696,-4.346266520988428,125.0,55.80680963785043,-4.263605759417426,13,16.516,1374
55.896225401947696,-4.346266520988428,125.0,55.81824312166051,-4.346878846315483,14,16.357,1133
55.896225401947696,-4.346266520988428,125.0,55.84742656229786,-4.269221405976544,15,10.35,856
55.896225401947696,-4.346266520988428,125.0,55.80730424868546,-4.315177272898423,16,16.063,1118
55.896225401947696,-4.346266520988428,125.0,55.83798278877758,-4.260604018644594,17,11.132,966
55.896225401947696,-4.346266520988428,125.0,55.89424631095569,-4.343398240721316,18,0.364,55
55.896225401947696,-4.346266520988428,125.0,55.83908093533876,-4.223069302141199,19,13.671,1119
55.896225401947696,-4.346266520988428,125.0,55.8357731433788,-4.270556349194068,20,11.154,868
55.896225401947696,-4.346266520988428,125.0,55.90309627527835,-4.360750370095284,21,1.907,244
55.896225401947696,-4.346266520988428,125.0,55.85652103589449,-4.101365743428073,22,17.678,1103
55.896225401947696,-4.346266520988428,125.0,55.783736419963375,-4.235306054793451,23,18.811,1440
55.896225401947696,-4.346266520988428,125.0,55.92064824587275,-4.2358362157531895,24,12.147,763
55.896225401947696,-4.346266520988428,125.0,55.907674892744176,-4.2497703459088045,25,15.763,2207
55.896225401947696,-4.346266520988428,125.0,55.919604340921964,-4.226208116301384,26,14.575,966
55.896225401947696,-4.346266520988428,125.0,55.83219148710444,-4.304581930326681,27,15.235,1160
55.896225401947696,-4.346266520988428,125.0,55.79569701419853,-4.1769099124482585,28,20.495,1372
55.896225401947696,-4.346266520988428,125.0,55.81260197667657,-4.197841211154324,29,17.906,1240
55.896225401947696,-4.346266520988428,125.0,55.826092940761974,-4.176919409292903,30,16.436,1172
55.896225401947696,-4.346266520988428,125.0,55.828413149208096,-4.109650878166438,31,23.24,1363
55.896225401947696,-4.346266520988428,125.0,55.8999241737755,-4.257993823533507,32,12.924,879
55.896225401947696,-4.346266520988428,125.0,55.892514250678616,-4.340118142906542,33,0.834,165
55.896225401947696,-4.346266520988428,125.0,55.855241629670886,-4.269936069312288,34,8.194,597
55.896225401947696,-4.346266520988428,125.0,55.877364911629314,-4.109701193625618,35,18.079,1203
55.896225401947696,-4.346266520988428,125.0,55.887053111734645,-4.1280531391159245,36,18.381,1170
55.896225401947696,-4.346266520988428,125.0,55.89108676863447,-4.105446803942431,37,20.114,1476
55.896225401947696,-4.346266520988428,125.0,55.842635153466425,-4.334387903339716,38,8.323,804
55.896225401947696,-4.346266520988428,125.0,55.89197542936556,-4.19614108945253,39,14.388,1003
55.896225401947696,-4.346266520988428,125.0,55.825849135803445,-4.321179033230789,40,13.413,1060
55.896225401947696,-4.346266520988428,125.0,55.81864602215581,-4.375055705699034,41,12.325,1087
55.896225401947696,-4.346266520988428,125.0,55.92613065482397,-4.212698358862173,42,15.203,1037
55.896225401947696,-4.346266520988428,125.0,55.874439929608144,-4.279689658904073,43,5.481,616
55.896225401947696,-4.346266520988428,125.0,55.81998166828728,-4.245455535821837,44,14.231,1055
55.896225401947696,-4.346266520988428,125.0,55.91066980601156,-4.213502644426629,45,14.275,995
55.896225401947696,-4.346266520988428,125.0,55.8404807486866,-4.356656090229781,46,10.634,975
55.896225401947696,-4.346266520988428,125.0,55.88708229912325,-4.079055837843032,47,20.923,1336
55.896225401947696,-4.346266520988428,125.0,55.84510555179576,-4.178720975321847,48,18.101,1188
55.896225401947696,-4.346266520988428,125.0,55.84413340760586,-4.085244529493477,49,22.177,1636
55.896225401947696,-4.346266520988428,125.0,55.83324217210475,-4.157183908594519,50,17.963,1185
55.896225401947696,-4.346266520988428,125.0,55.895753278756494,-4.323131413571223,51,1.955,319
55.896225401947696,-4.346266520988428,125.0,55.88609925330935,-4.38354364327563,52,11.325,832
55.896225401947696,-4.346266520988428,125.0,55.86596770908397,-4.338853955125049,53,5.591,572
55.896225401947696,-4.346266520988428,125.0,55.819381988004544,-4.256567679373081,54,15.66,1205
55.896225401947696,-4.346266520988428,125.0,55.919398785577634,-4.298102785445152,55,10.071,1293
55.896225401947696,-4.346266520988428,125.0,55.81052481551728,-4.0780884232687225,56,26.039,2510
55.896225401947696,-4.346266520988428,125.0,55.8411814367945,-4.125490362928665,57,21.321,1258
55.896225401947696,-4.346266520988428,125.0,55.844855881791794,-4.151320272286683,58,18.953,1238
55.896225401947696,-4.346266520988428,125.0,55.79334532620707,-4.3052187624925375,59,19.525,1225
55.896225401947696,-4.346266520988428,125.0,55.78499644933002,-4.082518262203789,60,29.762,1509
55.896225401947696,-4.346266520988428,125.0,55.86482365717543,-4.074666870071637,61,19.944,1320
55.896225401947696,-4.346266520988428,125.0,55.910543969585106,-4.384534109666136,62,3.734,319
55.896225401947696,-4.346266520988428,125.0,55.799715679086134,-4.188568421733812,63,20.477,1531
55.896225401947696,-4.346266520988428,125.0,55.90005630083831,-4.294022887833187,64,4.998,555
55.896225401947696,-4.346266520988428,125.0,55.82573931186619,-4.210157383495828,65,15.963,1054
55.896225401947696,-4.346266520988428,125.0,55.88010014610652,-4.288014027401103,66,4.754,633
55.896225401947696,-4.346266520988428,125.0,55.8836463272421,-4.377148406451105,67,11.095,910
55.896225401947696,-4.346266520988428,125.0,55.80511293548626,-4.195982430231648,68,18.886,1314
55.896225401947696,-4.346266520988428,125.0,55.9265186267864,-4.256321117900257,69,11.045,751
55.896225401947696,-4.346266520988428,125.0,55.90353118048908,-4.119171950823842,70,19.277,1411
55.896225401947696,-4.346266520988428,125.0,55.81502357146685,-4.260984914919316,71,15.108,1184
55.896225401947696,-4.346266520988428,125.0,55.894355058439295,-4.293143876300353,72,4.847,560
55.896225401947696,-4.346266520988428,125.0,55.80246488546192,-4.242274834364847,73,16.372,1280
55.896225401947696,-4.346266520988428,125.0,55.887581813102464,-4.2985753032369685,74,4.119,529
55.896225401947696,-4.346266520988428,125.0,55.928290955083554,-4.295962301582311,75,6.924,558
55.896225401947696,-4.346266520988428,125.0,55.81096058143004,-4.368797105646974,76,19.043,1224
55.896225401947696,-4.346266520988428,125.0,55.84818750128869,-4.3631808239548375,77,10.798,811
55.896225401947696,-4.346266520988428,125.0,55.81610352786554,-4.330910795148831,78,15.382,973
55.896225401947696,-4.346266520988428,125.0,55.807034270653475,-4.136077366584948,79,19.67,1423
55.896225401947696,-4.346266520988428,125.0,55.86778114631985,-4.233612892312959,80,8.964,815
55.896225401947696,-4.346266520988428,125.0,55.79578956690847,-4.368290459919509,81,15.868,2399
55.896225401947696,-4.346266520988428,125.0,55.897877306124535,-4.077031107370425,82,21.905,1942
55.896225401947696,-4.346266520988428,125.0,55.80721289582252,-4.242612882195534,83,15.595,1232
55.896225401947696,-4.346266520988428,125.0,55.92209393969709,-4.157940141970138,84,19.257,1225
55.896225401947696,-4.346266520988428,125.0,55.79188265083702,-4.28147512844989,85,20.387,1280
55.896225401947696,-4.346266520988428,125.0,55.88043814367632,-4.104360473798184,86,17.891,1163
55.896225401947696,-4.346266520988428,125.0,55.90345994988174,-4.293652184560058,87,5.408,599
55.896225401947696,-4.346266520988428,125.0,55.91230525016259,-4.108196424937476,88,20.545,1357
55.896225401947696,-4.346266520988428,125.0,55.90569137930351,-4.3852429216612405,89,3.769,342
55.896225401947696,-4.346266520988428,125.0,55.824402119970216,-4.298242138123909,90,13.849,981
55.896225401947696,-4.346266520988428,125.0,55.887104625653905,-4.201059285828647,91,12.1,1152
55.896225401947696,-4.346266520988428,125.0,55.92006797200308,-4.195257422106852,92,14.645,969
55.896225401947696,-4.346266520988428,125.0,55.7944551107823,-4.1683749063061635,93,20.625,1807
55.896225401947696,-4.346266520988428,125.0,55.88003873447475,-4.304350182381346,94,3.636,455
55.896225401947696,-4.346266520988428,125.0,55.88308048053683,-4.2942103285768285,95,4.094,474
55.896225401947696,-4.346266520988428,125.0,55.80779271908626,-4.3234306371549245,96,16.653,1105
55.896225401947696,-4.346266520988428,125.0,55.90123467399992,-4.380968632189907,97,6.673,661
55.896225401947696,-4.346266520988428,125.0,55.88049231589054,-4.293733205570284,98,3.996,464
55.896225401947696,-4.346266520988428,125.0,55.84697147961761,-4.334108806216461,99,7.913,738
55.896225401947696,-4.346266520988428,125.0,55.83067141211495,-4.195633651932574,100,15.246,1051
55.896225401947696,-4.346266520988428,125.0,55.89350845984679,-4.099445363541155,101,19.929,1308
55.896225401947696,-4.346266520988428,125.0,55.92592408664018,-4.179171340754611,102,16.816,1113
55.896225401947696,-4.346266520988428,125.0,55.84941827409408,-4.169566750359822,103,13.741,1245
55.896225401947696,-4.346266520988428,125.0,55.92413375575165,-4.226670311636797,104,16.418,1779
55.896225401947696,-4.346266520988428,125.0,55.88995713457192,-4.285031242761631,105,5.005,561
55.896225401947696,-4.346266520988428,125.0,55.90528066541109,-4.131569818675147,106,16.727,1057
55.896225401947696,-4.346266520988428,125.0,55.87850608392288,-4.103517886631066,107,18.222,1196
55.896225401947696,-4.346266520988428,125.0,55.80799405798939,-4.284953473560454,108,15.152,1235
55.896225401947696,-4.346266520988428,125.0,55.906815669822045,-4.385279074380807,109,3.08,257
55.896225401947696,-4.346266520988428,125.0,55.916237634416454,-4.222407816066865,110,14.327,948
55.896225401947696,-4.346266520988428,125.0,55.915798955837815,-4.088621086891774,111,23.629,1388
55.896225401947696,-4.346266520988428,125.0,55.827538479175395,-4.350653065976025,112,11.177,1053
55.896225401947696,-4.346266520988428,125.0,55.799515288981674,-4.0866627646338864,113,30.132,1622
55.896225401947696,-4.346266520988428,125.0,55.831024245961984,-4.244756518165482,114,12.712,956
55.896225401947696,-4.346266520988428,125.0,55.86754360554833,-4.2143078261423845,115,10.304,930
55.896225401947696,-4.346266520988428,125.0,55.8574985965699,-4.1521224561179935,116,15.588,1146
55.896225401947696,-4.346266520988428,125.0,55.88095643501817,-4.32811659177277,117,2.874,356
55.896225401947696,-4.346266520988428,125.0,55.85240433608213,-4.177570445500026,118,13.026,1117
55.896225401947696,-4.346266520988428,125.0,55.91169549549074,-4.359708873069638,119,3.343,479
55.896225401947696,-4.346266520988428,125.0,55.92640787519779,-4.300990956079843,120,6.732,579
55.896225401947696,-4.346266520988428,125.0,55.84019197366069,-4.205566157974415,121,16.566,1203
55.896225401947696,-4.346266520988428,125.0,55.866619942939494,-4.268153778778456,122,6.789,769
55.896225401947696,-4.346266520988428,125.0,55.81327411986783,-4.2587495402872255,123,15.087,1194
55.896225401947696,-4.346266520988428,125.0,55.86022660117776,-4.154711133590585,124,14.805,1074
55.896225401947696,-4.346266520988428,125.0,55.831522729053496,-4.370420634377527,125,10.639,982
55.896225401947696,-4.346266520988428,125.0,55.84074346341779,-4.172411658039648,126,17.174,1108
55.896225401947696,-4.346266520988428,125.0,55.8801412435821,-4.258666277618953,127,8.034,817
55.896225401947696,-4.346266520988428,125.0,55.8434159429892,-4.1056733307349536,128,21.577,1287
55.896225401947696,-4.346266520988428,125.0,55.83522057783537,-4.25736952395694,129,11.771,994
55.896225401947696,-4.346266520988428,125.0,55.86467774065618,-4.2250953414252415,130,9.088,767
55.896225401947696,-4.346266520988428,125.0,55.8953662249987,-4.231143624453162,131,11.541,945
55.896225401947696,-4.346266520988428,125.0,55.81920459649808,-4.236238450921302,132,14.815,1105
55.896225401947696,-4.346266520988428,125.0,55.900795402502105,-4.206009410292495,133,16.249,1205
55.896225401947696,-4.346266520988428,125.0,55.86078490474355,-4.339631469507248,134,6.126,667
55.896225401947696,-4.346266520988428,125.0,55.924999437053955,-4.191173279124663,135,14.896,978
55.896225401947696,-4.346266520988428,125.0,55.81549096669224,-4.126910343137958,136,20.661,1470
55.896225401947696,-4.346266520988428,125.0,55.90135585493081,-4.207622057499793,137,16.138,1167
55.896225401947696,-4.346266520988428,125.0,55.845816555475636,-4.129576488296543,138,18.778,1315
55.896225401947696,-4.346266520988428,125.0,55.80470047644827,-4.291960781118721,139,15.179,1213
55.896225401947696,-4.346266520988428,125.0,55.89185394491289,-4.179857587296262,140,13.292,928
55.896225401947696,-4.346266520988428,125.0,55.91859399996558,-4.3401659608951215,141,5.662,515
55.896225401947696,-4.346266520988428,125.0,55.90671476836246,-4.3642865107142725,142,2.659,299
55.896225401947696,-4.346266520988428,125.0,55.81273399651921,-4.167613047894911,143,17.719,1234
55.896225401947696,-4.346266520988428,125.0,55.80939871413575,-4.276056954355674,144,15.06,1199
55.896225401947696,-4.346266520988428,125.0,55.88312869327199,-4.214542892826467,145,11.112,971
55.896225401947696,-4.346266520988428,125.0,55.815340374954424,-4.283514492524949,146,14.054,1084
55.896225401947696,-4.346266520988428,125.0,55.87864379034378,-4.080636908866371,147,21.903,1370
55.896225401947696,-4.346266520988428,125.0,55.89423440492952,-4.2418874418647645,148,13.565,992
55.896225401947696,-4.346266520988428,125.0,55.92796852989922,-4.305970400193036,149,6.86,602
55.896225401947696,-4.346266520988428,125.0,55.92895153496988,-4.082888064137351,150,23.999,1337
55.896225401947696,-4.346266520988428,125.0,55.790766759429424,-4.135285962371055,151,23.05,1448
55.896225401947696,-4.346266520988428,125.0,55.80808041573422,-4.184105792933229,152,18.68,1246
55.896225401947696,-4.346266520988428,125.0,55.7982747224006,-4.3931924101572655,153,14.79,1264
55.896225401947696,-4.346266520988428,125.0,55.81178474630603,-4.337962602706185,154,16.449,1079
55.896225401947696,-4.346266520988428,125.0,55.852972007756,-4.353957895039277,155,7.447,766
55.896225401947696,-4.346266520988428,125.0,55.797152036890715,-4.311451416173846,156,18.421,1153
55.896225401947696,-4.346266520988428,125.0,55.84839482833289,-4.1889265673730645,157,12.77,1135
55.896225401947696,-4.346266520988428,125.0,55.86383954752864,-4.387927326091926,158,13.434,838
55.896225401947696,-4.346266520988428,125.0,55.807182357875575,-4.140487806234959,159,19.347,1398
55.896225401947696,-4.346266520988428,125.0,55.8296607577131,-4.218765551358871,160,14.132,1112
55.896225401947696,-4.346266520988428,125.0,55.82699494590622,-4.295404959002084,161,13.885,957
55.896225401947696,-4.346266520988428,125.0,55.861248665443505,-4.307186036515638,162,6.267,638
55.896225401947696,-4.346266520988428,125.0,55.897857165570365,-4.156645648865112,163,14.768,964
55.896225401947696,-4.346266520988428,125.0,55.877747555317356,-4.342792329217214,164,2.595,337
55.896225401947696,-4.346266520988428,125.0,55.92259641850896,-4.389236283866068,165,7.788,569
55.896225401947696,-4.346266520988428,125.0,55.92621339590465,-4.2820478996479165,166,8.091,603
55.896225401947696,-4.346266520988428,125.0,55.80660612206145,-4.094012410496262,167,25.624,1575
55.896225401947696,-4.346266520988428,125.0,55.84605439624201,-4.09192094471571,168,19.105,1079
55.896225401947696,-4.346266520988428,125.0,55.83961965364386,-4.1201104741133365,169,20.928,1185
55.896225401947696,-4.346266520988428,125.0,55.85030951683019,-4.217608837338132,170,11.52,1051
55.896225401947696,-4.346266520988428,125.0,55.85971342373431,-4.246748195156407,171,9.457,865
55.896225401947696,-4.346266520988428,125.0,55.815747728441636,-4.150792968910081,172,18.217,1295
55.896225401947696,-4.346266520988428,125.0,55.80041195127493,-4.3806303679601495,173,14.206,1217
55.896225401947696,-4.346266520988428,125.0,55.85487415463933,-4.092829020720908,174,18.915,1080
55.896225401947696,-4.346266520988428,125.0,55.80456076444065,-4.203157873727267,175,18.905,1316
55.896225401947696,-4.346266520988428,125.0,55.84723005082115,-4.330151260440624,176,8.103,719
55.896225401947696,-4.346266520988428,125.0,55.88775631668876,-4.123428423568879,177,18.516,1176
55.896225401947696,-4.346266520988428,125.0,55.82857385936083,-4.129579652409029,178,20.739,1482
55.896225401947696,-4.346266520988428,125.0,55.879865395443076,-4.36272007519476,179,2.856,339
55.896225401947696,-4.346266520988428,125.0,55.87973669437185,-4.215636550296907,180,10.399,982
55.896225401947696,-4.346266520988428,125.0,55.8162521393249,-4.1868605517933455,181,17.099,1205
55.896225401947696,-4.346266520988428,125.0,55.80755514535402,-4.201625161718038,182,18.658,1283
55.896225401947696,-4.346266520988428,125.0,55.85565398843102,-4.250533808562208,183,9.331,857
55.896225401947696,-4.346266520988428,125.0,55.929636326069506,-4.381100658166308,184,6.85,529
55.896225401947696,-4.346266520988428,125.0,55.879581066995904,-4.21986165885879,185,10.04,963
55.896225401947696,-4.346266520988428,125.0,55.92647877645629,-4.127886630011083,186,20.13,1295
55.896225401947696,-4.346266520988428,125.0,55.82282427264178,-4.371094162561755,187,11.627,1069
55.896225401947696,-4.346266520988428,125.0,55.90291353127043,-4.3414180899754955,188,0.915,216
55.896225401947696,-4.346266520988428,125.0,55.78437024600116,-4.156926419796477,189,22.394,1462
55.896225401947696,-4.346266520988428,125.0,55.8321542449311,-4.1561720476648265,190,18.003,1199
55.896225401947696,-4.346266520988428,125.0,55.88310705812362,-4.084862107847263,191,23.169,1242
55.896225401947696,-4.346266520988428,125.0,55.85616333886266,-4.110333739241922,192,17.716,1124
55.896225401947696,-4.346266520988428,125.0,55.90185178498145,-4.152652007721208,193,20.875,1669
55.896225401947696,-4.346266520988428,125.0,55.8837118458465,-4.182392741162416,194,14.956,1937
55.896225401947696,-4.346266520988428,125.0,55.83086049774818,-4.312434105301623,195,14.819,1062
55.896225401947696,-4.346266520988428,125.0,55.821849459706755,-4.176208567338996,196,16.847,1169
55.896225401947696,-4.346266520988428,125.0,55.88009750494633,-4.255964552703097,197,7.93,812
55.896225401947696,-4.346266520988428,125.0,55.87413911675089,-4.369807111055967,198,9.436,729
55.896225401947696,-4.346266520988428,125.0,55.86354071984154,-4.093406384811447,199,18.332,1178
55.922863362430846,-4.253025881851569,126.0,55.8391698042901,-4.214478482526657,0,13.274,1068
55.922863362430846,-4.253025881851569,126.0,55.86553667472969,-4.350500876963486,1,14.243,1068
55.922863362430846,-4.253025881851569,126.0,55.912892829643965,-4.286410947894997,2,3.356,1122
55.922863362430846,-4.253025881851569,126.0,55.84854019346565,-4.391697428307927,3,17.941,1302
55.922863362430846,-4.253025881851569,126.0,55.79232875093524,-4.310455024670266,4,20.432,1281
55.922863362430846,-4.253025881851569,126.0,55.837143362020576,-4.120043492886959,5,21.017,1161
55.922863362430846,-4.253025881851569,126.0,55.84185129809378,-4.283879851305767,6,15.112,1031
55.922863362430846,-4.253025881851569,126.0,55.90609664927746,-4.311383718964596,7,7.288,467
55.922863362430846,-4.253025881851569,126.0,55.7832172019226,-4.31249791159531,8,22.02,1339
55.922863362430846,-4.253025881851569,126.0,55.8177258987159,-4.260489243356555,9,15.989,1211
55.922863362430846,-4.253025881851569,126.0,55.903262790870684,-4.212111703691823,10,5.515,488
55.922863362430846,-4.253025881851569,126.0,55.893978813107424,-4.1413270988368325,11,13.095,816
55.922863362430846,-4.253025881851569,126.0,55.894884622950286,-4.154349650804189,12,12.687,685
55.922863362430846,-4.253025881851569,126.0,55.80680963785043,-4.263605759417426,13,17.754,1436
55.922863362430846,-4.253025881851569,126.0,55.81824312166051,-4.346878846315483,14,17.595,1195
55.922863362430846,-4.253025881851569,126.0,55.84742656229786,-4.269221405976544,15,11.588,918
55.922863362430846,-4.253025881851569,126.0,55.80730424868546,-4.315177272898423,16,17.301,1180
55.922863362430846,-4.253025881851569,126.0,55.83798278877758,-4.260604018644594,17,12.559,1022
55.922863362430846,-4.253025881851569,126.0,55.89424631095569,-4.343398240721316,18,10.413,730
55.922863362430846,-4.253025881851569,126.0,55.83908093533876,-4.223069302141199,19,12.81,1089
55.922863362430846,-4.253025881851569,126.0,55.8357731433788,-4.270556349194068,20,12.392,929
55.922863362430846,-4.253025881851569,126.0,55.90309627527835,-4.360750370095284,21,9.951,739
55.922863362430846,-4.253025881851569,126.0,55.85652103589449,-4.101365743428073,22,17.994,975
55.922863362430846,-4.253025881851569,126.0,55.783736419963375,-4.235306054793451,23,20.049,1502
55.922863362430846,-4.253025881851569,126.0,55.92064824587275,-4.2358362157531895,24,2.226,127
55.922863362430846,-4.253025881851569,126.0,55.907674892744176,-4.2497703459088045,25,5.842,1570
55.922863362430846,-4.253025881851569,126.0,55.919604340921964,-4.226208116301384,26,4.654,329
55.922863362430846,-4.253025881851569,126.0,55.83219148710444,-4.304581930326681,27,16.473,1221
55.922863362430846,-4.253025881851569,126.0,55.79569701419853,-4.1769099124482585,28,21.733,1434
55.922863362430846,-4.253025881851569,126.0,55.81260197667657,-4.197841211154324,29,19.144,1301
55.922863362430846,-4.253025881851569,126.0,55.826092940761974,-4.176919409292903,30,17.674,1234
55.922863362430846,-4.253025881851569,126.0,55.828413149208096,-4.109650878166438,31,24.94,1320
55.922863362430846,-4.253025881851569,126.0,55.8999241737755,-4.257993823533507,32,5.049,331
55.922863362430846,-4.253025881851569,126.0,55.892514250678616,-4.340118142906542,33,10.442,735
55.922863362430846,-4.253025881851569,126.0,55.855241629670886,-4.269936069312288,34,9.432,659
55.922863362430846,-4.253025881851569,126.0,55.877364911629314,-4.109701193625618,35,18.395,1076
55.922863362430846,-4.253025881851569,126.0,55.887053111734645,-4.1280531391159245,36,13.553,796
55.922863362430846,-4.253025881851569,126.0,55.89108676863447,-4.105446803942431,37,15.286,1102
55.922863362430846,-4.253025881851569,126.0,55.842635153466425,-4.334387903339716,38,14.378,1009
55.922863362430846,-4.253025881851569,126.0,55.89197542936556,-4.19614108945253,39,7.773,591
55.922863362430846,-4.253025881851569,126.0,55.825849135803445,-4.321179033230789,40,14.651,1121
55.922863362430846,-4.253025881851569,126.0,55.81864602215581,-4.375055705699034,41,18.624,1203
55.922863362430846,-4.253025881851569,126.0,55.92613065482397,-4.212698358862173,42,5.282,400
55.922863362430846,-4.253025881851569,126.0,55.874439929608144,-4.279689658904073,43,8.987,733
55.922863362430846,-4.253025881851569,126.0,55.81998166828728,-4.245455535821837,44,15.469,1117
55.922863362430846,-4.253025881851569,126.0,55.91066980601156,-4.213502644426629,45,4.354,358
55.922863362430846,-4.253025881851569,126.0,55.8404807486866,-4.356656090229781,46,18.03,1276
55.922863362430846,-4.253025881851569,126.0,55.88708229912325,-4.079055837843032,47,21.882,1036
55.922863362430846,-4.253025881851569,126.0,55.84510555179576,-4.178720975321847,48,14.271,1132
55.922863362430846,-4.253025881851569,126.0,55.84413340760586,-4.085244529493477,49,22.493,1508
55.922863362430846,-4.253025881851569,126.0,55.83324217210475,-4.157183908594519,50,25.485,1273
55.922863362430846,-4.253025881851569,126.0,55.895753278756494,-4.323131413571223,51,9.577,676
55.922863362430846,-4.253025881851569,126.0,55.88609925330935,-4.38354364327563,52,19.543,1149
55.922863362430846,-4.253025881851569,126.0,55.86596770908397,-4.338853955125049,53,13.374,991
55.922863362430846,-4.253025881851569,126.0,55.819381988004544,-4.256567679373081,54,14.919,1268
55.922863362430846,-4.253025881851569,126.0,55.919398785577634,-4.298102785445152,55,3.632,801
55.922863362430846,-4.253025881851569,126.0,55.81052481551728,-4.0780884232687225,56,27.739,2467
55.922863362430846,-4.253025881851569,126.0,55.8411814367945,-4.125490362928665,57,23.021,1216
55.922863362430846,-4.253025881851569,126.0,55.844855881791794,-4.151320272286683,58,18.123,1234
55.922863362430846,-4.253025881851569,126.0,55.79334532620707,-4.3052187624925375,59,20.763,1287
55.922863362430846,-4.253025881851569,126.0,55.78499644933002,-4.082518262203789,60,29.629,1394
55.922863362430846,-4.253025881851569,126.0,55.86482365717543,-4.074666870071637,61,20.26,1192
55.922863362430846,-4.253025881851569,126.0,55.910543969585106,-4.384534109666136,62,12.383,874
55.922863362430846,-4.253025881851569,126.0,55.799715679086134,-4.188568421733812,63,21.715,1593
55.922863362430846,-4.253025881851569,126.0,55.90005630083831,-4.294022887833187,64,5.204,393
55.922863362430846,-4.253025881851569,126.0,55.82573931186619,-4.210157383495828,65,17.201,1116
55.922863362430846,-4.253025881851569,126.0,55.88010014610652,-4.288014027401103,66,7.525,636
55.922863362430846,-4.253025881851569,126.0,55.8836463272421,-4.377148406451105,67,19.313,1227
55.922863362430846,-4.253025881851569,126.0,55.80511293548626,-4.195982430231648,68,20.124,1376
55.922863362430846,-4.253025881851569,126.0,55.9265186267864,-4.256321117900257,69,0.224,60
55.922863362430846,-4.253025881851569,126.0,55.90353118048908,-4.119171950823842,70,13.954,1018
55.922863362430846,-4.253025881851569,126.0,55.81502357146685,-4.260984914919316,71,16.346,1246
55.922863362430846,-4.253025881851569,126.0,55.894355058439295,-4.293143876300353,72,6.252,477
55.922863362430846,-4.253025881851569,126.0,55.80246488546192,-4.242274834364847,73,17.61,1342
55.922863362430846,-4.253025881851569,126.0,55.887581813102464,-4.2985753032369685,74,6.862,547
55.922863362430846,-4.253025881851569,126.0,55.928290955083554,-4.295962301582311,75,4.054,216
55.922863362430846,-4.253025881851569,126.0,55.81096058143004,-4.368797105646974,76,20.281,1285
55.922863362430846,-4.253025881851569,126.0,55.84818750128869,-4.3631808239548375,77,19.016,1128
55.922863362430846,-4.253025881851569,126.0,55.81610352786554,-4.330910795148831,78,16.62,1035
55.922863362430846,-4.253025881851569,126.0,55.807034270653475,-4.136077366584948,79,20.908,1485
55.922863362430846,-4.253025881851569,126.0,55.86778114631985,-4.233612892312959,80,9.131,713
55.922863362430846,-4.253025881851569,126.0,55.79578956690847,-4.368290459919509,81,25.365,2480
55.922863362430846,-4.253025881851569,126.0,55.897877306124535,-4.077031107370425,82,17.077,1569
55.922863362430846,-4.253025881851569,126.0,55.80721289582252,-4.242612882195534,83,16.833,1294
55.922863362430846,-4.253025881851569,126.0,55.92209393969709,-4.157940141970138,84,10.74,634
55.922863362430846,-4.253025881851569,126.0,55.79188265083702,-4.28147512844989,85,21.625,1342
55.922863362430846,-4.253025881851569,126.0,55.88043814367632,-4.104360473798184,86,18.207,1035
55.922863362430846,-4.253025881851569,126.0,55.90345994988174,-4.293652184560058,87,4.419,314
55.922863362430846,-4.253025881851569,126.0,55.91230525016259,-4.108196424937476,88,14.978,927
55.922863362430846,-4.253025881851569,126.0,55.90569137930351,-4.3852429216612405,89,13.319,950
55.922863362430846,-4.253025881851569,126.0,55.824402119970216,-4.298242138123909,90,15.087,1043
55.922863362430846,-4.253025881851569,126.0,55.887104625653905,-4.201059285828647,91,7.974,691
55.922863362430846,-4.253025881851569,126.0,55.92006797200308,-4.195257422106852,92,6.128,378
55.922863362430846,-4.253025881851569,126.0,55.7944551107823,-4.1683749063061635,93,21.863,1869
55.922863362430846,-4.253025881851569,126.0,55.88003873447475,-4.304350182381346,94,9.158,747
55.922863362430846,-4.253025881851569,126.0,55.88308048053683,-4.2942103285768285,95,7.543,651
55.922863362430846,-4.253025881851569,126.0,55.80779271908626,-4.3234306371549245,96,17.891,1167
55.922863362430846,-4.253025881851569,126.0,55.90123467399992,-4.380968632189907,97,16.097,1218
55.922863362430846,-4.253025881851569,126.0,55.88049231589054,-4.293733205570284,98,8.66,712
55.922863362430846,-4.253025881851569,126.0,55.84697147961761,-4.334108806216461,99,14.492,1042
55.922863362430846,-4.253025881851569,126.0,55.83067141211495,-4.195633651932574,100,16.484,1113
55.922863362430846,-4.253025881851569,126.0,55.89350845984679,-4.099445363541155,101,15.101,934
55.922863362430846,-4.253025881851569,126.0,55.92592408664018,-4.179171340754611,102,8.299,522
55.922863362430846,-4.253025881851569,126.0,55.84941827409408,-4.169566750359822,103,14.057,1117
55.922863362430846,-4.253025881851569,126.0,55.92413375575165,-4.226670311636797,104,6.497,1142
55.922863362430846,-4.253025881851569,126.0,55.88995713457192,-4.285031242761631,105,6.518,459
55.922863362430846,-4.253025881851569,126.0,55.90528066541109,-4.131569818675147,106,11.316,655
55.922863362430846,-4.253025881851569,126.0,55.87850608392288,-4.103517886631066,107,18.538,1069
55.922863362430846,-4.253025881851569,126.0,55.80799405798939,-4.284953473560454,108,16.39,1297
55.922863362430846,-4.253025881851569,126.0,55.906815669822045,-4.385279074380807,109,13.1,904
55.922863362430846,-4.253025881851569,126.0,55.916237634416454,-4.222407816066865,110,4.406,312
55.922863362430846,-4.253025881851569,126.0,55.915798955837815,-4.088621086891774,111,15.696,961
55.922863362430846,-4.253025881851569,126.0,55.827538479175395,-4.350653065976025,112,16.964,1126
55.922863362430846,-4.253025881851569,126.0,55.799515288981674,-4.0866627646338864,113,29.999,1507
55.922863362430846,-4.253025881851569,126.0,55.831024245961984,-4.244756518165482,114,13.95,1018
55.922863362430846,-4.253025881851569,126.0,55.86754360554833,-4.2143078261423845,115,10.62,802
55.922863362430846,-4.253025881851569,126.0,55.8574985965699,-4.1521224561179935,116,15.904,1019
55.922863362430846,-4.253025881851569,126.0,55.88095643501817,-4.32811659177277,117,10.657,775
55.922863362430846,-4.253025881851569,126.0,55.85240433608213,-4.177570445500026,118,13.342,989
55.922863362430846,-4.253025881851569,126.0,55.91169549549074,-4.359708873069638,119,9.895,730
55.922863362430846,-4.253025881851569,126.0,55.92640787519779,-4.300990956079843,120,4.502,265
55.922863362430846,-4.253025881851569,126.0,55.84019197366069,-4.205566157974415,121,13.76,1166
55.922863362430846,-4.253025881851569,126.0,55.866619942939494,-4.268153778778456,122,8.621,797
55.922863362430846,-4.253025881851569,126.0,55.81327411986783,-4.2587495402872255,123,16.325,1255
55.922863362430846,-4.253025881851569,126.0,55.86022660117776,-4.154711133590585,124,15.121,946
55.922863362430846,-4.253025881851569,126.0,55.831522729053496,-4.370420634377527,125,19.018,1296
55.922863362430846,-4.253025881851569,126.0,55.84074346341779,-4.172411658039648,126,15.341,1179
55.922863362430846,-4.253025881851569,126.0,55.8801412435821,-4.258666277618953,127,6.154,424
55.922863362430846,-4.253025881851569,126.0,55.8434159429892,-4.1056733307349536,128,23.277,1244
55.922863362430846,-4.253025881851569,126.0,55.83522057783537,-4.25736952395694,129,12.533,1023
55.922863362430846,-4.253025881851569,126.0,55.86467774065618,-4.2250953414252415,130,9.404,639
55.922863362430846,-4.253025881851569,126.0,55.8953662249987,-4.231143624453162,131,5.768,444
55.922863362430846,-4.253025881851569,126.0,55.81920459649808,-4.236238450921302,132,16.053,1167
55.922863362430846,-4.253025881851569,126.0,55.900795402502105,-4.206009410292495,133,6.328,568
55.922863362430846,-4.253025881851569,126.0,55.86078490474355,-4.339631469507248,134,13.909,1086
55.922863362430846,-4.253025881851569,126.0,55.924999437053955,-4.191173279124663,135,6.379,387
55.922863362430846,-4.253025881851569,126.0,55.81549096669224,-4.126910343137958,136,28.339,1532
55.922863362430846,-4.253025881851569,126.0,55.90135585493081,-4.207622057499793,137,6.217,530
55.922863362430846,-4.253025881851569,126.0,55.845816555475636,-4.129576488296543,138,19.094,1188
55.922863362430846,-4.253025881851569,126.0,55.80470047644827,-4.291960781118721,139,16.417,1275
55.922863362430846,-4.253025881851569,126.0,55.89185394491289,-4.179857587296262,140,9.288,655
55.922863362430846,-4.253025881851569,126.0,55.91859399996558,-4.3401659608951215,141,7.263,475
55.922863362430846,-4.253025881851569,126.0,55.90671476836246,-4.3642865107142725,142,9.982,702
55.922863362430846,-4.253025881851569,126.0,55.81273399651921,-4.167613047894911,143,18.957,1296
55.922863362430846,-4.253025881851569,126.0,55.80939871413575,-4.276056954355674,144,16.298,1261
55.922863362430846,-4.253025881851569,126.0,55.88312869327199,-4.214542892826467,145,8.797,729
55.922863362430846,-4.253025881851569,126.0,55.815340374954424,-4.283514492524949,146,15.292,1146
55.922863362430846,-4.253025881851569,126.0,55.87864379034378,-4.080636908866371,147,22.795,1059
55.922863362430846,-4.253025881851569,126.0,55.89423440492952,-4.2418874418647645,148,5.69,445
55.922863362430846,-4.253025881851569,126.0,55.92796852989922,-4.305970400193036,149,4.63,288
55.922863362430846,-4.253025881851569,126.0,55.92895153496988,-4.082888064137351,150,14.86,903
55.922863362430846,-4.253025881851569,126.0,55.790766759429424,-4.135285962371055,151,24.288,1510
55.922863362430846,-4.253025881851569,126.0,55.80808041573422,-4.184105792933229,152,19.918,1307
55.922863362430846,-4.253025881851569,126.0,55.7982747224006,-4.3931924101572655,153,21.089,1380
55.922863362430846,-4.253025881851569,126.0,55.81178474630603,-4.337962602706185,154,17.687,1141
55.922863362430846,-4.253025881851569,126.0,55.852972007756,-4.353957895039277,155,16.06,1128
55.922863362430846,-4.253025881851569,126.0,55.797152036890715,-4.311451416173846,156,19.659,1215
55.922863362430846,-4.253025881851569,126.0,55.84839482833289,-4.1889265673730645,157,13.086,1007
55.922863362430846,-4.253025881851569,126.0,55.86383954752864,-4.387927326091926,158,21.652,1155
55.922863362430846,-4.253025881851569,126.0,55.807182357875575,-4.140487806234959,159,20.585,1460
55.922863362430846,-4.253025881851569,126.0,55.8296607577131,-4.218765551358871,160,15.37,1174
55.922863362430846,-4.253025881851569,126.0,55.82699494590622,-4.295404959002084,161,15.123,1019
55.922863362430846,-4.253025881851569,126.0,55.861248665443505,-4.307186036515638,162,14.05,1058
55.922863362430846,-4.253025881851569,126.0,55.897857165570365,-4.156645648865112,163,10.825,707
55.922863362430846,-4.253025881851569,126.0,55.877747555317356,-4.342792329217214,164,12.214,982
55.922863362430846,-4.253025881851569,126.0,55.92259641850896,-4.389236283866068,165,11.262,679
55.922863362430846,-4.253025881851569,126.0,55.92621339590465,-4.2820478996479165,166,2.954,164
55.922863362430846,-4.253025881851569,126.0,55.80660612206145,-4.094012410496262,167,27.324,1532
55.922863362430846,-4.253025881851569,126.0,55.84605439624201,-4.09192094471571,168,19.421,952
55.922863362430846,-4.253025881851569,126.0,55.83961965364386,-4.1201104741133365,169,22.628,1143
55.922863362430846,-4.253025881851569,126.0,55.85030951683019,-4.217608837338132,170,11.836,923
55.922863362430846,-4.253025881851569,126.0,55.85971342373431,-4.246748195156407,171,9.773,737
55.922863362430846,-4.253025881851569,126.0,55.815747728441636,-4.150792968910081,172,19.455,1357
55.922863362430846,-4.253025881851569,126.0,55.80041195127493,-4.3806303679601495,173,20.505,1333
55.922863362430846,-4.253025881851569,126.0,55.85487415463933,-4.092829020720908,174,19.231,953
55.922863362430846,-4.253025881851569,126.0,55.80456076444065,-4.203157873727267,175,20.143,1378
55.922863362430846,-4.253025881851569,126.0,55.84723005082115,-4.330151260440624,176,14.013,985
55.922863362430846,-4.253025881851569,126.0,55.88775631668876,-4.123428423568879,177,13.688,802
55.922863362430846,-4.253025881851569,126.0,55.82857385936083,-4.129579652409029,178,27.946,1511
55.922863362430846,-4.253025881851569,126.0,55.879865395443076,-4.36272007519476,179,12.761,1020
55.922863362430846,-4.253025881851569,126.0,55.87973669437185,-4.215636550296907,180,9.063,761
55.922863362430846,-4.253025881851569,126.0,55.8162521393249,-4.1868605517933455,181,18.337,1267
55.922863362430846,-4.253025881851569,126.0,55.80755514535402,-4.201625161718038,182,19.896,1344
55.922863362430846,-4.253025881851569,126.0,55.85565398843102,-4.250533808562208,183,10.587,893
55.922863362430846,-4.253025881851569,126.0,55.929636326069506,-4.381100658166308,184,10.324,639
55.922863362430846,-4.253025881851569,126.0,55.879581066995904,-4.21986165885879,185,8.135,692
55.922863362430846,-4.253025881851569,126.0,55.92647877645629,-4.127886630011083,186,12.544,843
55.922863362430846,-4.253025881851569,126.0,55.82282427264178,-4.371094162561755,187,18.154,1219
55.922863362430846,-4.253025881851569,126.0,55.90291353127043,-4.3414180899754955,188,11.11,799
55.922863362430846,-4.253025881851569,126.0,55.78437024600116,-4.156926419796477,189,23.632,1524
55.922863362430846,-4.253025881851569,126.0,55.8321542449311,-4.1561720476648265,190,25.525,1286
55.922863362430846,-4.253025881851569,126.0,55.88310705812362,-4.084862107847263,191,23.485,1115
55.922863362430846,-4.253025881851569,126.0,55.85616333886266,-4.110333739241922,192,18.032,997
55.922863362430846,-4.253025881851569,126.0,55.90185178498145,-4.152652007721208,193,10.097,1043
55.922863362430846,-4.253025881851569,126.0,55.8837118458465,-4.182392741162416,194,15.963,1818
55.922863362430846,-4.253025881851569,126.0,55.83086049774818,-4.312434105301623,195,16.057,1124
55.922863362430846,-4.253025881851569,126.0,55.821849459706755,-4.176208567338996,196,18.085,1231
55.922863362430846,-4.253025881851569,126.0,55.88009750494633,-4.255964552703097,197,6.05,419
55.922863362430846,-4.253025881851569,126.0,55.87413911675089,-4.369807111055967,198,17.654,1046
55.922863362430846,-4.253025881851569,126.0,55.86354071984154,-4.093406384811447,199,18.648,1050
55.85429666639165,-4.115325856756677,127.0,55.8391698042901,-4.214478482526657,0,8.822,725
55.85429666639165,-4.115325856756677,127.0,55.86553667472969,-4.350500876963486,1,21.955,1109
55.85429666639165,-4.115325856756677,127.0,55.912892829643965,-4.286410947894997,2,18.341,2068
55.85429666639165,-4.115325856756677,127.0,55.84854019346565,-4.391697428307927,3,21.386,1331
55.85429666639165,-4.115325856756677,127.0,55.79232875093524,-4.310455024670266,4,23.877,1309
55.85429666639165,-4.115325856756677,127.0,55.837143362020576,-4.120043492886959,5,7.018,517
55.85429666639165,-4.115325856756677,127.0,55.84185129809378,-4.283879851305767,6,13.029,1027
55.85429666639165,-4.115325856756677,127.0,55.90609664927746,-4.311383718964596,7,17.025,1178
55.85429666639165,-4.115325856756677,127.0,55.7832172019226,-4.31249791159531,8,25.465,1367
55.85429666639165,-4.115325856756677,127.0,55.8177258987159,-4.260489243356555,9,12.979,940
55.85429666639165,-4.115325856756677,127.0,55.903262790870684,-4.212111703691823,10,11.578,958
55.85429666639165,-4.115325856756677,127.0,55.893978813107424,-4.1413270988368325,11,9.507,732
55.85429666639165,-4.115325856756677,127.0,55.894884622950286,-4.154349650804189,12,16.704,721
55.85429666639165,-4.115325856756677,127.0,55.80680963785043,-4.263605759417426,13,15.417,1207
55.85429666639165,-4.115325856756677,127.0,55.81824312166051,-4.346878846315483,14,21.04,1223
55.85429666639165,-4.115325856756677,127.0,55.84742656229786,-4.269221405976544,15,15.033,946
55.85429666639165,-4.115325856756677,127.0,55.80730424868546,-4.315177272898423,16,20.746,1208
55.85429666639165,-4.115325856756677,127.0,55.83798278877758,-4.260604018644594,17,11.5,841
55.85429666639165,-4.115325856756677,127.0,55.89424631095569,-4.343398240721316,18,16.886,1158
55.85429666639165,-4.115325856756677,127.0,55.83908093533876,-4.223069302141199,19,9.321,812
55.85429666639165,-4.115325856756677,127.0,55.8357731433788,-4.270556349194068,20,12.184,891
55.85429666639165,-4.115325856756677,127.0,55.90309627527835,-4.360750370095284,21,18.919,1393
55.85429666639165,-4.115325856756677,127.0,55.85652103589449,-4.101365743428073,22,1.363,178
55.85429666639165,-4.115325856756677,127.0,55.783736419963375,-4.235306054793451,23,13.675,1052
55.85429666639165,-4.115325856756677,127.0,55.92064824587275,-4.2358362157531895,24,15.939,1058
55.85429666639165,-4.115325856756677,127.0,55.907674892744176,-4.2497703459088045,25,14.691,2103
55.85429666639165,-4.115325856756677,127.0,55.919604340921964,-4.226208116301384,26,13.785,1019
55.85429666639165,-4.115325856756677,127.0,55.83219148710444,-4.304581930326681,27,19.918,1250
55.85429666639165,-4.115325856756677,127.0,55.79569701419853,-4.1769099124482585,28,9.85,808
55.85429666639165,-4.115325856756677,127.0,55.81260197667657,-4.197841211154324,29,10.687,859
55.85429666639165,-4.115325856756677,127.0,55.826092940761974,-4.176919409292903,30,6.946,661
55.85429666639165,-4.115325856756677,127.0,55.828413149208096,-4.109650878166438,31,6.971,577
55.85429666639165,-4.115325856756677,127.0,55.8999241737755,-4.257993823533507,32,14.79,1048
55.85429666639165,-4.115325856756677,127.0,55.892514250678616,-4.340118142906542,33,16.915,1169
55.85429666639165,-4.115325856756677,127.0,55.855241629670886,-4.269936069312288,34,12.877,687
55.85429666639165,-4.115325856756677,127.0,55.877364911629314,-4.109701193625618,35,8.568,567
55.85429666639165,-4.115325856756677,127.0,55.887053111734645,-4.1280531391159245,36,15.218,801
55.85429666639165,-4.115325856756677,127.0,55.89108676863447,-4.105446803942431,37,9.559,812
55.85429666639165,-4.115325856756677,127.0,55.842635153466425,-4.334387903339716,38,17.823,1037
55.85429666639165,-4.115325856756677,127.0,55.89197542936556,-4.19614108945253,39,9.362,682
55.85429666639165,-4.115325856756677,127.0,55.825849135803445,-4.321179033230789,40,18.096,1150
55.85429666639165,-4.115325856756677,127.0,55.81864602215581,-4.375055705699034,41,22.069,1232
55.85429666639165,-4.115325856756677,127.0,55.92613065482397,-4.212698358862173,42,22.87,1127
55.85429666639165,-4.115325856756677,127.0,55.874439929608144,-4.279689658904073,43,12.718,809
55.85429666639165,-4.115325856756677,127.0,55.81998166828728,-4.245455535821837,44,12.459,845
55.85429666639165,-4.115325856756677,127.0,55.91066980601156,-4.213502644426629,45,13.28,1034
55.85429666639165,-4.115325856756677,127.0,55.8404807486866,-4.356656090229781,46,21.475,1305
55.85429666639165,-4.115325856756677,127.0,55.88708229912325,-4.079055837843032,47,7.189,405
55.85429666639165,-4.115325856756677,127.0,55.84510555179576,-4.178720975321847,48,5.474,512
55.85429666639165,-4.115325856756677,127.0,55.84413340760586,-4.085244529493477,49,6.106,817
55.85429666639165,-4.115325856756677,127.0,55.83324217210475,-4.157183908594519,50,4.852,469
55.85429666639165,-4.115325856756677,127.0,55.895753278756494,-4.323131413571223,51,16.657,1231
55.85429666639165,-4.115325856756677,127.0,55.88609925330935,-4.38354364327563,52,22.988,1178
55.85429666639165,-4.115325856756677,127.0,55.86596770908397,-4.338853955125049,53,19.771,1058
55.85429666639165,-4.115325856756677,127.0,55.819381988004544,-4.256567679373081,54,13.888,995
55.85429666639165,-4.115325856756677,127.0,55.919398785577634,-4.298102785445152,55,18.617,1748
55.85429666639165,-4.115325856756677,127.0,55.81052481551728,-4.0780884232687225,56,9.77,1724
55.85429666639165,-4.115325856756677,127.0,55.8411814367945,-4.125490362928665,57,3.225,327
55.85429666639165,-4.115325856756677,127.0,55.844855881791794,-4.151320272286683,58,5.306,486
55.85429666639165,-4.115325856756677,127.0,55.79334532620707,-4.3052187624925375,59,24.208,1315
55.85429666639165,-4.115325856756677,127.0,55.78499644933002,-4.082518262203789,60,13.218,708
55.85429666639165,-4.115325856756677,127.0,55.86482365717543,-4.074666870071637,61,3.873,501
55.85429666639165,-4.115325856756677,127.0,55.910543969585106,-4.384534109666136,62,20.746,1457
55.85429666639165,-4.115325856756677,127.0,55.799715679086134,-4.188568421733812,63,10.178,999
55.85429666639165,-4.115325856756677,127.0,55.90005630083831,-4.294022887833187,64,16.097,1131
55.85429666639165,-4.115325856756677,127.0,55.82573931186619,-4.210157383495828,65,8.744,674
55.85429666639165,-4.115325856756677,127.0,55.88010014610652,-4.288014027401103,66,14.818,1099
55.85429666639165,-4.115325856756677,127.0,55.8836463272421,-4.377148406451105,67,22.758,1255
55.85429666639165,-4.115325856756677,127.0,55.80511293548626,-4.195982430231648,68,10.002,854
55.85429666639165,-4.115325856756677,127.0,55.9265186267864,-4.256321117900257,69,18.155,1162
55.85429666639165,-4.115325856756677,127.0,55.90353118048908,-4.119171950823842,70,10.161,872
55.85429666639165,-4.115325856756677,127.0,55.81502357146685,-4.260984914919316,71,13.336,974
55.85429666639165,-4.115325856756677,127.0,55.894355058439295,-4.293143876300353,72,15.387,1078
55.85429666639165,-4.115325856756677,127.0,55.80246488546192,-4.242274834364847,73,14.6,1071
55.85429666639165,-4.115325856756677,127.0,55.887581813102464,-4.2985753032369685,74,14.999,1075
55.85429666639165,-4.115325856756677,127.0,55.928290955083554,-4.295962301582311,75,19.039,1163
55.85429666639165,-4.115325856756677,127.0,55.81096058143004,-4.368797105646974,76,23.726,1314
55.85429666639165,-4.115325856756677,127.0,55.84818750128869,-4.3631808239548375,77,22.461,1157
55.85429666639165,-4.115325856756677,127.0,55.81610352786554,-4.330910795148831,78,20.065,1063
55.85429666639165,-4.115325856756677,127.0,55.807034270653475,-4.136077366584948,79,8.876,757
55.85429666639165,-4.115325856756677,127.0,55.86778114631985,-4.233612892312959,80,9.848,673
55.85429666639165,-4.115325856756677,127.0,55.79578956690847,-4.368290459919509,81,28.81,2508
55.85429666639165,-4.115325856756677,127.0,55.897877306124535,-4.077031107370425,82,9.548,1150
55.85429666639165,-4.115325856756677,127.0,55.80721289582252,-4.242612882195534,83,13.823,1022
55.85429666639165,-4.115325856756677,127.0,55.92209393969709,-4.157940141970138,84,18.805,899
55.85429666639165,-4.115325856756677,127.0,55.79188265083702,-4.28147512844989,85,16.79,1266
55.85429666639165,-4.115325856756677,127.0,55.88043814367632,-4.104360473798184,86,7.878,507
55.85429666639165,-4.115325856756677,127.0,55.90345994988174,-4.293652184560058,87,17.814,1204
55.85429666639165,-4.115325856756677,127.0,55.91230525016259,-4.108196424937476,88,12.841,774
55.85429666639165,-4.115325856756677,127.0,55.90569137930351,-4.3852429216612405,89,20.781,1481
55.85429666639165,-4.115325856756677,127.0,55.824402119970216,-4.298242138123909,90,18.532,1071
55.85429666639165,-4.115325856756677,127.0,55.887104625653905,-4.201059285828647,91,9.136,757
55.85429666639165,-4.115325856756677,127.0,55.92006797200308,-4.195257422106852,92,20.875,944
55.85429666639165,-4.115325856756677,127.0,55.7944551107823,-4.1683749063061635,93,9.98,1243
55.85429666639165,-4.115325856756677,127.0,55.88003873447475,-4.304350182381346,94,14.332,982
55.85429666639165,-4.115325856756677,127.0,55.88308048053683,-4.2942103285768285,95,13.932,957
55.85429666639165,-4.115325856756677,127.0,55.80779271908626,-4.3234306371549245,96,21.336,1196
55.85429666639165,-4.115325856756677,127.0,55.90123467399992,-4.380968632189907,97,23.934,1657
55.85429666639165,-4.115325856756677,127.0,55.88049231589054,-4.293733205570284,98,13.834,947
55.85429666639165,-4.115325856756677,127.0,55.84697147961761,-4.334108806216461,99,17.937,1070
55.85429666639165,-4.115325856756677,127.0,55.83067141211495,-4.195633651932574,100,7.988,688
55.85429666639165,-4.115325856756677,127.0,55.89350845984679,-4.099445363541155,101,8.626,582
55.85429666639165,-4.115325856756677,127.0,55.92592408664018,-4.179171340754611,102,20.146,982
55.85429666639165,-4.115325856756677,127.0,55.84941827409408,-4.169566750359822,103,4.079,417
55.85429666639165,-4.115325856756677,127.0,55.92413375575165,-4.226670311636797,104,24.085,1869
55.85429666639165,-4.115325856756677,127.0,55.88995713457192,-4.285031242761631,105,14.327,981
55.85429666639165,-4.115325856756677,127.0,55.90528066541109,-4.131569818675147,106,16.484,746
55.85429666639165,-4.115325856756677,127.0,55.87850608392288,-4.103517886631066,107,8.209,540
55.85429666639165,-4.115325856756677,127.0,55.80799405798939,-4.284953473560454,108,15.203,1211
55.85429666639165,-4.115325856756677,127.0,55.906815669822045,-4.385279074380807,109,20.092,1395
55.85429666639165,-4.115325856756677,127.0,55.916237634416454,-4.222407816066865,110,13.7,1007
55.85429666639165,-4.115325856756677,127.0,55.915798955837815,-4.088621086891774,111,11.707,658
55.85429666639165,-4.115325856756677,127.0,55.827538479175395,-4.350653065976025,112,20.409,1154
55.85429666639165,-4.115325856756677,127.0,55.799515288981674,-4.0866627646338864,113,13.588,821
55.85429666639165,-4.115325856756677,127.0,55.831024245961984,-4.244756518165482,114,10.94,746
55.85429666639165,-4.115325856756677,127.0,55.86754360554833,-4.2143078261423845,115,8.521,659
55.85429666639165,-4.115325856756677,127.0,55.8574985965699,-4.1521224561179935,116,2.71,273
55.85429666639165,-4.115325856756677,127.0,55.88095643501817,-4.32811659177277,117,17.551,1039
55.85429666639165,-4.115325856756677,127.0,55.85240433608213,-4.177570445500026,118,4.357,431
55.85429666639165,-4.115325856756677,127.0,55.91169549549074,-4.359708873069638,119,20.483,1461
55.85429666639165,-4.115325856756677,127.0,55.92640787519779,-4.300990956079843,120,19.487,1212
55.85429666639165,-4.115325856756677,127.0,55.84019197366069,-4.205566157974415,121,9.308,840
55.85429666639165,-4.115325856756677,127.0,55.866619942939494,-4.268153778778456,122,11.795,790
55.85429666639165,-4.115325856756677,127.0,55.81327411986783,-4.2587495402872255,123,13.315,984
55.85429666639165,-4.115325856756677,127.0,55.86022660117776,-4.154711133590585,124,3.145,284
55.85429666639165,-4.115325856756677,127.0,55.831522729053496,-4.370420634377527,125,22.463,1325
55.85429666639165,-4.115325856756677,127.0,55.84074346341779,-4.172411658039648,126,5.196,473
55.85429666639165,-4.115325856756677,127.0,55.8801412435821,-4.258666277618953,127,12.071,804
55.85429666639165,-4.115325856756677,127.0,55.8434159429892,-4.1056733307349536,128,4.836,444
55.85429666639165,-4.115325856756677,127.0,55.83522057783537,-4.25736952395694,129,11.474,843
55.85429666639165,-4.115325856756677,127.0,55.86467774065618,-4.2250953414252415,130,9.741,577
55.85429666639165,-4.115325856756677,127.0,55.8953662249987,-4.231143624453162,131,12.965,869
55.85429666639165,-4.115325856756677,127.0,55.81920459649808,-4.236238450921302,132,13.043,896
55.85429666639165,-4.115325856756677,127.0,55.900795402502105,-4.206009410292495,133,10.763,849
55.85429666639165,-4.115325856756677,127.0,55.86078490474355,-4.339631469507248,134,20.306,1153
55.85429666639165,-4.115325856756677,127.0,55.924999437053955,-4.191173279124663,135,20.624,935
55.85429666639165,-4.115325856756677,127.0,55.81549096669224,-4.126910343137958,136,8.945,753
55.85429666639165,-4.115325856756677,127.0,55.90135585493081,-4.207622057499793,137,10.762,826
55.85429666639165,-4.115325856756677,127.0,55.845816555475636,-4.129576488296543,138,2.073,246
55.85429666639165,-4.115325856756677,127.0,55.80470047644827,-4.291960781118721,139,16.209,1270
55.85429666639165,-4.115325856756677,127.0,55.89185394491289,-4.179857587296262,140,9.966,625
55.85429666639165,-4.115325856756677,127.0,55.91859399996558,-4.3401659608951215,141,19.349,1311
55.85429666639165,-4.115325856756677,127.0,55.90671476836246,-4.3642865107142725,142,20.57,1433
55.85429666639165,-4.115325856756677,127.0,55.81273399651921,-4.167613047894911,143,7.309,610
55.85429666639165,-4.115325856756677,127.0,55.80939871413575,-4.276056954355674,144,14.491,1099
55.85429666639165,-4.115325856756677,127.0,55.88312869327199,-4.214542892826467,145,8.763,727
55.85429666639165,-4.115325856756677,127.0,55.815340374954424,-4.283514492524949,146,14.661,1116
55.85429666639165,-4.115325856756677,127.0,55.87864379034378,-4.080636908866371,147,8.169,439
55.85429666639165,-4.115325856756677,127.0,55.89423440492952,-4.2418874418647645,148,13.528,953
55.85429666639165,-4.115325856756677,127.0,55.92796852989922,-4.305970400193036,149,19.615,1235
55.85429666639165,-4.115325856756677,127.0,55.92895153496988,-4.082888064137351,150,12.665,666
55.85429666639165,-4.115325856756677,127.0,55.790766759429424,-4.135285962371055,151,11.004,813
55.85429666639165,-4.115325856756677,127.0,55.80808041573422,-4.184105792933229,152,8.788,726
55.85429666639165,-4.115325856756677,127.0,55.7982747224006,-4.3931924101572655,153,24.534,1409
55.85429666639165,-4.115325856756677,127.0,55.81178474630603,-4.337962602706185,154,21.132,1169
55.85429666639165,-4.115325856756677,127.0,55.852972007756,-4.353957895039277,155,19.505,1156
55.85429666639165,-4.115325856756677,127.0,55.797152036890715,-4.311451416173846,156,23.104,1243
55.85429666639165,-4.115325856756677,127.0,55.84839482833289,-4.1889265673730645,157,6.235,548
55.85429666639165,-4.115325856756677,127.0,55.86383954752864,-4.387927326091926,158,25.097,1183
55.85429666639165,-4.115325856756677,127.0,55.807182357875575,-4.140487806234959,159,8.553,732
55.85429666639165,-4.115325856756677,127.0,55.8296607577131,-4.218765551358871,160,9.085,766
55.85429666639165,-4.115325856756677,127.0,55.82699494590622,-4.295404959002084,161,18.568,1047
55.85429666639165,-4.115325856756677,127.0,55.861248665443505,-4.307186036515638,162,16.595,1104
55.85429666639165,-4.115325856756677,127.0,55.897857165570365,-4.156645648865112,163,11.442,662
55.85429666639165,-4.115325856756677,127.0,55.877747555317356,-4.342792329217214,164,18.149,1145
55.85429666639165,-4.115325856756677,127.0,55.92259641850896,-4.389236283866068,165,23.348,1517
55.85429666639165,-4.115325856756677,127.0,55.92621339590465,-4.2820478996479165,166,17.939,1111
55.85429666639165,-4.115325856756677,127.0,55.80660612206145,-4.094012410496262,167,9.355,789
55.85429666639165,-4.115325856756677,127.0,55.84605439624201,-4.09192094471571,168,6.436,430
55.85429666639165,-4.115325856756677,127.0,55.83961965364386,-4.1201104741133365,169,3.679,317
55.85429666639165,-4.115325856756677,127.0,55.85030951683019,-4.217608837338132,170,8.457,754
55.85429666639165,-4.115325856756677,127.0,55.85971342373431,-4.246748195156407,171,10.454,723
55.85429666639165,-4.115325856756677,127.0,55.815747728441636,-4.150792968910081,172,7.423,629
55.85429666639165,-4.115325856756677,127.0,55.80041195127493,-4.3806303679601495,173,23.95,1361
55.85429666639165,-4.115325856756677,127.0,55.85487415463933,-4.092829020720908,174,2.844,261
55.85429666639165,-4.115325856756677,127.0,55.80456076444065,-4.203157873727267,175,10.493,874
55.85429666639165,-4.115325856756677,127.0,55.84723005082115,-4.330151260440624,176,17.458,1014
55.85429666639165,-4.115325856756677,127.0,55.88775631668876,-4.123428423568879,177,11.824,792
55.85429666639165,-4.115325856756677,127.0,55.82857385936083,-4.129579652409029,178,9.977,767
55.85429666639165,-4.115325856756677,127.0,55.879865395443076,-4.36272007519476,179,19.057,1171
55.85429666639165,-4.115325856756677,127.0,55.87973669437185,-4.215636550296907,180,9.479,824
55.85429666639165,-4.115325856756677,127.0,55.8162521393249,-4.1868605517933455,181,7.896,724
55.85429666639165,-4.115325856756677,127.0,55.80755514535402,-4.201625161718038,182,10.246,841
55.85429666639165,-4.115325856756677,127.0,55.85565398843102,-4.250533808562208,183,11.268,879
55.85429666639165,-4.115325856756677,127.0,55.929636326069506,-4.381100658166308,184,22.41,1477
55.85429666639165,-4.115325856756677,127.0,55.879581066995904,-4.21986165885879,185,9.664,858
55.85429666639165,-4.115325856756677,127.0,55.92647877645629,-4.127886630011083,186,13.067,927
55.85429666639165,-4.115325856756677,127.0,55.82282427264178,-4.371094162561755,187,21.599,1248
55.85429666639165,-4.115325856756677,127.0,55.90291353127043,-4.3414180899754955,188,17.717,1326
55.85429666639165,-4.115325856756677,127.0,55.78437024600116,-4.156926419796477,189,11.749,898
55.85429666639165,-4.115325856756677,127.0,55.8321542449311,-4.1561720476648265,190,4.892,483
55.85429666639165,-4.115325856756677,127.0,55.88310705812362,-4.084862107847263,191,5.33,321
55.85429666639165,-4.115325856756677,127.0,55.85616333886266,-4.110333739241922,192,1.324,194
55.85429666639165,-4.115325856756677,127.0,55.90185178498145,-4.152652007721208,193,18.434,1278
55.85429666639165,-4.115325856756677,127.0,55.8837118458465,-4.182392741162416,194,9.333,1509
55.85429666639165,-4.115325856756677,127.0,55.83086049774818,-4.312434105301623,195,19.502,1152
55.85429666639165,-4.115325856756677,127.0,55.821849459706755,-4.176208567338996,196,6.776,567
55.85429666639165,-4.115325856756677,127.0,55.88009750494633,-4.255964552703097,197,11.757,783
55.85429666639165,-4.115325856756677,127.0,55.87413911675089,-4.369807111055967,198,21.099,1074
55.85429666639165,-4.115325856756677,127.0,55.86354071984154,-4.093406384811447,199,4.424,366
55.86157017244571,-4.257275078277272,128.0,55.8391698042901,-4.214478482526657,0,9.543,735
55.86157017244571,-4.257275078277272,128.0,55.86553667472969,-4.350500876963486,1,10.735,667
55.86157017244571,-4.257275078277272,128.0,55.912892829643965,-4.286410947894997,2,9.046,1759
55.86157017244571,-4.257275078277272,128.0,55.84854019346565,-4.391697428307927,3,10.166,888
55.86157017244571,-4.257275078277272,128.0,55.79232875093524,-4.310455024670266,4,12.657,867
55.86157017244571,-4.257275078277272,128.0,55.837143362020576,-4.120043492886959,5,13.242,747
55.86157017244571,-4.257275078277272,128.0,55.84185129809378,-4.283879851305767,6,7.337,617
55.86157017244571,-4.257275078277272,128.0,55.90609664927746,-4.311383718964596,7,7.098,839
55.86157017244571,-4.257275078277272,128.0,55.7832172019226,-4.31249791159531,8,14.245,925
55.86157017244571,-4.257275078277272,128.0,55.8177258987159,-4.260489243356555,9,8.214,797
55.86157017244571,-4.257275078277272,128.0,55.903262790870684,-4.212111703691823,10,7.564,931
55.86157017244571,-4.257275078277272,128.0,55.893978813107424,-4.1413270988368325,11,9.25,948
55.86157017244571,-4.257275078277272,128.0,55.894884622950286,-4.154349650804189,12,11.635,846
55.86157017244571,-4.257275078277272,128.0,55.80680963785043,-4.263605759417426,13,9.979,1022
55.86157017244571,-4.257275078277272,128.0,55.81824312166051,-4.346878846315483,14,9.82,781
55.86157017244571,-4.257275078277272,128.0,55.84742656229786,-4.269221405976544,15,3.813,504
55.86157017244571,-4.257275078277272,128.0,55.80730424868546,-4.315177272898423,16,9.526,766
55.86157017244571,-4.257275078277272,128.0,55.83798278877758,-4.260604018644594,17,4.595,614
55.86157017244571,-4.257275078277272,128.0,55.89424631095569,-4.343398240721316,18,8.491,764
55.86157017244571,-4.257275078277272,128.0,55.83908093533876,-4.223069302141199,19,7.134,766
55.86157017244571,-4.257275078277272,128.0,55.8357731433788,-4.270556349194068,20,4.617,515
55.86157017244571,-4.257275078277272,128.0,55.90309627527835,-4.360750370095284,21,10.524,999
55.86157017244571,-4.257275078277272,128.0,55.85652103589449,-4.101365743428073,22,11.798,890
55.86157017244571,-4.257275078277272,128.0,55.783736419963375,-4.235306054793451,23,12.274,1088
55.86157017244571,-4.257275078277272,128.0,55.92064824587275,-4.2358362157531895,24,9.962,866
55.86157017244571,-4.257275078277272,128.0,55.907674892744176,-4.2497703459088045,25,7.441,1956
55.86157017244571,-4.257275078277272,128.0,55.919604340921964,-4.226208116301384,26,8.613,923
55.86157017244571,-4.257275078277272,128.0,55.83219148710444,-4.304581930326681,27,8.698,807
55.86157017244571,-4.257275078277272,128.0,55.79569701419853,-4.1769099124482585,28,13.958,1020
55.86157017244571,-4.257275078277272,128.0,55.81260197667657,-4.197841211154324,29,11.369,887
55.86157017244571,-4.257275078277272,128.0,55.826092940761974,-4.176919409292903,30,9.899,820
55.86157017244571,-4.257275078277272,128.0,55.828413149208096,-4.109650878166438,31,16.703,1010
55.86157017244571,-4.257275078277272,128.0,55.8999241737755,-4.257993823533507,32,5.495,746
55.86157017244571,-4.257275078277272,128.0,55.892514250678616,-4.340118142906542,33,8.52,776
55.86157017244571,-4.257275078277272,128.0,55.855241629670886,-4.269936069312288,34,1.657,245
55.86157017244571,-4.257275078277272,128.0,55.877364911629314,-4.109701193625618,35,12.199,991
55.86157017244571,-4.257275078277272,128.0,55.887053111734645,-4.1280531391159245,36,12.501,958
55.86157017244571,-4.257275078277272,128.0,55.89108676863447,-4.105446803942431,37,14.234,1264
55.86157017244571,-4.257275078277272,128.0,55.842635153466425,-4.334387903339716,38,6.603,595
55.86157017244571,-4.257275078277272,128.0,55.89197542936556,-4.19614108945253,39,8.508,791
55.86157017244571,-4.257275078277272,128.0,55.825849135803445,-4.321179033230789,40,6.876,707
55.86157017244571,-4.257275078277272,128.0,55.81864602215581,-4.375055705699034,41,10.849,789
55.86157017244571,-4.257275078277272,128.0,55.92613065482397,-4.212698358862173,42,9.075,976
55.86157017244571,-4.257275078277272,128.0,55.874439929608144,-4.279689658904073,43,2.357,468
55.86157017244571,-4.257275078277272,128.0,55.81998166828728,-4.245455535821837,44,7.694,702
55.86157017244571,-4.257275078277272,128.0,55.91066980601156,-4.213502644426629,45,8.027,926
55.86157017244571,-4.257275078277272,128.0,55.8404807486866,-4.356656090229781,46,10.255,862
55.86157017244571,-4.257275078277272,128.0,55.88708229912325,-4.079055837843032,47,22.034,1091
55.86157017244571,-4.257275078277272,128.0,55.84510555179576,-4.178720975321847,48,11.564,836
55.86157017244571,-4.257275078277272,128.0,55.84413340760586,-4.085244529493477,49,16.297,1424
55.86157017244571,-4.257275078277272,128.0,55.83324217210475,-4.157183908594519,50,11.426,833
55.86157017244571,-4.257275078277272,128.0,55.895753278756494,-4.323131413571223,51,8.277,875
55.86157017244571,-4.257275078277272,128.0,55.88609925330935,-4.38354364327563,52,11.768,735
55.86157017244571,-4.257275078277272,128.0,55.86596770908397,-4.338853955125049,53,8.551,616
55.86157017244571,-4.257275078277272,128.0,55.819381988004544,-4.256567679373081,54,9.123,852
55.86157017244571,-4.257275078277272,128.0,55.919398785577634,-4.298102785445152,55,9.322,1439
55.86157017244571,-4.257275078277272,128.0,55.81052481551728,-4.0780884232687225,56,19.502,2158
55.86157017244571,-4.257275078277272,128.0,55.8411814367945,-4.125490362928665,57,14.784,906
55.86157017244571,-4.257275078277272,128.0,55.844855881791794,-4.151320272286683,58,12.416,886
55.86157017244571,-4.257275078277272,128.0,55.79334532620707,-4.3052187624925375,59,12.988,873
55.86157017244571,-4.257275078277272,128.0,55.78499644933002,-4.082518262203789,60,23.225,1157
55.86157017244571,-4.257275078277272,128.0,55.86482365717543,-4.074666870071637,61,14.064,1108
55.86157017244571,-4.257275078277272,128.0,55.910543969585106,-4.384534109666136,62,12.351,1064
55.86157017244571,-4.257275078277272,128.0,55.799715679086134,-4.188568421733812,63,13.94,1179
55.86157017244571,-4.257275078277272,128.0,55.90005630083831,-4.294022887833187,64,6.17,792
55.86157017244571,-4.257275078277272,128.0,55.82573931186619,-4.210157383495828,65,9.426,702
55.86157017244571,-4.257275078277272,128.0,55.88010014610652,-4.288014027401103,66,4.891,761
55.86157017244571,-4.257275078277272,128.0,55.8836463272421,-4.377148406451105,67,11.538,813
55.86157017244571,-4.257275078277272,128.0,55.80511293548626,-4.195982430231648,68,12.349,962
55.86157017244571,-4.257275078277272,128.0,55.9265186267864,-4.256321117900257,69,8.86,853
55.86157017244571,-4.257275078277272,128.0,55.90353118048908,-4.119171950823842,70,13.397,1199
55.86157017244571,-4.257275078277272,128.0,55.81502357146685,-4.260984914919316,71,8.571,832
55.86157017244571,-4.257275078277272,128.0,55.894355058439295,-4.293143876300353,72,5.46,740
55.86157017244571,-4.257275078277272,128.0,55.80246488546192,-4.242274834364847,73,9.835,928
55.86157017244571,-4.257275078277272,128.0,55.887581813102464,-4.2985753032369685,74,5.072,736
55.86157017244571,-4.257275078277272,128.0,55.928290955083554,-4.295962301582311,75,9.744,853
55.86157017244571,-4.257275078277272,128.0,55.81096058143004,-4.368797105646974,76,12.506,871
55.86157017244571,-4.257275078277272,128.0,55.84818750128869,-4.3631808239548375,77,11.241,714
55.86157017244571,-4.257275078277272,128.0,55.81610352786554,-4.330910795148831,78,8.845,621
55.86157017244571,-4.257275078277272,128.0,55.807034270653475,-4.136077366584948,79,13.133,1071
55.86157017244571,-4.257275078277272,128.0,55.86778114631985,-4.233612892312959,80,2.806,550
55.86157017244571,-4.257275078277272,128.0,55.79578956690847,-4.368290459919509,81,17.59,2066
55.86157017244571,-4.257275078277272,128.0,55.897877306124535,-4.077031107370425,82,16.025,1730
55.86157017244571,-4.257275078277272,128.0,55.80721289582252,-4.242612882195534,83,9.058,880
55.86157017244571,-4.257275078277272,128.0,55.92209393969709,-4.157940141970138,84,13.168,997
55.86157017244571,-4.257275078277272,128.0,55.79188265083702,-4.28147512844989,85,13.85,928
55.86157017244571,-4.257275078277272,128.0,55.88043814367632,-4.104360473798184,86,12.011,951
55.86157017244571,-4.257275078277272,128.0,55.90345994988174,-4.293652184560058,87,6.639,838
55.86157017244571,-4.257275078277272,128.0,55.91230525016259,-4.108196424937476,88,14.665,1145
55.86157017244571,-4.257275078277272,128.0,55.90569137930351,-4.3852429216612405,89,12.386,1087
55.86157017244571,-4.257275078277272,128.0,55.824402119970216,-4.298242138123909,90,7.312,628
55.86157017244571,-4.257275078277272,128.0,55.887104625653905,-4.201059285828647,91,5.942,888
55.86157017244571,-4.257275078277272,128.0,55.92006797200308,-4.195257422106852,92,9.921,954
55.86157017244571,-4.257275078277272,128.0,55.7944551107823,-4.1683749063061635,93,14.088,1455
55.86157017244571,-4.257275078277272,128.0,55.88003873447475,-4.304350182381346,94,4.627,683
55.86157017244571,-4.257275078277272,128.0,55.88308048053683,-4.2942103285768285,95,4.227,658
55.86157017244571,-4.257275078277272,128.0,55.80779271908626,-4.3234306371549245,96,10.116,753
55.86157017244571,-4.257275078277272,128.0,55.90123467399992,-4.380968632189907,97,12.716,1209
55.86157017244571,-4.257275078277272,128.0,55.88049231589054,-4.293733205570284,98,4.129,648
55.86157017244571,-4.257275078277272,128.0,55.84697147961761,-4.334108806216461,99,6.717,628
55.86157017244571,-4.257275078277272,128.0,55.83067141211495,-4.195633651932574,100,8.709,699
55.86157017244571,-4.257275078277272,128.0,55.89350845984679,-4.099445363541155,101,14.049,1095
55.86157017244571,-4.257275078277272,128.0,55.92592408664018,-4.179171340754611,102,14.509,1081
55.86157017244571,-4.257275078277272,128.0,55.84941827409408,-4.169566750359822,103,6.141,852
55.86157017244571,-4.257275078277272,128.0,55.92413375575165,-4.226670311636797,104,10.29,1718
55.86157017244571,-4.257275078277272,128.0,55.88995713457192,-4.285031242761631,105,4.4,643
55.86157017244571,-4.257275078277272,128.0,55.90528066541109,-4.131569818675147,106,10.847,844
55.86157017244571,-4.257275078277272,128.0,55.87850608392288,-4.103517886631066,107,12.342,984
55.86157017244571,-4.257275078277272,128.0,55.80799405798939,-4.284953473560454,108,8.615,883
55.86157017244571,-4.257275078277272,128.0,55.906815669822045,-4.385279074380807,109,11.697,1002
55.86157017244571,-4.257275078277272,128.0,55.916237634416454,-4.222407816066865,110,8.528,911
55.86157017244571,-4.257275078277272,128.0,55.915798955837815,-4.088621086891774,111,17.749,1175
55.86157017244571,-4.257275078277272,128.0,55.827538479175395,-4.350653065976025,112,9.189,712
55.86157017244571,-4.257275078277272,128.0,55.799515288981674,-4.0866627646338864,113,23.595,1270
55.86157017244571,-4.257275078277272,128.0,55.831024245961984,-4.244756518165482,114,6.175,603
55.86157017244571,-4.257275078277272,128.0,55.86754360554833,-4.2143078261423845,115,4.047,709
55.86157017244571,-4.257275078277272,128.0,55.8574985965699,-4.1521224561179935,116,9.708,934
55.86157017244571,-4.257275078277272,128.0,55.88095643501817,-4.32811659177277,117,6.333,591
55.86157017244571,-4.257275078277272,128.0,55.85240433608213,-4.177570445500026,118,5.426,724
55.86157017244571,-4.257275078277272,128.0,55.91169549549074,-4.359708873069638,119,10.556,1122
55.86157017244571,-4.257275078277272,128.0,55.92640787519779,-4.300990956079843,120,10.192,902
55.86157017244571,-4.257275078277272,128.0,55.84019197366069,-4.205566157974415,121,10.029,850
55.86157017244571,-4.257275078277272,128.0,55.866619942939494,-4.268153778778456,122,1.831,504
55.86157017244571,-4.257275078277272,128.0,55.81327411986783,-4.2587495402872255,123,8.55,841
55.86157017244571,-4.257275078277272,128.0,55.86022660117776,-4.154711133590585,124,8.925,862
55.86157017244571,-4.257275078277272,128.0,55.831522729053496,-4.370420634377527,125,11.243,882
55.86157017244571,-4.257275078277272,128.0,55.84074346341779,-4.172411658039648,126,10.637,755
55.86157017244571,-4.257275078277272,128.0,55.8801412435821,-4.258666277618953,127,3.332,561
55.86157017244571,-4.257275078277272,128.0,55.8434159429892,-4.1056733307349536,128,15.04,934
55.86157017244571,-4.257275078277272,128.0,55.83522057783537,-4.25736952395694,129,5.234,642
55.86157017244571,-4.257275078277272,128.0,55.86467774065618,-4.2250953414252415,130,2.782,484
55.86157017244571,-4.257275078277272,128.0,55.8953662249987,-4.231143624453162,131,5.715,723
55.86157017244571,-4.257275078277272,128.0,55.81920459649808,-4.236238450921302,132,8.278,753
55.86157017244571,-4.257275078277272,128.0,55.900795402502105,-4.206009410292495,133,7.882,918
55.86157017244571,-4.257275078277272,128.0,55.86078490474355,-4.339631469507248,134,9.086,710
55.86157017244571,-4.257275078277272,128.0,55.924999437053955,-4.191173279124663,135,10.172,963
55.86157017244571,-4.257275078277272,128.0,55.81549096669224,-4.126910343137958,136,14.124,1118
55.86157017244571,-4.257275078277272,128.0,55.90135585493081,-4.207622057499793,137,7.881,895
55.86157017244571,-4.257275078277272,128.0,55.845816555475636,-4.129576488296543,138,13.789,976
55.86157017244571,-4.257275078277272,128.0,55.80470047644827,-4.291960781118721,139,8.642,861
55.86157017244571,-4.257275078277272,128.0,55.89185394491289,-4.179857587296262,140,7.412,716
55.86157017244571,-4.257275078277272,128.0,55.91859399996558,-4.3401659608951215,141,9.422,991
55.86157017244571,-4.257275078277272,128.0,55.90671476836246,-4.3642865107142725,142,11.276,1055
55.86157017244571,-4.257275078277272,128.0,55.81273399651921,-4.167613047894911,143,11.182,882
55.86157017244571,-4.257275078277272,128.0,55.80939871413575,-4.276056954355674,144,8.523,847
55.86157017244571,-4.257275078277272,128.0,55.88312869327199,-4.214542892826467,145,5.286,749
55.86157017244571,-4.257275078277272,128.0,55.815340374954424,-4.283514492524949,146,7.517,732
55.86157017244571,-4.257275078277272,128.0,55.87864379034378,-4.080636908866371,147,23.014,1125
55.86157017244571,-4.257275078277272,128.0,55.89423440492952,-4.2418874418647645,148,6.278,807
55.86157017244571,-4.257275078277272,128.0,55.92796852989922,-4.305970400193036,149,10.32,925
55.86157017244571,-4.257275078277272,128.0,55.92895153496988,-4.082888064137351,150,18.119,1125
55.86157017244571,-4.257275078277272,128.0,55.790766759429424,-4.135285962371055,151,16.513,1096
55.86157017244571,-4.257275078277272,128.0,55.80808041573422,-4.184105792933229,152,12.143,893
55.86157017244571,-4.257275078277272,128.0,55.7982747224006,-4.3931924101572655,153,13.314,966
55.86157017244571,-4.257275078277272,128.0,55.81178474630603,-4.337962602706185,154,9.912,727
55.86157017244571,-4.257275078277272,128.0,55.852972007756,-4.353957895039277,155,8.285,714
55.86157017244571,-4.257275078277272,128.0,55.797152036890715,-4.311451416173846,156,11.884,801
55.86157017244571,-4.257275078277272,128.0,55.84839482833289,-4.1889265673730645,157,5.17,741
55.86157017244571,-4.257275078277272,128.0,55.86383954752864,-4.387927326091926,158,13.877,741
55.86157017244571,-4.257275078277272,128.0,55.807182357875575,-4.140487806234959,159,12.81,1046
55.86157017244571,-4.257275078277272,128.0,55.8296607577131,-4.218765551358871,160,7.595,760
55.86157017244571,-4.257275078277272,128.0,55.82699494590622,-4.295404959002084,161,7.348,605
55.86157017244571,-4.257275078277272,128.0,55.861248665443505,-4.307186036515638,162,6.988,640
55.86157017244571,-4.257275078277272,128.0,55.897857165570365,-4.156645648865112,163,8.888,752
55.86157017244571,-4.257275078277272,128.0,55.877747555317356,-4.342792329217214,164,6.931,697
55.86157017244571,-4.257275078277272,128.0,55.92259641850896,-4.389236283866068,165,13.421,1178
55.86157017244571,-4.257275078277272,128.0,55.92621339590465,-4.2820478996479165,166,8.644,802
55.86157017244571,-4.257275078277272,128.0,55.80660612206145,-4.094012410496262,167,19.087,1222
55.86157017244571,-4.257275078277272,128.0,55.84605439624201,-4.09192094471571,168,13.225,867
55.86157017244571,-4.257275078277272,128.0,55.83961965364386,-4.1201104741133365,169,14.391,833
55.86157017244571,-4.257275078277272,128.0,55.85030951683019,-4.217608837338132,170,3.92,673
55.86157017244571,-4.257275078277272,128.0,55.85971342373431,-4.246748195156407,171,1.102,353
55.86157017244571,-4.257275078277272,128.0,55.815747728441636,-4.150792968910081,172,11.68,943
55.86157017244571,-4.257275078277272,128.0,55.80041195127493,-4.3806303679601495,173,12.73,919
55.86157017244571,-4.257275078277272,128.0,55.85487415463933,-4.092829020720908,174,13.035,868
55.86157017244571,-4.257275078277272,128.0,55.80456076444065,-4.203157873727267,175,12.368,964
55.86157017244571,-4.257275078277272,128.0,55.84723005082115,-4.330151260440624,176,6.238,571
55.86157017244571,-4.257275078277272,128.0,55.88775631668876,-4.123428423568879,177,12.636,964
55.86157017244571,-4.257275078277272,128.0,55.82857385936083,-4.129579652409029,178,14.202,1130
55.86157017244571,-4.257275078277272,128.0,55.879865395443076,-4.36272007519476,179,7.839,723
55.86157017244571,-4.257275078277272,128.0,55.87973669437185,-4.215636550296907,180,4.573,761
55.86157017244571,-4.257275078277272,128.0,55.8162521393249,-4.1868605517933455,181,10.562,853
55.86157017244571,-4.257275078277272,128.0,55.80755514535402,-4.201625161718038,182,12.121,930
55.86157017244571,-4.257275078277272,128.0,55.85565398843102,-4.250533808562208,183,1.463,374
55.86157017244571,-4.257275078277272,128.0,55.929636326069506,-4.381100658166308,184,12.483,1138
55.86157017244571,-4.257275078277272,128.0,55.879581066995904,-4.21986165885879,185,4.214,741
55.86157017244571,-4.257275078277272,128.0,55.92647877645629,-4.127886630011083,186,14.25,1083
55.86157017244571,-4.257275078277272,128.0,55.82282427264178,-4.371094162561755,187,10.379,805
55.86157017244571,-4.257275078277272,128.0,55.90291353127043,-4.3414180899754955,188,9.322,933
55.86157017244571,-4.257275078277272,128.0,55.78437024600116,-4.156926419796477,189,15.857,1110
55.86157017244571,-4.257275078277272,128.0,55.8321542449311,-4.1561720476648265,190,11.466,846
55.86157017244571,-4.257275078277272,128.0,55.88310705812362,-4.084862107847263,191,20.175,1007
55.86157017244571,-4.257275078277272,128.0,55.85616333886266,-4.110333739241922,192,11.836,912
55.86157017244571,-4.257275078277272,128.0,55.90185178498145,-4.152652007721208,193,12.797,1377
55.86157017244571,-4.257275078277272,128.0,55.8837118458465,-4.182392741162416,194,9.076,1725
55.86157017244571,-4.257275078277272,128.0,55.83086049774818,-4.312434105301623,195,8.282,710
55.86157017244571,-4.257275078277272,128.0,55.821849459706755,-4.176208567338996,196,10.31,817
55.86157017244571,-4.257275078277272,128.0,55.88009750494633,-4.255964552703097,197,3.018,540
55.86157017244571,-4.257275078277272,128.0,55.87413911675089,-4.369807111055967,198,9.879,632
55.86157017244571,-4.257275078277272,128.0,55.86354071984154,-4.093406384811447,199,12.452,966
55.79289064321689,-4.1852482937242135,129.0,55.8391698042901,-4.214478482526657,0,7.682,624
55.79289064321689,-4.1852482937242135,129.0,55.86553667472969,-4.350500876963486,1,21.667,1265
55.79289064321689,-4.1852482937242135,129.0,55.912892829643965,-4.286410947894997,2,21.171,2561
55.79289064321689,-4.1852482937242135,129.0,55.84854019346565,-4.391697428307927,3,21.098,1486
55.79289064321689,-4.1852482937242135,129.0,55.79232875093524,-4.310455024670266,4,12.779,1032
55.79289064321689,-4.1852482937242135,129.0,55.837143362020576,-4.120043492886959,5,9.368,669
55.79289064321689,-4.1852482937242135,129.0,55.84185129809378,-4.283879851305767,6,11.681,1070
55.79289064321689,-4.1852482937242135,129.0,55.90609664927746,-4.311383718964596,7,20.101,1731
55.79289064321689,-4.1852482937242135,129.0,55.7832172019226,-4.31249791159531,8,13.109,1009
55.79289064321689,-4.1852482937242135,129.0,55.8177258987159,-4.260489243356555,9,8.678,767
55.79289064321689,-4.1852482937242135,129.0,55.903262790870684,-4.212111703691823,10,17.644,1570
55.79289064321689,-4.1852482937242135,129.0,55.893978813107424,-4.1413270988368325,11,22.81,1428
55.79289064321689,-4.1852482937242135,129.0,55.894884622950286,-4.154349650804189,12,27.675,1329
55.79289064321689,-4.1852482937242135,129.0,55.80680963785043,-4.263605759417426,13,12.66,1091
55.79289064321689,-4.1852482937242135,129.0,55.81824312166051,-4.346878846315483,14,22.919,1385
55.79289064321689,-4.1852482937242135,129.0,55.84742656229786,-4.269221405976544,15,11.878,1084
55.79289064321689,-4.1852482937242135,129.0,55.80730424868546,-4.315177272898423,16,14.416,1165
55.79289064321689,-4.1852482937242135,129.0,55.83798278877758,-4.260604018644594,17,10.152,884
55.79289064321689,-4.1852482937242135,129.0,55.89424631095569,-4.343398240721316,18,23.483,1514
55.79289064321689,-4.1852482937242135,129.0,55.83908093533876,-4.223069302141199,19,8.712,754
55.79289064321689,-4.1852482937242135,129.0,55.8357731433788,-4.270556349194068,20,10.836,934
55.79289064321689,-4.1852482937242135,129.0,55.90309627527835,-4.360750370095284,21,25.516,1749
55.79289064321689,-4.1852482937242135,129.0,55.85652103589449,-4.101365743428073,22,14.301,993
55.79289064321689,-4.1852482937242135,129.0,55.783736419963375,-4.235306054793451,23,7.158,548
55.79289064321689,-4.1852482937242135,129.0,55.92064824587275,-4.2358362157531895,24,18.769,1550
55.79289064321689,-4.1852482937242135,129.0,55.907674892744176,-4.2497703459088045,25,17.521,2595
55.79289064321689,-4.1852482937242135,129.0,55.919604340921964,-4.226208116301384,26,18.693,1562
55.79289064321689,-4.1852482937242135,129.0,55.83219148710444,-4.304581930326681,27,13.277,1324
55.79289064321689,-4.1852482937242135,129.0,55.79569701419853,-4.1769099124482585,28,1.548,198
55.79289064321689,-4.1852482937242135,129.0,55.81260197667657,-4.197841211154324,29,4.561,421
55.79289064321689,-4.1852482937242135,129.0,55.826092940761974,-4.176919409292903,30,7.161,726
55.79289064321689,-4.1852482937242135,129.0,55.828413149208096,-4.109650878166438,31,11.629,793
55.79289064321689,-4.1852482937242135,129.0,55.8999241737755,-4.257993823533507,32,17.62,1540
55.79289064321689,-4.1852482937242135,129.0,55.892514250678616,-4.340118142906542,33,23.512,1526
55.79289064321689,-4.1852482937242135,129.0,55.855241629670886,-4.269936069312288,34,15.953,1241
55.79289064321689,-4.1852482937242135,129.0,55.877364911629314,-4.109701193625618,35,20.542,1204
55.79289064321689,-4.1852482937242135,129.0,55.887053111734645,-4.1280531391159245,36,26.189,1409
55.79289064321689,-4.1852482937242135,129.0,55.89108676863447,-4.105446803942431,37,20.53,1420
55.79289064321689,-4.1852482937242135,129.0,55.842635153466425,-4.334387903339716,38,17.535,1193
55.79289064321689,-4.1852482937242135,129.0,55.89197542936556,-4.19614108945253,39,16.029,1329
55.79289064321689,-4.1852482937242135,129.0,55.825849135803445,-4.321179033230789,40,13.256,1245
55.79289064321689,-4.1852482937242135,129.0,55.81864602215581,-4.375055705699034,41,23.046,1313
55.79289064321689,-4.1852482937242135,129.0,55.92613065482397,-4.212698358862173,42,19.155,1615
55.79289064321689,-4.1852482937242135,129.0,55.874439929608144,-4.279689658904073,43,15.794,1363
55.79289064321689,-4.1852482937242135,129.0,55.81998166828728,-4.245455535821837,44,7.538,633
55.79289064321689,-4.1852482937242135,129.0,55.91066980601156,-4.213502644426629,45,18.107,1565
55.79289064321689,-4.1852482937242135,129.0,55.8404807486866,-4.356656090229781,46,24.94,1516
55.79289064321689,-4.1852482937242135,129.0,55.88708229912325,-4.079055837843032,47,18.16,1013
55.79289064321689,-4.1852482937242135,129.0,55.84510555179576,-4.178720975321847,48,8.702,785
55.79289064321689,-4.1852482937242135,129.0,55.84413340760586,-4.085244529493477,49,15.48,1438
55.79289064321689,-4.1852482937242135,129.0,55.83324217210475,-4.157183908594519,50,6.814,597
55.79289064321689,-4.1852482937242135,129.0,55.895753278756494,-4.323131413571223,51,23.269,1625
55.79289064321689,-4.1852482937242135,129.0,55.88609925330935,-4.38354364327563,52,22.7,1333
55.79289064321689,-4.1852482937242135,129.0,55.86596770908397,-4.338853955125049,53,19.483,1213
55.79289064321689,-4.1852482937242135,129.0,55.819381988004544,-4.256567679373081,54,9.587,828
55.79289064321689,-4.1852482937242135,129.0,55.919398785577634,-4.298102785445152,55,21.447,2241
55.79289064321689,-4.1852482937242135,129.0,55.81052481551728,-4.0780884232687225,56,18.977,2065
55.79289064321689,-4.1852482937242135,129.0,55.8411814367945,-4.125490362928665,57,9.238,800
55.79289064321689,-4.1852482937242135,129.0,55.844855881791794,-4.151320272286683,58,8.534,758
55.79289064321689,-4.1852482937242135,129.0,55.79334532620707,-4.3052187624925375,59,12.374,993
55.79289064321689,-4.1852482937242135,129.0,55.78499644933002,-4.082518262203789,60,9.17,572
55.79289064321689,-4.1852482937242135,129.0,55.86482365717543,-4.074666870071637,61,15.853,1186
55.79289064321689,-4.1852482937242135,129.0,55.910543969585106,-4.384534109666136,62,27.343,1814
55.79289064321689,-4.1852482937242135,129.0,55.799715679086134,-4.188568421733812,63,1.029,304
55.79289064321689,-4.1852482937242135,129.0,55.90005630083831,-4.294022887833187,64,19.173,1684
55.79289064321689,-4.1852482937242135,129.0,55.82573931186619,-4.210157383495828,65,5.851,464
55.79289064321689,-4.1852482937242135,129.0,55.88010014610652,-4.288014027401103,66,17.894,1653
55.79289064321689,-4.1852482937242135,129.0,55.8836463272421,-4.377148406451105,67,22.47,1410
55.79289064321689,-4.1852482937242135,129.0,55.80511293548626,-4.195982430231648,68,3.818,369
55.79289064321689,-4.1852482937242135,129.0,55.9265186267864,-4.256321117900257,69,20.985,1655
55.79289064321689,-4.1852482937242135,129.0,55.90353118048908,-4.119171950823842,70,21.132,1480
55.79289064321689,-4.1852482937242135,129.0,55.81502357146685,-4.260984914919316,71,9.035,801
55.79289064321689,-4.1852482937242135,129.0,55.894355058439295,-4.293143876300353,72,18.463,1632
55.79289064321689,-4.1852482937242135,129.0,55.80246488546192,-4.242274834364847,73,8.565,676
55.79289064321689,-4.1852482937242135,129.0,55.887581813102464,-4.2985753032369685,74,18.075,1628
55.79289064321689,-4.1852482937242135,129.0,55.928290955083554,-4.295962301582311,75,21.869,1655
55.79289064321689,-4.1852482937242135,129.0,55.81096058143004,-4.368797105646974,76,22.211,1287
55.79289064321689,-4.1852482937242135,129.0,55.84818750128869,-4.3631808239548375,77,22.173,1312
55.79289064321689,-4.1852482937242135,129.0,55.81610352786554,-4.330910795148831,78,13.918,1187
55.79289064321689,-4.1852482937242135,129.0,55.807034270653475,-4.136077366584948,79,6.894,456
55.79289064321689,-4.1852482937242135,129.0,55.86778114631985,-4.233612892312959,80,12.751,1205
55.79289064321689,-4.1852482937242135,129.0,55.79578956690847,-4.368290459919509,81,21.306,2326
55.79289064321689,-4.1852482937242135,129.0,55.897877306124535,-4.077031107370425,82,20.519,1758
55.79289064321689,-4.1852482937242135,129.0,55.80721289582252,-4.242612882195534,83,8.955,709
55.79289064321689,-4.1852482937242135,129.0,55.92209393969709,-4.157940141970138,84,29.776,1507
55.79289064321689,-4.1852482937242135,129.0,55.79188265083702,-4.28147512844989,85,10.521,831
55.79289064321689,-4.1852482937242135,129.0,55.88043814367632,-4.104360473798184,86,19.852,1144
55.79289064321689,-4.1852482937242135,129.0,55.90345994988174,-4.293652184560058,87,20.644,1697
55.79289064321689,-4.1852482937242135,129.0,55.91230525016259,-4.108196424937476,88,23.812,1382
55.79289064321689,-4.1852482937242135,129.0,55.90569137930351,-4.3852429216612405,89,27.378,1837
55.79289064321689,-4.1852482937242135,129.0,55.824402119970216,-4.298242138123909,90,11.427,1127
55.79289064321689,-4.1852482937242135,129.0,55.887104625653905,-4.201059285828647,91,22.867,1433
55.79289064321689,-4.1852482937242135,129.0,55.92006797200308,-4.195257422106852,92,31.846,1552
55.79289064321689,-4.1852482937242135,129.0,55.7944551107823,-4.1683749063061635,93,1.678,641
55.79289064321689,-4.1852482937242135,129.0,55.88003873447475,-4.304350182381346,94,17.408,1536
55.79289064321689,-4.1852482937242135,129.0,55.88308048053683,-4.2942103285768285,95,17.008,1510
55.79289064321689,-4.1852482937242135,129.0,55.80779271908626,-4.3234306371549245,96,14.864,1212
55.79289064321689,-4.1852482937242135,129.0,55.90123467399992,-4.380968632189907,97,27.684,1966
55.79289064321689,-4.1852482937242135,129.0,55.88049231589054,-4.293733205570284,98,16.91,1500
55.79289064321689,-4.1852482937242135,129.0,55.84697147961761,-4.334108806216461,99,17.649,1226
55.79289064321689,-4.1852482937242135,129.0,55.83067141211495,-4.195633651932574,100,7.9,674
55.79289064321689,-4.1852482937242135,129.0,55.89350845984679,-4.099445363541155,101,19.597,1190
55.79289064321689,-4.1852482937242135,129.0,55.92592408664018,-4.179171340754611,102,31.117,1590
55.79289064321689,-4.1852482937242135,129.0,55.84941827409408,-4.169566750359822,103,8.811,808
55.79289064321689,-4.1852482937242135,129.0,55.92413375575165,-4.226670311636797,104,20.37,2357
55.79289064321689,-4.1852482937242135,129.0,55.88995713457192,-4.285031242761631,105,17.403,1534
55.79289064321689,-4.1852482937242135,129.0,55.90528066541109,-4.131569818675147,106,27.455,1354
55.79289064321689,-4.1852482937242135,129.0,55.87850608392288,-4.103517886631066,107,20.183,1178
55.79289064321689,-4.1852482937242135,129.0,55.80799405798939,-4.284953473560454,108,10.902,1038
55.79289064321689,-4.1852482937242135,129.0,55.906815669822045,-4.385279074380807,109,26.689,1752
55.79289064321689,-4.1852482937242135,129.0,55.916237634416454,-4.222407816066865,110,18.608,1550
55.79289064321689,-4.1852482937242135,129.0,55.915798955837815,-4.088621086891774,111,22.678,1266
55.79289064321689,-4.1852482937242135,129.0,55.827538479175395,-4.350653065976025,112,23.165,1327
55.79289064321689,-4.1852482937242135,129.0,55.799515288981674,-4.0866627646338864,113,9.899,681
55.79289064321689,-4.1852482937242135,129.0,55.831024245961984,-4.244756518165482,114,9.131,790
55.79289064321689,-4.1852482937242135,129.0,55.86754360554833,-4.2143078261423845,115,12.087,1241
55.79289064321689,-4.1852482937242135,129.0,55.8574985965699,-4.1521224561179935,116,9.69,884
55.79289064321689,-4.1852482937242135,129.0,55.88095643501817,-4.32811659177277,117,21.325,1341
55.79289064321689,-4.1852482937242135,129.0,55.85240433608213,-4.177570445500026,118,9.743,865
55.79289064321689,-4.1852482937242135,129.0,55.91169549549074,-4.359708873069638,119,27.501,1941
55.79289064321689,-4.1852482937242135,129.0,55.92640787519779,-4.300990956079843,120,22.317,1704
55.79289064321689,-4.1852482937242135,129.0,55.84019197366069,-4.205566157974415,121,8.168,739
55.79289064321689,-4.1852482937242135,129.0,55.866619942939494,-4.268153778778456,122,14.871,1344
55.79289064321689,-4.1852482937242135,129.0,55.81327411986783,-4.2587495402872255,123,9.014,811
55.79289064321689,-4.1852482937242135,129.0,55.86022660117776,-4.154711133590585,124,10.043,915
55.79289064321689,-4.1852482937242135,129.0,55.831522729053496,-4.370420634377527,125,24.609,1505
55.79289064321689,-4.1852482937242135,129.0,55.84074346341779,-4.172411658039648,126,8.191,734
55.79289064321689,-4.1852482937242135,129.0,55.8801412435821,-4.258666277618953,127,15.147,1358
55.79289064321689,-4.1852482937242135,129.0,55.8434159429892,-4.1056733307349536,128,11.166,856
55.79289064321689,-4.1852482937242135,129.0,55.83522057783537,-4.25736952395694,129,10.126,886
55.79289064321689,-4.1852482937242135,129.0,55.86467774065618,-4.2250953414252415,130,11.312,997
55.79289064321689,-4.1852482937242135,129.0,55.8953662249987,-4.231143624453162,131,15.795,1362
55.79289064321689,-4.1852482937242135,129.0,55.81920459649808,-4.236238450921302,132,6.954,583
55.79289064321689,-4.1852482937242135,129.0,55.900795402502105,-4.206009410292495,133,17.43,1496
55.79289064321689,-4.1852482937242135,129.0,55.86078490474355,-4.339631469507248,134,20.018,1308
55.79289064321689,-4.1852482937242135,129.0,55.924999437053955,-4.191173279124663,135,31.595,1543
55.79289064321689,-4.1852482937242135,129.0,55.81549096669224,-4.126910343137958,136,7.951,553
55.79289064321689,-4.1852482937242135,129.0,55.90135585493081,-4.207622057499793,137,17.429,1473
55.79289064321689,-4.1852482937242135,129.0,55.845816555475636,-4.129576488296543,138,9.907,846
55.79289064321689,-4.1852482937242135,129.0,55.80470047644827,-4.291960781118721,139,13.609,1147
55.79289064321689,-4.1852482937242135,129.0,55.89185394491289,-4.179857587296262,140,14.933,1254
55.79289064321689,-4.1852482937242135,129.0,55.91859399996558,-4.3401659608951215,141,26.367,1791
55.79289064321689,-4.1852482937242135,129.0,55.90671476836246,-4.3642865107142725,142,26.268,1805
55.79289064321689,-4.1852482937242135,129.0,55.81273399651921,-4.167613047894911,143,3.834,353
55.79289064321689,-4.1852482937242135,129.0,55.80939871413575,-4.276056954355674,144,10.19,926
55.79289064321689,-4.1852482937242135,129.0,55.88312869327199,-4.214542892826467,145,22.494,1403
55.79289064321689,-4.1852482937242135,129.0,55.815340374954424,-4.283514492524949,146,10.36,943
55.79289064321689,-4.1852482937242135,129.0,55.87864379034378,-4.080636908866371,147,19.14,1047
55.79289064321689,-4.1852482937242135,129.0,55.89423440492952,-4.2418874418647645,148,16.358,1446
55.79289064321689,-4.1852482937242135,129.0,55.92796852989922,-4.305970400193036,149,22.445,1727
55.79289064321689,-4.1852482937242135,129.0,55.92895153496988,-4.082888064137351,150,23.636,1274
55.79289064321689,-4.1852482937242135,129.0,55.790766759429424,-4.135285962371055,151,4.701,351
55.79289064321689,-4.1852482937242135,129.0,55.80808041573422,-4.184105792933229,152,3.434,305
55.79289064321689,-4.1852482937242135,129.0,55.7982747224006,-4.3931924101572655,153,23.849,1395
55.79289064321689,-4.1852482937242135,129.0,55.81178474630603,-4.337962602706185,154,20.997,1188
55.79289064321689,-4.1852482937242135,129.0,55.852972007756,-4.353957895039277,155,19.217,1312
55.79289064321689,-4.1852482937242135,129.0,55.797152036890715,-4.311451416173846,156,12.664,1026
55.79289064321689,-4.1852482937242135,129.0,55.84839482833289,-4.1889265673730645,157,9.463,821
55.79289064321689,-4.1852482937242135,129.0,55.86383954752864,-4.387927326091926,158,24.809,1339
55.79289064321689,-4.1852482937242135,129.0,55.807182357875575,-4.140487806234959,159,7.105,454
55.79289064321689,-4.1852482937242135,129.0,55.8296607577131,-4.218765551358871,160,6.763,588
55.79289064321689,-4.1852482937242135,129.0,55.82699494590622,-4.295404959002084,161,11.718,1110
55.79289064321689,-4.1852482937242135,129.0,55.861248665443505,-4.307186036515638,162,17.103,1215
55.79289064321689,-4.1852482937242135,129.0,55.897857165570365,-4.156645648865112,163,16.409,1290
55.79289064321689,-4.1852482937242135,129.0,55.877747555317356,-4.342792329217214,164,21.915,1438
55.79289064321689,-4.1852482937242135,129.0,55.92259641850896,-4.389236283866068,165,38.171,1902
55.79289064321689,-4.1852482937242135,129.0,55.92621339590465,-4.2820478996479165,166,20.769,1604
55.79289064321689,-4.1852482937242135,129.0,55.80660612206145,-4.094012410496262,167,15.777,1131
55.79289064321689,-4.1852482937242135,129.0,55.84605439624201,-4.09192094471571,168,20.369,1116
55.79289064321689,-4.1852482937242135,129.0,55.83961965364386,-4.1201104741133365,169,10.517,755
55.79289064321689,-4.1852482937242135,129.0,55.85030951683019,-4.217608837338132,170,9.062,805
55.79289064321689,-4.1852482937242135,129.0,55.85971342373431,-4.246748195156407,171,11.385,1045
55.79289064321689,-4.1852482937242135,129.0,55.815747728441636,-4.150792968910081,172,5.852,568
55.79289064321689,-4.1852482937242135,129.0,55.80041195127493,-4.3806303679601495,173,21.68,1304
55.79289064321689,-4.1852482937242135,129.0,55.85487415463933,-4.092829020720908,174,14.824,947
55.79289064321689,-4.1852482937242135,129.0,55.80456076444065,-4.203157873727267,175,4.309,389
55.79289064321689,-4.1852482937242135,129.0,55.84723005082115,-4.330151260440624,176,17.17,1169
55.79289064321689,-4.1852482937242135,129.0,55.88775631668876,-4.123428423568879,177,22.795,1400
55.79289064321689,-4.1852482937242135,129.0,55.82857385936083,-4.129579652409029,178,10.024,719
55.79289064321689,-4.1852482937242135,129.0,55.879865395443076,-4.36272007519476,179,22.807,1480
55.79289064321689,-4.1852482937242135,129.0,55.87973669437185,-4.215636550296907,180,13.16,1367
55.79289064321689,-4.1852482937242135,129.0,55.8162521393249,-4.1868605517933455,181,4.816,425
55.79289064321689,-4.1852482937242135,129.0,55.80755514535402,-4.201625161718038,182,4.062,356
55.79289064321689,-4.1852482937242135,129.0,55.85565398843102,-4.250533808562208,183,11.265,1041
55.79289064321689,-4.1852482937242135,129.0,55.929636326069506,-4.381100658166308,184,39.157,1923
55.79289064321689,-4.1852482937242135,129.0,55.879581066995904,-4.21986165885879,185,14.294,1380
55.79289064321689,-4.1852482937242135,129.0,55.92647877645629,-4.127886630011083,186,24.038,1535
55.79289064321689,-4.1852482937242135,129.0,55.82282427264178,-4.371094162561755,187,23.745,1428
55.79289064321689,-4.1852482937242135,129.0,55.90291353127043,-4.3414180899754955,188,24.314,1683
55.79289064321689,-4.1852482937242135,129.0,55.78437024600116,-4.156926419796477,189,3.875,373
55.79289064321689,-4.1852482937242135,129.0,55.8321542449311,-4.1561720476648265,190,6.854,610
55.79289064321689,-4.1852482937242135,129.0,55.88310705812362,-4.084862107847263,191,16.301,929
55.79289064321689,-4.1852482937242135,129.0,55.85616333886266,-4.110333739241922,192,11.86,1051
55.79289064321689,-4.1852482937242135,129.0,55.90185178498145,-4.152652007721208,193,29.405,1886
55.79289064321689,-4.1852482937242135,129.0,55.8837118458465,-4.182392741162416,194,23.064,2185
55.79289064321689,-4.1852482937242135,129.0,55.83086049774818,-4.312434105301623,195,12.861,1226
55.79289064321689,-4.1852482937242135,129.0,55.821849459706755,-4.176208567338996,196,5.251,498
55.79289064321689,-4.1852482937242135,129.0,55.88009750494633,-4.255964552703097,197,14.833,1337
55.79289064321689,-4.1852482937242135,129.0,55.87413911675089,-4.369807111055967,198,20.811,1229
55.79289064321689,-4.1852482937242135,129.0,55.86354071984154,-4.093406384811447,199,16.404,1051
55.8447533450364,-4.279656724611351,130.0,55.8391698042901,-4.214478482526657,0,10.139,813
55.8447533450364,-4.279656724611351,130.0,55.86553667472969,-4.350500876963486,1,9.121,663
55.8447533450364,-4.279656724611351,130.0,55.912892829643965,-4.286410947894997,2,13.178,1983
55.8447533450364,-4.279656724611351,130.0,55.84854019346565,-4.391697428307927,3,8.258,837
55.8447533450364,-4.279656724611351,130.0,55.79232875093524,-4.310455024670266,4,7.999,757
55.8447533450364,-4.279656724611351,130.0,55.837143362020576,-4.120043492886959,5,13.838,826
55.8447533450364,-4.279656724611351,130.0,55.84185129809378,-4.283879851305767,6,0.573,134
55.8447533450364,-4.279656724611351,130.0,55.90609664927746,-4.311383718964596,7,10.563,991
55.8447533450364,-4.279656724611351,130.0,55.7832172019226,-4.31249791159531,8,8.879,784
55.8447533450364,-4.279656724611351,130.0,55.8177258987159,-4.260489243356555,9,4.746,670
55.8447533450364,-4.279656724611351,130.0,55.903262790870684,-4.212111703691823,10,12.567,1111
55.8447533450364,-4.279656724611351,130.0,55.893978813107424,-4.1413270988368325,11,14.307,1118
55.8447533450364,-4.279656724611351,130.0,55.894884622950286,-4.154349650804189,12,16.692,1017
55.8447533450364,-4.279656724611351,130.0,55.80680963785043,-4.263605759417426,13,7.413,806
55.8447533450364,-4.279656724611351,130.0,55.81824312166051,-4.346878846315483,14,7.774,709
55.8447533450364,-4.279656724611351,130.0,55.84742656229786,-4.269221405976544,15,2.435,347
55.8447533450364,-4.279656724611351,130.0,55.80730424868546,-4.315177272898423,16,5.447,531
55.8447533450364,-4.279656724611351,130.0,55.83798278877758,-4.260604018644594,17,1.839,384
55.8447533450364,-4.279656724611351,130.0,55.89424631095569,-4.343398240721316,18,11.153,853
55.8447533450364,-4.279656724611351,130.0,55.83908093533876,-4.223069302141199,19,5.628,868
55.8447533450364,-4.279656724611351,130.0,55.8357731433788,-4.270556349194068,20,1.861,285
55.8447533450364,-4.279656724611351,130.0,55.90309627527835,-4.360750370095284,21,13.186,1089
55.8447533450364,-4.279656724611351,130.0,55.85652103589449,-4.101365743428073,22,16.855,1061
55.8447533450364,-4.279656724611351,130.0,55.783736419963375,-4.235306054793451,23,9.301,1025
55.8447533450364,-4.279656724611351,130.0,55.92064824587275,-4.2358362157531895,24,14.094,1089
55.8447533450364,-4.279656724611351,130.0,55.907674892744176,-4.2497703459088045,25,12.444,2137
55.8447533450364,-4.279656724611351,130.0,55.919604340921964,-4.226208116301384,26,13.616,1103
55.8447533450364,-4.279656724611351,130.0,55.83219148710444,-4.304581930326681,27,4.619,573
55.8447533450364,-4.279656724611351,130.0,55.79569701419853,-4.1769099124482585,28,11.212,1116
55.8447533450364,-4.279656724611351,130.0,55.81260197667657,-4.197841211154324,29,8.714,983
55.8447533450364,-4.279656724611351,130.0,55.826092940761974,-4.176919409292903,30,10.495,898
55.8447533450364,-4.279656724611351,130.0,55.828413149208096,-4.109650878166438,31,17.299,1088
55.8447533450364,-4.279656724611351,130.0,55.8999241737755,-4.257993823533507,32,9.627,970
55.8447533450364,-4.279656724611351,130.0,55.892514250678616,-4.340118142906542,33,11.182,865
55.8447533450364,-4.279656724611351,130.0,55.855241629670886,-4.269936069312288,34,5.262,562
55.8447533450364,-4.279656724611351,130.0,55.877364911629314,-4.109701193625618,35,17.256,1162
55.8447533450364,-4.279656724611351,130.0,55.887053111734645,-4.1280531391159245,36,17.558,1128
55.8447533450364,-4.279656724611351,130.0,55.89108676863447,-4.105446803942431,37,19.291,1434
55.8447533450364,-4.279656724611351,130.0,55.842635153466425,-4.334387903339716,38,4.494,510
55.8447533450364,-4.279656724611351,130.0,55.89197542936556,-4.19614108945253,39,13.565,962
55.8447533450364,-4.279656724611351,130.0,55.825849135803445,-4.321179033230789,40,4.598,494
55.8447533450364,-4.279656724611351,130.0,55.81864602215581,-4.375055705699034,41,8.803,717
55.8447533450364,-4.279656724611351,130.0,55.92613065482397,-4.212698358862173,42,14.078,1156
55.8447533450364,-4.279656724611351,130.0,55.874439929608144,-4.279689658904073,43,5.822,620
55.8447533450364,-4.279656724611351,130.0,55.81998166828728,-4.245455535821837,44,4.721,639
55.8447533450364,-4.279656724611351,130.0,55.91066980601156,-4.213502644426629,45,13.03,1107
55.8447533450364,-4.279656724611351,130.0,55.8404807486866,-4.356656090229781,46,8.347,811
55.8447533450364,-4.279656724611351,130.0,55.88708229912325,-4.079055837843032,47,22.63,1169
55.8447533450364,-4.279656724611351,130.0,55.84510555179576,-4.178720975321847,48,12.16,914
55.8447533450364,-4.279656724611351,130.0,55.84413340760586,-4.085244529493477,49,19.327,1543
55.8447533450364,-4.279656724611351,130.0,55.83324217210475,-4.157183908594519,50,12.022,911
55.8447533450364,-4.279656724611351,130.0,55.895753278756494,-4.323131413571223,51,10.939,965
55.8447533450364,-4.279656724611351,130.0,55.88609925330935,-4.38354364327563,52,10.154,731
55.8447533450364,-4.279656724611351,130.0,55.86596770908397,-4.338853955125049,53,6.937,612
55.8447533450364,-4.279656724611351,130.0,55.819381988004544,-4.256567679373081,54,4.812,664
55.8447533450364,-4.279656724611351,130.0,55.919398785577634,-4.298102785445152,55,13.454,1663
55.8447533450364,-4.279656724611351,130.0,55.81052481551728,-4.0780884232687225,56,20.098,2236
55.8447533450364,-4.279656724611351,130.0,55.8411814367945,-4.125490362928665,57,15.38,984
55.8447533450364,-4.279656724611351,130.0,55.844855881791794,-4.151320272286683,58,13.012,964
55.8447533450364,-4.279656724611351,130.0,55.79334532620707,-4.3052187624925375,59,7.622,732
55.8447533450364,-4.279656724611351,130.0,55.78499644933002,-4.082518262203789,60,23.821,1235
55.8447533450364,-4.279656724611351,130.0,55.86482365717543,-4.074666870071637,61,19.121,1278
55.8447533450364,-4.279656724611351,130.0,55.910543969585106,-4.384534109666136,62,15.013,1153
55.8447533450364,-4.279656724611351,130.0,55.799715679086134,-4.188568421733812,63,11.194,1275
55.8447533450364,-4.279656724611351,130.0,55.90005630083831,-4.294022887833187,64,9.635,944
55.8447533450364,-4.279656724611351,130.0,55.82573931186619,-4.210157383495828,65,6.625,798
55.8447533450364,-4.279656724611351,130.0,55.88010014610652,-4.288014027401103,66,8.356,913
55.8447533450364,-4.279656724611351,130.0,55.8836463272421,-4.377148406451105,67,9.924,809
55.8447533450364,-4.279656724611351,130.0,55.80511293548626,-4.195982430231648,68,9.439,1016
55.8447533450364,-4.279656724611351,130.0,55.9265186267864,-4.256321117900257,69,12.992,1077
55.8447533450364,-4.279656724611351,130.0,55.90353118048908,-4.119171950823842,70,18.454,1370
55.8447533450364,-4.279656724611351,130.0,55.81502357146685,-4.260984914919316,71,4.849,688
55.8447533450364,-4.279656724611351,130.0,55.894355058439295,-4.293143876300353,72,8.925,892
55.8447533450364,-4.279656724611351,130.0,55.80246488546192,-4.242274834364847,73,6.862,865
55.8447533450364,-4.279656724611351,130.0,55.887581813102464,-4.2985753032369685,74,8.537,888
55.8447533450364,-4.279656724611351,130.0,55.928290955083554,-4.295962301582311,75,13.876,1077
55.8447533450364,-4.279656724611351,130.0,55.81096058143004,-4.368797105646974,76,10.46,799
55.8447533450364,-4.279656724611351,130.0,55.84818750128869,-4.3631808239548375,77,9.627,710
55.8447533450364,-4.279656724611351,130.0,55.81610352786554,-4.330910795148831,78,5.787,508
55.8447533450364,-4.279656724611351,130.0,55.807034270653475,-4.136077366584948,79,13.729,1149
55.8447533450364,-4.279656724611351,130.0,55.86778114631985,-4.233612892312959,80,8.141,773
55.8447533450364,-4.279656724611351,130.0,55.79578956690847,-4.368290459919509,81,15.544,1994
55.8447533450364,-4.279656724611351,130.0,55.897877306124535,-4.077031107370425,82,24.989,1914
55.8447533450364,-4.279656724611351,130.0,55.80721289582252,-4.242612882195534,83,6.085,816
55.8447533450364,-4.279656724611351,130.0,55.92209393969709,-4.157940141970138,84,18.225,1168
55.8447533450364,-4.279656724611351,130.0,55.79188265083702,-4.28147512844989,85,8.484,787
55.8447533450364,-4.279656724611351,130.0,55.88043814367632,-4.104360473798184,86,17.068,1122
55.8447533450364,-4.279656724611351,130.0,55.90345994988174,-4.293652184560058,87,10.104,989
55.8447533450364,-4.279656724611351,130.0,55.91230525016259,-4.108196424937476,88,19.722,1315
55.8447533450364,-4.279656724611351,130.0,55.90569137930351,-4.3852429216612405,89,15.048,1177
55.8447533450364,-4.279656724611351,130.0,55.824402119970216,-4.298242138123909,90,3.233,394
55.8447533450364,-4.279656724611351,130.0,55.887104625653905,-4.201059285828647,91,11.277,1111
55.8447533450364,-4.279656724611351,130.0,55.92006797200308,-4.195257422106852,92,14.924,1134
55.8447533450364,-4.279656724611351,130.0,55.7944551107823,-4.1683749063061635,93,11.342,1551
55.8447533450364,-4.279656724611351,130.0,55.88003873447475,-4.304350182381346,94,8.092,835
55.8447533450364,-4.279656724611351,130.0,55.88308048053683,-4.2942103285768285,95,7.692,810
55.8447533450364,-4.279656724611351,130.0,55.80779271908626,-4.3234306371549245,96,6.406,577
55.8447533450364,-4.279656724611351,130.0,55.90123467399992,-4.380968632189907,97,15.378,1298
55.8447533450364,-4.279656724611351,130.0,55.88049231589054,-4.293733205570284,98,7.594,800
55.8447533450364,-4.279656724611351,130.0,55.84697147961761,-4.334108806216461,99,4.809,577
55.8447533450364,-4.279656724611351,130.0,55.83067141211495,-4.195633651932574,100,9.305,777
55.8447533450364,-4.279656724611351,130.0,55.89350845984679,-4.099445363541155,101,19.106,1266
55.8447533450364,-4.279656724611351,130.0,55.92592408664018,-4.179171340754611,102,19.566,1251
55.8447533450364,-4.279656724611351,130.0,55.84941827409408,-4.169566750359822,103,12.865,980
55.8447533450364,-4.279656724611351,130.0,55.92413375575165,-4.226670311636797,104,15.293,1898
55.8447533450364,-4.279656724611351,130.0,55.88995713457192,-4.285031242761631,105,7.865,794
55.8447533450364,-4.279656724611351,130.0,55.90528066541109,-4.131569818675147,106,15.904,1015
55.8447533450364,-4.279656724611351,130.0,55.87850608392288,-4.103517886631066,107,17.399,1155
55.8447533450364,-4.279656724611351,130.0,55.80799405798939,-4.284953473560454,108,6.243,683
55.8447533450364,-4.279656724611351,130.0,55.906815669822045,-4.385279074380807,109,14.359,1091
55.8447533450364,-4.279656724611351,130.0,55.916237634416454,-4.222407816066865,110,13.531,1091
55.8447533450364,-4.279656724611351,130.0,55.915798955837815,-4.088621086891774,111,22.806,1346
55.8447533450364,-4.279656724611351,130.0,55.827538479175395,-4.350653065976025,112,7.143,640
55.8447533450364,-4.279656724611351,130.0,55.799515288981674,-4.0866627646338864,113,24.191,1348
55.8447533450364,-4.279656724611351,130.0,55.831024245961984,-4.244756518165482,114,3.638,575
55.8447533450364,-4.279656724611351,130.0,55.86754360554833,-4.2143078261423845,115,9.481,889
55.8447533450364,-4.279656724611351,130.0,55.8574985965699,-4.1521224561179935,116,14.168,1090
55.8447533450364,-4.279656724611351,130.0,55.88095643501817,-4.32811659177277,117,8.995,681
55.8447533450364,-4.279656724611351,130.0,55.85240433608213,-4.177570445500026,118,13.029,1031
55.8447533450364,-4.279656724611351,130.0,55.91169549549074,-4.359708873069638,119,15.171,1280
55.8447533450364,-4.279656724611351,130.0,55.92640787519779,-4.300990956079843,120,14.324,1126
55.8447533450364,-4.279656724611351,130.0,55.84019197366069,-4.205566157974415,121,10.625,929
55.8447533450364,-4.279656724611351,130.0,55.866619942939494,-4.268153778778456,122,5.615,700
55.8447533450364,-4.279656724611351,130.0,55.81327411986783,-4.2587495402872255,123,5.136,718
55.8447533450364,-4.279656724611351,130.0,55.86022660117776,-4.154711133590585,124,13.982,1032
55.8447533450364,-4.279656724611351,130.0,55.831522729053496,-4.370420634377527,125,9.197,810
55.8447533450364,-4.279656724611351,130.0,55.84074346341779,-4.172411658039648,126,11.233,833
55.8447533450364,-4.279656724611351,130.0,55.8801412435821,-4.258666277618953,127,7.464,785
55.8447533450364,-4.279656724611351,130.0,55.8434159429892,-4.1056733307349536,128,15.636,1013
55.8447533450364,-4.279656724611351,130.0,55.83522057783537,-4.25736952395694,129,2.254,420
55.8447533450364,-4.279656724611351,130.0,55.86467774065618,-4.2250953414252415,130,8.265,725
55.8447533450364,-4.279656724611351,130.0,55.8953662249987,-4.231143624453162,131,10.718,903
55.8447533450364,-4.279656724611351,130.0,55.81920459649808,-4.236238450921302,132,5.305,690
55.8447533450364,-4.279656724611351,130.0,55.900795402502105,-4.206009410292495,133,12.885,1098
55.8447533450364,-4.279656724611351,130.0,55.86078490474355,-4.339631469507248,134,7.472,706
55.8447533450364,-4.279656724611351,130.0,55.924999437053955,-4.191173279124663,135,15.175,1143
55.8447533450364,-4.279656724611351,130.0,55.81549096669224,-4.126910343137958,136,14.72,1196
55.8447533450364,-4.279656724611351,130.0,55.90135585493081,-4.207622057499793,137,12.884,1075
55.8447533450364,-4.279656724611351,130.0,55.845816555475636,-4.129576488296543,138,14.385,1054
55.8447533450364,-4.279656724611351,130.0,55.80470047644827,-4.291960781118721,139,6.076,661
55.8447533450364,-4.279656724611351,130.0,55.89185394491289,-4.179857587296262,140,12.469,886
55.8447533450364,-4.279656724611351,130.0,55.91859399996558,-4.3401659608951215,141,14.037,1130
55.8447533450364,-4.279656724611351,130.0,55.90671476836246,-4.3642865107142725,142,13.938,1144
55.8447533450364,-4.279656724611351,130.0,55.81273399651921,-4.167613047894911,143,11.778,960
55.8447533450364,-4.279656724611351,130.0,55.80939871413575,-4.276056954355674,144,5.957,631
55.8447533450364,-4.279656724611351,130.0,55.88312869327199,-4.214542892826467,145,10.289,930
55.8447533450364,-4.279656724611351,130.0,55.815340374954424,-4.283514492524949,146,4.951,517
55.8447533450364,-4.279656724611351,130.0,55.87864379034378,-4.080636908866371,147,23.61,1204
55.8447533450364,-4.279656724611351,130.0,55.89423440492952,-4.2418874418647645,148,11.281,987
55.8447533450364,-4.279656724611351,130.0,55.92796852989922,-4.305970400193036,149,14.452,1149
55.8447533450364,-4.279656724611351,130.0,55.92895153496988,-4.082888064137351,150,23.176,1295
55.8447533450364,-4.279656724611351,130.0,55.790766759429424,-4.135285962371055,151,13.767,1192
55.8447533450364,-4.279656724611351,130.0,55.80808041573422,-4.184105792933229,152,9.342,989
55.8447533450364,-4.279656724611351,130.0,55.7982747224006,-4.3931924101572655,153,11.268,894
55.8447533450364,-4.279656724611351,130.0,55.81178474630603,-4.337962602706185,154,6.202,553
55.8447533450364,-4.279656724611351,130.0,55.852972007756,-4.353957895039277,155,6.177,710
55.8447533450364,-4.279656724611351,130.0,55.797152036890715,-4.311451416173846,156,7.226,691
55.8447533450364,-4.279656724611351,130.0,55.84839482833289,-4.1889265673730645,157,12.811,948
55.8447533450364,-4.279656724611351,130.0,55.86383954752864,-4.387927326091926,158,12.263,737
55.8447533450364,-4.279656724611351,130.0,55.807182357875575,-4.140487806234959,159,13.406,1124
55.8447533450364,-4.279656724611351,130.0,55.8296607577131,-4.218765551358871,160,6.259,787
55.8447533450364,-4.279656724611351,130.0,55.82699494590622,-4.295404959002084,161,3.269,370
55.8447533450364,-4.279656724611351,130.0,55.861248665443505,-4.307186036515638,162,4.316,530
55.8447533450364,-4.279656724611351,130.0,55.897857165570365,-4.156645648865112,163,13.945,923
55.8447533450364,-4.279656724611351,130.0,55.877747555317356,-4.342792329217214,164,9.593,786
55.8447533450364,-4.279656724611351,130.0,55.92259641850896,-4.389236283866068,165,25.625,1300
55.8447533450364,-4.279656724611351,130.0,55.92621339590465,-4.2820478996479165,166,12.776,1026
55.8447533450364,-4.279656724611351,130.0,55.80660612206145,-4.094012410496262,167,19.683,1301
55.8447533450364,-4.279656724611351,130.0,55.84605439624201,-4.09192094471571,168,18.282,1038
55.8447533450364,-4.279656724611351,130.0,55.83961965364386,-4.1201104741133365,169,14.987,911
55.8447533450364,-4.279656724611351,130.0,55.85030951683019,-4.217608837338132,170,6.54,833
55.8447533450364,-4.279656724611351,130.0,55.85971342373431,-4.246748195156407,171,4.996,744
55.8447533450364,-4.279656724611351,130.0,55.815747728441636,-4.150792968910081,172,12.276,1021
55.8447533450364,-4.279656724611351,130.0,55.80041195127493,-4.3806303679601495,173,10.684,847
55.8447533450364,-4.279656724611351,130.0,55.85487415463933,-4.092829020720908,174,18.092,1039
55.8447533450364,-4.279656724611351,130.0,55.80456076444065,-4.203157873727267,175,9.458,1018
55.8447533450364,-4.279656724611351,130.0,55.84723005082115,-4.330151260440624,176,4.33,521
55.8447533450364,-4.279656724611351,130.0,55.88775631668876,-4.123428423568879,177,17.693,1134
55.8447533450364,-4.279656724611351,130.0,55.82857385936083,-4.129579652409029,178,14.798,1208
55.8447533450364,-4.279656724611351,130.0,55.879865395443076,-4.36272007519476,179,10.501,812
55.8447533450364,-4.279656724611351,130.0,55.87973669437185,-4.215636550296907,180,9.576,941
55.8447533450364,-4.279656724611351,130.0,55.8162521393249,-4.1868605517933455,181,11.158,931
55.8447533450364,-4.279656724611351,130.0,55.80755514535402,-4.201625161718038,182,8.693,966
55.8447533450364,-4.279656724611351,130.0,55.85565398843102,-4.250533808562208,183,3.448,568
55.8447533450364,-4.279656724611351,130.0,55.929636326069506,-4.381100658166308,184,26.611,1321
55.8447533450364,-4.279656724611351,130.0,55.879581066995904,-4.21986165885879,185,9.217,921
55.8447533450364,-4.279656724611351,130.0,55.92647877645629,-4.127886630011083,186,19.307,1254
55.8447533450364,-4.279656724611351,130.0,55.82282427264178,-4.371094162561755,187,8.333,733
55.8447533450364,-4.279656724611351,130.0,55.90291353127043,-4.3414180899754955,188,11.984,1022
55.8447533450364,-4.279656724611351,130.0,55.78437024600116,-4.156926419796477,189,13.111,1206
55.8447533450364,-4.279656724611351,130.0,55.8321542449311,-4.1561720476648265,190,12.062,925
55.8447533450364,-4.279656724611351,130.0,55.88310705812362,-4.084862107847263,191,20.771,1085
55.8447533450364,-4.279656724611351,130.0,55.85616333886266,-4.110333739241922,192,16.893,1083
55.8447533450364,-4.279656724611351,130.0,55.90185178498145,-4.152652007721208,193,17.854,1547
55.8447533450364,-4.279656724611351,130.0,55.8837118458465,-4.182392741162416,194,14.133,1895
55.8447533450364,-4.279656724611351,130.0,55.83086049774818,-4.312434105301623,195,4.203,475
55.8447533450364,-4.279656724611351,130.0,55.821849459706755,-4.176208567338996,196,10.906,895
55.8447533450364,-4.279656724611351,130.0,55.88009750494633,-4.255964552703097,197,7.15,764
55.8447533450364,-4.279656724611351,130.0,55.87413911675089,-4.369807111055967,198,8.265,628
55.8447533450364,-4.279656724611351,130.0,55.86354071984154,-4.093406384811447,199,17.509,1137
55.92322438503786,-4.143877704085763,131.0,55.8391698042901,-4.214478482526657,0,13.751,1145
55.92322438503786,-4.143877704085763,131.0,55.86553667472969,-4.350500876963486,1,24.315,1254
55.92322438503786,-4.143877704085763,131.0,55.912892829643965,-4.286410947894997,2,13.599,1748
55.92322438503786,-4.143877704085763,131.0,55.84854019346565,-4.391697428307927,3,23.746,1475
55.92322438503786,-4.143877704085763,131.0,55.79232875093524,-4.310455024670266,4,26.237,1454
55.92322438503786,-4.143877704085763,131.0,55.837143362020576,-4.120043492886959,5,26.634,1188
55.92322438503786,-4.143877704085763,131.0,55.84185129809378,-4.283879851305767,6,20.917,1204
55.92322438503786,-4.143877704085763,131.0,55.90609664927746,-4.311383718964596,7,15.809,1021
55.92322438503786,-4.143877704085763,131.0,55.7832172019226,-4.31249791159531,8,27.825,1512
55.92322438503786,-4.143877704085763,131.0,55.8177258987159,-4.260489243356555,9,18.23,1377
55.92322438503786,-4.143877704085763,131.0,55.903262790870684,-4.212111703691823,10,7.164,600
55.92322438503786,-4.143877704085763,131.0,55.893978813107424,-4.1413270988368325,11,5.12,480
55.92322438503786,-4.143877704085763,131.0,55.894884622950286,-4.154349650804189,12,4.712,349
55.92322438503786,-4.143877704085763,131.0,55.80680963785043,-4.263605759417426,13,23.559,1609
55.92322438503786,-4.143877704085763,131.0,55.81824312166051,-4.346878846315483,14,23.4,1368
55.92322438503786,-4.143877704085763,131.0,55.84742656229786,-4.269221405976544,15,17.393,1091
55.92322438503786,-4.143877704085763,131.0,55.80730424868546,-4.315177272898423,16,23.106,1353
55.92322438503786,-4.143877704085763,131.0,55.83798278877758,-4.260604018644594,17,15.6,1152
55.92322438503786,-4.143877704085763,131.0,55.89424631095569,-4.343398240721316,18,18.934,1284
55.92322438503786,-4.143877704085763,131.0,55.83908093533876,-4.223069302141199,19,13.927,1193
55.92322438503786,-4.143877704085763,131.0,55.8357731433788,-4.270556349194068,20,18.197,1103
55.92322438503786,-4.143877704085763,131.0,55.90309627527835,-4.360750370095284,21,18.472,1293
55.92322438503786,-4.143877704085763,131.0,55.85652103589449,-4.101365743428073,22,16.047,895
55.92322438503786,-4.143877704085763,131.0,55.783736419963375,-4.235306054793451,23,33.472,1761
55.92322438503786,-4.143877704085763,131.0,55.92064824587275,-4.2358362157531895,24,8.722,607
55.92322438503786,-4.143877704085763,131.0,55.907674892744176,-4.2497703459088045,25,9.668,1822
55.92322438503786,-4.143877704085763,131.0,55.919604340921964,-4.226208116301384,26,7.456,541
55.92322438503786,-4.143877704085763,131.0,55.83219148710444,-4.304581930326681,27,22.278,1394
55.92322438503786,-4.143877704085763,131.0,55.79569701419853,-4.1769099124482585,28,29.647,1517
55.92322438503786,-4.143877704085763,131.0,55.81260197667657,-4.197841211154324,29,17.253,1431
55.92322438503786,-4.143877704085763,131.0,55.826092940761974,-4.176919409292903,30,26.552,1330
55.92322438503786,-4.143877704085763,131.0,55.828413149208096,-4.109650878166438,31,24.104,1225
55.92322438503786,-4.143877704085763,131.0,55.8999241737755,-4.257993823533507,32,14.873,943
55.92322438503786,-4.143877704085763,131.0,55.892514250678616,-4.340118142906542,33,18.963,1289
55.92322438503786,-4.143877704085763,131.0,55.855241629670886,-4.269936069312288,34,15.237,832
55.92322438503786,-4.143877704085763,131.0,55.877364911629314,-4.109701193625618,35,10.617,814
55.92322438503786,-4.143877704085763,131.0,55.887053111734645,-4.1280531391159245,36,5.578,460
55.92322438503786,-4.143877704085763,131.0,55.89108676863447,-4.105446803942431,37,6.828,741
55.92322438503786,-4.143877704085763,131.0,55.842635153466425,-4.334387903339716,38,20.183,1182
55.92322438503786,-4.143877704085763,131.0,55.89197542936556,-4.19614108945253,39,6.865,497
55.92322438503786,-4.143877704085763,131.0,55.825849135803445,-4.321179033230789,40,20.456,1295
55.92322438503786,-4.143877704085763,131.0,55.81864602215581,-4.375055705699034,41,24.429,1377
55.92322438503786,-4.143877704085763,131.0,55.92613065482397,-4.212698358862173,42,6.83,537
55.92322438503786,-4.143877704085763,131.0,55.874439929608144,-4.279689658904073,43,15.078,954
55.92322438503786,-4.143877704085763,131.0,55.81998166828728,-4.245455535821837,44,17.71,1283
55.92322438503786,-4.143877704085763,131.0,55.91066980601156,-4.213502644426629,45,7.812,591
55.92322438503786,-4.143877704085763,131.0,55.8404807486866,-4.356656090229781,46,23.835,1449
55.92322438503786,-4.143877704085763,131.0,55.88708229912325,-4.079055837843032,47,8.832,678
55.92322438503786,-4.143877704085763,131.0,55.84510555179576,-4.178720975321847,48,16.774,1219
55.92322438503786,-4.143877704085763,131.0,55.84413340760586,-4.085244529493477,49,15.136,1417
55.92322438503786,-4.143877704085763,131.0,55.83324217210475,-4.157183908594519,50,24.649,1178
55.92322438503786,-4.143877704085763,131.0,55.895753278756494,-4.323131413571223,51,18.098,1230
55.92322438503786,-4.143877704085763,131.0,55.88609925330935,-4.38354364327563,52,25.348,1322
55.92322438503786,-4.143877704085763,131.0,55.86596770908397,-4.338853955125049,53,22.131,1203
55.92322438503786,-4.143877704085763,131.0,55.819381988004544,-4.256567679373081,54,17.96,1398
55.92322438503786,-4.143877704085763,131.0,55.919398785577634,-4.298102785445152,55,13.875,1428
55.92322438503786,-4.143877704085763,131.0,55.81052481551728,-4.0780884232687225,56,26.903,2373
55.92322438503786,-4.143877704085763,131.0,55.8411814367945,-4.125490362928665,57,22.185,1121
55.92322438503786,-4.143877704085763,131.0,55.844855881791794,-4.151320272286683,58,16.176,1153
55.92322438503786,-4.143877704085763,131.0,55.79334532620707,-4.3052187624925375,59,26.568,1460
55.92322438503786,-4.143877704085763,131.0,55.78499644933002,-4.082518262203789,60,28.793,1299
55.92322438503786,-4.143877704085763,131.0,55.86482365717543,-4.074666870071637,61,11.554,980
55.92322438503786,-4.143877704085763,131.0,55.910543969585106,-4.384534109666136,62,20.904,1428
55.92322438503786,-4.143877704085763,131.0,55.799715679086134,-4.188568421733812,63,29.975,1708
55.92322438503786,-4.143877704085763,131.0,55.90005630083831,-4.294022887833187,64,15.028,1004
55.92322438503786,-4.143877704085763,131.0,55.82573931186619,-4.210157383495828,65,15.31,1245
55.92322438503786,-4.143877704085763,131.0,55.88010014610652,-4.288014027401103,66,17.349,1247
55.92322438503786,-4.143877704085763,131.0,55.8836463272421,-4.377148406451105,67,25.118,1400
55.92322438503786,-4.143877704085763,131.0,55.80511293548626,-4.195982430231648,68,18.233,1505
55.92322438503786,-4.143877704085763,131.0,55.9265186267864,-4.256321117900257,69,10.948,736
55.92322438503786,-4.143877704085763,131.0,55.90353118048908,-4.119171950823842,70,5.395,634
55.92322438503786,-4.143877704085763,131.0,55.81502357146685,-4.260984914919316,71,18.587,1412
55.92322438503786,-4.143877704085763,131.0,55.894355058439295,-4.293143876300353,72,16.076,1088
55.92322438503786,-4.143877704085763,131.0,55.80246488546192,-4.242274834364847,73,19.851,1508
55.92322438503786,-4.143877704085763,131.0,55.887581813102464,-4.2985753032369685,74,16.686,1158
55.92322438503786,-4.143877704085763,131.0,55.928290955083554,-4.295962301582311,75,12.575,770
55.92322438503786,-4.143877704085763,131.0,55.81096058143004,-4.368797105646974,76,26.086,1459
55.92322438503786,-4.143877704085763,131.0,55.84818750128869,-4.3631808239548375,77,24.821,1301
55.92322438503786,-4.143877704085763,131.0,55.81610352786554,-4.330910795148831,78,22.425,1208
55.92322438503786,-4.143877704085763,131.0,55.807034270653475,-4.136077366584948,79,28.673,1466
55.92322438503786,-4.143877704085763,131.0,55.86778114631985,-4.233612892312959,80,12.208,818
55.92322438503786,-4.143877704085763,131.0,55.79578956690847,-4.368290459919509,81,31.17,2653
55.92322438503786,-4.143877704085763,131.0,55.897877306124535,-4.077031107370425,82,8.619,1207
55.92322438503786,-4.143877704085763,131.0,55.80721289582252,-4.242612882195534,83,19.074,1460
55.92322438503786,-4.143877704085763,131.0,55.92209393969709,-4.157940141970138,84,1.299,193
55.92322438503786,-4.143877704085763,131.0,55.79188265083702,-4.28147512844989,85,27.43,1515
55.92322438503786,-4.143877704085763,131.0,55.88043814367632,-4.104360473798184,86,9.927,754
55.92322438503786,-4.143877704085763,131.0,55.90345994988174,-4.293652184560058,87,14.243,925
55.92322438503786,-4.143877704085763,131.0,55.91230525016259,-4.108196424937476,88,6.419,549
55.92322438503786,-4.143877704085763,131.0,55.90569137930351,-4.3852429216612405,89,21.84,1504
55.92322438503786,-4.143877704085763,131.0,55.824402119970216,-4.298242138123909,90,20.892,1216
55.92322438503786,-4.143877704085763,131.0,55.887104625653905,-4.201059285828647,91,7.719,655
55.92322438503786,-4.143877704085763,131.0,55.92006797200308,-4.195257422106852,92,4.835,354
55.92322438503786,-4.143877704085763,131.0,55.7944551107823,-4.1683749063061635,93,29.777,1952
55.92322438503786,-4.143877704085763,131.0,55.88003873447475,-4.304350182381346,94,16.692,1127
55.92322438503786,-4.143877704085763,131.0,55.88308048053683,-4.2942103285768285,95,16.292,1101
55.92322438503786,-4.143877704085763,131.0,55.80779271908626,-4.3234306371549245,96,23.696,1340
55.92322438503786,-4.143877704085763,131.0,55.90123467399992,-4.380968632189907,97,24.618,1772
55.92322438503786,-4.143877704085763,131.0,55.88049231589054,-4.293733205570284,98,16.194,1092
55.92322438503786,-4.143877704085763,131.0,55.84697147961761,-4.334108806216461,99,20.297,1215
55.92322438503786,-4.143877704085763,131.0,55.83067141211495,-4.195633651932574,100,27.57,1332
55.92322438503786,-4.143877704085763,131.0,55.89350845984679,-4.099445363541155,101,6.643,573
55.92322438503786,-4.143877704085763,131.0,55.92592408664018,-4.179171340754611,102,4.106,392
55.92322438503786,-4.143877704085763,131.0,55.84941827409408,-4.169566750359822,103,15.345,1100
55.92322438503786,-4.143877704085763,131.0,55.92413375575165,-4.226670311636797,104,8.045,1279
55.92322438503786,-4.143877704085763,131.0,55.88995713457192,-4.285031242761631,105,16.342,1070
55.92322438503786,-4.143877704085763,131.0,55.90528066541109,-4.131569818675147,106,3.341,319
55.92322438503786,-4.143877704085763,131.0,55.87850608392288,-4.103517886631066,107,10.258,787
55.92322438503786,-4.143877704085763,131.0,55.80799405798939,-4.284953473560454,108,22.195,1470
55.92322438503786,-4.143877704085763,131.0,55.906815669822045,-4.385279074380807,109,21.621,1458
55.92322438503786,-4.143877704085763,131.0,55.916237634416454,-4.222407816066865,110,7.371,530
55.92322438503786,-4.143877704085763,131.0,55.915798955837815,-4.088621086891774,111,7.137,578
55.92322438503786,-4.143877704085763,131.0,55.827538479175395,-4.350653065976025,112,22.769,1299
55.92322438503786,-4.143877704085763,131.0,55.799515288981674,-4.0866627646338864,113,29.163,1412
55.92322438503786,-4.143877704085763,131.0,55.831024245961984,-4.244756518165482,114,16.311,1191
55.92322438503786,-4.143877704085763,131.0,55.86754360554833,-4.2143078261423845,115,10.906,848
55.92322438503786,-4.143877704085763,131.0,55.8574985965699,-4.1521224561179935,116,13.957,939
55.92322438503786,-4.143877704085763,131.0,55.88095643501817,-4.32811659177277,117,19.911,1184
55.92322438503786,-4.143877704085763,131.0,55.85240433608213,-4.177570445500026,118,12.461,1011
55.92322438503786,-4.143877704085763,131.0,55.91169549549074,-4.359708873069638,119,18.416,1284
55.92322438503786,-4.143877704085763,131.0,55.92640787519779,-4.300990956079843,120,13.023,819
55.92322438503786,-4.143877704085763,131.0,55.84019197366069,-4.205566157974415,121,14.237,1243
55.92322438503786,-4.143877704085763,131.0,55.866619942939494,-4.268153778778456,122,14.155,935
55.92322438503786,-4.143877704085763,131.0,55.81327411986783,-4.2587495402872255,123,18.566,1422
55.92322438503786,-4.143877704085763,131.0,55.86022660117776,-4.154711133590585,124,13.174,866
55.92322438503786,-4.143877704085763,131.0,55.831522729053496,-4.370420634377527,125,24.823,1469
55.92322438503786,-4.143877704085763,131.0,55.84074346341779,-4.172411658039648,126,25.63,1222
55.92322438503786,-4.143877704085763,131.0,55.8801412435821,-4.258666277618953,127,14.431,949
55.92322438503786,-4.143877704085763,131.0,55.8434159429892,-4.1056733307349536,128,22.441,1150
55.92322438503786,-4.143877704085763,131.0,55.83522057783537,-4.25736952395694,129,15.574,1154
55.92322438503786,-4.143877704085763,131.0,55.86467774065618,-4.2250953414252415,130,12.101,722
55.92322438503786,-4.143877704085763,131.0,55.8953662249987,-4.231143624453162,131,8.151,619
55.92322438503786,-4.143877704085763,131.0,55.81920459649808,-4.236238450921302,132,18.294,1333
55.92322438503786,-4.143877704085763,131.0,55.900795402502105,-4.206009410292495,133,6.733,539
55.92322438503786,-4.143877704085763,131.0,55.86078490474355,-4.339631469507248,134,22.666,1298
55.92322438503786,-4.143877704085763,131.0,55.924999437053955,-4.191173279124663,135,4.584,345
55.92322438503786,-4.143877704085763,131.0,55.81549096669224,-4.126910343137958,136,27.503,1437
55.92322438503786,-4.143877704085763,131.0,55.90135585493081,-4.207622057499793,137,6.732,516
55.92322438503786,-4.143877704085763,131.0,55.845816555475636,-4.129576488296543,138,21.274,1108
55.92322438503786,-4.143877704085763,131.0,55.80470047644827,-4.291960781118721,139,22.222,1448
55.92322438503786,-4.143877704085763,131.0,55.89185394491289,-4.179857587296262,140,6.707,467
55.92322438503786,-4.143877704085763,131.0,55.91859399996558,-4.3401659608951215,141,15.784,1029
55.92322438503786,-4.143877704085763,131.0,55.90671476836246,-4.3642865107142725,142,18.503,1256
55.92322438503786,-4.143877704085763,131.0,55.81273399651921,-4.167613047894911,143,27.106,1319
55.92322438503786,-4.143877704085763,131.0,55.80939871413575,-4.276056954355674,144,22.103,1434
55.92322438503786,-4.143877704085763,131.0,55.88312869327199,-4.214542892826467,145,8.542,692
55.92322438503786,-4.143877704085763,131.0,55.815340374954424,-4.283514492524949,146,21.097,1319
55.92322438503786,-4.143877704085763,131.0,55.87864379034378,-4.080636908866371,147,9.812,713
55.92322438503786,-4.143877704085763,131.0,55.89423440492952,-4.2418874418647645,148,8.892,743
55.92322438503786,-4.143877704085763,131.0,55.92796852989922,-4.305970400193036,149,13.151,842
55.92322438503786,-4.143877704085763,131.0,55.92895153496988,-4.082888064137351,150,11.233,634
55.92322438503786,-4.143877704085763,131.0,55.790766759429424,-4.135285962371055,151,30.801,1522
55.92322438503786,-4.143877704085763,131.0,55.80808041573422,-4.184105792933229,152,28.585,1435
55.92322438503786,-4.143877704085763,131.0,55.7982747224006,-4.3931924101572655,153,26.894,1553
55.92322438503786,-4.143877704085763,131.0,55.81178474630603,-4.337962602706185,154,23.492,1314
55.92322438503786,-4.143877704085763,131.0,55.852972007756,-4.353957895039277,155,21.865,1301
55.92322438503786,-4.143877704085763,131.0,55.797152036890715,-4.311451416173846,156,25.464,1388
55.92322438503786,-4.143877704085763,131.0,55.84839482833289,-4.1889265673730645,157,13.474,1091
55.92322438503786,-4.143877704085763,131.0,55.86383954752864,-4.387927326091926,158,27.457,1328
55.92322438503786,-4.143877704085763,131.0,55.807182357875575,-4.140487806234959,159,28.35,1441
55.92322438503786,-4.143877704085763,131.0,55.8296607577131,-4.218765551358871,160,15.651,1336
55.92322438503786,-4.143877704085763,131.0,55.82699494590622,-4.295404959002084,161,20.928,1192
55.92322438503786,-4.143877704085763,131.0,55.861248665443505,-4.307186036515638,162,20.568,1227
55.92322438503786,-4.143877704085763,131.0,55.897857165570365,-4.156645648865112,163,8.244,519
55.92322438503786,-4.143877704085763,131.0,55.877747555317356,-4.342792329217214,164,20.509,1290
55.92322438503786,-4.143877704085763,131.0,55.92259641850896,-4.389236283866068,165,19.783,1233
55.92322438503786,-4.143877704085763,131.0,55.92621339590465,-4.2820478996479165,166,11.895,738
55.92322438503786,-4.143877704085763,131.0,55.80660612206145,-4.094012410496262,167,26.488,1438
55.92322438503786,-4.143877704085763,131.0,55.84605439624201,-4.09192094471571,168,17.474,871
55.92322438503786,-4.143877704085763,131.0,55.83961965364386,-4.1201104741133365,169,21.792,1048
55.92322438503786,-4.143877704085763,131.0,55.85030951683019,-4.217608837338132,170,12.675,1063
55.92322438503786,-4.143877704085763,131.0,55.85971342373431,-4.246748195156407,171,12.814,868
55.92322438503786,-4.143877704085763,131.0,55.815747728441636,-4.150792968910081,172,27.22,1338
55.92322438503786,-4.143877704085763,131.0,55.80041195127493,-4.3806303679601495,173,26.31,1506
55.92322438503786,-4.143877704085763,131.0,55.85487415463933,-4.092829020720908,174,13.02,882
55.92322438503786,-4.143877704085763,131.0,55.80456076444065,-4.203157873727267,175,18.252,1507
55.92322438503786,-4.143877704085763,131.0,55.84723005082115,-4.330151260440624,176,19.818,1159
55.92322438503786,-4.143877704085763,131.0,55.88775631668876,-4.123428423568879,177,5.713,467
55.92322438503786,-4.143877704085763,131.0,55.82857385936083,-4.129579652409029,178,27.11,1416
55.92322438503786,-4.143877704085763,131.0,55.879865395443076,-4.36272007519476,179,21.417,1315
55.92322438503786,-4.143877704085763,131.0,55.87973669437185,-4.215636550296907,180,9.781,840
55.92322438503786,-4.143877704085763,131.0,55.8162521393249,-4.1868605517933455,181,27.693,1433
55.92322438503786,-4.143877704085763,131.0,55.80755514535402,-4.201625161718038,182,18.005,1474
55.92322438503786,-4.143877704085763,131.0,55.85565398843102,-4.250533808562208,183,13.628,1023
55.92322438503786,-4.143877704085763,131.0,55.929636326069506,-4.381100658166308,184,18.845,1193
55.92322438503786,-4.143877704085763,131.0,55.879581066995904,-4.21986165885879,185,10.248,861
55.92322438503786,-4.143877704085763,131.0,55.92647877645629,-4.127886630011083,186,3.103,402
55.92322438503786,-4.143877704085763,131.0,55.82282427264178,-4.371094162561755,187,23.959,1392
55.92322438503786,-4.143877704085763,131.0,55.90291353127043,-4.3414180899754955,188,19.631,1353
55.92322438503786,-4.143877704085763,131.0,55.78437024600116,-4.156926419796477,189,34.392,1575
55.92322438503786,-4.143877704085763,131.0,55.8321542449311,-4.1561720476648265,190,24.689,1192
55.92322438503786,-4.143877704085763,131.0,55.88310705812362,-4.084862107847263,191,21.778,964
55.92322438503786,-4.143877704085763,131.0,55.85616333886266,-4.110333739241922,192,16.085,916
55.92322438503786,-4.143877704085763,131.0,55.90185178498145,-4.152652007721208,193,3.436,769
55.92322438503786,-4.143877704085763,131.0,55.8837118458465,-4.182392741162416,194,7.988,1483
55.92322438503786,-4.143877704085763,131.0,55.83086049774818,-4.312434105301623,195,21.862,1297
55.92322438503786,-4.143877704085763,131.0,55.821849459706755,-4.176208567338996,196,26.573,1276
55.92322438503786,-4.143877704085763,131.0,55.88009750494633,-4.255964552703097,197,14.117,928
55.92322438503786,-4.143877704085763,131.0,55.87413911675089,-4.369807111055967,198,23.459,1219
55.92322438503786,-4.143877704085763,131.0,55.86354071984154,-4.093406384811447,199,12.234,846
55.84982776916132,-4.2794882614277405,132.0,55.8391698042901,-4.214478482526657,0,9.595,748
55.84982776916132,-4.2794882614277405,132.0,55.86553667472969,-4.350500876963486,1,12.221,665
55.84982776916132,-4.2794882614277405,132.0,55.912892829643965,-4.286410947894997,2,10.661,1630
55.84982776916132,-4.2794882614277405,132.0,55.84854019346565,-4.391697428307927,3,11.652,886
55.84982776916132,-4.2794882614277405,132.0,55.79232875093524,-4.310455024670266,4,14.143,864
55.84982776916132,-4.2794882614277405,132.0,55.837143362020576,-4.120043492886959,5,14.728,745
55.84982776916132,-4.2794882614277405,132.0,55.84185129809378,-4.283879851305767,6,8.823,615
55.84982776916132,-4.2794882614277405,132.0,55.90609664927746,-4.311383718964596,7,8.046,657
55.84982776916132,-4.2794882614277405,132.0,55.7832172019226,-4.31249791159531,8,15.731,922
55.84982776916132,-4.2794882614277405,132.0,55.8177258987159,-4.260489243356555,9,9.7,795
55.84982776916132,-4.2794882614277405,132.0,55.903262790870684,-4.212111703691823,10,10.027,705
55.84982776916132,-4.2794882614277405,132.0,55.893978813107424,-4.1413270988368325,11,11.767,712
55.84982776916132,-4.2794882614277405,132.0,55.894884622950286,-4.154349650804189,12,14.152,611
55.84982776916132,-4.2794882614277405,132.0,55.80680963785043,-4.263605759417426,13,11.465,1019
55.84982776916132,-4.2794882614277405,132.0,55.81824312166051,-4.346878846315483,14,11.306,778
55.84982776916132,-4.2794882614277405,132.0,55.84742656229786,-4.269221405976544,15,5.299,502
55.84982776916132,-4.2794882614277405,132.0,55.80730424868546,-4.315177272898423,16,11.012,763
55.84982776916132,-4.2794882614277405,132.0,55.83798278877758,-4.260604018644594,17,6.081,612
55.84982776916132,-4.2794882614277405,132.0,55.89424631095569,-4.343398240721316,18,8.133,615
55.84982776916132,-4.2794882614277405,132.0,55.83908093533876,-4.223069302141199,19,8.62,764
55.84982776916132,-4.2794882614277405,132.0,55.8357731433788,-4.270556349194068,20,6.103,513
55.84982776916132,-4.2794882614277405,132.0,55.90309627527835,-4.360750370095284,21,10.166,851
55.84982776916132,-4.2794882614277405,132.0,55.85652103589449,-4.101365743428073,22,14.315,655
55.84982776916132,-4.2794882614277405,132.0,55.783736419963375,-4.235306054793451,23,13.76,1086
55.84982776916132,-4.2794882614277405,132.0,55.92064824587275,-4.2358362157531895,24,11.152,686
55.84982776916132,-4.2794882614277405,132.0,55.907674892744176,-4.2497703459088045,25,9.904,1737
55.84982776916132,-4.2794882614277405,132.0,55.919604340921964,-4.226208116301384,26,11.076,697
55.84982776916132,-4.2794882614277405,132.0,55.83219148710444,-4.304581930326681,27,10.184,805
55.84982776916132,-4.2794882614277405,132.0,55.79569701419853,-4.1769099124482585,28,15.444,1018
55.84982776916132,-4.2794882614277405,132.0,55.81260197667657,-4.197841211154324,29,12.855,885
55.84982776916132,-4.2794882614277405,132.0,55.826092940761974,-4.176919409292903,30,11.385,818
55.84982776916132,-4.2794882614277405,132.0,55.828413149208096,-4.109650878166438,31,21.261,1000
55.84982776916132,-4.2794882614277405,132.0,55.8999241737755,-4.257993823533507,32,7.11,617
55.84982776916132,-4.2794882614277405,132.0,55.892514250678616,-4.340118142906542,33,8.162,627
55.84982776916132,-4.2794882614277405,132.0,55.855241629670886,-4.269936069312288,34,3.143,243
55.84982776916132,-4.2794882614277405,132.0,55.877364911629314,-4.109701193625618,35,14.716,756
55.84982776916132,-4.2794882614277405,132.0,55.887053111734645,-4.1280531391159245,36,15.018,722
55.84982776916132,-4.2794882614277405,132.0,55.89108676863447,-4.105446803942431,37,16.751,1028
55.84982776916132,-4.2794882614277405,132.0,55.842635153466425,-4.334387903339716,38,8.089,592
55.84982776916132,-4.2794882614277405,132.0,55.89197542936556,-4.19614108945253,39,11.025,556
55.84982776916132,-4.2794882614277405,132.0,55.825849135803445,-4.321179033230789,40,8.362,705
55.84982776916132,-4.2794882614277405,132.0,55.81864602215581,-4.375055705699034,41,12.335,787
55.84982776916132,-4.2794882614277405,132.0,55.92613065482397,-4.212698358862173,42,11.538,750
55.84982776916132,-4.2794882614277405,132.0,55.874439929608144,-4.279689658904073,43,3.75,284
55.84982776916132,-4.2794882614277405,132.0,55.81998166828728,-4.245455535821837,44,9.18,700
55.84982776916132,-4.2794882614277405,132.0,55.91066980601156,-4.213502644426629,45,10.49,700
55.84982776916132,-4.2794882614277405,132.0,55.8404807486866,-4.356656090229781,46,11.741,860
55.84982776916132,-4.2794882614277405,132.0,55.88708229912325,-4.079055837843032,47,17.56,888
55.84982776916132,-4.2794882614277405,132.0,55.84510555179576,-4.178720975321847,48,10.592,812
55.84982776916132,-4.2794882614277405,132.0,55.84413340760586,-4.085244529493477,49,18.814,1188
55.84982776916132,-4.2794882614277405,132.0,55.83324217210475,-4.157183908594519,50,12.912,830
55.84982776916132,-4.2794882614277405,132.0,55.895753278756494,-4.323131413571223,51,7.904,689
55.84982776916132,-4.2794882614277405,132.0,55.88609925330935,-4.38354364327563,52,13.254,733
55.84982776916132,-4.2794882614277405,132.0,55.86596770908397,-4.338853955125049,53,10.037,613
55.84982776916132,-4.2794882614277405,132.0,55.819381988004544,-4.256567679373081,54,10.609,850
55.84982776916132,-4.2794882614277405,132.0,55.919398785577634,-4.298102785445152,55,10.937,1310
55.84982776916132,-4.2794882614277405,132.0,55.81052481551728,-4.0780884232687225,56,24.06,2147
55.84982776916132,-4.2794882614277405,132.0,55.8411814367945,-4.125490362928665,57,19.342,896
55.84982776916132,-4.2794882614277405,132.0,55.844855881791794,-4.151320272286683,58,13.902,884
55.84982776916132,-4.2794882614277405,132.0,55.79334532620707,-4.3052187624925375,59,14.474,871
55.84982776916132,-4.2794882614277405,132.0,55.78499644933002,-4.082518262203789,60,25.95,1074
55.84982776916132,-4.2794882614277405,132.0,55.86482365717543,-4.074666870071637,61,16.581,872
55.84982776916132,-4.2794882614277405,132.0,55.910543969585106,-4.384534109666136,62,11.993,915
55.84982776916132,-4.2794882614277405,132.0,55.799715679086134,-4.188568421733812,63,15.426,1176
55.84982776916132,-4.2794882614277405,132.0,55.90005630083831,-4.294022887833187,64,7.118,592
55.84982776916132,-4.2794882614277405,132.0,55.82573931186619,-4.210157383495828,65,10.912,700
55.84982776916132,-4.2794882614277405,132.0,55.88010014610652,-4.288014027401103,66,5.839,560
55.84982776916132,-4.2794882614277405,132.0,55.8836463272421,-4.377148406451105,67,13.024,810
55.84982776916132,-4.2794882614277405,132.0,55.80511293548626,-4.195982430231648,68,13.835,960
55.84982776916132,-4.2794882614277405,132.0,55.9265186267864,-4.256321117900257,69,10.475,724
55.84982776916132,-4.2794882614277405,132.0,55.90353118048908,-4.119171950823842,70,15.914,964
55.84982776916132,-4.2794882614277405,132.0,55.81502357146685,-4.260984914919316,71,10.057,829
55.84982776916132,-4.2794882614277405,132.0,55.894355058439295,-4.293143876300353,72,6.408,539
55.84982776916132,-4.2794882614277405,132.0,55.80246488546192,-4.242274834364847,73,11.321,926
55.84982776916132,-4.2794882614277405,132.0,55.887581813102464,-4.2985753032369685,74,6.02,535
55.84982776916132,-4.2794882614277405,132.0,55.928290955083554,-4.295962301582311,75,11.359,725
55.84982776916132,-4.2794882614277405,132.0,55.81096058143004,-4.368797105646974,76,13.992,869
55.84982776916132,-4.2794882614277405,132.0,55.84818750128869,-4.3631808239548375,77,12.727,712
55.84982776916132,-4.2794882614277405,132.0,55.81610352786554,-4.330910795148831,78,10.331,619
55.84982776916132,-4.2794882614277405,132.0,55.807034270653475,-4.136077366584948,79,14.619,1069
55.84982776916132,-4.2794882614277405,132.0,55.86778114631985,-4.233612892312959,80,5.601,367
55.84982776916132,-4.2794882614277405,132.0,55.79578956690847,-4.368290459919509,81,19.076,2064
55.84982776916132,-4.2794882614277405,132.0,55.897877306124535,-4.077031107370425,82,18.542,1495
55.84982776916132,-4.2794882614277405,132.0,55.80721289582252,-4.242612882195534,83,10.544,877
55.84982776916132,-4.2794882614277405,132.0,55.92209393969709,-4.157940141970138,84,15.685,762
55.84982776916132,-4.2794882614277405,132.0,55.79188265083702,-4.28147512844989,85,15.336,926
55.84982776916132,-4.2794882614277405,132.0,55.88043814367632,-4.104360473798184,86,14.528,715
55.84982776916132,-4.2794882614277405,132.0,55.90345994988174,-4.293652184560058,87,7.587,637
55.84982776916132,-4.2794882614277405,132.0,55.91230525016259,-4.108196424937476,88,17.182,909
55.84982776916132,-4.2794882614277405,132.0,55.90569137930351,-4.3852429216612405,89,12.028,938
55.84982776916132,-4.2794882614277405,132.0,55.824402119970216,-4.298242138123909,90,8.798,626
55.84982776916132,-4.2794882614277405,132.0,55.887104625653905,-4.201059285828647,91,8.696,706
55.84982776916132,-4.2794882614277405,132.0,55.92006797200308,-4.195257422106852,92,12.384,728
55.84982776916132,-4.2794882614277405,132.0,55.7944551107823,-4.1683749063061635,93,15.574,1452
55.84982776916132,-4.2794882614277405,132.0,55.88003873447475,-4.304350182381346,94,5.579,440
55.84982776916132,-4.2794882614277405,132.0,55.88308048053683,-4.2942103285768285,95,5.179,415
55.84982776916132,-4.2794882614277405,132.0,55.80779271908626,-4.3234306371549245,96,11.602,751
55.84982776916132,-4.2794882614277405,132.0,55.90123467399992,-4.380968632189907,97,14.202,1206
55.84982776916132,-4.2794882614277405,132.0,55.88049231589054,-4.293733205570284,98,5.081,405
55.84982776916132,-4.2794882614277405,132.0,55.84697147961761,-4.334108806216461,99,8.203,626
55.84982776916132,-4.2794882614277405,132.0,55.83067141211495,-4.195633651932574,100,10.195,697
55.84982776916132,-4.2794882614277405,132.0,55.89350845984679,-4.099445363541155,101,16.566,860
55.84982776916132,-4.2794882614277405,132.0,55.92592408664018,-4.179171340754611,102,17.026,845
55.84982776916132,-4.2794882614277405,132.0,55.84941827409408,-4.169566750359822,103,10.378,798
55.84982776916132,-4.2794882614277405,132.0,55.92413375575165,-4.226670311636797,104,12.753,1492
55.84982776916132,-4.2794882614277405,132.0,55.88995713457192,-4.285031242761631,105,5.348,442
55.84982776916132,-4.2794882614277405,132.0,55.90528066541109,-4.131569818675147,106,13.364,609
55.84982776916132,-4.2794882614277405,132.0,55.87850608392288,-4.103517886631066,107,14.859,749
55.84982776916132,-4.2794882614277405,132.0,55.80799405798939,-4.284953473560454,108,10.101,881
55.84982776916132,-4.2794882614277405,132.0,55.906815669822045,-4.385279074380807,109,11.339,853
55.84982776916132,-4.2794882614277405,132.0,55.916237634416454,-4.222407816066865,110,10.991,685
55.84982776916132,-4.2794882614277405,132.0,55.915798955837815,-4.088621086891774,111,20.266,940
55.84982776916132,-4.2794882614277405,132.0,55.827538479175395,-4.350653065976025,112,10.675,709
55.84982776916132,-4.2794882614277405,132.0,55.799515288981674,-4.0866627646338864,113,26.32,1187
55.84982776916132,-4.2794882614277405,132.0,55.831024245961984,-4.244756518165482,114,7.661,601
55.84982776916132,-4.2794882614277405,132.0,55.86754360554833,-4.2143078261423845,115,6.941,483
55.84982776916132,-4.2794882614277405,132.0,55.8574985965699,-4.1521224561179935,116,12.225,699
55.84982776916132,-4.2794882614277405,132.0,55.88095643501817,-4.32811659177277,117,7.819,590
55.84982776916132,-4.2794882614277405,132.0,55.85240433608213,-4.177570445500026,118,9.663,669
55.84982776916132,-4.2794882614277405,132.0,55.91169549549074,-4.359708873069638,119,11.504,921
55.84982776916132,-4.2794882614277405,132.0,55.92640787519779,-4.300990956079843,120,11.807,773
55.84982776916132,-4.2794882614277405,132.0,55.84019197366069,-4.205566157974415,121,10.081,846
55.84982776916132,-4.2794882614277405,132.0,55.866619942939494,-4.268153778778456,122,3.903,407
55.84982776916132,-4.2794882614277405,132.0,55.81327411986783,-4.2587495402872255,123,10.036,839
55.84982776916132,-4.2794882614277405,132.0,55.86022660117776,-4.154711133590585,124,11.442,626
55.84982776916132,-4.2794882614277405,132.0,55.831522729053496,-4.370420634377527,125,12.729,880
55.84982776916132,-4.2794882614277405,132.0,55.84074346341779,-4.172411658039648,126,12.123,753
55.84982776916132,-4.2794882614277405,132.0,55.8801412435821,-4.258666277618953,127,4.947,433
55.84982776916132,-4.2794882614277405,132.0,55.8434159429892,-4.1056733307349536,128,19.598,924
55.84982776916132,-4.2794882614277405,132.0,55.83522057783537,-4.25736952395694,129,6.72,640
55.84982776916132,-4.2794882614277405,132.0,55.86467774065618,-4.2250953414252415,130,5.725,319
55.84982776916132,-4.2794882614277405,132.0,55.8953662249987,-4.231143624453162,131,8.178,503
55.84982776916132,-4.2794882614277405,132.0,55.81920459649808,-4.236238450921302,132,9.764,751
55.84982776916132,-4.2794882614277405,132.0,55.900795402502105,-4.206009410292495,133,10.345,692
55.84982776916132,-4.2794882614277405,132.0,55.86078490474355,-4.339631469507248,134,10.572,708
55.84982776916132,-4.2794882614277405,132.0,55.924999437053955,-4.191173279124663,135,12.635,737
55.84982776916132,-4.2794882614277405,132.0,55.81549096669224,-4.126910343137958,136,15.61,1115
55.84982776916132,-4.2794882614277405,132.0,55.90135585493081,-4.207622057499793,137,10.344,669
55.84982776916132,-4.2794882614277405,132.0,55.845816555475636,-4.129576488296543,138,15.415,868
55.84982776916132,-4.2794882614277405,132.0,55.80470047644827,-4.291960781118721,139,10.128,859
55.84982776916132,-4.2794882614277405,132.0,55.89185394491289,-4.179857587296262,140,9.929,480
55.84982776916132,-4.2794882614277405,132.0,55.91859399996558,-4.3401659608951215,141,10.37,772
55.84982776916132,-4.2794882614277405,132.0,55.90671476836246,-4.3642865107142725,142,11.591,893
55.84982776916132,-4.2794882614277405,132.0,55.81273399651921,-4.167613047894911,143,12.668,879
55.84982776916132,-4.2794882614277405,132.0,55.80939871413575,-4.276056954355674,144,10.009,845
55.84982776916132,-4.2794882614277405,132.0,55.88312869327199,-4.214542892826467,145,7.749,523
55.84982776916132,-4.2794882614277405,132.0,55.815340374954424,-4.283514492524949,146,9.003,730
55.84982776916132,-4.2794882614277405,132.0,55.87864379034378,-4.080636908866371,147,18.54,923
55.84982776916132,-4.2794882614277405,132.0,55.89423440492952,-4.2418874418647645,148,8.741,587
55.84982776916132,-4.2794882614277405,132.0,55.92796852989922,-4.305970400193036,149,11.935,797
55.84982776916132,-4.2794882614277405,132.0,55.92895153496988,-4.082888064137351,150,20.636,889
55.84982776916132,-4.2794882614277405,132.0,55.790766759429424,-4.135285962371055,151,17.999,1093
55.84982776916132,-4.2794882614277405,132.0,55.80808041573422,-4.184105792933229,152,13.629,891
55.84982776916132,-4.2794882614277405,132.0,55.7982747224006,-4.3931924101572655,153,14.8,964
55.84982776916132,-4.2794882614277405,132.0,55.81178474630603,-4.337962602706185,154,11.398,725
55.84982776916132,-4.2794882614277405,132.0,55.852972007756,-4.353957895039277,155,9.771,711
55.84982776916132,-4.2794882614277405,132.0,55.797152036890715,-4.311451416173846,156,13.37,799
55.84982776916132,-4.2794882614277405,132.0,55.84839482833289,-4.1889265673730645,157,9.407,687
55.84982776916132,-4.2794882614277405,132.0,55.86383954752864,-4.387927326091926,158,15.363,739
55.84982776916132,-4.2794882614277405,132.0,55.807182357875575,-4.140487806234959,159,14.296,1044
55.84982776916132,-4.2794882614277405,132.0,55.8296607577131,-4.218765551358871,160,9.081,757
55.84982776916132,-4.2794882614277405,132.0,55.82699494590622,-4.295404959002084,161,8.834,603
55.84982776916132,-4.2794882614277405,132.0,55.861248665443505,-4.307186036515638,162,8.474,638
55.84982776916132,-4.2794882614277405,132.0,55.897857165570365,-4.156645648865112,163,11.405,517
55.84982776916132,-4.2794882614277405,132.0,55.877747555317356,-4.342792329217214,164,8.417,695
55.84982776916132,-4.2794882614277405,132.0,55.92259641850896,-4.389236283866068,165,14.369,978
55.84982776916132,-4.2794882614277405,132.0,55.92621339590465,-4.2820478996479165,166,10.259,673
55.84982776916132,-4.2794882614277405,132.0,55.80660612206145,-4.094012410496262,167,23.645,1212
55.84982776916132,-4.2794882614277405,132.0,55.84605439624201,-4.09192094471571,168,15.742,632
55.84982776916132,-4.2794882614277405,132.0,55.83961965364386,-4.1201104741133365,169,18.949,823
55.84982776916132,-4.2794882614277405,132.0,55.85030951683019,-4.217608837338132,170,8.157,604
55.84982776916132,-4.2794882614277405,132.0,55.85971342373431,-4.246748195156407,171,6.094,417
55.84982776916132,-4.2794882614277405,132.0,55.815747728441636,-4.150792968910081,172,13.166,941
55.84982776916132,-4.2794882614277405,132.0,55.80041195127493,-4.3806303679601495,173,14.216,916
55.84982776916132,-4.2794882614277405,132.0,55.85487415463933,-4.092829020720908,174,15.552,633
55.84982776916132,-4.2794882614277405,132.0,55.80456076444065,-4.203157873727267,175,13.854,961
55.84982776916132,-4.2794882614277405,132.0,55.84723005082115,-4.330151260440624,176,7.724,569
55.84982776916132,-4.2794882614277405,132.0,55.88775631668876,-4.123428423568879,177,15.153,728
55.84982776916132,-4.2794882614277405,132.0,55.82857385936083,-4.129579652409029,178,15.688,1128
55.84982776916132,-4.2794882614277405,132.0,55.879865395443076,-4.36272007519476,179,9.325,720
55.84982776916132,-4.2794882614277405,132.0,55.87973669437185,-4.215636550296907,180,7.036,535
55.84982776916132,-4.2794882614277405,132.0,55.8162521393249,-4.1868605517933455,181,12.048,851
55.84982776916132,-4.2794882614277405,132.0,55.80755514535402,-4.201625161718038,182,13.607,928
55.84982776916132,-4.2794882614277405,132.0,55.85565398843102,-4.250533808562208,183,4.29,467
55.84982776916132,-4.2794882614277405,132.0,55.929636326069506,-4.381100658166308,184,13.431,937
55.84982776916132,-4.2794882614277405,132.0,55.879581066995904,-4.21986165885879,185,6.677,515
55.84982776916132,-4.2794882614277405,132.0,55.92647877645629,-4.127886630011083,186,16.767,848
55.84982776916132,-4.2794882614277405,132.0,55.82282427264178,-4.371094162561755,187,11.865,803
55.84982776916132,-4.2794882614277405,132.0,55.90291353127043,-4.3414180899754955,188,8.964,784
55.84982776916132,-4.2794882614277405,132.0,55.78437024600116,-4.156926419796477,189,17.343,1108
55.84982776916132,-4.2794882614277405,132.0,55.8321542449311,-4.1561720476648265,190,12.952,844
55.84982776916132,-4.2794882614277405,132.0,55.88310705812362,-4.084862107847263,191,19.806,795
55.84982776916132,-4.2794882614277405,132.0,55.85616333886266,-4.110333739241922,192,14.353,677
55.84982776916132,-4.2794882614277405,132.0,55.90185178498145,-4.152652007721208,193,15.314,1141
55.84982776916132,-4.2794882614277405,132.0,55.8837118458465,-4.182392741162416,194,11.593,1489
55.84982776916132,-4.2794882614277405,132.0,55.83086049774818,-4.312434105301623,195,9.768,707
55.84982776916132,-4.2794882614277405,132.0,55.821849459706755,-4.176208567338996,196,11.796,815
55.84982776916132,-4.2794882614277405,132.0,55.88009750494633,-4.255964552703097,197,4.633,411
55.84982776916132,-4.2794882614277405,132.0,55.87413911675089,-4.369807111055967,198,11.365,629
55.84982776916132,-4.2794882614277405,132.0,55.86354071984154,-4.093406384811447,199,14.969,730
55.78263009887416,-4.313989089229121,133.0,55.8391698042901,-4.214478482526657,0,15.462,1142
55.78263009887416,-4.313989089229121,133.0,55.86553667472969,-4.350500876963486,1,18.206,1029
55.78263009887416,-4.313989089229121,133.0,55.912892829643965,-4.286410947894997,2,24.005,2320
55.78263009887416,-4.313989089229121,133.0,55.84854019346565,-4.391697428307927,3,11.663,989
55.78263009887416,-4.313989089229121,133.0,55.79232875093524,-4.310455024670266,4,1.344,146
55.78263009887416,-4.313989089229121,133.0,55.837143362020576,-4.120043492886959,5,24.536,1124
55.78263009887416,-4.313989089229121,133.0,55.84185129809378,-4.283879851305767,6,8.472,705
55.78263009887416,-4.313989089229121,133.0,55.90609664927746,-4.311383718964596,7,21.39,1328
55.78263009887416,-4.313989089229121,133.0,55.7832172019226,-4.31249791159531,8,0.211,39
55.78263009887416,-4.313989089229121,133.0,55.8177258987159,-4.260489243356555,9,6.671,598
55.78263009887416,-4.313989089229121,133.0,55.903262790870684,-4.212111703691823,10,23.371,1395
55.78263009887416,-4.313989089229121,133.0,55.893978813107424,-4.1413270988368325,11,25.111,1402
55.78263009887416,-4.313989089229121,133.0,55.894884622950286,-4.154349650804189,12,27.496,1301
55.78263009887416,-4.313989089229121,133.0,55.80680963785043,-4.263605759417426,13,5.478,540
55.78263009887416,-4.313989089229121,133.0,55.81824312166051,-4.346878846315483,14,6.848,667
55.78263009887416,-4.313989089229121,133.0,55.84742656229786,-4.269221405976544,15,8.755,725
55.78263009887416,-4.313989089229121,133.0,55.80730424868546,-4.315177272898423,16,3.843,353
55.78263009887416,-4.313989089229121,133.0,55.83798278877758,-4.260604018644594,17,7.786,731
55.78263009887416,-4.313989089229121,133.0,55.89424631095569,-4.343398240721316,18,17.473,1231
55.78263009887416,-4.313989089229121,133.0,55.83908093533876,-4.223069302141199,19,18.428,1143
55.78263009887416,-4.313989089229121,133.0,55.8357731433788,-4.270556349194068,20,6.909,551
55.78263009887416,-4.313989089229121,133.0,55.90309627527835,-4.360750370095284,21,19.506,1467
55.78263009887416,-4.313989089229121,133.0,55.85652103589449,-4.101365743428073,22,27.659,1345
55.78263009887416,-4.313989089229121,133.0,55.783736419963375,-4.235306054793451,23,6.893,527
55.78263009887416,-4.313989089229121,133.0,55.92064824587275,-4.2358362157531895,24,24.496,1376
55.78263009887416,-4.313989089229121,133.0,55.907674892744176,-4.2497703459088045,25,23.248,2421
55.78263009887416,-4.313989089229121,133.0,55.919604340921964,-4.226208116301384,26,24.42,1387
55.78263009887416,-4.313989089229121,133.0,55.83219148710444,-4.304581930326681,27,7.467,682
55.78263009887416,-4.313989089229121,133.0,55.79569701419853,-4.1769099124482585,28,12.416,900
55.78263009887416,-4.313989089229121,133.0,55.81260197667657,-4.197841211154324,29,12.341,938
55.78263009887416,-4.313989089229121,133.0,55.826092940761974,-4.176919409292903,30,15.458,1247
55.78263009887416,-4.313989089229121,133.0,55.828413149208096,-4.109650878166438,31,22.476,1383
55.78263009887416,-4.313989089229121,133.0,55.8999241737755,-4.257993823533507,32,20.454,1307
55.78263009887416,-4.313989089229121,133.0,55.892514250678616,-4.340118142906542,33,17.502,1243
55.78263009887416,-4.313989089229121,133.0,55.855241629670886,-4.269936069312288,34,16.487,933
55.78263009887416,-4.313989089229121,133.0,55.877364911629314,-4.109701193625618,35,28.06,1446
55.78263009887416,-4.313989089229121,133.0,55.887053111734645,-4.1280531391159245,36,28.362,1412
55.78263009887416,-4.313989089229121,133.0,55.89108676863447,-4.105446803942431,37,30.095,1718
55.78263009887416,-4.313989089229121,133.0,55.842635153466425,-4.334387903339716,38,12.827,795
55.78263009887416,-4.313989089229121,133.0,55.89197542936556,-4.19614108945253,39,24.369,1246
55.78263009887416,-4.313989089229121,133.0,55.825849135803445,-4.321179033230789,40,7.446,603
55.78263009887416,-4.313989089229121,133.0,55.81864602215581,-4.375055705699034,41,6.975,596
55.78263009887416,-4.313989089229121,133.0,55.92613065482397,-4.212698358862173,42,24.882,1440
55.78263009887416,-4.313989089229121,133.0,55.874439929608144,-4.279689658904073,43,17.094,974
55.78263009887416,-4.313989089229121,133.0,55.81998166828728,-4.245455535821837,44,7.607,700
55.78263009887416,-4.313989089229121,133.0,55.91066980601156,-4.213502644426629,45,23.834,1391
55.78263009887416,-4.313989089229121,133.0,55.8404807486866,-4.356656090229781,46,10.974,799
55.78263009887416,-4.313989089229121,133.0,55.88708229912325,-4.079055837843032,47,33.328,1467
55.78263009887416,-4.313989089229121,133.0,55.84510555179576,-4.178720975321847,48,22.858,1212
55.78263009887416,-4.313989089229121,133.0,55.84413340760586,-4.085244529493477,49,30.025,1841
55.78263009887416,-4.313989089229121,133.0,55.83324217210475,-4.157183908594519,50,15.397,1162
55.78263009887416,-4.313989089229121,133.0,55.895753278756494,-4.323131413571223,51,17.259,1343
55.78263009887416,-4.313989089229121,133.0,55.88609925330935,-4.38354364327563,52,19.239,1097
55.78263009887416,-4.313989089229121,133.0,55.86596770908397,-4.338853955125049,53,16.022,978
55.78263009887416,-4.313989089229121,133.0,55.819381988004544,-4.256567679373081,54,6.737,592
55.78263009887416,-4.313989089229121,133.0,55.919398785577634,-4.298102785445152,55,24.281,2000
55.78263009887416,-4.313989089229121,133.0,55.81052481551728,-4.0780884232687225,56,28.69,2566
55.78263009887416,-4.313989089229121,133.0,55.8411814367945,-4.125490362928665,57,26.078,1282
55.78263009887416,-4.313989089229121,133.0,55.844855881791794,-4.151320272286683,58,23.71,1262
55.78263009887416,-4.313989089229121,133.0,55.79334532620707,-4.3052187624925375,59,1.434,132
55.78263009887416,-4.313989089229121,133.0,55.78499644933002,-4.082518262203789,60,18.883,1072
55.78263009887416,-4.313989089229121,133.0,55.86482365717543,-4.074666870071637,61,29.925,1562
55.78263009887416,-4.313989089229121,133.0,55.910543969585106,-4.384534109666136,62,21.333,1531
55.78263009887416,-4.313989089229121,133.0,55.799715679086134,-4.188568421733812,63,10.115,937
55.78263009887416,-4.313989089229121,133.0,55.90005630083831,-4.294022887833187,64,20.462,1282
55.78263009887416,-4.313989089229121,133.0,55.82573931186619,-4.210157383495828,65,13.631,981
55.78263009887416,-4.313989089229121,133.0,55.88010014610652,-4.288014027401103,66,19.183,1250
55.78263009887416,-4.313989089229121,133.0,55.8836463272421,-4.377148406451105,67,19.009,1175
55.78263009887416,-4.313989089229121,133.0,55.80511293548626,-4.195982430231648,68,11.598,886
55.78263009887416,-4.313989089229121,133.0,55.9265186267864,-4.256321117900257,69,23.819,1414
55.78263009887416,-4.313989089229121,133.0,55.90353118048908,-4.119171950823842,70,29.258,1654
55.78263009887416,-4.313989089229121,133.0,55.81502357146685,-4.260984914919316,71,6.57,564
55.78263009887416,-4.313989089229121,133.0,55.894355058439295,-4.293143876300353,72,19.752,1229
55.78263009887416,-4.313989089229121,133.0,55.80246488546192,-4.242274834364847,73,8.023,664
55.78263009887416,-4.313989089229121,133.0,55.887581813102464,-4.2985753032369685,74,19.364,1226
55.78263009887416,-4.313989089229121,133.0,55.928290955083554,-4.295962301582311,75,24.703,1415
55.78263009887416,-4.313989089229121,133.0,55.81096058143004,-4.368797105646974,76,6.14,570
55.78263009887416,-4.313989089229121,133.0,55.84818750128869,-4.3631808239548375,77,11.005,940
55.78263009887416,-4.313989089229121,133.0,55.81610352786554,-4.330910795148831,78,5.671,496
55.78263009887416,-4.313989089229121,133.0,55.807034270653475,-4.136077366584948,79,17.164,1081
55.78263009887416,-4.313989089229121,133.0,55.86778114631985,-4.233612892312959,80,18.945,1057
55.78263009887416,-4.313989089229121,133.0,55.79578956690847,-4.368290459919509,81,7.44,1517
55.78263009887416,-4.313989089229121,133.0,55.897877306124535,-4.077031107370425,82,31.886,2185
55.78263009887416,-4.313989089229121,133.0,55.80721289582252,-4.242612882195534,83,8.4,692
55.78263009887416,-4.313989089229121,133.0,55.92209393969709,-4.157940141970138,84,29.029,1452
55.78263009887416,-4.313989089229121,133.0,55.79188265083702,-4.28147512844989,85,3.26,263
55.78263009887416,-4.313989089229121,133.0,55.88043814367632,-4.104360473798184,86,27.872,1406
55.78263009887416,-4.313989089229121,133.0,55.90345994988174,-4.293652184560058,87,20.931,1327
55.78263009887416,-4.313989089229121,133.0,55.91230525016259,-4.108196424937476,88,30.526,1599
55.78263009887416,-4.313989089229121,133.0,55.90569137930351,-4.3852429216612405,89,21.368,1554
55.78263009887416,-4.313989089229121,133.0,55.824402119970216,-4.298242138123909,90,5.834,523
55.78263009887416,-4.313989089229121,133.0,55.887104625653905,-4.201059285828647,91,22.081,1395
55.78263009887416,-4.313989089229121,133.0,55.92006797200308,-4.195257422106852,92,25.728,1418
55.78263009887416,-4.313989089229121,133.0,55.7944551107823,-4.1683749063061635,93,12.546,1334
55.78263009887416,-4.313989089229121,133.0,55.88003873447475,-4.304350182381346,94,18.923,1130
55.78263009887416,-4.313989089229121,133.0,55.88308048053683,-4.2942103285768285,95,18.523,1105
55.78263009887416,-4.313989089229121,133.0,55.80779271908626,-4.3234306371549245,96,4.291,400
55.78263009887416,-4.313989089229121,133.0,55.90123467399992,-4.380968632189907,97,21.698,1676
55.78263009887416,-4.313989089229121,133.0,55.88049231589054,-4.293733205570284,98,18.425,1095
55.78263009887416,-4.313989089229121,133.0,55.84697147961761,-4.334108806216461,99,13.138,871
55.78263009887416,-4.313989089229121,133.0,55.83067141211495,-4.195633651932574,100,20.003,1075
55.78263009887416,-4.313989089229121,133.0,55.89350845984679,-4.099445363541155,101,29.91,1550
55.78263009887416,-4.313989089229121,133.0,55.92592408664018,-4.179171340754611,102,30.37,1535
55.78263009887416,-4.313989089229121,133.0,55.84941827409408,-4.169566750359822,103,23.563,1278
55.78263009887416,-4.313989089229121,133.0,55.92413375575165,-4.226670311636797,104,26.097,2182
55.78263009887416,-4.313989089229121,133.0,55.88995713457192,-4.285031242761631,105,18.692,1132
55.78263009887416,-4.313989089229121,133.0,55.90528066541109,-4.131569818675147,106,26.708,1299
55.78263009887416,-4.313989089229121,133.0,55.87850608392288,-4.103517886631066,107,28.203,1439
55.78263009887416,-4.313989089229121,133.0,55.80799405798939,-4.284953473560454,108,3.896,392
55.78263009887416,-4.313989089229121,133.0,55.906815669822045,-4.385279074380807,109,20.679,1469
55.78263009887416,-4.313989089229121,133.0,55.916237634416454,-4.222407816066865,110,24.335,1375
55.78263009887416,-4.313989089229121,133.0,55.915798955837815,-4.088621086891774,111,33.61,1630
55.78263009887416,-4.313989089229121,133.0,55.827538479175395,-4.350653065976025,112,9.199,610
55.78263009887416,-4.313989089229121,133.0,55.799515288981674,-4.0866627646338864,113,19.65,1217
55.78263009887416,-4.313989089229121,133.0,55.831024245961984,-4.244756518165482,114,8.934,823
55.78263009887416,-4.313989089229121,133.0,55.86754360554833,-4.2143078261423845,115,20.285,1173
55.78263009887416,-4.313989089229121,133.0,55.8574985965699,-4.1521224561179935,116,24.866,1388
55.78263009887416,-4.313989089229121,133.0,55.88095643501817,-4.32811659177277,117,15.315,1059
55.78263009887416,-4.313989089229121,133.0,55.85240433608213,-4.177570445500026,118,23.727,1329
55.78263009887416,-4.313989089229121,133.0,55.91169549549074,-4.359708873069638,119,24.848,1612
55.78263009887416,-4.313989089229121,133.0,55.92640787519779,-4.300990956079843,120,25.151,1464
55.78263009887416,-4.313989089229121,133.0,55.84019197366069,-4.205566157974415,121,15.948,1257
55.78263009887416,-4.313989089229121,133.0,55.866619942939494,-4.268153778778456,122,11.935,1078
55.78263009887416,-4.313989089229121,133.0,55.81327411986783,-4.2587495402872255,123,7.061,646
55.78263009887416,-4.313989089229121,133.0,55.86022660117776,-4.154711133590585,124,24.786,1316
55.78263009887416,-4.313989089229121,133.0,55.831522729053496,-4.370420634377527,125,8.538,787
55.78263009887416,-4.313989089229121,133.0,55.84074346341779,-4.172411658039648,126,21.931,1132
55.78263009887416,-4.313989089229121,133.0,55.8801412435821,-4.258666277618953,127,18.291,1123
55.78263009887416,-4.313989089229121,133.0,55.8434159429892,-4.1056733307349536,128,26.334,1311
55.78263009887416,-4.313989089229121,133.0,55.83522057783537,-4.25736952395694,129,7.838,717
55.78263009887416,-4.313989089229121,133.0,55.86467774065618,-4.2250953414252415,130,19.069,1009
55.78263009887416,-4.313989089229121,133.0,55.8953662249987,-4.231143624453162,131,21.522,1187
55.78263009887416,-4.313989089229121,133.0,55.81920459649808,-4.236238450921302,132,8.191,751
55.78263009887416,-4.313989089229121,133.0,55.900795402502105,-4.206009410292495,133,23.689,1382
55.78263009887416,-4.313989089229121,133.0,55.86078490474355,-4.339631469507248,134,16.557,1073
55.78263009887416,-4.313989089229121,133.0,55.924999437053955,-4.191173279124663,135,25.979,1427
55.78263009887416,-4.313989089229121,133.0,55.81549096669224,-4.126910343137958,136,18.221,1169
55.78263009887416,-4.313989089229121,133.0,55.90135585493081,-4.207622057499793,137,23.688,1359
55.78263009887416,-4.313989089229121,133.0,55.845816555475636,-4.129576488296543,138,25.083,1352
55.78263009887416,-4.313989089229121,133.0,55.80470047644827,-4.291960781118721,139,3.454,349
55.78263009887416,-4.313989089229121,133.0,55.89185394491289,-4.179857587296262,140,23.273,1170
55.78263009887416,-4.313989089229121,133.0,55.91859399996558,-4.3401659608951215,141,23.714,1462
55.78263009887416,-4.313989089229121,133.0,55.90671476836246,-4.3642865107142725,142,20.258,1522
55.78263009887416,-4.313989089229121,133.0,55.81273399651921,-4.167613047894911,143,12.417,919
55.78263009887416,-4.313989089229121,133.0,55.80939871413575,-4.276056954355674,144,4.771,438
55.78263009887416,-4.313989089229121,133.0,55.88312869327199,-4.214542892826467,145,21.093,1214
55.78263009887416,-4.313989089229121,133.0,55.815340374954424,-4.283514492524949,146,4.691,386
55.78263009887416,-4.313989089229121,133.0,55.87864379034378,-4.080636908866371,147,34.308,1502
55.78263009887416,-4.313989089229121,133.0,55.89423440492952,-4.2418874418647645,148,22.085,1271
55.78263009887416,-4.313989089229121,133.0,55.92796852989922,-4.305970400193036,149,25.279,1487
55.78263009887416,-4.313989089229121,133.0,55.92895153496988,-4.082888064137351,150,33.98,1580
55.78263009887416,-4.313989089229121,133.0,55.790766759429424,-4.135285962371055,151,14.971,976
55.78263009887416,-4.313989089229121,133.0,55.80808041573422,-4.184105792933229,152,11.214,823
55.78263009887416,-4.313989089229121,133.0,55.7982747224006,-4.3931924101572655,153,8.48,562
55.78263009887416,-4.313989089229121,133.0,55.81178474630603,-4.337962602706185,154,4.926,470
55.78263009887416,-4.313989089229121,133.0,55.852972007756,-4.353957895039277,155,14.506,1022
55.78263009887416,-4.313989089229121,133.0,55.797152036890715,-4.311451416173846,156,2.091,208
55.78263009887416,-4.313989089229121,133.0,55.84839482833289,-4.1889265673730645,157,23.509,1246
55.78263009887416,-4.313989089229121,133.0,55.86383954752864,-4.387927326091926,158,14.277,1077
55.78263009887416,-4.313989089229121,133.0,55.807182357875575,-4.140487806234959,159,14.247,1035
55.78263009887416,-4.313989089229121,133.0,55.8296607577131,-4.218765551358871,160,10.569,998
55.78263009887416,-4.313989089229121,133.0,55.82699494590622,-4.295404959002084,161,5.901,512
55.78263009887416,-4.313989089229121,133.0,55.861248665443505,-4.307186036515638,162,13.401,896
55.78263009887416,-4.313989089229121,133.0,55.897857165570365,-4.156645648865112,163,24.749,1207
55.78263009887416,-4.313989089229121,133.0,55.877747555317356,-4.342792329217214,164,15.913,1164
55.78263009887416,-4.313989089229121,133.0,55.92259641850896,-4.389236283866068,165,34.71,1667
55.78263009887416,-4.313989089229121,133.0,55.92621339590465,-4.2820478996479165,166,23.603,1363
55.78263009887416,-4.313989089229121,133.0,55.80660612206145,-4.094012410496262,167,30.381,1599
55.78263009887416,-4.313989089229121,133.0,55.84605439624201,-4.09192094471571,168,29.086,1322
55.78263009887416,-4.313989089229121,133.0,55.83961965364386,-4.1201104741133365,169,25.685,1209
55.78263009887416,-4.313989089229121,133.0,55.85030951683019,-4.217608837338132,170,18.977,1177
55.78263009887416,-4.313989089229121,133.0,55.85971342373431,-4.246748195156407,171,11.242,1093
55.78263009887416,-4.313989089229121,133.0,55.815747728441636,-4.150792968910081,172,14.435,1133
55.78263009887416,-4.313989089229121,133.0,55.80041195127493,-4.3806303679601495,173,7.157,451
55.78263009887416,-4.313989089229121,133.0,55.85487415463933,-4.092829020720908,174,28.896,1323
55.78263009887416,-4.313989089229121,133.0,55.80456076444065,-4.203157873727267,175,12.089,907
55.78263009887416,-4.313989089229121,133.0,55.84723005082115,-4.330151260440624,176,13.026,840
55.78263009887416,-4.313989089229121,133.0,55.88775631668876,-4.123428423568879,177,28.497,1418
55.78263009887416,-4.313989089229121,133.0,55.82857385936083,-4.129579652409029,178,20.294,1344
55.78263009887416,-4.313989089229121,133.0,55.879865395443076,-4.36272007519476,179,16.821,1190
55.78263009887416,-4.313989089229121,133.0,55.87973669437185,-4.215636550296907,180,20.38,1225
55.78263009887416,-4.313989089229121,133.0,55.8162521393249,-4.1868605517933455,181,12.596,942
55.78263009887416,-4.313989089229121,133.0,55.80755514535402,-4.201625161718038,182,11.842,873
55.78263009887416,-4.313989089229121,133.0,55.85565398843102,-4.250533808562208,183,9.768,946
55.78263009887416,-4.313989089229121,133.0,55.929636326069506,-4.381100658166308,184,35.696,1688
55.78263009887416,-4.313989089229121,133.0,55.879581066995904,-4.21986165885879,185,20.021,1206
55.78263009887416,-4.313989089229121,133.0,55.92647877645629,-4.127886630011083,186,30.111,1538
55.78263009887416,-4.313989089229121,133.0,55.82282427264178,-4.371094162561755,187,7.674,710
55.78263009887416,-4.313989089229121,133.0,55.90291353127043,-4.3414180899754955,188,18.304,1400
55.78263009887416,-4.313989089229121,133.0,55.78437024600116,-4.156926419796477,189,14.861,953
55.78263009887416,-4.313989089229121,133.0,55.8321542449311,-4.1561720476648265,190,15.437,1176
55.78263009887416,-4.313989089229121,133.0,55.88310705812362,-4.084862107847263,191,31.469,1383
55.78263009887416,-4.313989089229121,133.0,55.85616333886266,-4.110333739241922,192,27.697,1367
55.78263009887416,-4.313989089229121,133.0,55.90185178498145,-4.152652007721208,193,28.658,1831
55.78263009887416,-4.313989089229121,133.0,55.8837118458465,-4.182392741162416,194,24.937,2179
55.78263009887416,-4.313989089229121,133.0,55.83086049774818,-4.312434105301623,195,7.051,584
55.78263009887416,-4.313989089229121,133.0,55.821849459706755,-4.176208567338996,196,13.834,1064
55.78263009887416,-4.313989089229121,133.0,55.88009750494633,-4.255964552703097,197,17.977,1102
55.78263009887416,-4.313989089229121,133.0,55.87413911675089,-4.369807111055967,198,17.35,994
55.78263009887416,-4.313989089229121,133.0,55.86354071984154,-4.093406384811447,199,28.313,1421
55.799568572274424,-4.08266884216629,134.0,55.8391698042901,-4.214478482526657,0,16.978,865
55.799568572274424,-4.08266884216629,134.0,55.86553667472969,-4.350500876963486,1,29.315,1294
55.799568572274424,-4.08266884216629,134.0,55.912892829643965,-4.286410947894997,2,30.456,2473
55.799568572274424,-4.08266884216629,134.0,55.84854019346565,-4.391697428307927,3,28.746,1515
55.799568572274424,-4.08266884216629,134.0,55.79232875093524,-4.310455024670266,4,20.889,1250
55.799568572274424,-4.08266884216629,134.0,55.837143362020576,-4.120043492886959,5,15.208,685
55.799568572274424,-4.08266884216629,134.0,55.84185129809378,-4.283879851305767,6,21.185,1168
55.799568572274424,-4.08266884216629,134.0,55.90609664927746,-4.311383718964596,7,29.14,1582
55.799568572274424,-4.08266884216629,134.0,55.7832172019226,-4.31249791159531,8,21.219,1227
55.799568572274424,-4.08266884216629,134.0,55.8177258987159,-4.260489243356555,9,15.249,1073
55.799568572274424,-4.08266884216629,134.0,55.903262790870684,-4.212111703691823,10,23.693,1363
55.799568572274424,-4.08266884216629,134.0,55.893978813107424,-4.1413270988368325,11,21.194,1156
55.799568572274424,-4.08266884216629,134.0,55.894884622950286,-4.154349650804189,12,26.059,1057
55.799568572274424,-4.08266884216629,134.0,55.80680963785043,-4.263605759417426,13,20.77,1308
55.799568572274424,-4.08266884216629,134.0,55.81824312166051,-4.346878846315483,14,28.374,1407
55.799568572274424,-4.08266884216629,134.0,55.84742656229786,-4.269221405976544,15,21.55,1186
55.799568572274424,-4.08266884216629,134.0,55.80730424868546,-4.315177272898423,16,22.526,1383
55.799568572274424,-4.08266884216629,134.0,55.83798278877758,-4.260604018644594,17,19.656,982
55.799568572274424,-4.08266884216629,134.0,55.89424631095569,-4.343398240721316,18,31.131,1543
55.799568572274424,-4.08266884216629,134.0,55.83908093533876,-4.223069302141199,19,18.008,995
55.799568572274424,-4.08266884216629,134.0,55.8357731433788,-4.270556349194068,20,20.34,1032
55.799568572274424,-4.08266884216629,134.0,55.90309627527835,-4.360750370095284,21,33.164,1779
55.799568572274424,-4.08266884216629,134.0,55.85652103589449,-4.101365743428073,22,12.685,721
55.799568572274424,-4.08266884216629,134.0,55.783736419963375,-4.235306054793451,23,13.729,841
55.799568572274424,-4.08266884216629,134.0,55.92064824587275,-4.2358362157531895,24,28.054,1462
55.799568572274424,-4.08266884216629,134.0,55.907674892744176,-4.2497703459088045,25,26.806,2507
55.799568572274424,-4.08266884216629,134.0,55.919604340921964,-4.226208116301384,26,32.851,1468
55.799568572274424,-4.08266884216629,134.0,55.83219148710444,-4.304581930326681,27,27.252,1433
55.799568572274424,-4.08266884216629,134.0,55.79569701419853,-4.1769099124482585,28,8.572,555
55.799568572274424,-4.08266884216629,134.0,55.81260197667657,-4.197841211154324,29,11.132,726
55.799568572274424,-4.08266884216629,134.0,55.826092940761974,-4.176919409292903,30,9.099,836
55.799568572274424,-4.08266884216629,134.0,55.828413149208096,-4.109650878166438,31,5.047,441
55.799568572274424,-4.08266884216629,134.0,55.8999241737755,-4.257993823533507,32,26.905,1452
55.799568572274424,-4.08266884216629,134.0,55.892514250678616,-4.340118142906542,33,31.16,1555
55.799568572274424,-4.08266884216629,134.0,55.855241629670886,-4.269936069312288,34,24.992,1092
55.799568572274424,-4.08266884216629,134.0,55.877364911629314,-4.109701193625618,35,18.926,933
55.799568572274424,-4.08266884216629,134.0,55.887053111734645,-4.1280531391159245,36,24.573,1138
55.799568572274424,-4.08266884216629,134.0,55.89108676863447,-4.105446803942431,37,18.914,1148
55.799568572274424,-4.08266884216629,134.0,55.842635153466425,-4.334387903339716,38,25.183,1222
55.799568572274424,-4.08266884216629,134.0,55.89197542936556,-4.19614108945253,39,21.477,1087
55.799568572274424,-4.08266884216629,134.0,55.825849135803445,-4.321179033230789,40,25.43,1333
55.799568572274424,-4.08266884216629,134.0,55.81864602215581,-4.375055705699034,41,29.403,1415
55.799568572274424,-4.08266884216629,134.0,55.92613065482397,-4.212698358862173,42,32.225,1463
55.799568572274424,-4.08266884216629,134.0,55.874439929608144,-4.279689658904073,43,24.833,1214
55.799568572274424,-4.08266884216629,134.0,55.81998166828728,-4.245455535821837,44,14.109,939
55.799568572274424,-4.08266884216629,134.0,55.91066980601156,-4.213502644426629,45,33.207,1517
55.799568572274424,-4.08266884216629,134.0,55.8404807486866,-4.356656090229781,46,28.835,1489
55.799568572274424,-4.08266884216629,134.0,55.88708229912325,-4.079055837843032,47,16.544,741
55.799568572274424,-4.08266884216629,134.0,55.84510555179576,-4.178720975321847,48,14.542,800
55.799568572274424,-4.08266884216629,134.0,55.84413340760586,-4.085244529493477,49,8.898,1085
55.799568572274424,-4.08266884216629,134.0,55.83324217210475,-4.157183908594519,50,8.372,653
55.799568572274424,-4.08266884216629,134.0,55.895753278756494,-4.323131413571223,51,28.772,1636
55.799568572274424,-4.08266884216629,134.0,55.88609925330935,-4.38354364327563,52,30.348,1362
55.799568572274424,-4.08266884216629,134.0,55.86596770908397,-4.338853955125049,53,27.131,1243
55.799568572274424,-4.08266884216629,134.0,55.819381988004544,-4.256567679373081,54,16.158,1134
55.799568572274424,-4.08266884216629,134.0,55.919398785577634,-4.298102785445152,55,30.732,2153
55.799568572274424,-4.08266884216629,134.0,55.81052481551728,-4.0780884232687225,56,11.24,1712
55.799568572274424,-4.08266884216629,134.0,55.8411814367945,-4.125490362928665,57,10.757,618
55.799568572274424,-4.08266884216629,134.0,55.844855881791794,-4.151320272286683,58,14.374,773
55.799568572274424,-4.08266884216629,134.0,55.79334532620707,-4.3052187624925375,59,20.484,1211
55.799568572274424,-4.08266884216629,134.0,55.78499644933002,-4.082518262203789,60,3.401,293
55.799568572274424,-4.08266884216629,134.0,55.86482365717543,-4.074666870071637,61,14.237,915
55.799568572274424,-4.08266884216629,134.0,55.910543969585106,-4.384534109666136,62,34.991,1843
55.799568572274424,-4.08266884216629,134.0,55.799715679086134,-4.188568421733812,63,10.232,787
55.799568572274424,-4.08266884216629,134.0,55.90005630083831,-4.294022887833187,64,28.212,1535
55.799568572274424,-4.08266884216629,134.0,55.82573931186619,-4.210157383495828,65,12.422,770
55.799568572274424,-4.08266884216629,134.0,55.88010014610652,-4.288014027401103,66,26.933,1504
55.799568572274424,-4.08266884216629,134.0,55.8836463272421,-4.377148406451105,67,30.118,1440
55.799568572274424,-4.08266884216629,134.0,55.80511293548626,-4.195982430231648,68,10.389,675
55.799568572274424,-4.08266884216629,134.0,55.9265186267864,-4.256321117900257,69,30.27,1567
55.799568572274424,-4.08266884216629,134.0,55.90353118048908,-4.119171950823842,70,19.516,1209
55.799568572274424,-4.08266884216629,134.0,55.81502357146685,-4.260984914919316,71,15.606,1107
55.799568572274424,-4.08266884216629,134.0,55.894355058439295,-4.293143876300353,72,27.502,1483
55.799568572274424,-4.08266884216629,134.0,55.80246488546192,-4.242274834364847,73,15.136,982
55.799568572274424,-4.08266884216629,134.0,55.887581813102464,-4.2985753032369685,74,27.114,1479
55.799568572274424,-4.08266884216629,134.0,55.928290955083554,-4.295962301582311,75,31.154,1567
55.799568572274424,-4.08266884216629,134.0,55.81096058143004,-4.368797105646974,76,31.643,1502
55.799568572274424,-4.08266884216629,134.0,55.84818750128869,-4.3631808239548375,77,29.821,1341
55.799568572274424,-4.08266884216629,134.0,55.81610352786554,-4.330910795148831,78,27.399,1247
55.799568572274424,-4.08266884216629,134.0,55.807034270653475,-4.136077366584948,79,4.457,345
55.799568572274424,-4.08266884216629,134.0,55.86778114631985,-4.233612892312959,80,21.963,1078
55.799568572274424,-4.08266884216629,134.0,55.79578956690847,-4.368290459919509,81,30.738,2541
55.799568572274424,-4.08266884216629,134.0,55.897877306124535,-4.077031107370425,82,18.903,1487
55.799568572274424,-4.08266884216629,134.0,55.80721289582252,-4.242612882195534,83,15.526,1015
55.799568572274424,-4.08266884216629,134.0,55.92209393969709,-4.157940141970138,84,28.16,1235
55.799568572274424,-4.08266884216629,134.0,55.79188265083702,-4.28147512844989,85,18.631,1049
55.799568572274424,-4.08266884216629,134.0,55.88043814367632,-4.104360473798184,86,18.236,873
55.799568572274424,-4.08266884216629,134.0,55.90345994988174,-4.293652184560058,87,29.929,1609
55.799568572274424,-4.08266884216629,134.0,55.91230525016259,-4.108196424937476,88,22.196,1111
55.799568572274424,-4.08266884216629,134.0,55.90569137930351,-4.3852429216612405,89,35.026,1866
55.799568572274424,-4.08266884216629,134.0,55.824402119970216,-4.298242138123909,90,25.866,1254
55.799568572274424,-4.08266884216629,134.0,55.887104625653905,-4.201059285828647,91,21.251,1161
55.799568572274424,-4.08266884216629,134.0,55.92006797200308,-4.195257422106852,92,30.23,1281
55.799568572274424,-4.08266884216629,134.0,55.7944551107823,-4.1683749063061635,93,8.835,985
55.799568572274424,-4.08266884216629,134.0,55.88003873447475,-4.304350182381346,94,26.447,1387
55.799568572274424,-4.08266884216629,134.0,55.88308048053683,-4.2942103285768285,95,26.047,1361
55.799568572274424,-4.08266884216629,134.0,55.80779271908626,-4.3234306371549245,96,28.67,1379
55.799568572274424,-4.08266884216629,134.0,55.90123467399992,-4.380968632189907,97,35.332,1996
55.799568572274424,-4.08266884216629,134.0,55.88049231589054,-4.293733205570284,98,25.949,1351
55.799568572274424,-4.08266884216629,134.0,55.84697147961761,-4.334108806216461,99,25.297,1255
55.799568572274424,-4.08266884216629,134.0,55.83067141211495,-4.195633651932574,100,16.144,829
55.799568572274424,-4.08266884216629,134.0,55.89350845984679,-4.099445363541155,101,17.981,919
55.799568572274424,-4.08266884216629,134.0,55.92592408664018,-4.179171340754611,102,29.501,1319
55.799568572274424,-4.08266884216629,134.0,55.84941827409408,-4.169566750359822,103,14.651,823
55.799568572274424,-4.08266884216629,134.0,55.92413375575165,-4.226670311636797,104,33.44,2205
55.799568572274424,-4.08266884216629,134.0,55.88995713457192,-4.285031242761631,105,26.442,1386
55.799568572274424,-4.08266884216629,134.0,55.90528066541109,-4.131569818675147,106,25.839,1083
55.799568572274424,-4.08266884216629,134.0,55.87850608392288,-4.103517886631066,107,18.567,906
55.799568572274424,-4.08266884216629,134.0,55.80799405798939,-4.284953473560454,108,21.877,1366
55.799568572274424,-4.08266884216629,134.0,55.906815669822045,-4.385279074380807,109,34.337,1781
55.799568572274424,-4.08266884216629,134.0,55.916237634416454,-4.222407816066865,110,32.766,1456
55.799568572274424,-4.08266884216629,134.0,55.915798955837815,-4.088621086891774,111,21.062,994
55.799568572274424,-4.08266884216629,134.0,55.827538479175395,-4.350653065976025,112,27.743,1338
55.799568572274424,-4.08266884216629,134.0,55.799515288981674,-4.0866627646338864,113,0.172,35
55.799568572274424,-4.08266884216629,134.0,55.831024245961984,-4.244756518165482,114,19.096,887
55.799568572274424,-4.08266884216629,134.0,55.86754360554833,-4.2143078261423845,115,20.636,1063
55.799568572274424,-4.08266884216629,134.0,55.8574985965699,-4.1521224561179935,116,15.53,899
55.799568572274424,-4.08266884216629,134.0,55.88095643501817,-4.32811659177277,117,28.973,1370
55.799568572274424,-4.08266884216629,134.0,55.85240433608213,-4.177570445500026,118,15.583,880
55.799568572274424,-4.08266884216629,134.0,55.91169549549074,-4.359708873069638,119,32.598,1865
55.799568572274424,-4.08266884216629,134.0,55.92640787519779,-4.300990956079843,120,31.602,1616
55.799568572274424,-4.08266884216629,134.0,55.84019197366069,-4.205566157974415,121,17.464,980
55.799568572274424,-4.08266884216629,134.0,55.866619942939494,-4.268153778778456,122,23.91,1195
55.799568572274424,-4.08266884216629,134.0,55.81327411986783,-4.2587495402872255,123,15.585,1117
55.799568572274424,-4.08266884216629,134.0,55.86022660117776,-4.154711133590585,124,16.965,843
55.799568572274424,-4.08266884216629,134.0,55.831522729053496,-4.370420634377527,125,29.797,1508
55.799568572274424,-4.08266884216629,134.0,55.84074346341779,-4.172411658039648,126,14.204,719
55.799568572274424,-4.08266884216629,134.0,55.8801412435821,-4.258666277618953,127,24.186,1209
55.799568572274424,-4.08266884216629,134.0,55.8434159429892,-4.1056733307349536,128,11.013,647
55.799568572274424,-4.08266884216629,134.0,55.83522057783537,-4.25736952395694,129,19.63,984
55.799568572274424,-4.08266884216629,134.0,55.86467774065618,-4.2250953414252415,130,21.856,981
55.799568572274424,-4.08266884216629,134.0,55.8953662249987,-4.231143624453162,131,25.08,1274
55.799568572274424,-4.08266884216629,134.0,55.81920459649808,-4.236238450921302,132,13.525,889
55.799568572274424,-4.08266884216629,134.0,55.900795402502105,-4.206009410292495,133,22.878,1253
55.799568572274424,-4.08266884216629,134.0,55.86078490474355,-4.339631469507248,134,27.666,1338
55.799568572274424,-4.08266884216629,134.0,55.924999437053955,-4.191173279124663,135,29.979,1271
55.799568572274424,-4.08266884216629,134.0,55.81549096669224,-4.126910343137958,136,4.966,406
55.799568572274424,-4.08266884216629,134.0,55.90135585493081,-4.207622057499793,137,22.877,1231
55.799568572274424,-4.08266884216629,134.0,55.845816555475636,-4.129576488296543,138,12.657,743
55.799568572274424,-4.08266884216629,134.0,55.80470047644827,-4.291960781118721,139,21.719,1364
55.799568572274424,-4.08266884216629,134.0,55.89185394491289,-4.179857587296262,140,22.081,1030
55.799568572274424,-4.08266884216629,134.0,55.91859399996558,-4.3401659608951215,141,31.464,1715
55.799568572274424,-4.08266884216629,134.0,55.90671476836246,-4.3642865107142725,142,33.916,1834
55.799568572274424,-4.08266884216629,134.0,55.81273399651921,-4.167613047894911,143,6.967,552
55.799568572274424,-4.08266884216629,134.0,55.80939871413575,-4.276056954355674,144,20.898,1238
55.799568572274424,-4.08266884216629,134.0,55.88312869327199,-4.214542892826467,145,20.878,1132
55.799568572274424,-4.08266884216629,134.0,55.815340374954424,-4.283514492524949,146,16.931,1249
55.799568572274424,-4.08266884216629,134.0,55.87864379034378,-4.080636908866371,147,17.524,776
55.799568572274424,-4.08266884216629,134.0,55.89423440492952,-4.2418874418647645,148,25.643,1358
55.799568572274424,-4.08266884216629,134.0,55.92796852989922,-4.305970400193036,149,31.73,1639
55.799568572274424,-4.08266884216629,134.0,55.92895153496988,-4.082888064137351,150,22.02,1002
55.799568572274424,-4.08266884216629,134.0,55.790766759429424,-4.135285962371055,151,5.3,354
55.799568572274424,-4.08266884216629,134.0,55.80808041573422,-4.184105792933229,152,10.005,611
55.799568572274424,-4.08266884216629,134.0,55.7982747224006,-4.3931924101572655,153,33.281,1609
55.799568572274424,-4.08266884216629,134.0,55.81178474630603,-4.337962602706185,154,30.429,1403
55.799568572274424,-4.08266884216629,134.0,55.852972007756,-4.353957895039277,155,26.865,1341
55.799568572274424,-4.08266884216629,134.0,55.797152036890715,-4.311451416173846,156,20.774,1243
55.799568572274424,-4.08266884216629,134.0,55.84839482833289,-4.1889265673730645,157,15.303,836
55.799568572274424,-4.08266884216629,134.0,55.86383954752864,-4.387927326091926,158,32.457,1368
55.799568572274424,-4.08266884216629,134.0,55.807182357875575,-4.140487806234959,159,4.668,343
55.799568572274424,-4.08266884216629,134.0,55.8296607577131,-4.218765551358871,160,10.181,901
55.799568572274424,-4.08266884216629,134.0,55.82699494590622,-4.295404959002084,161,25.902,1231
55.799568572274424,-4.08266884216629,134.0,55.861248665443505,-4.307186036515638,162,24.751,1244
55.799568572274424,-4.08266884216629,134.0,55.897857165570365,-4.156645648865112,163,23.557,1066
55.799568572274424,-4.08266884216629,134.0,55.877747555317356,-4.342792329217214,164,29.563,1467
55.799568572274424,-4.08266884216629,134.0,55.92259641850896,-4.389236283866068,165,45.819,1931
55.799568572274424,-4.08266884216629,134.0,55.92621339590465,-4.2820478996479165,166,30.054,1516
55.799568572274424,-4.08266884216629,134.0,55.80660612206145,-4.094012410496262,167,9.195,779
55.799568572274424,-4.08266884216629,134.0,55.84605439624201,-4.09192094471571,168,18.753,844
55.799568572274424,-4.08266884216629,134.0,55.83961965364386,-4.1201104741133365,169,10.364,545
55.799568572274424,-4.08266884216629,134.0,55.85030951683019,-4.217608837338132,170,17.138,944
55.799568572274424,-4.08266884216629,134.0,55.85971342373431,-4.246748195156407,171,22.569,1128
55.799568572274424,-4.08266884216629,134.0,55.815747728441636,-4.150792968910081,172,5.573,477
55.799568572274424,-4.08266884216629,134.0,55.80041195127493,-4.3806303679601495,173,31.112,1518
55.799568572274424,-4.08266884216629,134.0,55.85487415463933,-4.092829020720908,174,13.208,676
55.799568572274424,-4.08266884216629,134.0,55.80456076444065,-4.203157873727267,175,10.88,695
55.799568572274424,-4.08266884216629,134.0,55.84723005082115,-4.330151260440624,176,24.818,1199
55.799568572274424,-4.08266884216629,134.0,55.88775631668876,-4.123428423568879,177,21.179,1129
55.799568572274424,-4.08266884216629,134.0,55.82857385936083,-4.129579652409029,178,5.775,498
55.799568572274424,-4.08266884216629,134.0,55.879865395443076,-4.36272007519476,179,30.455,1510
55.799568572274424,-4.08266884216629,134.0,55.87973669437185,-4.215636550296907,180,21.594,1228
55.799568572274424,-4.08266884216629,134.0,55.8162521393249,-4.1868605517933455,181,7.963,693
55.799568572274424,-4.08266884216629,134.0,55.80755514535402,-4.201625161718038,182,10.633,662
55.799568572274424,-4.08266884216629,134.0,55.85565398843102,-4.250533808562208,183,21.309,1170
55.799568572274424,-4.08266884216629,134.0,55.929636326069506,-4.381100658166308,184,46.805,1952
55.799568572274424,-4.08266884216629,134.0,55.879581066995904,-4.21986165885879,185,21.779,1262
55.799568572274424,-4.08266884216629,134.0,55.92647877645629,-4.127886630011083,186,22.422,1263
55.799568572274424,-4.08266884216629,134.0,55.82282427264178,-4.371094162561755,187,28.933,1431
55.799568572274424,-4.08266884216629,134.0,55.90291353127043,-4.3414180899754955,188,31.962,1712
55.799568572274424,-4.08266884216629,134.0,55.78437024600116,-4.156926419796477,189,9.0,569
55.799568572274424,-4.08266884216629,134.0,55.8321542449311,-4.1561720476648265,190,8.412,667
55.799568572274424,-4.08266884216629,134.0,55.88310705812362,-4.084862107847263,191,14.685,658
55.799568572274424,-4.08266884216629,134.0,55.85616333886266,-4.110333739241922,192,13.328,773
55.799568572274424,-4.08266884216629,134.0,55.90185178498145,-4.152652007721208,193,27.789,1615
55.799568572274424,-4.08266884216629,134.0,55.8837118458465,-4.182392741162416,194,21.448,1913
55.799568572274424,-4.08266884216629,134.0,55.83086049774818,-4.312434105301623,195,26.836,1336
55.799568572274424,-4.08266884216629,134.0,55.821849459706755,-4.176208567338996,196,7.189,608
55.799568572274424,-4.08266884216629,134.0,55.88009750494633,-4.255964552703097,197,23.872,1188
55.799568572274424,-4.08266884216629,134.0,55.87413911675089,-4.369807111055967,198,28.459,1259
55.799568572274424,-4.08266884216629,134.0,55.86354071984154,-4.093406384811447,199,14.788,780
55.81931990780179,-4.305677461938675,135.0,55.8391698042901,-4.214478482526657,0,13.055,844
55.81931990780179,-4.305677461938675,135.0,55.86553667472969,-4.350500876963486,1,10.432,736
55.81931990780179,-4.305677461938675,135.0,55.912892829643965,-4.286410947894997,2,16.223,2053
55.81931990780179,-4.305677461938675,135.0,55.84854019346565,-4.391697428307927,3,8.908,770
55.81931990780179,-4.305677461938675,135.0,55.79232875093524,-4.310455024670266,4,4.583,433
55.81931990780179,-4.305677461938675,135.0,55.837143362020576,-4.120043492886959,5,16.754,856
55.81931990780179,-4.305677461938675,135.0,55.84185129809378,-4.283879851305767,6,3.392,326
55.81931990780179,-4.305677461938675,135.0,55.90609664927746,-4.311383718964596,7,13.608,1061
55.81931990780179,-4.305677461938675,135.0,55.7832172019226,-4.31249791159531,8,5.761,462
55.81931990780179,-4.305677461938675,135.0,55.8177258987159,-4.260489243356555,9,3.813,407
55.81931990780179,-4.305677461938675,135.0,55.903262790870684,-4.212111703691823,10,15.589,1127
55.81931990780179,-4.305677461938675,135.0,55.893978813107424,-4.1413270988368325,11,17.329,1135
55.81931990780179,-4.305677461938675,135.0,55.894884622950286,-4.154349650804189,12,19.714,1033
55.81931990780179,-4.305677461938675,135.0,55.80680963785043,-4.263605759417426,13,4.295,484
55.81931990780179,-4.305677461938675,135.0,55.81824312166051,-4.346878846315483,14,4.257,418
55.81931990780179,-4.305677461938675,135.0,55.84742656229786,-4.269221405976544,15,5.29,519
55.81931990780179,-4.305677461938675,135.0,55.80730424868546,-4.315177272898423,16,2.031,207
55.81931990780179,-4.305677461938675,135.0,55.83798278877758,-4.260604018644594,17,4.008,505
55.81931990780179,-4.305677461938675,135.0,55.89424631095569,-4.343398240721316,18,12.248,986
55.81931990780179,-4.305677461938675,135.0,55.83908093533876,-4.223069302141199,19,10.646,875
55.81931990780179,-4.305677461938675,135.0,55.8357731433788,-4.270556349194068,20,3.131,325
55.81931990780179,-4.305677461938675,135.0,55.90309627527835,-4.360750370095284,21,14.281,1221
55.81931990780179,-4.305677461938675,135.0,55.85652103589449,-4.101365743428073,22,19.877,1077
55.81931990780179,-4.305677461938675,135.0,55.783736419963375,-4.235306054793451,23,9.652,794
55.81931990780179,-4.305677461938675,135.0,55.92064824587275,-4.2358362157531895,24,16.714,1108
55.81931990780179,-4.305677461938675,135.0,55.907674892744176,-4.2497703459088045,25,15.466,2153
55.81931990780179,-4.305677461938675,135.0,55.919604340921964,-4.226208116301384,26,16.638,1119
55.81931990780179,-4.305677461938675,135.0,55.83219148710444,-4.304581930326681,27,2.387,302
55.81931990780179,-4.305677461938675,135.0,55.79569701419853,-4.1769099124482585,28,11.058,1010
55.81931990780179,-4.305677461938675,135.0,55.81260197667657,-4.197841211154324,29,8.56,876
55.81931990780179,-4.305677461938675,135.0,55.826092940761974,-4.176919409292903,30,13.411,929
55.81931990780179,-4.305677461938675,135.0,55.828413149208096,-4.109650878166438,31,20.215,1119
55.81931990780179,-4.305677461938675,135.0,55.8999241737755,-4.257993823533507,32,12.672,1040
55.81931990780179,-4.305677461938675,135.0,55.892514250678616,-4.340118142906542,33,12.277,997
55.81931990780179,-4.305677461938675,135.0,55.855241629670886,-4.269936069312288,34,8.705,665
55.81931990780179,-4.305677461938675,135.0,55.877364911629314,-4.109701193625618,35,20.278,1178
55.81931990780179,-4.305677461938675,135.0,55.887053111734645,-4.1280531391159245,36,20.58,1145
55.81931990780179,-4.305677461938675,135.0,55.89108676863447,-4.105446803942431,37,22.313,1451
55.81931990780179,-4.305677461938675,135.0,55.842635153466425,-4.334387903339716,38,5.053,502
55.81931990780179,-4.305677461938675,135.0,55.89197542936556,-4.19614108945253,39,16.587,978
55.81931990780179,-4.305677461938675,135.0,55.825849135803445,-4.321179033230789,40,2.366,223
55.81931990780179,-4.305677461938675,135.0,55.81864602215581,-4.375055705699034,41,5.286,427
55.81931990780179,-4.305677461938675,135.0,55.92613065482397,-4.212698358862173,42,17.1,1172
55.81931990780179,-4.305677461938675,135.0,55.874439929608144,-4.279689658904073,43,9.312,707
55.81931990780179,-4.305677461938675,135.0,55.81998166828728,-4.245455535821837,44,4.749,509
55.81931990780179,-4.305677461938675,135.0,55.91066980601156,-4.213502644426629,45,16.052,1123
55.81931990780179,-4.305677461938675,135.0,55.8404807486866,-4.356656090229781,46,5.401,538
55.81931990780179,-4.305677461938675,135.0,55.88708229912325,-4.079055837843032,47,25.546,1199
55.81931990780179,-4.305677461938675,135.0,55.84510555179576,-4.178720975321847,48,15.076,944
55.81931990780179,-4.305677461938675,135.0,55.84413340760586,-4.085244529493477,49,22.243,1574
55.81931990780179,-4.305677461938675,135.0,55.83324217210475,-4.157183908594519,50,14.938,941
55.81931990780179,-4.305677461938675,135.0,55.895753278756494,-4.323131413571223,51,12.034,1097
55.81931990780179,-4.305677461938675,135.0,55.88609925330935,-4.38354364327563,52,11.465,805
55.81931990780179,-4.305677461938675,135.0,55.86596770908397,-4.338853955125049,53,8.248,685
55.81931990780179,-4.305677461938675,135.0,55.819381988004544,-4.256567679373081,54,3.879,401
55.81931990780179,-4.305677461938675,135.0,55.919398785577634,-4.298102785445152,55,16.499,1732
55.81931990780179,-4.305677461938675,135.0,55.81052481551728,-4.0780884232687225,56,23.014,2266
55.81931990780179,-4.305677461938675,135.0,55.8411814367945,-4.125490362928665,57,18.296,1014
55.81931990780179,-4.305677461938675,135.0,55.844855881791794,-4.151320272286683,58,15.928,995
55.81931990780179,-4.305677461938675,135.0,55.79334532620707,-4.3052187624925375,59,4.504,417
55.81931990780179,-4.305677461938675,135.0,55.78499644933002,-4.082518262203789,60,26.737,1265
55.81931990780179,-4.305677461938675,135.0,55.86482365717543,-4.074666870071637,61,22.143,1295
55.81931990780179,-4.305677461938675,135.0,55.910543969585106,-4.384534109666136,62,16.108,1286
55.81931990780179,-4.305677461938675,135.0,55.799715679086134,-4.188568421733812,63,11.569,1162
55.81931990780179,-4.305677461938675,135.0,55.90005630083831,-4.294022887833187,64,12.68,1014
55.81931990780179,-4.305677461938675,135.0,55.82573931186619,-4.210157383495828,65,7.777,805
55.81931990780179,-4.305677461938675,135.0,55.88010014610652,-4.288014027401103,66,11.401,983
55.81931990780179,-4.305677461938675,135.0,55.8836463272421,-4.377148406451105,67,11.235,882
55.81931990780179,-4.305677461938675,135.0,55.80511293548626,-4.195982430231648,68,9.285,909
55.81931990780179,-4.305677461938675,135.0,55.9265186267864,-4.256321117900257,69,16.037,1147
55.81931990780179,-4.305677461938675,135.0,55.90353118048908,-4.119171950823842,70,21.476,1386
55.81931990780179,-4.305677461938675,135.0,55.81502357146685,-4.260984914919316,71,3.524,384
55.81931990780179,-4.305677461938675,135.0,55.894355058439295,-4.293143876300353,72,11.97,962
55.81931990780179,-4.305677461938675,135.0,55.80246488546192,-4.242274834364847,73,6.547,685
55.81931990780179,-4.305677461938675,135.0,55.887581813102464,-4.2985753032369685,74,11.582,958
55.81931990780179,-4.305677461938675,135.0,55.928290955083554,-4.295962301582311,75,16.921,1147
55.81931990780179,-4.305677461938675,135.0,55.81096058143004,-4.368797105646974,76,5.389,494
55.81931990780179,-4.305677461938675,135.0,55.84818750128869,-4.3631808239548375,77,8.147,672
55.81931990780179,-4.305677461938675,135.0,55.81610352786554,-4.330910795148831,78,2.487,175
55.81931990780179,-4.305677461938675,135.0,55.807034270653475,-4.136077366584948,79,15.806,1190
55.81931990780179,-4.305677461938675,135.0,55.86778114631985,-4.233612892312959,80,11.163,789
55.81931990780179,-4.305677461938675,135.0,55.79578956690847,-4.368290459919509,81,8.105,1730
55.81931990780179,-4.305677461938675,135.0,55.897877306124535,-4.077031107370425,82,24.104,1917
55.81931990780179,-4.305677461938675,135.0,55.80721289582252,-4.242612882195534,83,5.77,636
55.81931990780179,-4.305677461938675,135.0,55.92209393969709,-4.157940141970138,84,21.247,1184
55.81931990780179,-4.305677461938675,135.0,55.79188265083702,-4.28147512844989,85,5.366,466
55.81931990780179,-4.305677461938675,135.0,55.88043814367632,-4.104360473798184,86,20.09,1138
55.81931990780179,-4.305677461938675,135.0,55.90345994988174,-4.293652184560058,87,13.149,1059
55.81931990780179,-4.305677461938675,135.0,55.91230525016259,-4.108196424937476,88,22.744,1332
55.81931990780179,-4.305677461938675,135.0,55.90569137930351,-4.3852429216612405,89,16.143,1309
55.81931990780179,-4.305677461938675,135.0,55.824402119970216,-4.298242138123909,90,1.184,185
55.81931990780179,-4.305677461938675,135.0,55.887104625653905,-4.201059285828647,91,14.299,1127
55.81931990780179,-4.305677461938675,135.0,55.92006797200308,-4.195257422106852,92,17.946,1150
55.81931990780179,-4.305677461938675,135.0,55.7944551107823,-4.1683749063061635,93,11.188,1444
55.81931990780179,-4.305677461938675,135.0,55.88003873447475,-4.304350182381346,94,11.141,863
55.81931990780179,-4.305677461938675,135.0,55.88308048053683,-4.2942103285768285,95,10.741,837
55.81931990780179,-4.305677461938675,135.0,55.80779271908626,-4.3234306371549245,96,3.106,244
55.81931990780179,-4.305677461938675,135.0,55.90123467399992,-4.380968632189907,97,16.449,1438
55.81931990780179,-4.305677461938675,135.0,55.88049231589054,-4.293733205570284,98,10.643,827
55.81931990780179,-4.305677461938675,135.0,55.84697147961761,-4.334108806216461,99,5.364,579
55.81931990780179,-4.305677461938675,135.0,55.83067141211495,-4.195633651932574,100,12.221,808
55.81931990780179,-4.305677461938675,135.0,55.89350845984679,-4.099445363541155,101,22.128,1282
55.81931990780179,-4.305677461938675,135.0,55.92592408664018,-4.179171340754611,102,22.588,1268
55.81931990780179,-4.305677461938675,135.0,55.84941827409408,-4.169566750359822,103,15.781,1010
55.81931990780179,-4.305677461938675,135.0,55.92413375575165,-4.226670311636797,104,18.315,1914
55.81931990780179,-4.305677461938675,135.0,55.88995713457192,-4.285031242761631,105,10.91,864
55.81931990780179,-4.305677461938675,135.0,55.90528066541109,-4.131569818675147,106,18.926,1031
55.81931990780179,-4.305677461938675,135.0,55.87850608392288,-4.103517886631066,107,20.421,1171
55.81931990780179,-4.305677461938675,135.0,55.80799405798939,-4.284953473560454,108,3.125,362
55.81931990780179,-4.305677461938675,135.0,55.906815669822045,-4.385279074380807,109,15.454,1224
55.81931990780179,-4.305677461938675,135.0,55.916237634416454,-4.222407816066865,110,16.553,1108
55.81931990780179,-4.305677461938675,135.0,55.915798955837815,-4.088621086891774,111,25.828,1362
55.81931990780179,-4.305677461938675,135.0,55.827538479175395,-4.350653065976025,112,3.626,349
55.81931990780179,-4.305677461938675,135.0,55.799515288981674,-4.0866627646338864,113,18.811,1416
55.81931990780179,-4.305677461938675,135.0,55.831024245961984,-4.244756518165482,114,6.076,631
55.81931990780179,-4.305677461938675,135.0,55.86754360554833,-4.2143078261423845,115,12.503,905
55.81931990780179,-4.305677461938675,135.0,55.8574985965699,-4.1521224561179935,116,17.084,1120
55.81931990780179,-4.305677461938675,135.0,55.88095643501817,-4.32811659177277,117,10.09,813
55.81931990780179,-4.305677461938675,135.0,55.85240433608213,-4.177570445500026,118,15.945,1061
55.81931990780179,-4.305677461938675,135.0,55.91169549549074,-4.359708873069638,119,17.066,1344
55.81931990780179,-4.305677461938675,135.0,55.92640787519779,-4.300990956079843,120,17.369,1196
55.81931990780179,-4.305677461938675,135.0,55.84019197366069,-4.205566157974415,121,13.541,959
55.81931990780179,-4.305677461938675,135.0,55.866619942939494,-4.268153778778456,122,9.465,829
55.81931990780179,-4.305677461938675,135.0,55.81327411986783,-4.2587495402872255,123,4.203,463
55.81931990780179,-4.305677461938675,135.0,55.86022660117776,-4.154711133590585,124,17.004,1048
55.81931990780179,-4.305677461938675,135.0,55.831522729053496,-4.370420634377527,125,5.68,520
55.81931990780179,-4.305677461938675,135.0,55.84074346341779,-4.172411658039648,126,14.149,864
55.81931990780179,-4.305677461938675,135.0,55.8801412435821,-4.258666277618953,127,10.509,855
55.81931990780179,-4.305677461938675,135.0,55.8434159429892,-4.1056733307349536,128,18.552,1043
55.81931990780179,-4.305677461938675,135.0,55.83522057783537,-4.25736952395694,129,4.06,492
55.81931990780179,-4.305677461938675,135.0,55.86467774065618,-4.2250953414252415,130,11.287,742
55.81931990780179,-4.305677461938675,135.0,55.8953662249987,-4.231143624453162,131,13.74,919
55.81931990780179,-4.305677461938675,135.0,55.81920459649808,-4.236238450921302,132,5.333,559
55.81931990780179,-4.305677461938675,135.0,55.900795402502105,-4.206009410292495,133,15.907,1114
55.81931990780179,-4.305677461938675,135.0,55.86078490474355,-4.339631469507248,134,8.783,780
55.81931990780179,-4.305677461938675,135.0,55.924999437053955,-4.191173279124663,135,18.197,1159
55.81931990780179,-4.305677461938675,135.0,55.81549096669224,-4.126910343137958,136,17.636,1226
55.81931990780179,-4.305677461938675,135.0,55.90135585493081,-4.207622057499793,137,15.906,1092
55.81931990780179,-4.305677461938675,135.0,55.845816555475636,-4.129576488296543,138,17.301,1085
55.81931990780179,-4.305677461938675,135.0,55.80470047644827,-4.291960781118721,139,2.958,339
55.81931990780179,-4.305677461938675,135.0,55.89185394491289,-4.179857587296262,140,15.491,903
55.81931990780179,-4.305677461938675,135.0,55.91859399996558,-4.3401659608951215,141,15.932,1194
55.81931990780179,-4.305677461938675,135.0,55.90671476836246,-4.3642865107142725,142,15.033,1276
55.81931990780179,-4.305677461938675,135.0,55.81273399651921,-4.167613047894911,143,14.694,990
55.81931990780179,-4.305677461938675,135.0,55.80939871413575,-4.276056954355674,144,2.839,310
55.81931990780179,-4.305677461938675,135.0,55.88312869327199,-4.214542892826467,145,13.311,946
55.81931990780179,-4.305677461938675,135.0,55.815340374954424,-4.283514492524949,146,1.833,195
55.81931990780179,-4.305677461938675,135.0,55.87864379034378,-4.080636908866371,147,26.526,1234
55.81931990780179,-4.305677461938675,135.0,55.89423440492952,-4.2418874418647645,148,14.303,1003
55.81931990780179,-4.305677461938675,135.0,55.92796852989922,-4.305970400193036,149,17.497,1219
55.81931990780179,-4.305677461938675,135.0,55.92895153496988,-4.082888064137351,150,26.198,1312
55.81931990780179,-4.305677461938675,135.0,55.790766759429424,-4.135285962371055,151,13.613,1085
55.81931990780179,-4.305677461938675,135.0,55.80808041573422,-4.184105792933229,152,9.586,918
55.81931990780179,-4.305677461938675,135.0,55.7982747224006,-4.3931924101572655,153,7.027,595
55.81931990780179,-4.305677461938675,135.0,55.81178474630603,-4.337962602706185,154,2.902,221
55.81931990780179,-4.305677461938675,135.0,55.852972007756,-4.353957895039277,155,6.732,729
55.81931990780179,-4.305677461938675,135.0,55.797152036890715,-4.311451416173846,156,3.81,367
55.81931990780179,-4.305677461938675,135.0,55.84839482833289,-4.1889265673730645,157,15.727,978
55.81931990780179,-4.305677461938675,135.0,55.86383954752864,-4.387927326091926,158,13.574,811
55.81931990780179,-4.305677461938675,135.0,55.807182357875575,-4.140487806234959,159,12.889,1145
55.81931990780179,-4.305677461938675,135.0,55.8296607577131,-4.218765551358871,160,7.711,807
55.81931990780179,-4.305677461938675,135.0,55.82699494590622,-4.295404959002084,161,1.768,189
55.81931990780179,-4.305677461938675,135.0,55.861248665443505,-4.307186036515638,162,5.627,604
55.81931990780179,-4.305677461938675,135.0,55.897857165570365,-4.156645648865112,163,16.967,939
55.81931990780179,-4.305677461938675,135.0,55.877747555317356,-4.342792329217214,164,10.68,910
55.81931990780179,-4.305677461938675,135.0,55.92259641850896,-4.389236283866068,165,26.936,1374
55.81931990780179,-4.305677461938675,135.0,55.92621339590465,-4.2820478996479165,166,15.821,1095
55.81931990780179,-4.305677461938675,135.0,55.80660612206145,-4.094012410496262,167,22.599,1331
55.81931990780179,-4.305677461938675,135.0,55.84605439624201,-4.09192094471571,168,21.304,1054
55.81931990780179,-4.305677461938675,135.0,55.83961965364386,-4.1201104741133365,169,17.903,941
55.81931990780179,-4.305677461938675,135.0,55.85030951683019,-4.217608837338132,170,11.195,909
55.81931990780179,-4.305677461938675,135.0,55.85971342373431,-4.246748195156407,171,11.656,840
55.81931990780179,-4.305677461938675,135.0,55.815747728441636,-4.150792968910081,172,15.192,1051
55.81931990780179,-4.305677461938675,135.0,55.80041195127493,-4.3806303679601495,173,6.443,548
55.81931990780179,-4.305677461938675,135.0,55.85487415463933,-4.092829020720908,174,21.114,1055
55.81931990780179,-4.305677461938675,135.0,55.80456076444065,-4.203157873727267,175,9.304,911
55.81931990780179,-4.305677461938675,135.0,55.84723005082115,-4.330151260440624,176,5.252,548
55.81931990780179,-4.305677461938675,135.0,55.88775631668876,-4.123428423568879,177,20.715,1151
55.81931990780179,-4.305677461938675,135.0,55.82857385936083,-4.129579652409029,178,17.714,1239
55.81931990780179,-4.305677461938675,135.0,55.879865395443076,-4.36272007519476,179,11.572,952
55.81931990780179,-4.305677461938675,135.0,55.87973669437185,-4.215636550296907,180,12.598,957
55.81931990780179,-4.305677461938675,135.0,55.8162521393249,-4.1868605517933455,181,9.057,908
55.81931990780179,-4.305677461938675,135.0,55.80755514535402,-4.201625161718038,182,8.539,859
55.81931990780179,-4.305677461938675,135.0,55.85565398843102,-4.250533808562208,183,6.303,740
55.81931990780179,-4.305677461938675,135.0,55.929636326069506,-4.381100658166308,184,27.922,1395
55.81931990780179,-4.305677461938675,135.0,55.879581066995904,-4.21986165885879,185,12.239,938
55.81931990780179,-4.305677461938675,135.0,55.92647877645629,-4.127886630011083,186,22.329,1270
55.81931990780179,-4.305677461938675,135.0,55.82282427264178,-4.371094162561755,187,4.816,442
55.81931990780179,-4.305677461938675,135.0,55.90291353127043,-4.3414180899754955,188,13.079,1155
55.81931990780179,-4.305677461938675,135.0,55.78437024600116,-4.156926419796477,189,12.957,1100
55.81931990780179,-4.305677461938675,135.0,55.8321542449311,-4.1561720476648265,190,14.978,955
55.81931990780179,-4.305677461938675,135.0,55.88310705812362,-4.084862107847263,191,23.687,1116
55.81931990780179,-4.305677461938675,135.0,55.85616333886266,-4.110333739241922,192,19.915,1099
55.81931990780179,-4.305677461938675,135.0,55.90185178498145,-4.152652007721208,193,20.876,1564
55.81931990780179,-4.305677461938675,135.0,55.8837118458465,-4.182392741162416,194,17.155,1912
55.81931990780179,-4.305677461938675,135.0,55.83086049774818,-4.312434105301623,195,1.971,205
55.81931990780179,-4.305677461938675,135.0,55.821849459706755,-4.176208567338996,196,13.822,925
55.81931990780179,-4.305677461938675,135.0,55.88009750494633,-4.255964552703097,197,10.195,834
55.81931990780179,-4.305677461938675,135.0,55.87413911675089,-4.369807111055967,198,9.576,701
55.81931990780179,-4.305677461938675,135.0,55.86354071984154,-4.093406384811447,199,20.531,1153
55.78605679016772,-4.113677986977751,136.0,55.8391698042901,-4.214478482526657,0,12.935,779
55.78605679016772,-4.113677986977751,136.0,55.86553667472969,-4.350500876963486,1,30.136,1294
55.78605679016772,-4.113677986977751,136.0,55.912892829643965,-4.286410947894997,2,31.277,2473
55.78605679016772,-4.113677986977751,136.0,55.84854019346565,-4.391697428307927,3,29.567,1515
55.78605679016772,-4.113677986977751,136.0,55.79232875093524,-4.310455024670266,4,17.788,1087
55.78605679016772,-4.113677986977751,136.0,55.837143362020576,-4.120043492886959,5,16.029,684
55.78605679016772,-4.113677986977751,136.0,55.84185129809378,-4.283879851305767,6,22.006,1168
55.78605679016772,-4.113677986977751,136.0,55.90609664927746,-4.311383718964596,7,29.961,1582
55.78605679016772,-4.113677986977751,136.0,55.7832172019226,-4.31249791159531,8,18.118,1064
55.78605679016772,-4.113677986977751,136.0,55.8177258987159,-4.260489243356555,9,13.931,922
55.78605679016772,-4.113677986977751,136.0,55.903262790870684,-4.212111703691823,10,24.514,1362
55.78605679016772,-4.113677986977751,136.0,55.893978813107424,-4.1413270988368325,11,22.015,1156
55.78605679016772,-4.113677986977751,136.0,55.894884622950286,-4.154349650804189,12,26.88,1057
55.78605679016772,-4.113677986977751,136.0,55.80680963785043,-4.263605759417426,13,17.669,1145
55.78605679016772,-4.113677986977751,136.0,55.81824312166051,-4.346878846315483,14,29.25,1437
55.78605679016772,-4.113677986977751,136.0,55.84742656229786,-4.269221405976544,15,22.371,1186
55.78605679016772,-4.113677986977751,136.0,55.80730424868546,-4.315177272898423,16,19.425,1220
55.78605679016772,-4.113677986977751,136.0,55.83798278877758,-4.260604018644594,17,20.477,982
55.78605679016772,-4.113677986977751,136.0,55.89424631095569,-4.343398240721316,18,31.952,1543
55.78605679016772,-4.113677986977751,136.0,55.83908093533876,-4.223069302141199,19,13.965,909
55.78605679016772,-4.113677986977751,136.0,55.8357731433788,-4.270556349194068,20,21.161,1032
55.78605679016772,-4.113677986977751,136.0,55.90309627527835,-4.360750370095284,21,33.985,1778
55.78605679016772,-4.113677986977751,136.0,55.85652103589449,-4.101365743428073,22,13.506,721
55.78605679016772,-4.113677986977751,136.0,55.783736419963375,-4.235306054793451,23,12.411,690
55.78605679016772,-4.113677986977751,136.0,55.92064824587275,-4.2358362157531895,24,28.875,1462
55.78605679016772,-4.113677986977751,136.0,55.907674892744176,-4.2497703459088045,25,27.627,2507
55.78605679016772,-4.113677986977751,136.0,55.919604340921964,-4.226208116301384,26,33.672,1468
55.78605679016772,-4.113677986977751,136.0,55.83219148710444,-4.304581930326681,27,28.073,1433
55.78605679016772,-4.113677986977751,136.0,55.79569701419853,-4.1769099124482585,28,7.254,409
55.78605679016772,-4.113677986977751,136.0,55.81260197667657,-4.197841211154324,29,9.814,575
55.78605679016772,-4.113677986977751,136.0,55.826092940761974,-4.176919409292903,30,9.388,813
55.78605679016772,-4.113677986977751,136.0,55.828413149208096,-4.109650878166438,31,5.799,452
55.78605679016772,-4.113677986977751,136.0,55.8999241737755,-4.257993823533507,32,27.726,1452
55.78605679016772,-4.113677986977751,136.0,55.892514250678616,-4.340118142906542,33,31.981,1555
55.78605679016772,-4.113677986977751,136.0,55.855241629670886,-4.269936069312288,34,25.813,1092
55.78605679016772,-4.113677986977751,136.0,55.877364911629314,-4.109701193625618,35,19.747,933
55.78605679016772,-4.113677986977751,136.0,55.887053111734645,-4.1280531391159245,36,25.394,1137
55.78605679016772,-4.113677986977751,136.0,55.89108676863447,-4.105446803942431,37,19.735,1148
55.78605679016772,-4.113677986977751,136.0,55.842635153466425,-4.334387903339716,38,26.004,1222
55.78605679016772,-4.113677986977751,136.0,55.89197542936556,-4.19614108945253,39,22.298,1086
55.78605679016772,-4.113677986977751,136.0,55.825849135803445,-4.321179033230789,40,26.251,1333
55.78605679016772,-4.113677986977751,136.0,55.81864602215581,-4.375055705699034,41,29.377,1365
55.78605679016772,-4.113677986977751,136.0,55.92613065482397,-4.212698358862173,42,33.046,1463
55.78605679016772,-4.113677986977751,136.0,55.874439929608144,-4.279689658904073,43,25.654,1213
55.78605679016772,-4.113677986977751,136.0,55.81998166828728,-4.245455535821837,44,12.791,788
55.78605679016772,-4.113677986977751,136.0,55.91066980601156,-4.213502644426629,45,34.028,1517
55.78605679016772,-4.113677986977751,136.0,55.8404807486866,-4.356656090229781,46,29.656,1489
55.78605679016772,-4.113677986977751,136.0,55.88708229912325,-4.079055837843032,47,17.365,741
55.78605679016772,-4.113677986977751,136.0,55.84510555179576,-4.178720975321847,48,15.363,800
55.78605679016772,-4.113677986977751,136.0,55.84413340760586,-4.085244529493477,49,14.518,1127
55.78605679016772,-4.113677986977751,136.0,55.83324217210475,-4.157183908594519,50,8.661,631
55.78605679016772,-4.113677986977751,136.0,55.895753278756494,-4.323131413571223,51,29.593,1635
55.78605679016772,-4.113677986977751,136.0,55.88609925330935,-4.38354364327563,52,31.169,1362
55.78605679016772,-4.113677986977751,136.0,55.86596770908397,-4.338853955125049,53,27.952,1242
55.78605679016772,-4.113677986977751,136.0,55.819381988004544,-4.256567679373081,54,14.84,983
55.78605679016772,-4.113677986977751,136.0,55.919398785577634,-4.298102785445152,55,31.553,2152
55.78605679016772,-4.113677986977751,136.0,55.81052481551728,-4.0780884232687225,56,9.229,1701
55.78605679016772,-4.113677986977751,136.0,55.8411814367945,-4.125490362928665,57,11.578,617
55.78605679016772,-4.113677986977751,136.0,55.844855881791794,-4.151320272286683,58,15.195,773
55.78605679016772,-4.113677986977751,136.0,55.79334532620707,-4.3052187624925375,59,17.383,1048
55.78605679016772,-4.113677986977751,136.0,55.78499644933002,-4.082518262203789,60,2.265,205
55.78605679016772,-4.113677986977751,136.0,55.86482365717543,-4.074666870071637,61,15.058,915
55.78605679016772,-4.113677986977751,136.0,55.910543969585106,-4.384534109666136,62,35.812,1843
55.78605679016772,-4.113677986977751,136.0,55.799715679086134,-4.188568421733812,63,8.914,636
55.78605679016772,-4.113677986977751,136.0,55.90005630083831,-4.294022887833187,64,29.033,1535
55.78605679016772,-4.113677986977751,136.0,55.82573931186619,-4.210157383495828,65,11.104,619
55.78605679016772,-4.113677986977751,136.0,55.88010014610652,-4.288014027401103,66,27.754,1504
55.78605679016772,-4.113677986977751,136.0,55.8836463272421,-4.377148406451105,67,30.939,1439
55.78605679016772,-4.113677986977751,136.0,55.80511293548626,-4.195982430231648,68,9.071,524
55.78605679016772,-4.113677986977751,136.0,55.9265186267864,-4.256321117900257,69,31.091,1567
55.78605679016772,-4.113677986977751,136.0,55.90353118048908,-4.119171950823842,70,20.337,1208
55.78605679016772,-4.113677986977751,136.0,55.81502357146685,-4.260984914919316,71,14.288,956
55.78605679016772,-4.113677986977751,136.0,55.894355058439295,-4.293143876300353,72,28.323,1483
55.78605679016772,-4.113677986977751,136.0,55.80246488546192,-4.242274834364847,73,13.818,831
55.78605679016772,-4.113677986977751,136.0,55.887581813102464,-4.2985753032369685,74,27.935,1479
55.78605679016772,-4.113677986977751,136.0,55.928290955083554,-4.295962301582311,75,31.975,1567
55.78605679016772,-4.113677986977751,136.0,55.81096058143004,-4.368797105646974,76,28.542,1339
55.78605679016772,-4.113677986977751,136.0,55.84818750128869,-4.3631808239548375,77,30.642,1341
55.78605679016772,-4.113677986977751,136.0,55.81610352786554,-4.330910795148831,78,28.22,1247
55.78605679016772,-4.113677986977751,136.0,55.807034270653475,-4.136077366584948,79,4.746,323
55.78605679016772,-4.113677986977751,136.0,55.86778114631985,-4.233612892312959,80,22.784,1077
55.78605679016772,-4.113677986977751,136.0,55.79578956690847,-4.368290459919509,81,27.637,2378
55.78605679016772,-4.113677986977751,136.0,55.897877306124535,-4.077031107370425,82,19.724,1486
55.78605679016772,-4.113677986977751,136.0,55.80721289582252,-4.242612882195534,83,14.208,864
55.78605679016772,-4.113677986977751,136.0,55.92209393969709,-4.157940141970138,84,28.981,1235
55.78605679016772,-4.113677986977751,136.0,55.79188265083702,-4.28147512844989,85,15.53,886
55.78605679016772,-4.113677986977751,136.0,55.88043814367632,-4.104360473798184,86,19.057,873
55.78605679016772,-4.113677986977751,136.0,55.90345994988174,-4.293652184560058,87,30.75,1608
55.78605679016772,-4.113677986977751,136.0,55.91230525016259,-4.108196424937476,88,23.017,1110
55.78605679016772,-4.113677986977751,136.0,55.90569137930351,-4.3852429216612405,89,35.847,1866
55.78605679016772,-4.113677986977751,136.0,55.824402119970216,-4.298242138123909,90,26.687,1254
55.78605679016772,-4.113677986977751,136.0,55.887104625653905,-4.201059285828647,91,22.072,1161
55.78605679016772,-4.113677986977751,136.0,55.92006797200308,-4.195257422106852,92,31.051,1280
55.78605679016772,-4.113677986977751,136.0,55.7944551107823,-4.1683749063061635,93,7.401,841
55.78605679016772,-4.113677986977751,136.0,55.88003873447475,-4.304350182381346,94,27.268,1386
55.78605679016772,-4.113677986977751,136.0,55.88308048053683,-4.2942103285768285,95,26.868,1361
55.78605679016772,-4.113677986977751,136.0,55.80779271908626,-4.3234306371549245,96,19.873,1266
55.78605679016772,-4.113677986977751,136.0,55.90123467399992,-4.380968632189907,97,36.153,1995
55.78605679016772,-4.113677986977751,136.0,55.88049231589054,-4.293733205570284,98,26.77,1351
55.78605679016772,-4.113677986977751,136.0,55.84697147961761,-4.334108806216461,99,26.118,1255
55.78605679016772,-4.113677986977751,136.0,55.83067141211495,-4.195633651932574,100,16.965,829
55.78605679016772,-4.113677986977751,136.0,55.89350845984679,-4.099445363541155,101,18.802,918
55.78605679016772,-4.113677986977751,136.0,55.92592408664018,-4.179171340754611,102,30.322,1318
55.78605679016772,-4.113677986977751,136.0,55.84941827409408,-4.169566750359822,103,15.472,822
55.78605679016772,-4.113677986977751,136.0,55.92413375575165,-4.226670311636797,104,34.261,2205
55.78605679016772,-4.113677986977751,136.0,55.88995713457192,-4.285031242761631,105,27.263,1385
55.78605679016772,-4.113677986977751,136.0,55.90528066541109,-4.131569818675147,106,26.66,1082
55.78605679016772,-4.113677986977751,136.0,55.87850608392288,-4.103517886631066,107,19.388,906
55.78605679016772,-4.113677986977751,136.0,55.80799405798939,-4.284953473560454,108,18.776,1203
55.78605679016772,-4.113677986977751,136.0,55.906815669822045,-4.385279074380807,109,35.158,1781
55.78605679016772,-4.113677986977751,136.0,55.916237634416454,-4.222407816066865,110,33.587,1456
55.78605679016772,-4.113677986977751,136.0,55.915798955837815,-4.088621086891774,111,21.883,994
55.78605679016772,-4.113677986977751,136.0,55.827538479175395,-4.350653065976025,112,29.496,1378
55.78605679016772,-4.113677986977751,136.0,55.799515288981674,-4.0866627646338864,113,2.973,285
55.78605679016772,-4.113677986977751,136.0,55.831024245961984,-4.244756518165482,114,19.917,886
55.78605679016772,-4.113677986977751,136.0,55.86754360554833,-4.2143078261423845,115,21.457,1063
55.78605679016772,-4.113677986977751,136.0,55.8574985965699,-4.1521224561179935,116,16.351,899
55.78605679016772,-4.113677986977751,136.0,55.88095643501817,-4.32811659177277,117,29.794,1370
55.78605679016772,-4.113677986977751,136.0,55.85240433608213,-4.177570445500026,118,16.404,880
55.78605679016772,-4.113677986977751,136.0,55.91169549549074,-4.359708873069638,119,33.419,1865
55.78605679016772,-4.113677986977751,136.0,55.92640787519779,-4.300990956079843,120,32.423,1616
55.78605679016772,-4.113677986977751,136.0,55.84019197366069,-4.205566157974415,121,13.421,894
55.78605679016772,-4.113677986977751,136.0,55.866619942939494,-4.268153778778456,122,24.731,1194
55.78605679016772,-4.113677986977751,136.0,55.81327411986783,-4.2587495402872255,123,14.267,966
55.78605679016772,-4.113677986977751,136.0,55.86022660117776,-4.154711133590585,124,17.786,842
55.78605679016772,-4.113677986977751,136.0,55.831522729053496,-4.370420634377527,125,30.94,1557
55.78605679016772,-4.113677986977751,136.0,55.84074346341779,-4.172411658039648,126,15.025,719
55.78605679016772,-4.113677986977751,136.0,55.8801412435821,-4.258666277618953,127,25.007,1209
55.78605679016772,-4.113677986977751,136.0,55.8434159429892,-4.1056733307349536,128,11.834,646
55.78605679016772,-4.113677986977751,136.0,55.83522057783537,-4.25736952395694,129,20.451,983
55.78605679016772,-4.113677986977751,136.0,55.86467774065618,-4.2250953414252415,130,22.677,981
55.78605679016772,-4.113677986977751,136.0,55.8953662249987,-4.231143624453162,131,25.901,1274
55.78605679016772,-4.113677986977751,136.0,55.81920459649808,-4.236238450921302,132,12.207,738
55.78605679016772,-4.113677986977751,136.0,55.900795402502105,-4.206009410292495,133,23.699,1253
55.78605679016772,-4.113677986977751,136.0,55.86078490474355,-4.339631469507248,134,28.487,1337
55.78605679016772,-4.113677986977751,136.0,55.924999437053955,-4.191173279124663,135,30.8,1271
55.78605679016772,-4.113677986977751,136.0,55.81549096669224,-4.126910343137958,136,5.255,384
55.78605679016772,-4.113677986977751,136.0,55.90135585493081,-4.207622057499793,137,23.698,1230
55.78605679016772,-4.113677986977751,136.0,55.845816555475636,-4.129576488296543,138,13.478,742
55.78605679016772,-4.113677986977751,136.0,55.80470047644827,-4.291960781118721,139,18.618,1201
55.78605679016772,-4.113677986977751,136.0,55.89185394491289,-4.179857587296262,140,22.902,1029
55.78605679016772,-4.113677986977751,136.0,55.91859399996558,-4.3401659608951215,141,32.285,1715
55.78605679016772,-4.113677986977751,136.0,55.90671476836246,-4.3642865107142725,142,34.737,1834
55.78605679016772,-4.113677986977751,136.0,55.81273399651921,-4.167613047894911,143,9.087,508
55.78605679016772,-4.113677986977751,136.0,55.80939871413575,-4.276056954355674,144,17.797,1075
55.78605679016772,-4.113677986977751,136.0,55.88312869327199,-4.214542892826467,145,21.699,1131
55.78605679016772,-4.113677986977751,136.0,55.815340374954424,-4.283514492524949,146,15.613,1098
55.78605679016772,-4.113677986977751,136.0,55.87864379034378,-4.080636908866371,147,18.345,776
55.78605679016772,-4.113677986977751,136.0,55.89423440492952,-4.2418874418647645,148,26.464,1357
55.78605679016772,-4.113677986977751,136.0,55.92796852989922,-4.305970400193036,149,32.551,1639
55.78605679016772,-4.113677986977751,136.0,55.92895153496988,-4.082888064137351,150,22.841,1002
55.78605679016772,-4.113677986977751,136.0,55.790766759429424,-4.135285962371055,151,2.98,224
55.78605679016772,-4.113677986977751,136.0,55.80808041573422,-4.184105792933229,152,8.687,460
55.78605679016772,-4.113677986977751,136.0,55.7982747224006,-4.3931924101572655,153,30.18,1446
55.78605679016772,-4.113677986977751,136.0,55.81178474630603,-4.337962602706185,154,27.328,1240
55.78605679016772,-4.113677986977751,136.0,55.852972007756,-4.353957895039277,155,27.686,1341
55.78605679016772,-4.113677986977751,136.0,55.797152036890715,-4.311451416173846,156,17.673,1080
55.78605679016772,-4.113677986977751,136.0,55.84839482833289,-4.1889265673730645,157,16.124,836
55.78605679016772,-4.113677986977751,136.0,55.86383954752864,-4.387927326091926,158,33.278,1368
55.78605679016772,-4.113677986977751,136.0,55.807182357875575,-4.140487806234959,159,4.957,321
55.78605679016772,-4.113677986977751,136.0,55.8296607577131,-4.218765551358871,160,12.016,743
55.78605679016772,-4.113677986977751,136.0,55.82699494590622,-4.295404959002084,161,26.723,1231
55.78605679016772,-4.113677986977751,136.0,55.861248665443505,-4.307186036515638,162,25.572,1244
55.78605679016772,-4.113677986977751,136.0,55.897857165570365,-4.156645648865112,163,24.378,1066
55.78605679016772,-4.113677986977751,136.0,55.877747555317356,-4.342792329217214,164,30.384,1467
55.78605679016772,-4.113677986977751,136.0,55.92259641850896,-4.389236283866068,165,46.64,1931
55.78605679016772,-4.113677986977751,136.0,55.92621339590465,-4.2820478996479165,166,30.875,1515
55.78605679016772,-4.113677986977751,136.0,55.80660612206145,-4.094012410496262,167,9.947,790
55.78605679016772,-4.113677986977751,136.0,55.84605439624201,-4.09192094471571,168,19.574,844
55.78605679016772,-4.113677986977751,136.0,55.83961965364386,-4.1201104741133365,169,11.185,545
55.78605679016772,-4.113677986977751,136.0,55.85030951683019,-4.217608837338132,170,17.959,944
55.78605679016772,-4.113677986977751,136.0,55.85971342373431,-4.246748195156407,171,23.39,1128
55.78605679016772,-4.113677986977751,136.0,55.815747728441636,-4.150792968910081,172,5.862,454
55.78605679016772,-4.113677986977751,136.0,55.80041195127493,-4.3806303679601495,173,28.011,1355
55.78605679016772,-4.113677986977751,136.0,55.85487415463933,-4.092829020720908,174,14.029,675
55.78605679016772,-4.113677986977751,136.0,55.80456076444065,-4.203157873727267,175,9.562,544
55.78605679016772,-4.113677986977751,136.0,55.84723005082115,-4.330151260440624,176,25.639,1198
55.78605679016772,-4.113677986977751,136.0,55.88775631668876,-4.123428423568879,177,22.0,1129
55.78605679016772,-4.113677986977751,136.0,55.82857385936083,-4.129579652409029,178,6.527,510
55.78605679016772,-4.113677986977751,136.0,55.879865395443076,-4.36272007519476,179,31.276,1509
55.78605679016772,-4.113677986977751,136.0,55.87973669437185,-4.215636550296907,180,22.415,1228
55.78605679016772,-4.113677986977751,136.0,55.8162521393249,-4.1868605517933455,181,10.069,580
55.78605679016772,-4.113677986977751,136.0,55.80755514535402,-4.201625161718038,182,9.315,511
55.78605679016772,-4.113677986977751,136.0,55.85565398843102,-4.250533808562208,183,22.13,1170
55.78605679016772,-4.113677986977751,136.0,55.929636326069506,-4.381100658166308,184,47.626,1952
55.78605679016772,-4.113677986977751,136.0,55.879581066995904,-4.21986165885879,185,22.6,1262
55.78605679016772,-4.113677986977751,136.0,55.92647877645629,-4.127886630011083,186,23.243,1263
55.78605679016772,-4.113677986977751,136.0,55.82282427264178,-4.371094162561755,187,30.076,1480
55.78605679016772,-4.113677986977751,136.0,55.90291353127043,-4.3414180899754955,188,32.783,1712
55.78605679016772,-4.113677986977751,136.0,55.78437024600116,-4.156926419796477,189,5.899,406
55.78605679016772,-4.113677986977751,136.0,55.8321542449311,-4.1561720476648265,190,8.701,644
55.78605679016772,-4.113677986977751,136.0,55.88310705812362,-4.084862107847263,191,15.506,657
55.78605679016772,-4.113677986977751,136.0,55.85616333886266,-4.110333739241922,192,14.149,772
55.78605679016772,-4.113677986977751,136.0,55.90185178498145,-4.152652007721208,193,28.61,1614
55.78605679016772,-4.113677986977751,136.0,55.8837118458465,-4.182392741162416,194,22.269,1913
55.78605679016772,-4.113677986977751,136.0,55.83086049774818,-4.312434105301623,195,27.657,1335
55.78605679016772,-4.113677986977751,136.0,55.821849459706755,-4.176208567338996,196,7.478,585
55.78605679016772,-4.113677986977751,136.0,55.88009750494633,-4.255964552703097,197,24.693,1187
55.78605679016772,-4.113677986977751,136.0,55.87413911675089,-4.369807111055967,198,29.28,1258
55.78605679016772,-4.113677986977751,136.0,55.86354071984154,-4.093406384811447,199,15.609,780
55.85248662749278,-4.201019659519019,137.0,55.8391698042901,-4.214478482526657,0,2.412,239
55.85248662749278,-4.201019659519019,137.0,55.86553667472969,-4.350500876963486,1,14.779,940
55.85248662749278,-4.201019659519019,137.0,55.912892829643965,-4.286410947894997,2,13.012,1948
55.85248662749278,-4.201019659519019,137.0,55.84854019346565,-4.391697428307927,3,14.21,1162
55.85248662749278,-4.201019659519019,137.0,55.79232875093524,-4.310455024670266,4,11.788,1117
55.85248662749278,-4.201019659519019,137.0,55.837143362020576,-4.120043492886959,5,6.452,413
55.85248662749278,-4.201019659519019,137.0,55.84185129809378,-4.283879851305767,6,6.657,763
55.85248662749278,-4.201019659519019,137.0,55.90609664927746,-4.311383718964596,7,11.637,1076
55.85248662749278,-4.201019659519019,137.0,55.7832172019226,-4.31249791159531,8,12.64,1130
55.85248662749278,-4.201019659519019,137.0,55.8177258987159,-4.260489243356555,9,6.607,676
55.85248662749278,-4.201019659519019,137.0,55.903262790870684,-4.212111703691823,10,8.936,903
55.85248662749278,-4.201019659519019,137.0,55.893978813107424,-4.1413270988368325,11,6.952,752
55.85248662749278,-4.201019659519019,137.0,55.894884622950286,-4.154349650804189,12,9.847,682
55.85248662749278,-4.201019659519019,137.0,55.80680963785043,-4.263605759417426,13,9.045,943
55.85248662749278,-4.201019659519019,137.0,55.81824312166051,-4.346878846315483,14,13.838,1053
55.85248662749278,-4.201019659519019,137.0,55.84742656229786,-4.269221405976544,15,5.748,640
55.85248662749278,-4.201019659519019,137.0,55.80730424868546,-4.315177272898423,16,10.417,1022
55.85248662749278,-4.201019659519019,137.0,55.83798278877758,-4.260604018644594,17,5.128,577
55.85248662749278,-4.201019659519019,137.0,55.89424631095569,-4.343398240721316,18,11.498,1056
55.85248662749278,-4.201019659519019,137.0,55.83908093533876,-4.223069302141199,19,2.588,291
55.85248662749278,-4.201019659519019,137.0,55.8357731433788,-4.270556349194068,20,5.812,627
55.85248662749278,-4.201019659519019,137.0,55.90309627527835,-4.360750370095284,21,13.531,1291
55.85248662749278,-4.201019659519019,137.0,55.85652103589449,-4.101365743428073,22,7.35,658
55.85248662749278,-4.201019659519019,137.0,55.783736419963375,-4.235306054793451,23,11.982,870
55.85248662749278,-4.201019659519019,137.0,55.92064824587275,-4.2358362157531895,24,10.61,938
55.85248662749278,-4.201019659519019,137.0,55.907674892744176,-4.2497703459088045,25,9.362,1983
55.85248662749278,-4.201019659519019,137.0,55.919604340921964,-4.226208116301384,26,10.534,949
55.85248662749278,-4.201019659519019,137.0,55.83219148710444,-4.304581930326681,27,9.589,1064
55.85248662749278,-4.201019659519019,137.0,55.79569701419853,-4.1769099124482585,28,8.503,658
55.85248662749278,-4.201019659519019,137.0,55.81260197667657,-4.197841211154324,29,5.914,526
55.85248662749278,-4.201019659519019,137.0,55.826092940761974,-4.176919409292903,30,5.208,525
55.85248662749278,-4.201019659519019,137.0,55.828413149208096,-4.109650878166438,31,10.004,670
55.85248662749278,-4.201019659519019,137.0,55.8999241737755,-4.257993823533507,32,9.461,928
55.85248662749278,-4.201019659519019,137.0,55.892514250678616,-4.340118142906542,33,11.527,1068
55.85248662749278,-4.201019659519019,137.0,55.855241629670886,-4.269936069312288,34,7.489,586
55.85248662749278,-4.201019659519019,137.0,55.877364911629314,-4.109701193625618,35,10.378,834
55.85248662749278,-4.201019659519019,137.0,55.887053111734645,-4.1280531391159245,36,10.713,793
55.85248662749278,-4.201019659519019,137.0,55.89108676863447,-4.105446803942431,37,12.446,1100
55.85248662749278,-4.201019659519019,137.0,55.842635153466425,-4.334387903339716,38,10.647,868
55.85248662749278,-4.201019659519019,137.0,55.89197542936556,-4.19614108945253,39,6.72,627
55.85248662749278,-4.201019659519019,137.0,55.825849135803445,-4.321179033230789,40,9.568,985
55.85248662749278,-4.201019659519019,137.0,55.81864602215581,-4.375055705699034,41,14.867,1062
55.85248662749278,-4.201019659519019,137.0,55.92613065482397,-4.212698358862173,42,10.996,1002
55.85248662749278,-4.201019659519019,137.0,55.874439929608144,-4.279689658904073,43,7.33,708
55.85248662749278,-4.201019659519019,137.0,55.81998166828728,-4.245455535821837,44,6.087,581
55.85248662749278,-4.201019659519019,137.0,55.91066980601156,-4.213502644426629,45,9.948,953
55.85248662749278,-4.201019659519019,137.0,55.8404807486866,-4.356656090229781,46,14.299,1136
55.85248662749278,-4.201019659519019,137.0,55.88708229912325,-4.079055837843032,47,15.335,751
55.85248662749278,-4.201019659519019,137.0,55.84510555179576,-4.178720975321847,48,2.069,249
55.85248662749278,-4.201019659519019,137.0,55.84413340760586,-4.085244529493477,49,12.032,1125
55.85248662749278,-4.201019659519019,137.0,55.83324217210475,-4.157183908594519,50,4.079,418
55.85248662749278,-4.201019659519019,137.0,55.895753278756494,-4.323131413571223,51,11.269,1130
55.85248662749278,-4.201019659519019,137.0,55.88609925330935,-4.38354364327563,52,15.812,1009
55.85248662749278,-4.201019659519019,137.0,55.86596770908397,-4.338853955125049,53,12.595,889
55.85248662749278,-4.201019659519019,137.0,55.819381988004544,-4.256567679373081,54,7.516,731
55.85248662749278,-4.201019659519019,137.0,55.919398785577634,-4.298102785445152,55,13.288,1628
55.85248662749278,-4.201019659519019,137.0,55.81052481551728,-4.0780884232687225,56,12.803,1817
55.85248662749278,-4.201019659519019,137.0,55.8411814367945,-4.125490362928665,57,5.223,457
55.85248662749278,-4.201019659519019,137.0,55.844855881791794,-4.151320272286683,58,3.745,348
55.85248662749278,-4.201019659519019,137.0,55.79334532620707,-4.3052187624925375,59,11.383,1078
55.85248662749278,-4.201019659519019,137.0,55.78499644933002,-4.082518262203789,60,16.526,817
55.85248662749278,-4.201019659519019,137.0,55.86482365717543,-4.074666870071637,61,13.028,924
55.85248662749278,-4.201019659519019,137.0,55.910543969585106,-4.384534109666136,62,15.358,1386
55.85248662749278,-4.201019659519019,137.0,55.799715679086134,-4.188568421733812,63,8.485,817
55.85248662749278,-4.201019659519019,137.0,55.90005630083831,-4.294022887833187,64,10.709,1030
55.85248662749278,-4.201019659519019,137.0,55.82573931186619,-4.210157383495828,65,3.971,340
55.85248662749278,-4.201019659519019,137.0,55.88010014610652,-4.288014027401103,66,9.43,998
55.85248662749278,-4.201019659519019,137.0,55.8836463272421,-4.377148406451105,67,15.582,1086
55.85248662749278,-4.201019659519019,137.0,55.80511293548626,-4.195982430231648,68,6.894,600
55.85248662749278,-4.201019659519019,137.0,55.9265186267864,-4.256321117900257,69,12.826,1042
55.85248662749278,-4.201019659519019,137.0,55.90353118048908,-4.119171950823842,70,11.609,1035
55.85248662749278,-4.201019659519019,137.0,55.81502357146685,-4.260984914919316,71,6.964,710
55.85248662749278,-4.201019659519019,137.0,55.894355058439295,-4.293143876300353,72,9.999,977
55.85248662749278,-4.201019659519019,137.0,55.80246488546192,-4.242274834364847,73,8.228,807
55.85248662749278,-4.201019659519019,137.0,55.887581813102464,-4.2985753032369685,74,9.611,973
55.85248662749278,-4.201019659519019,137.0,55.928290955083554,-4.295962301582311,75,13.71,1043
55.85248662749278,-4.201019659519019,137.0,55.81096058143004,-4.368797105646974,76,16.524,1144
55.85248662749278,-4.201019659519019,137.0,55.84818750128869,-4.3631808239548375,77,15.285,988
55.85248662749278,-4.201019659519019,137.0,55.81610352786554,-4.330910795148831,78,12.863,893
55.85248662749278,-4.201019659519019,137.0,55.807034270653475,-4.136077366584948,79,8.103,705
55.85248662749278,-4.201019659519019,137.0,55.86778114631985,-4.233612892312959,80,4.287,550
55.85248662749278,-4.201019659519019,137.0,55.79578956690847,-4.368290459919509,81,21.608,2338
55.85248662749278,-4.201019659519019,137.0,55.897877306124535,-4.077031107370425,82,17.694,1496
55.85248662749278,-4.201019659519019,137.0,55.80721289582252,-4.242612882195534,83,7.451,758
55.85248662749278,-4.201019659519019,137.0,55.92209393969709,-4.157940141970138,84,11.38,833
55.85248662749278,-4.201019659519019,137.0,55.79188265083702,-4.28147512844989,85,10.418,1001
55.85248662749278,-4.201019659519019,137.0,55.88043814367632,-4.104360473798184,86,10.19,793
55.85248662749278,-4.201019659519019,137.0,55.90345994988174,-4.293652184560058,87,12.485,1084
55.85248662749278,-4.201019659519019,137.0,55.91230525016259,-4.108196424937476,88,12.877,980
55.85248662749278,-4.201019659519019,137.0,55.90569137930351,-4.3852429216612405,89,15.393,1409
55.85248662749278,-4.201019659519019,137.0,55.824402119970216,-4.298242138123909,90,8.203,885
55.85248662749278,-4.201019659519019,137.0,55.887104625653905,-4.201059285828647,91,6.581,777
55.85248662749278,-4.201019659519019,137.0,55.92006797200308,-4.195257422106852,92,13.45,878
55.85248662749278,-4.201019659519019,137.0,55.7944551107823,-4.1683749063061635,93,8.633,1093
55.85248662749278,-4.201019659519019,137.0,55.88003873447475,-4.304350182381346,94,8.944,881
55.85248662749278,-4.201019659519019,137.0,55.88308048053683,-4.2942103285768285,95,8.544,856
55.85248662749278,-4.201019659519019,137.0,55.80779271908626,-4.3234306371549245,96,14.134,1026
55.85248662749278,-4.201019659519019,137.0,55.90123467399992,-4.380968632189907,97,17.852,1535
55.85248662749278,-4.201019659519019,137.0,55.88049231589054,-4.293733205570284,98,8.446,846
55.85248662749278,-4.201019659519019,137.0,55.84697147961761,-4.334108806216461,99,10.761,901
55.85248662749278,-4.201019659519019,137.0,55.83067141211495,-4.195633651932574,100,4.306,415
55.85248662749278,-4.201019659519019,137.0,55.89350845984679,-4.099445363541155,101,16.772,928
55.85248662749278,-4.201019659519019,137.0,55.92592408664018,-4.179171340754611,102,12.721,916
55.85248662749278,-4.201019659519019,137.0,55.84941827409408,-4.169566750359822,103,2.774,281
55.85248662749278,-4.201019659519019,137.0,55.92413375575165,-4.226670311636797,104,12.211,1744
55.85248662749278,-4.201019659519019,137.0,55.88995713457192,-4.285031242761631,105,8.939,880
55.85248662749278,-4.201019659519019,137.0,55.90528066541109,-4.131569818675147,106,9.059,680
55.85248662749278,-4.201019659519019,137.0,55.87850608392288,-4.103517886631066,107,10.521,826
55.85248662749278,-4.201019659519019,137.0,55.80799405798939,-4.284953473560454,108,8.831,947
55.85248662749278,-4.201019659519019,137.0,55.906815669822045,-4.385279074380807,109,14.704,1324
55.85248662749278,-4.201019659519019,137.0,55.916237634416454,-4.222407816066865,110,10.449,938
55.85248662749278,-4.201019659519019,137.0,55.915798955837815,-4.088621086891774,111,19.853,1004
55.85248662749278,-4.201019659519019,137.0,55.827538479175395,-4.350653065976025,112,13.207,984
55.85248662749278,-4.201019659519019,137.0,55.799515288981674,-4.0866627646338864,113,11.845,938
55.85248662749278,-4.201019659519019,137.0,55.831024245961984,-4.244756518165482,114,4.568,482
55.85248662749278,-4.201019659519019,137.0,55.86754360554833,-4.2143078261423845,115,3.623,586
55.85248662749278,-4.201019659519019,137.0,55.8574985965699,-4.1521224561179935,116,4.321,428
55.85248662749278,-4.201019659519019,137.0,55.88095643501817,-4.32811659177277,117,11.469,917
55.85248662749278,-4.201019659519019,137.0,55.85240433608213,-4.177570445500026,118,1.96,201
55.85248662749278,-4.201019659519019,137.0,55.91169549549074,-4.359708873069638,119,15.095,1359
55.85248662749278,-4.201019659519019,137.0,55.92640787519779,-4.300990956079843,120,14.158,1092
55.85248662749278,-4.201019659519019,137.0,55.84019197366069,-4.205566157974415,121,2.898,337
55.85248662749278,-4.201019659519019,137.0,55.866619942939494,-4.268153778778456,122,6.407,689
55.85248662749278,-4.201019659519019,137.0,55.81327411986783,-4.2587495402872255,123,6.943,720
55.85248662749278,-4.201019659519019,137.0,55.86022660117776,-4.154711133590585,124,4.674,459
55.85248662749278,-4.201019659519019,137.0,55.831522729053496,-4.370420634377527,125,15.261,1155
55.85248662749278,-4.201019659519019,137.0,55.84074346341779,-4.172411658039648,126,2.625,265
55.85248662749278,-4.201019659519019,137.0,55.8801412435821,-4.258666277618953,127,6.683,703
55.85248662749278,-4.201019659519019,137.0,55.8434159429892,-4.1056733307349536,128,6.834,574
55.85248662749278,-4.201019659519019,137.0,55.83522057783537,-4.25736952395694,129,5.102,579
55.85248662749278,-4.201019659519019,137.0,55.86467774065618,-4.2250953414252415,130,2.848,343
55.85248662749278,-4.201019659519019,137.0,55.8953662249987,-4.231143624453162,131,7.636,749
55.85248662749278,-4.201019659519019,137.0,55.81920459649808,-4.236238450921302,132,6.548,582
55.85248662749278,-4.201019659519019,137.0,55.900795402502105,-4.206009410292495,133,8.121,793
55.85248662749278,-4.201019659519019,137.0,55.86078490474355,-4.339631469507248,134,13.13,984
55.85248662749278,-4.201019659519019,137.0,55.924999437053955,-4.191173279124663,135,13.199,869
55.85248662749278,-4.201019659519019,137.0,55.81549096669224,-4.126910343137958,136,8.172,702
55.85248662749278,-4.201019659519019,137.0,55.90135585493081,-4.207622057499793,137,8.12,771
55.85248662749278,-4.201019659519019,137.0,55.845816555475636,-4.129576488296543,138,5.892,487
55.85248662749278,-4.201019659519019,137.0,55.80470047644827,-4.291960781118721,139,9.837,1006
55.85248662749278,-4.201019659519019,137.0,55.89185394491289,-4.179857587296262,140,5.624,551
55.85248662749278,-4.201019659519019,137.0,55.91859399996558,-4.3401659608951215,141,13.961,1210
55.85248662749278,-4.201019659519019,137.0,55.90671476836246,-4.3642865107142725,142,15.182,1331
55.85248662749278,-4.201019659519019,137.0,55.81273399651921,-4.167613047894911,143,6.536,559
55.85248662749278,-4.201019659519019,137.0,55.80939871413575,-4.276056954355674,144,8.119,835
55.85248662749278,-4.201019659519019,137.0,55.88312869327199,-4.214542892826467,145,6.208,747
55.85248662749278,-4.201019659519019,137.0,55.815340374954424,-4.283514492524949,146,8.289,852
55.85248662749278,-4.201019659519019,137.0,55.87864379034378,-4.080636908866371,147,16.315,785
55.85248662749278,-4.201019659519019,137.0,55.89423440492952,-4.2418874418647645,148,8.199,833
55.85248662749278,-4.201019659519019,137.0,55.92796852989922,-4.305970400193036,149,14.286,1115
55.85248662749278,-4.201019659519019,137.0,55.92895153496988,-4.082888064137351,150,16.331,961
55.85248662749278,-4.201019659519019,137.0,55.790766759429424,-4.135285962371055,151,11.058,734
55.85248662749278,-4.201019659519019,137.0,55.80808041573422,-4.184105792933229,152,6.688,532
55.85248662749278,-4.201019659519019,137.0,55.7982747224006,-4.3931924101572655,153,17.332,1238
55.85248662749278,-4.201019659519019,137.0,55.81178474630603,-4.337962602706185,154,13.93,999
55.85248662749278,-4.201019659519019,137.0,55.852972007756,-4.353957895039277,155,12.329,987
55.85248662749278,-4.201019659519019,137.0,55.797152036890715,-4.311451416173846,156,15.902,1073
55.85248662749278,-4.201019659519019,137.0,55.84839482833289,-4.1889265673730645,157,0.884,92
55.85248662749278,-4.201019659519019,137.0,55.86383954752864,-4.387927326091926,158,17.921,1015
55.85248662749278,-4.201019659519019,137.0,55.807182357875575,-4.140487806234959,159,7.78,681
55.85248662749278,-4.201019659519019,137.0,55.8296607577131,-4.218765551358871,160,4.312,431
55.85248662749278,-4.201019659519019,137.0,55.82699494590622,-4.295404959002084,161,8.03,850
55.85248662749278,-4.201019659519019,137.0,55.861248665443505,-4.307186036515638,162,10.215,890
55.85248662749278,-4.201019659519019,137.0,55.897857165570365,-4.156645648865112,163,7.1,588
55.85248662749278,-4.201019659519019,137.0,55.877747555317356,-4.342792329217214,164,12.067,1023
55.85248662749278,-4.201019659519019,137.0,55.92259641850896,-4.389236283866068,165,17.96,1416
55.85248662749278,-4.201019659519019,137.0,55.92621339590465,-4.2820478996479165,166,12.61,991
55.85248662749278,-4.201019659519019,137.0,55.80660612206145,-4.094012410496262,167,12.388,882
55.85248662749278,-4.201019659519019,137.0,55.84605439624201,-4.09192094471571,168,11.404,710
55.85248662749278,-4.201019659519019,137.0,55.83961965364386,-4.1201104741133365,169,5.677,447
55.85248662749278,-4.201019659519019,137.0,55.85030951683019,-4.217608837338132,170,1.724,229
55.85248662749278,-4.201019659519019,137.0,55.85971342373431,-4.246748195156407,171,4.151,465
55.85248662749278,-4.201019659519019,137.0,55.815747728441636,-4.150792968910081,172,6.65,577
55.85248662749278,-4.201019659519019,137.0,55.80041195127493,-4.3806303679601495,173,16.748,1191
55.85248662749278,-4.201019659519019,137.0,55.85487415463933,-4.092829020720908,174,11.999,685
55.85248662749278,-4.201019659519019,137.0,55.80456076444065,-4.203157873727267,175,6.913,602
55.85248662749278,-4.201019659519019,137.0,55.84723005082115,-4.330151260440624,176,10.282,845
55.85248662749278,-4.201019659519019,137.0,55.88775631668876,-4.123428423568879,177,10.848,799
55.85248662749278,-4.201019659519019,137.0,55.82857385936083,-4.129579652409029,178,8.522,736
55.85248662749278,-4.201019659519019,137.0,55.879865395443076,-4.36272007519476,179,12.975,1049
55.85248662749278,-4.201019659519019,137.0,55.87973669437185,-4.215636550296907,180,4.696,712
55.85248662749278,-4.201019659519019,137.0,55.8162521393249,-4.1868605517933455,181,6.055,514
55.85248662749278,-4.201019659519019,137.0,55.80755514535402,-4.201625161718038,182,6.666,569
55.85248662749278,-4.201019659519019,137.0,55.85565398843102,-4.250533808562208,183,4.294,512
55.85248662749278,-4.201019659519019,137.0,55.929636326069506,-4.381100658166308,184,17.022,1375
55.85248662749278,-4.201019659519019,137.0,55.879581066995904,-4.21986165885879,185,4.881,747
55.85248662749278,-4.201019659519019,137.0,55.92647877645629,-4.127886630011083,186,12.462,919
55.85248662749278,-4.201019659519019,137.0,55.82282427264178,-4.371094162561755,187,14.397,1077
55.85248662749278,-4.201019659519019,137.0,55.90291353127043,-4.3414180899754955,188,12.329,1225
55.85248662749278,-4.201019659519019,137.0,55.78437024600116,-4.156926419796477,189,10.402,748
55.85248662749278,-4.201019659519019,137.0,55.8321542449311,-4.1561720476648265,190,4.119,431
55.85248662749278,-4.201019659519019,137.0,55.88310705812362,-4.084862107847263,191,13.476,667
55.85248662749278,-4.201019659519019,137.0,55.85616333886266,-4.110333739241922,192,7.092,676
55.85248662749278,-4.201019659519019,137.0,55.90185178498145,-4.152652007721208,193,11.009,1212
55.85248662749278,-4.201019659519019,137.0,55.8837118458465,-4.182392741162416,194,6.778,1529
55.85248662749278,-4.201019659519019,137.0,55.83086049774818,-4.312434105301623,195,9.173,966
55.85248662749278,-4.201019659519019,137.0,55.821849459706755,-4.176208567338996,196,6.003,516
55.85248662749278,-4.201019659519019,137.0,55.88009750494633,-4.255964552703097,197,6.369,682
55.85248662749278,-4.201019659519019,137.0,55.87413911675089,-4.369807111055967,198,13.923,905
55.85248662749278,-4.201019659519019,137.0,55.86354071984154,-4.093406384811447,199,13.579,789
55.85425910654475,-4.24434800978961,138.0,55.8391698042901,-4.214478482526657,0,3.656,418
55.85425910654475,-4.24434800978961,138.0,55.86553667472969,-4.350500876963486,1,10.84,771
55.85425910654475,-4.24434800978961,138.0,55.912892829643965,-4.286410947894997,2,10.867,1769
55.85425910654475,-4.24434800978961,138.0,55.84854019346565,-4.391697428307927,3,10.271,992
55.85425910654475,-4.24434800978961,138.0,55.79232875093524,-4.310455024670266,4,9.261,860
55.85425910654475,-4.24434800978961,138.0,55.837143362020576,-4.120043492886959,5,8.795,658
55.85425910654475,-4.24434800978961,138.0,55.84185129809378,-4.283879851305767,6,4.167,518
55.85425910654475,-4.24434800978961,138.0,55.90609664927746,-4.311383718964596,7,9.651,954
55.85425910654475,-4.24434800978961,138.0,55.7832172019226,-4.31249791159531,8,10.113,873
55.85425910654475,-4.24434800978961,138.0,55.8177258987159,-4.260489243356555,9,5.268,558
55.85425910654475,-4.24434800978961,138.0,55.903262790870684,-4.212111703691823,10,7.34,778
55.85425910654475,-4.24434800978961,138.0,55.893978813107424,-4.1413270988368325,11,8.816,780
55.85425910654475,-4.24434800978961,138.0,55.894884622950286,-4.154349650804189,12,11.201,679
55.85425910654475,-4.24434800978961,138.0,55.80680963785043,-4.263605759417426,13,7.109,818
55.85425910654475,-4.24434800978961,138.0,55.81824312166051,-4.346878846315483,14,9.899,884
55.85425910654475,-4.24434800978961,138.0,55.84742656229786,-4.269221405976544,15,2.305,378
55.85425910654475,-4.24434800978961,138.0,55.80730424868546,-4.315177272898423,16,7.927,778
55.85425910654475,-4.24434800978961,138.0,55.83798278877758,-4.260604018644594,17,2.638,332
55.85425910654475,-4.24434800978961,138.0,55.89424631095569,-4.343398240721316,18,10.184,824
55.85425910654475,-4.24434800978961,138.0,55.83908093533876,-4.223069302141199,19,3.337,425
55.85425910654475,-4.24434800978961,138.0,55.8357731433788,-4.270556349194068,20,3.322,383
55.85425910654475,-4.24434800978961,138.0,55.90309627527835,-4.360750370095284,21,12.217,1059
55.85425910654475,-4.24434800978961,138.0,55.85652103589449,-4.101365743428073,22,11.364,723
55.85425910654475,-4.24434800978961,138.0,55.783736419963375,-4.235306054793451,23,9.328,849
55.85425910654475,-4.24434800978961,138.0,55.92064824587275,-4.2358362157531895,24,8.465,759
55.85425910654475,-4.24434800978961,138.0,55.907674892744176,-4.2497703459088045,25,7.217,1804
55.85425910654475,-4.24434800978961,138.0,55.919604340921964,-4.226208116301384,26,8.389,770
55.85425910654475,-4.24434800978961,138.0,55.83219148710444,-4.304581930326681,27,7.099,819
55.85425910654475,-4.24434800978961,138.0,55.79569701419853,-4.1769099124482585,28,9.747,837
55.85425910654475,-4.24434800978961,138.0,55.81260197667657,-4.197841211154324,29,7.158,705
55.85425910654475,-4.24434800978961,138.0,55.826092940761974,-4.176919409292903,30,7.758,711
55.85425910654475,-4.24434800978961,138.0,55.828413149208096,-4.109650878166438,31,12.256,921
55.85425910654475,-4.24434800978961,138.0,55.8999241737755,-4.257993823533507,32,7.316,749
55.85425910654475,-4.24434800978961,138.0,55.892514250678616,-4.340118142906542,33,10.213,835
55.85425910654475,-4.24434800978961,138.0,55.855241629670886,-4.269936069312288,34,5.503,464
55.85425910654475,-4.24434800978961,138.0,55.877364911629314,-4.109701193625618,35,11.765,824
55.85425910654475,-4.24434800978961,138.0,55.887053111734645,-4.1280531391159245,36,12.067,790
55.85425910654475,-4.24434800978961,138.0,55.89108676863447,-4.105446803942431,37,13.8,1096
55.85425910654475,-4.24434800978961,138.0,55.842635153466425,-4.334387903339716,38,6.708,699
55.85425910654475,-4.24434800978961,138.0,55.89197542936556,-4.19614108945253,39,8.074,623
55.85425910654475,-4.24434800978961,138.0,55.825849135803445,-4.321179033230789,40,7.078,741
55.85425910654475,-4.24434800978961,138.0,55.81864602215581,-4.375055705699034,41,10.928,893
55.85425910654475,-4.24434800978961,138.0,55.92613065482397,-4.212698358862173,42,8.851,823
55.85425910654475,-4.24434800978961,138.0,55.874439929608144,-4.279689658904073,43,5.344,586
55.85425910654475,-4.24434800978961,138.0,55.81998166828728,-4.245455535821837,44,4.748,463
55.85425910654475,-4.24434800978961,138.0,55.91066980601156,-4.213502644426629,45,7.803,774
55.85425910654475,-4.24434800978961,138.0,55.8404807486866,-4.356656090229781,46,10.36,967
55.85425910654475,-4.24434800978961,138.0,55.88708229912325,-4.079055837843032,47,14.609,956
55.85425910654475,-4.24434800978961,138.0,55.84510555179576,-4.178720975321847,48,5.451,592
55.85425910654475,-4.24434800978961,138.0,55.84413340760586,-4.085244529493477,49,15.863,1256
55.85425910654475,-4.24434800978961,138.0,55.83324217210475,-4.157183908594519,50,6.719,678
55.85425910654475,-4.24434800978961,138.0,55.895753278756494,-4.323131413571223,51,9.97,935
55.85425910654475,-4.24434800978961,138.0,55.88609925330935,-4.38354364327563,52,11.873,840
55.85425910654475,-4.24434800978961,138.0,55.86596770908397,-4.338853955125049,53,8.656,720
55.85425910654475,-4.24434800978961,138.0,55.819381988004544,-4.256567679373081,54,4.998,578
55.85425910654475,-4.24434800978961,138.0,55.919398785577634,-4.298102785445152,55,11.143,1449
55.85425910654475,-4.24434800978961,138.0,55.81052481551728,-4.0780884232687225,56,15.055,2068
55.85425910654475,-4.24434800978961,138.0,55.8411814367945,-4.125490362928665,57,8.413,775
55.85425910654475,-4.24434800978961,138.0,55.844855881791794,-4.151320272286683,58,7.709,731
55.85425910654475,-4.24434800978961,138.0,55.79334532620707,-4.3052187624925375,59,8.856,821
55.85425910654475,-4.24434800978961,138.0,55.78499644933002,-4.082518262203789,60,18.778,1068
55.85425910654475,-4.24434800978961,138.0,55.86482365717543,-4.074666870071637,61,13.63,940
55.85425910654475,-4.24434800978961,138.0,55.910543969585106,-4.384534109666136,62,14.044,1124
55.85425910654475,-4.24434800978961,138.0,55.799715679086134,-4.188568421733812,63,9.729,996
55.85425910654475,-4.24434800978961,138.0,55.90005630083831,-4.294022887833187,64,8.723,907
55.85425910654475,-4.24434800978961,138.0,55.82573931186619,-4.210157383495828,65,5.215,519
55.85425910654475,-4.24434800978961,138.0,55.88010014610652,-4.288014027401103,66,7.444,876
55.85425910654475,-4.24434800978961,138.0,55.8836463272421,-4.377148406451105,67,11.643,917
55.85425910654475,-4.24434800978961,138.0,55.80511293548626,-4.195982430231648,68,7.959,762
55.85425910654475,-4.24434800978961,138.0,55.9265186267864,-4.256321117900257,69,10.681,863
55.85425910654475,-4.24434800978961,138.0,55.90353118048908,-4.119171950823842,70,12.963,1032
55.85425910654475,-4.24434800978961,138.0,55.81502357146685,-4.260984914919316,71,5.625,592
55.85425910654475,-4.24434800978961,138.0,55.894355058439295,-4.293143876300353,72,8.013,855
55.85425910654475,-4.24434800978961,138.0,55.80246488546192,-4.242274834364847,73,6.889,689
55.85425910654475,-4.24434800978961,138.0,55.887581813102464,-4.2985753032369685,74,7.625,851
55.85425910654475,-4.24434800978961,138.0,55.928290955083554,-4.295962301582311,75,11.565,863
55.85425910654475,-4.24434800978961,138.0,55.81096058143004,-4.368797105646974,76,12.585,975
55.85425910654475,-4.24434800978961,138.0,55.84818750128869,-4.3631808239548375,77,11.346,819
55.85425910654475,-4.24434800978961,138.0,55.81610352786554,-4.330910795148831,78,8.924,724
55.85425910654475,-4.24434800978961,138.0,55.807034270653475,-4.136077366584948,79,10.743,966
55.85425910654475,-4.24434800978961,138.0,55.86778114631985,-4.233612892312959,80,2.543,404
55.85425910654475,-4.24434800978961,138.0,55.79578956690847,-4.368290459919509,81,17.669,2169
55.85425910654475,-4.24434800978961,138.0,55.897877306124535,-4.077031107370425,82,15.591,1563
55.85425910654475,-4.24434800978961,138.0,55.80721289582252,-4.242612882195534,83,6.112,640
55.85425910654475,-4.24434800978961,138.0,55.92209393969709,-4.157940141970138,84,12.734,830
55.85425910654475,-4.24434800978961,138.0,55.79188265083702,-4.28147512844989,85,9.718,876
55.85425910654475,-4.24434800978961,138.0,55.88043814367632,-4.104360473798184,86,11.577,783
55.85425910654475,-4.24434800978961,138.0,55.90345994988174,-4.293652184560058,87,10.34,905
55.85425910654475,-4.24434800978961,138.0,55.91230525016259,-4.108196424937476,88,14.231,977
55.85425910654475,-4.24434800978961,138.0,55.90569137930351,-4.3852429216612405,89,14.079,1147
55.85425910654475,-4.24434800978961,138.0,55.824402119970216,-4.298242138123909,90,5.713,640
55.85425910654475,-4.24434800978961,138.0,55.887104625653905,-4.201059285828647,91,5.679,742
55.85425910654475,-4.24434800978961,138.0,55.92006797200308,-4.195257422106852,92,9.697,801
55.85425910654475,-4.24434800978961,138.0,55.7944551107823,-4.1683749063061635,93,9.877,1272
55.85425910654475,-4.24434800978961,138.0,55.88003873447475,-4.304350182381346,94,6.958,759
55.85425910654475,-4.24434800978961,138.0,55.88308048053683,-4.2942103285768285,95,6.558,733
55.85425910654475,-4.24434800978961,138.0,55.80779271908626,-4.3234306371549245,96,8.886,823
55.85425910654475,-4.24434800978961,138.0,55.90123467399992,-4.380968632189907,97,14.409,1268
55.85425910654475,-4.24434800978961,138.0,55.88049231589054,-4.293733205570284,98,6.46,724
55.85425910654475,-4.24434800978961,138.0,55.84697147961761,-4.334108806216461,99,6.822,732
55.85425910654475,-4.24434800978961,138.0,55.83067141211495,-4.195633651932574,100,5.55,594
55.85425910654475,-4.24434800978961,138.0,55.89350845984679,-4.099445363541155,101,13.615,928
55.85425910654475,-4.24434800978961,138.0,55.92592408664018,-4.179171340754611,102,14.075,913
55.85425910654475,-4.24434800978961,138.0,55.84941827409408,-4.169566750359822,103,6.156,658
55.85425910654475,-4.24434800978961,138.0,55.92413375575165,-4.226670311636797,104,10.066,1565
55.85425910654475,-4.24434800978961,138.0,55.88995713457192,-4.285031242761631,105,6.953,758
55.85425910654475,-4.24434800978961,138.0,55.90528066541109,-4.131569818675147,106,10.413,677
55.85425910654475,-4.24434800978961,138.0,55.87850608392288,-4.103517886631066,107,11.908,817
55.85425910654475,-4.24434800978961,138.0,55.80799405798939,-4.284953473560454,108,7.283,771
55.85425910654475,-4.24434800978961,138.0,55.906815669822045,-4.385279074380807,109,13.39,1062
55.85425910654475,-4.24434800978961,138.0,55.916237634416454,-4.222407816066865,110,8.304,758
55.85425910654475,-4.24434800978961,138.0,55.915798955837815,-4.088621086891774,111,17.315,1008
55.85425910654475,-4.24434800978961,138.0,55.827538479175395,-4.350653065976025,112,9.268,815
55.85425910654475,-4.24434800978961,138.0,55.799515288981674,-4.0866627646338864,113,19.148,1180
55.85425910654475,-4.24434800978961,138.0,55.831024245961984,-4.244756518165482,114,3.349,371
55.85425910654475,-4.24434800978961,138.0,55.86754360554833,-4.2143078261423845,115,3.99,551
55.85425910654475,-4.24434800978961,138.0,55.8574985965699,-4.1521224561179935,116,7.177,752
55.85425910654475,-4.24434800978961,138.0,55.88095643501817,-4.32811659177277,117,8.026,651
55.85425910654475,-4.24434800978961,138.0,55.85240433608213,-4.177570445500026,118,4.816,525
55.85425910654475,-4.24434800978961,138.0,55.91169549549074,-4.359708873069638,119,13.109,1237
55.85425910654475,-4.24434800978961,138.0,55.92640787519779,-4.300990956079843,120,12.013,912
55.85425910654475,-4.24434800978961,138.0,55.84019197366069,-4.205566157974415,121,4.142,516
55.85425910654475,-4.24434800978961,138.0,55.866619942939494,-4.268153778778456,122,4.421,567
55.85425910654475,-4.24434800978961,138.0,55.81327411986783,-4.2587495402872255,123,5.604,602
55.85425910654475,-4.24434800978961,138.0,55.86022660117776,-4.154711133590585,124,8.491,694
55.85425910654475,-4.24434800978961,138.0,55.831522729053496,-4.370420634377527,125,11.322,985
55.85425910654475,-4.24434800978961,138.0,55.84074346341779,-4.172411658039648,126,5.667,577
55.85425910654475,-4.24434800978961,138.0,55.8801412435821,-4.258666277618953,127,4.697,616
55.85425910654475,-4.24434800978961,138.0,55.8434159429892,-4.1056733307349536,128,10.593,845
55.85425910654475,-4.24434800978961,138.0,55.83522057783537,-4.25736952395694,129,2.612,334
55.85425910654475,-4.24434800978961,138.0,55.86467774065618,-4.2250953414252415,130,2.348,316
55.85425910654475,-4.24434800978961,138.0,55.8953662249987,-4.231143624453162,131,5.491,570
55.85425910654475,-4.24434800978961,138.0,55.81920459649808,-4.236238450921302,132,5.332,513
55.85425910654475,-4.24434800978961,138.0,55.900795402502105,-4.206009410292495,133,7.658,765
55.85425910654475,-4.24434800978961,138.0,55.86078490474355,-4.339631469507248,134,9.191,815
55.85425910654475,-4.24434800978961,138.0,55.924999437053955,-4.191173279124663,135,9.948,810
55.85425910654475,-4.24434800978961,138.0,55.81549096669224,-4.126910343137958,136,10.812,962
55.85425910654475,-4.24434800978961,138.0,55.90135585493081,-4.207622057499793,137,7.657,742
55.85425910654475,-4.24434800978961,138.0,55.845816555475636,-4.129576488296543,138,9.082,821
55.85425910654475,-4.24434800978961,138.0,55.80470047644827,-4.291960781118721,139,7.31,749
55.85425910654475,-4.24434800978961,138.0,55.89185394491289,-4.179857587296262,140,6.978,548
55.85425910654475,-4.24434800978961,138.0,55.91859399996558,-4.3401659608951215,141,14.774,1123
55.85425910654475,-4.24434800978961,138.0,55.90671476836246,-4.3642865107142725,142,12.969,1114
55.85425910654475,-4.24434800978961,138.0,55.81273399651921,-4.167613047894911,143,9.041,772
55.85425910654475,-4.24434800978961,138.0,55.80939871413575,-4.276056954355674,144,6.183,709
55.85425910654475,-4.24434800978961,138.0,55.88312869327199,-4.214542892826467,145,5.062,597
55.85425910654475,-4.24434800978961,138.0,55.815340374954424,-4.283514492524949,146,6.185,620
55.85425910654475,-4.24434800978961,138.0,55.87864379034378,-4.080636908866371,147,15.589,991
55.85425910654475,-4.24434800978961,138.0,55.89423440492952,-4.2418874418647645,148,6.054,654
55.85425910654475,-4.24434800978961,138.0,55.92796852989922,-4.305970400193036,149,12.141,935
55.85425910654475,-4.24434800978961,138.0,55.92895153496988,-4.082888064137351,150,17.685,957
55.85425910654475,-4.24434800978961,138.0,55.790766759429424,-4.135285962371055,151,12.302,913
55.85425910654475,-4.24434800978961,138.0,55.80808041573422,-4.184105792933229,152,7.932,711
55.85425910654475,-4.24434800978961,138.0,55.7982747224006,-4.3931924101572655,153,13.393,1069
55.85425910654475,-4.24434800978961,138.0,55.81178474630603,-4.337962602706185,154,8.682,800
55.85425910654475,-4.24434800978961,138.0,55.852972007756,-4.353957895039277,155,8.39,818
55.85425910654475,-4.24434800978961,138.0,55.797152036890715,-4.311451416173846,156,9.146,854
55.85425910654475,-4.24434800978961,138.0,55.84839482833289,-4.1889265673730645,157,4.228,525
55.85425910654475,-4.24434800978961,138.0,55.86383954752864,-4.387927326091926,158,13.982,845
55.85425910654475,-4.24434800978961,138.0,55.807182357875575,-4.140487806234959,159,10.42,941
55.85425910654475,-4.24434800978961,138.0,55.8296607577131,-4.218765551358871,160,4.779,533
55.85425910654475,-4.24434800978961,138.0,55.82699494590622,-4.295404959002084,161,5.503,593
55.85425910654475,-4.24434800978961,138.0,55.861248665443505,-4.307186036515638,162,4.879,695
55.85425910654475,-4.24434800978961,138.0,55.897857165570365,-4.156645648865112,163,8.454,585
55.85425910654475,-4.24434800978961,138.0,55.877747555317356,-4.342792329217214,164,8.624,757
55.85425910654475,-4.24434800978961,138.0,55.92259641850896,-4.389236283866068,165,18.773,1327
55.85425910654475,-4.24434800978961,138.0,55.92621339590465,-4.2820478996479165,166,10.465,812
55.85425910654475,-4.24434800978961,138.0,55.80660612206145,-4.094012410496262,167,14.64,1133
55.85425910654475,-4.24434800978961,138.0,55.84605439624201,-4.09192094471571,168,12.791,700
55.85425910654475,-4.24434800978961,138.0,55.83961965364386,-4.1201104741133365,169,9.944,744
55.85425910654475,-4.24434800978961,138.0,55.85030951683019,-4.217608837338132,170,2.162,321
55.85425910654475,-4.24434800978961,138.0,55.85971342373431,-4.246748195156407,171,1.081,253
55.85425910654475,-4.24434800978961,138.0,55.815747728441636,-4.150792968910081,172,9.29,837
55.85425910654475,-4.24434800978961,138.0,55.80041195127493,-4.3806303679601495,173,12.809,1022
55.85425910654475,-4.24434800978961,138.0,55.85487415463933,-4.092829020720908,174,12.601,701
55.85425910654475,-4.24434800978961,138.0,55.80456076444065,-4.203157873727267,175,7.978,764
55.85425910654475,-4.24434800978961,138.0,55.84723005082115,-4.330151260440624,176,6.343,676
55.85425910654475,-4.24434800978961,138.0,55.88775631668876,-4.123428423568879,177,12.202,796
55.85425910654475,-4.24434800978961,138.0,55.82857385936083,-4.129579652409029,178,11.162,996
55.85425910654475,-4.24434800978961,138.0,55.879865395443076,-4.36272007519476,179,9.532,782
55.85425910654475,-4.24434800978961,138.0,55.87973669437185,-4.215636550296907,180,4.349,608
55.85425910654475,-4.24434800978961,138.0,55.8162521393249,-4.1868605517933455,181,7.299,693
55.85425910654475,-4.24434800978961,138.0,55.80755514535402,-4.201625161718038,182,7.213,712
55.85425910654475,-4.24434800978961,138.0,55.85565398843102,-4.250533808562208,183,0.666,203
55.85425910654475,-4.24434800978961,138.0,55.929636326069506,-4.381100658166308,184,17.835,1286
55.85425910654475,-4.24434800978961,138.0,55.879581066995904,-4.21986165885879,185,3.99,589
55.85425910654475,-4.24434800978961,138.0,55.92647877645629,-4.127886630011083,186,13.816,916
55.85425910654475,-4.24434800978961,138.0,55.82282427264178,-4.371094162561755,187,10.458,908
55.85425910654475,-4.24434800978961,138.0,55.90291353127043,-4.3414180899754955,188,11.015,992
55.85425910654475,-4.24434800978961,138.0,55.78437024600116,-4.156926419796477,189,11.646,927
55.85425910654475,-4.24434800978961,138.0,55.8321542449311,-4.1561720476648265,190,6.759,691
55.85425910654475,-4.24434800978961,138.0,55.88310705812362,-4.084862107847263,191,16.855,863
55.85425910654475,-4.24434800978961,138.0,55.85616333886266,-4.110333739241922,192,11.402,745
55.85425910654475,-4.24434800978961,138.0,55.90185178498145,-4.152652007721208,193,12.363,1209
55.85425910654475,-4.24434800978961,138.0,55.8837118458465,-4.182392741162416,194,8.642,1557
55.85425910654475,-4.24434800978961,138.0,55.83086049774818,-4.312434105301623,195,6.683,722
55.85425910654475,-4.24434800978961,138.0,55.821849459706755,-4.176208567338996,196,8.169,707
55.85425910654475,-4.24434800978961,138.0,55.88009750494633,-4.255964552703097,197,4.383,595
55.85425910654475,-4.24434800978961,138.0,55.87413911675089,-4.369807111055967,198,9.984,736
55.85425910654475,-4.24434800978961,138.0,55.86354071984154,-4.093406384811447,199,12.018,798
55.826140464212024,-4.103338952084782,139.0,55.8391698042901,-4.214478482526657,0,10.165,599
55.826140464212024,-4.103338952084782,139.0,55.86553667472969,-4.350500876963486,1,22.502,1028
55.826140464212024,-4.103338952084782,139.0,55.912892829643965,-4.286410947894997,2,24.915,2236
55.826140464212024,-4.103338952084782,139.0,55.84854019346565,-4.391697428307927,3,21.933,1249
55.826140464212024,-4.103338952084782,139.0,55.79232875093524,-4.310455024670266,4,24.398,1227
55.826140464212024,-4.103338952084782,139.0,55.837143362020576,-4.120043492886959,5,8.395,418
55.826140464212024,-4.103338952084782,139.0,55.84185129809378,-4.283879851305767,6,14.372,902
55.826140464212024,-4.103338952084782,139.0,55.90609664927746,-4.311383718964596,7,23.599,1345
55.826140464212024,-4.103338952084782,139.0,55.7832172019226,-4.31249791159531,8,20.927,1341
55.826140464212024,-4.103338952084782,139.0,55.8177258987159,-4.260489243356555,9,14.322,815
55.826140464212024,-4.103338952084782,139.0,55.903262790870684,-4.212111703691823,10,18.152,1126
55.826140464212024,-4.103338952084782,139.0,55.893978813107424,-4.1413270988368325,11,15.653,919
55.826140464212024,-4.103338952084782,139.0,55.894884622950286,-4.154349650804189,12,20.518,820
55.826140464212024,-4.103338952084782,139.0,55.80680963785043,-4.263605759417426,13,16.76,1082
55.826140464212024,-4.103338952084782,139.0,55.81824312166051,-4.346878846315483,14,21.561,1141
55.826140464212024,-4.103338952084782,139.0,55.84742656229786,-4.269221405976544,15,14.737,920
55.826140464212024,-4.103338952084782,139.0,55.80730424868546,-4.315177272898423,16,21.267,1125
55.826140464212024,-4.103338952084782,139.0,55.83798278877758,-4.260604018644594,17,12.843,716
55.826140464212024,-4.103338952084782,139.0,55.89424631095569,-4.343398240721316,18,24.318,1277
55.826140464212024,-4.103338952084782,139.0,55.83908093533876,-4.223069302141199,19,11.195,729
55.826140464212024,-4.103338952084782,139.0,55.8357731433788,-4.270556349194068,20,13.527,766
55.826140464212024,-4.103338952084782,139.0,55.90309627527835,-4.360750370095284,21,26.351,1513
55.826140464212024,-4.103338952084782,139.0,55.85652103589449,-4.101365743428073,22,7.144,484
55.826140464212024,-4.103338952084782,139.0,55.783736419963375,-4.235306054793451,23,14.976,867
55.826140464212024,-4.103338952084782,139.0,55.92064824587275,-4.2358362157531895,24,22.513,1225
55.826140464212024,-4.103338952084782,139.0,55.907674892744176,-4.2497703459088045,25,21.265,2270
55.826140464212024,-4.103338952084782,139.0,55.919604340921964,-4.226208116301384,26,27.31,1231
55.826140464212024,-4.103338952084782,139.0,55.83219148710444,-4.304581930326681,27,20.439,1167
55.826140464212024,-4.103338952084782,139.0,55.79569701419853,-4.1769099124482585,28,9.819,581
55.826140464212024,-4.103338952084782,139.0,55.81260197667657,-4.197841211154324,29,12.379,752
55.826140464212024,-4.103338952084782,139.0,55.826092940761974,-4.176919409292903,30,8.313,561
55.826140464212024,-4.103338952084782,139.0,55.828413149208096,-4.109650878166438,31,0.379,67
55.826140464212024,-4.103338952084782,139.0,55.8999241737755,-4.257993823533507,32,21.364,1215
55.826140464212024,-4.103338952084782,139.0,55.892514250678616,-4.340118142906542,33,24.347,1289
55.826140464212024,-4.103338952084782,139.0,55.855241629670886,-4.269936069312288,34,19.451,855
55.826140464212024,-4.103338952084782,139.0,55.877364911629314,-4.109701193625618,35,13.385,696
55.826140464212024,-4.103338952084782,139.0,55.887053111734645,-4.1280531391159245,36,19.032,901
55.826140464212024,-4.103338952084782,139.0,55.89108676863447,-4.105446803942431,37,13.373,911
55.826140464212024,-4.103338952084782,139.0,55.842635153466425,-4.334387903339716,38,18.37,956
55.826140464212024,-4.103338952084782,139.0,55.89197542936556,-4.19614108945253,39,15.936,850
55.826140464212024,-4.103338952084782,139.0,55.825849135803445,-4.321179033230789,40,18.617,1067
55.826140464212024,-4.103338952084782,139.0,55.81864602215581,-4.375055705699034,41,22.59,1149
55.826140464212024,-4.103338952084782,139.0,55.92613065482397,-4.212698358862173,42,26.684,1226
55.826140464212024,-4.103338952084782,139.0,55.874439929608144,-4.279689658904073,43,19.292,977
55.826140464212024,-4.103338952084782,139.0,55.81998166828728,-4.245455535821837,44,13.802,720
55.826140464212024,-4.103338952084782,139.0,55.91066980601156,-4.213502644426629,45,27.666,1280
55.826140464212024,-4.103338952084782,139.0,55.8404807486866,-4.356656090229781,46,22.022,1223
55.826140464212024,-4.103338952084782,139.0,55.88708229912325,-4.079055837843032,47,11.003,504
55.826140464212024,-4.103338952084782,139.0,55.84510555179576,-4.178720975321847,48,7.046,533
55.826140464212024,-4.103338952084782,139.0,55.84413340760586,-4.085244529493477,49,4.23,716
55.826140464212024,-4.103338952084782,139.0,55.83324217210475,-4.157183908594519,50,6.41,408
55.826140464212024,-4.103338952084782,139.0,55.895753278756494,-4.323131413571223,51,24.104,1389
55.826140464212024,-4.103338952084782,139.0,55.88609925330935,-4.38354364327563,52,23.535,1096
55.826140464212024,-4.103338952084782,139.0,55.86596770908397,-4.338853955125049,53,20.318,977
55.826140464212024,-4.103338952084782,139.0,55.819381988004544,-4.256567679373081,54,15.231,870
55.826140464212024,-4.103338952084782,139.0,55.919398785577634,-4.298102785445152,55,25.191,1916
55.826140464212024,-4.103338952084782,139.0,55.81052481551728,-4.0780884232687225,56,5.012,1369
55.826140464212024,-4.103338952084782,139.0,55.8411814367945,-4.125490362928665,57,3.599,290
55.826140464212024,-4.103338952084782,139.0,55.844855881791794,-4.151320272286683,58,6.878,507
55.826140464212024,-4.103338952084782,139.0,55.79334532620707,-4.3052187624925375,59,20.192,1325
55.826140464212024,-4.103338952084782,139.0,55.78499644933002,-4.082518262203789,60,6.645,478
55.826140464212024,-4.103338952084782,139.0,55.86482365717543,-4.074666870071637,61,6.825,637
55.826140464212024,-4.103338952084782,139.0,55.910543969585106,-4.384534109666136,62,28.178,1577
55.826140464212024,-4.103338952084782,139.0,55.799715679086134,-4.188568421733812,63,11.479,814
55.826140464212024,-4.103338952084782,139.0,55.90005630083831,-4.294022887833187,64,22.671,1298
55.826140464212024,-4.103338952084782,139.0,55.82573931186619,-4.210157383495828,65,10.087,549
55.826140464212024,-4.103338952084782,139.0,55.88010014610652,-4.288014027401103,66,21.392,1267
55.826140464212024,-4.103338952084782,139.0,55.8836463272421,-4.377148406451105,67,23.305,1174
55.826140464212024,-4.103338952084782,139.0,55.80511293548626,-4.195982430231648,68,11.636,701
55.826140464212024,-4.103338952084782,139.0,55.9265186267864,-4.256321117900257,69,24.729,1330
55.826140464212024,-4.103338952084782,139.0,55.90353118048908,-4.119171950823842,70,13.975,972
55.826140464212024,-4.103338952084782,139.0,55.81502357146685,-4.260984914919316,71,14.679,849
55.826140464212024,-4.103338952084782,139.0,55.894355058439295,-4.293143876300353,72,21.961,1246
55.826140464212024,-4.103338952084782,139.0,55.80246488546192,-4.242274834364847,73,16.383,1008
55.826140464212024,-4.103338952084782,139.0,55.887581813102464,-4.2985753032369685,74,21.573,1242
55.826140464212024,-4.103338952084782,139.0,55.928290955083554,-4.295962301582311,75,25.613,1330
55.826140464212024,-4.103338952084782,139.0,55.81096058143004,-4.368797105646974,76,24.247,1231
55.826140464212024,-4.103338952084782,139.0,55.84818750128869,-4.3631808239548375,77,23.008,1075
55.826140464212024,-4.103338952084782,139.0,55.81610352786554,-4.330910795148831,78,20.586,981
55.826140464212024,-4.103338952084782,139.0,55.807034270653475,-4.136077366584948,79,5.704,371
55.826140464212024,-4.103338952084782,139.0,55.86778114631985,-4.233612892312959,80,16.422,841
55.826140464212024,-4.103338952084782,139.0,55.79578956690847,-4.368290459919509,81,29.331,2426
55.826140464212024,-4.103338952084782,139.0,55.897877306124535,-4.077031107370425,82,13.362,1249
55.826140464212024,-4.103338952084782,139.0,55.80721289582252,-4.242612882195534,83,15.166,897
55.826140464212024,-4.103338952084782,139.0,55.92209393969709,-4.157940141970138,84,22.619,998
55.826140464212024,-4.103338952084782,139.0,55.79188265083702,-4.28147512844989,85,18.339,1163
55.826140464212024,-4.103338952084782,139.0,55.88043814367632,-4.104360473798184,86,12.695,636
55.826140464212024,-4.103338952084782,139.0,55.90345994988174,-4.293652184560058,87,24.388,1372
55.826140464212024,-4.103338952084782,139.0,55.91230525016259,-4.108196424937476,88,16.655,874
55.826140464212024,-4.103338952084782,139.0,55.90569137930351,-4.3852429216612405,89,28.213,1600
55.826140464212024,-4.103338952084782,139.0,55.824402119970216,-4.298242138123909,90,19.053,988
55.826140464212024,-4.103338952084782,139.0,55.887104625653905,-4.201059285828647,91,15.71,924
55.826140464212024,-4.103338952084782,139.0,55.92006797200308,-4.195257422106852,92,24.689,1043
55.826140464212024,-4.103338952084782,139.0,55.7944551107823,-4.1683749063061635,93,10.082,1011
55.826140464212024,-4.103338952084782,139.0,55.88003873447475,-4.304350182381346,94,20.906,1149
55.826140464212024,-4.103338952084782,139.0,55.88308048053683,-4.2942103285768285,95,20.506,1124
55.826140464212024,-4.103338952084782,139.0,55.80779271908626,-4.3234306371549245,96,21.857,1113
55.826140464212024,-4.103338952084782,139.0,55.90123467399992,-4.380968632189907,97,28.519,1730
55.826140464212024,-4.103338952084782,139.0,55.88049231589054,-4.293733205570284,98,20.408,1114
55.826140464212024,-4.103338952084782,139.0,55.84697147961761,-4.334108806216461,99,18.484,989
55.826140464212024,-4.103338952084782,139.0,55.83067141211495,-4.195633651932574,100,9.331,563
55.826140464212024,-4.103338952084782,139.0,55.89350845984679,-4.099445363541155,101,12.44,681
55.826140464212024,-4.103338952084782,139.0,55.92592408664018,-4.179171340754611,102,23.96,1082
55.826140464212024,-4.103338952084782,139.0,55.84941827409408,-4.169566750359822,103,7.155,556
55.826140464212024,-4.103338952084782,139.0,55.92413375575165,-4.226670311636797,104,27.899,1968
55.826140464212024,-4.103338952084782,139.0,55.88995713457192,-4.285031242761631,105,20.901,1148
55.826140464212024,-4.103338952084782,139.0,55.90528066541109,-4.131569818675147,106,20.298,845
55.826140464212024,-4.103338952084782,139.0,55.87850608392288,-4.103517886631066,107,13.026,669
55.826140464212024,-4.103338952084782,139.0,55.80799405798939,-4.284953473560454,108,16.546,1086
55.826140464212024,-4.103338952084782,139.0,55.906815669822045,-4.385279074380807,109,27.524,1515
55.826140464212024,-4.103338952084782,139.0,55.916237634416454,-4.222407816066865,110,27.225,1219
55.826140464212024,-4.103338952084782,139.0,55.915798955837815,-4.088621086891774,111,15.521,757
55.826140464212024,-4.103338952084782,139.0,55.827538479175395,-4.350653065976025,112,20.93,1072
55.826140464212024,-4.103338952084782,139.0,55.799515288981674,-4.0866627646338864,113,4.564,341
55.826140464212024,-4.103338952084782,139.0,55.831024245961984,-4.244756518165482,114,12.283,621
55.826140464212024,-4.103338952084782,139.0,55.86754360554833,-4.2143078261423845,115,15.095,826
55.826140464212024,-4.103338952084782,139.0,55.8574985965699,-4.1521224561179935,116,7.553,585
55.826140464212024,-4.103338952084782,139.0,55.88095643501817,-4.32811659177277,117,22.16,1104
55.826140464212024,-4.103338952084782,139.0,55.85240433608213,-4.177570445500026,118,8.087,613
55.826140464212024,-4.103338952084782,139.0,55.91169549549074,-4.359708873069638,119,27.057,1628
55.826140464212024,-4.103338952084782,139.0,55.92640787519779,-4.300990956079843,120,26.061,1379
55.826140464212024,-4.103338952084782,139.0,55.84019197366069,-4.205566157974415,121,10.651,714
55.826140464212024,-4.103338952084782,139.0,55.866619942939494,-4.268153778778456,122,18.369,958
55.826140464212024,-4.103338952084782,139.0,55.81327411986783,-4.2587495402872255,123,14.658,859
55.826140464212024,-4.103338952084782,139.0,55.86022660117776,-4.154711133590585,124,11.424,606
55.826140464212024,-4.103338952084782,139.0,55.831522729053496,-4.370420634377527,125,22.984,1242
55.826140464212024,-4.103338952084782,139.0,55.84074346341779,-4.172411658039648,126,7.391,453
55.826140464212024,-4.103338952084782,139.0,55.8801412435821,-4.258666277618953,127,18.645,972
55.826140464212024,-4.103338952084782,139.0,55.8434159429892,-4.1056733307349536,128,3.855,319
55.826140464212024,-4.103338952084782,139.0,55.83522057783537,-4.25736952395694,129,12.817,718
55.826140464212024,-4.103338952084782,139.0,55.86467774065618,-4.2250953414252415,130,16.315,744
55.826140464212024,-4.103338952084782,139.0,55.8953662249987,-4.231143624453162,131,19.539,1037
55.826140464212024,-4.103338952084782,139.0,55.81920459649808,-4.236238450921302,132,14.386,770
55.826140464212024,-4.103338952084782,139.0,55.900795402502105,-4.206009410292495,133,17.337,1016
55.826140464212024,-4.103338952084782,139.0,55.86078490474355,-4.339631469507248,134,20.853,1072
55.826140464212024,-4.103338952084782,139.0,55.924999437053955,-4.191173279124663,135,24.438,1034
55.826140464212024,-4.103338952084782,139.0,55.81549096669224,-4.126910343137958,136,3.648,280
55.826140464212024,-4.103338952084782,139.0,55.90135585493081,-4.207622057499793,137,17.336,994
55.826140464212024,-4.103338952084782,139.0,55.845816555475636,-4.129576488296543,138,5.499,416
55.826140464212024,-4.103338952084782,139.0,55.80470047644827,-4.291960781118721,139,17.552,1145
55.826140464212024,-4.103338952084782,139.0,55.89185394491289,-4.179857587296262,140,16.54,793
55.826140464212024,-4.103338952084782,139.0,55.91859399996558,-4.3401659608951215,141,25.923,1478
55.826140464212024,-4.103338952084782,139.0,55.90671476836246,-4.3642865107142725,142,27.103,1568
55.826140464212024,-4.103338952084782,139.0,55.81273399651921,-4.167613047894911,143,6.315,505
55.826140464212024,-4.103338952084782,139.0,55.80939871413575,-4.276056954355674,144,15.834,974
55.826140464212024,-4.103338952084782,139.0,55.88312869327199,-4.214542892826467,145,15.337,895
55.826140464212024,-4.103338952084782,139.0,55.815340374954424,-4.283514492524949,146,16.004,991
55.826140464212024,-4.103338952084782,139.0,55.87864379034378,-4.080636908866371,147,11.983,539
55.826140464212024,-4.103338952084782,139.0,55.89423440492952,-4.2418874418647645,148,20.102,1121
55.826140464212024,-4.103338952084782,139.0,55.92796852989922,-4.305970400193036,149,26.189,1402
55.826140464212024,-4.103338952084782,139.0,55.92895153496988,-4.082888064137351,150,16.479,765
55.826140464212024,-4.103338952084782,139.0,55.790766759429424,-4.135285962371055,151,6.547,380
55.826140464212024,-4.103338952084782,139.0,55.80808041573422,-4.184105792933229,152,11.252,638
55.826140464212024,-4.103338952084782,139.0,55.7982747224006,-4.3931924101572655,153,25.055,1326
55.826140464212024,-4.103338952084782,139.0,55.81178474630603,-4.337962602706185,154,21.653,1087
55.826140464212024,-4.103338952084782,139.0,55.852972007756,-4.353957895039277,155,20.052,1075
55.826140464212024,-4.103338952084782,139.0,55.797152036890715,-4.311451416173846,156,23.625,1161
55.826140464212024,-4.103338952084782,139.0,55.84839482833289,-4.1889265673730645,157,7.807,569
55.826140464212024,-4.103338952084782,139.0,55.86383954752864,-4.387927326091926,158,25.644,1102
55.826140464212024,-4.103338952084782,139.0,55.807182357875575,-4.140487806234959,159,5.915,369
55.826140464212024,-4.103338952084782,139.0,55.8296607577131,-4.218765551358871,160,10.428,640
55.826140464212024,-4.103338952084782,139.0,55.82699494590622,-4.295404959002084,161,19.089,965
55.826140464212024,-4.103338952084782,139.0,55.861248665443505,-4.307186036515638,162,17.938,978
55.826140464212024,-4.103338952084782,139.0,55.897857165570365,-4.156645648865112,163,18.016,829
55.826140464212024,-4.103338952084782,139.0,55.877747555317356,-4.342792329217214,164,22.75,1201
55.826140464212024,-4.103338952084782,139.0,55.92259641850896,-4.389236283866068,165,39.006,1665
55.826140464212024,-4.103338952084782,139.0,55.92621339590465,-4.2820478996479165,166,24.513,1279
55.826140464212024,-4.103338952084782,139.0,55.80660612206145,-4.094012410496262,167,4.527,409
55.826140464212024,-4.103338952084782,139.0,55.84605439624201,-4.09192094471571,168,13.212,607
55.826140464212024,-4.103338952084782,139.0,55.83961965364386,-4.1201104741133365,169,3.206,217
55.826140464212024,-4.103338952084782,139.0,55.85030951683019,-4.217608837338132,170,10.325,678
55.826140464212024,-4.103338952084782,139.0,55.85971342373431,-4.246748195156407,171,17.028,891
55.826140464212024,-4.103338952084782,139.0,55.815747728441636,-4.150792968910081,172,5.675,475
55.826140464212024,-4.103338952084782,139.0,55.80041195127493,-4.3806303679601495,173,24.471,1279
55.826140464212024,-4.103338952084782,139.0,55.85487415463933,-4.092829020720908,174,6.574,405
55.826140464212024,-4.103338952084782,139.0,55.80456076444065,-4.203157873727267,175,12.127,721
55.826140464212024,-4.103338952084782,139.0,55.84723005082115,-4.330151260440624,176,18.005,933
55.826140464212024,-4.103338952084782,139.0,55.88775631668876,-4.123428423568879,177,15.638,892
55.826140464212024,-4.103338952084782,139.0,55.82857385936083,-4.129579652409029,178,3.255,259
55.826140464212024,-4.103338952084782,139.0,55.879865395443076,-4.36272007519476,179,23.642,1244
55.826140464212024,-4.103338952084782,139.0,55.87973669437185,-4.215636550296907,180,16.053,991
55.826140464212024,-4.103338952084782,139.0,55.8162521393249,-4.1868605517933455,181,7.05,641
55.826140464212024,-4.103338952084782,139.0,55.80755514535402,-4.201625161718038,182,11.88,688
55.826140464212024,-4.103338952084782,139.0,55.85565398843102,-4.250533808562208,183,14.496,904
55.826140464212024,-4.103338952084782,139.0,55.929636326069506,-4.381100658166308,184,39.992,1686
55.826140464212024,-4.103338952084782,139.0,55.879581066995904,-4.21986165885879,185,16.238,1025
55.826140464212024,-4.103338952084782,139.0,55.92647877645629,-4.127886630011083,186,16.881,1026
55.826140464212024,-4.103338952084782,139.0,55.82282427264178,-4.371094162561755,187,22.12,1165
55.826140464212024,-4.103338952084782,139.0,55.90291353127043,-4.3414180899754955,188,25.149,1446
55.826140464212024,-4.103338952084782,139.0,55.78437024600116,-4.156926419796477,189,9.704,600
55.826140464212024,-4.103338952084782,139.0,55.8321542449311,-4.1561720476648265,190,6.45,422
55.826140464212024,-4.103338952084782,139.0,55.88310705812362,-4.084862107847263,191,9.144,420
55.826140464212024,-4.103338952084782,139.0,55.85616333886266,-4.110333739241922,192,7.787,536
55.826140464212024,-4.103338952084782,139.0,55.90185178498145,-4.152652007721208,193,22.248,1378
55.826140464212024,-4.103338952084782,139.0,55.8837118458465,-4.182392741162416,194,15.907,1676
55.826140464212024,-4.103338952084782,139.0,55.83086049774818,-4.312434105301623,195,20.023,1070
55.826140464212024,-4.103338952084782,139.0,55.821849459706755,-4.176208567338996,196,6.226,526
55.826140464212024,-4.103338952084782,139.0,55.88009750494633,-4.255964552703097,197,18.331,950
55.826140464212024,-4.103338952084782,139.0,55.87413911675089,-4.369807111055967,198,21.646,993
55.826140464212024,-4.103338952084782,139.0,55.86354071984154,-4.093406384811447,199,7.376,502
55.82283486399252,-4.342022997276271,140.0,55.8391698042901,-4.214478482526657,0,13.866,840
55.82283486399252,-4.342022997276271,140.0,55.86553667472969,-4.350500876963486,1,8.766,728
55.82283486399252,-4.342022997276271,140.0,55.912892829643965,-4.286410947894997,2,17.034,2049
55.82283486399252,-4.342022997276271,140.0,55.84854019346565,-4.391697428307927,3,6.377,637
55.82283486399252,-4.342022997276271,140.0,55.79232875093524,-4.310455024670266,4,5.547,477
55.82283486399252,-4.342022997276271,140.0,55.837143362020576,-4.120043492886959,5,17.565,852
55.82283486399252,-4.342022997276271,140.0,55.84185129809378,-4.283879851305767,6,6.046,510
55.82283486399252,-4.342022997276271,140.0,55.90609664927746,-4.311383718964596,7,14.419,1057
55.82283486399252,-4.342022997276271,140.0,55.7832172019226,-4.31249791159531,8,7.135,535
55.82283486399252,-4.342022997276271,140.0,55.8177258987159,-4.260489243356555,9,6.626,665
55.82283486399252,-4.342022997276271,140.0,55.903262790870684,-4.212111703691823,10,16.4,1124
55.82283486399252,-4.342022997276271,140.0,55.893978813107424,-4.1413270988368325,11,18.14,1131
55.82283486399252,-4.342022997276271,140.0,55.894884622950286,-4.154349650804189,12,20.525,1030
55.82283486399252,-4.342022997276271,140.0,55.80680963785043,-4.263605759417426,13,7.108,743
55.82283486399252,-4.342022997276271,140.0,55.81824312166051,-4.346878846315483,14,1.016,165
55.82283486399252,-4.342022997276271,140.0,55.84742656229786,-4.269221405976544,15,7.778,786
55.82283486399252,-4.342022997276271,140.0,55.80730424868546,-4.315177272898423,16,4.904,409
55.82283486399252,-4.342022997276271,140.0,55.83798278877758,-4.260604018644594,17,6.809,758
55.82283486399252,-4.342022997276271,140.0,55.89424631095569,-4.343398240721316,18,13.051,1007
55.82283486399252,-4.342022997276271,140.0,55.83908093533876,-4.223069302141199,19,11.457,871
55.82283486399252,-4.342022997276271,140.0,55.8357731433788,-4.270556349194068,20,5.932,578
55.82283486399252,-4.342022997276271,140.0,55.90309627527835,-4.360750370095284,21,15.084,1242
55.82283486399252,-4.342022997276271,140.0,55.85652103589449,-4.101365743428073,22,20.688,1074
55.82283486399252,-4.342022997276271,140.0,55.783736419963375,-4.235306054793451,23,20.089,907
55.82283486399252,-4.342022997276271,140.0,55.92064824587275,-4.2358362157531895,24,17.525,1105
55.82283486399252,-4.342022997276271,140.0,55.907674892744176,-4.2497703459088045,25,16.277,2149
55.82283486399252,-4.342022997276271,140.0,55.919604340921964,-4.226208116301384,26,17.449,1116
55.82283486399252,-4.342022997276271,140.0,55.83219148710444,-4.304581930326681,27,5.188,555
55.82283486399252,-4.342022997276271,140.0,55.79569701419853,-4.1769099124482585,28,18.281,1125
55.82283486399252,-4.342022997276271,140.0,55.81260197667657,-4.197841211154324,29,15.692,992
55.82283486399252,-4.342022997276271,140.0,55.826092940761974,-4.176919409292903,30,14.222,925
55.82283486399252,-4.342022997276271,140.0,55.828413149208096,-4.109650878166438,31,21.026,1115
55.82283486399252,-4.342022997276271,140.0,55.8999241737755,-4.257993823533507,32,13.483,1036
55.82283486399252,-4.342022997276271,140.0,55.892514250678616,-4.340118142906542,33,13.08,1019
55.82283486399252,-4.342022997276271,140.0,55.855241629670886,-4.269936069312288,34,9.516,662
55.82283486399252,-4.342022997276271,140.0,55.877364911629314,-4.109701193625618,35,21.089,1175
55.82283486399252,-4.342022997276271,140.0,55.887053111734645,-4.1280531391159245,36,21.391,1141
55.82283486399252,-4.342022997276271,140.0,55.89108676863447,-4.105446803942431,37,23.124,1447
55.82283486399252,-4.342022997276271,140.0,55.842635153466425,-4.334387903339716,38,3.031,406
55.82283486399252,-4.342022997276271,140.0,55.89197542936556,-4.19614108945253,39,17.398,974
55.82283486399252,-4.342022997276271,140.0,55.825849135803445,-4.321179033230789,40,5.167,476
55.82283486399252,-4.342022997276271,140.0,55.81864602215581,-4.375055705699034,41,2.755,293
55.82283486399252,-4.342022997276271,140.0,55.92613065482397,-4.212698358862173,42,17.911,1169
55.82283486399252,-4.342022997276271,140.0,55.874439929608144,-4.279689658904073,43,10.123,703
55.82283486399252,-4.342022997276271,140.0,55.81998166828728,-4.245455535821837,44,7.562,767
55.82283486399252,-4.342022997276271,140.0,55.91066980601156,-4.213502644426629,45,16.863,1119
55.82283486399252,-4.342022997276271,140.0,55.8404807486866,-4.356656090229781,46,2.87,404
55.82283486399252,-4.342022997276271,140.0,55.88708229912325,-4.079055837843032,47,26.357,1196
55.82283486399252,-4.342022997276271,140.0,55.84510555179576,-4.178720975321847,48,15.887,941
55.82283486399252,-4.342022997276271,140.0,55.84413340760586,-4.085244529493477,49,23.054,1570
55.82283486399252,-4.342022997276271,140.0,55.83324217210475,-4.157183908594519,50,15.749,938
55.82283486399252,-4.342022997276271,140.0,55.895753278756494,-4.323131413571223,51,12.837,1119
55.82283486399252,-4.342022997276271,140.0,55.88609925330935,-4.38354364327563,52,9.799,796
55.82283486399252,-4.342022997276271,140.0,55.86596770908397,-4.338853955125049,53,9.051,707
55.82283486399252,-4.342022997276271,140.0,55.819381988004544,-4.256567679373081,54,6.692,660
55.82283486399252,-4.342022997276271,140.0,55.919398785577634,-4.298102785445152,55,17.31,1729
55.82283486399252,-4.342022997276271,140.0,55.81052481551728,-4.0780884232687225,56,23.825,2263
55.82283486399252,-4.342022997276271,140.0,55.8411814367945,-4.125490362928665,57,19.107,1011
55.82283486399252,-4.342022997276271,140.0,55.844855881791794,-4.151320272286683,58,16.739,991
55.82283486399252,-4.342022997276271,140.0,55.79334532620707,-4.3052187624925375,59,5.878,483
55.82283486399252,-4.342022997276271,140.0,55.78499644933002,-4.082518262203789,60,29.748,1358
55.82283486399252,-4.342022997276271,140.0,55.86482365717543,-4.074666870071637,61,22.954,1291
55.82283486399252,-4.342022997276271,140.0,55.910543969585106,-4.384534109666136,62,26.367,1380
55.82283486399252,-4.342022997276271,140.0,55.799715679086134,-4.188568421733812,63,14.248,1276
55.82283486399252,-4.342022997276271,140.0,55.90005630083831,-4.294022887833187,64,13.491,1011
55.82283486399252,-4.342022997276271,140.0,55.82573931186619,-4.210157383495828,65,13.749,807
55.82283486399252,-4.342022997276271,140.0,55.88010014610652,-4.288014027401103,66,12.212,979
55.82283486399252,-4.342022997276271,140.0,55.8836463272421,-4.377148406451105,67,9.569,874
55.82283486399252,-4.342022997276271,140.0,55.80511293548626,-4.195982430231648,68,16.672,1067
55.82283486399252,-4.342022997276271,140.0,55.9265186267864,-4.256321117900257,69,16.848,1143
55.82283486399252,-4.342022997276271,140.0,55.90353118048908,-4.119171950823842,70,22.287,1383
55.82283486399252,-4.342022997276271,140.0,55.81502357146685,-4.260984914919316,71,6.337,643
55.82283486399252,-4.342022997276271,140.0,55.894355058439295,-4.293143876300353,72,12.781,958
55.82283486399252,-4.342022997276271,140.0,55.80246488546192,-4.242274834364847,73,9.36,943
55.82283486399252,-4.342022997276271,140.0,55.887581813102464,-4.2985753032369685,74,12.393,954
55.82283486399252,-4.342022997276271,140.0,55.928290955083554,-4.295962301582311,75,17.732,1144
55.82283486399252,-4.342022997276271,140.0,55.81096058143004,-4.368797105646974,76,2.919,398
55.82283486399252,-4.342022997276271,140.0,55.84818750128869,-4.3631808239548375,77,5.616,538
55.82283486399252,-4.342022997276271,140.0,55.81610352786554,-4.330910795148831,78,2.369,297
55.82283486399252,-4.342022997276271,140.0,55.807034270653475,-4.136077366584948,79,17.456,1176
55.82283486399252,-4.342022997276271,140.0,55.86778114631985,-4.233612892312959,80,11.974,786
55.82283486399252,-4.342022997276271,140.0,55.79578956690847,-4.368290459919509,81,6.298,1604
55.82283486399252,-4.342022997276271,140.0,55.897877306124535,-4.077031107370425,82,24.915,1914
55.82283486399252,-4.342022997276271,140.0,55.80721289582252,-4.242612882195534,83,8.583,894
55.82283486399252,-4.342022997276271,140.0,55.92209393969709,-4.157940141970138,84,22.058,1181
55.82283486399252,-4.342022997276271,140.0,55.79188265083702,-4.28147512844989,85,6.74,538
55.82283486399252,-4.342022997276271,140.0,55.88043814367632,-4.104360473798184,86,20.901,1134
55.82283486399252,-4.342022997276271,140.0,55.90345994988174,-4.293652184560058,87,13.96,1056
55.82283486399252,-4.342022997276271,140.0,55.91230525016259,-4.108196424937476,88,23.555,1328
55.82283486399252,-4.342022997276271,140.0,55.90569137930351,-4.3852429216612405,89,16.946,1330
55.82283486399252,-4.342022997276271,140.0,55.824402119970216,-4.298242138123909,90,3.997,444
55.82283486399252,-4.342022997276271,140.0,55.887104625653905,-4.201059285828647,91,15.11,1124
55.82283486399252,-4.342022997276271,140.0,55.92006797200308,-4.195257422106852,92,18.757,1147
55.82283486399252,-4.342022997276271,140.0,55.7944551107823,-4.1683749063061635,93,18.411,1560
55.82283486399252,-4.342022997276271,140.0,55.88003873447475,-4.304350182381346,94,11.952,859
55.82283486399252,-4.342022997276271,140.0,55.88308048053683,-4.2942103285768285,95,11.552,834
55.82283486399252,-4.342022997276271,140.0,55.80779271908626,-4.3234306371549245,96,4.366,379
55.82283486399252,-4.342022997276271,140.0,55.90123467399992,-4.380968632189907,97,17.252,1460
55.82283486399252,-4.342022997276271,140.0,55.88049231589054,-4.293733205570284,98,11.454,824
55.82283486399252,-4.342022997276271,140.0,55.84697147961761,-4.334108806216461,99,3.792,536
55.82283486399252,-4.342022997276271,140.0,55.83067141211495,-4.195633651932574,100,13.032,804
55.82283486399252,-4.342022997276271,140.0,55.89350845984679,-4.099445363541155,101,22.939,1279
55.82283486399252,-4.342022997276271,140.0,55.92592408664018,-4.179171340754611,102,23.399,1264
55.82283486399252,-4.342022997276271,140.0,55.84941827409408,-4.169566750359822,103,16.592,1006
55.82283486399252,-4.342022997276271,140.0,55.92413375575165,-4.226670311636797,104,19.126,1911
55.82283486399252,-4.342022997276271,140.0,55.88995713457192,-4.285031242761631,105,11.721,861
55.82283486399252,-4.342022997276271,140.0,55.90528066541109,-4.131569818675147,106,19.737,1028
55.82283486399252,-4.342022997276271,140.0,55.87850608392288,-4.103517886631066,107,21.232,1168
55.82283486399252,-4.342022997276271,140.0,55.80799405798939,-4.284953473560454,108,5.938,620
55.82283486399252,-4.342022997276271,140.0,55.906815669822045,-4.385279074380807,109,16.257,1245
55.82283486399252,-4.342022997276271,140.0,55.916237634416454,-4.222407816066865,110,17.364,1104
55.82283486399252,-4.342022997276271,140.0,55.915798955837815,-4.088621086891774,111,26.639,1359
55.82283486399252,-4.342022997276271,140.0,55.827538479175395,-4.350653065976025,112,1.095,215
55.82283486399252,-4.342022997276271,140.0,55.799515288981674,-4.0866627646338864,113,27.918,1375
55.82283486399252,-4.342022997276271,140.0,55.831024245961984,-4.244756518165482,114,10.498,708
55.82283486399252,-4.342022997276271,140.0,55.86754360554833,-4.2143078261423845,115,13.314,902
55.82283486399252,-4.342022997276271,140.0,55.8574985965699,-4.1521224561179935,116,17.895,1117
55.82283486399252,-4.342022997276271,140.0,55.88095643501817,-4.32811659177277,117,10.893,834
55.82283486399252,-4.342022997276271,140.0,55.85240433608213,-4.177570445500026,118,16.756,1058
55.82283486399252,-4.342022997276271,140.0,55.91169549549074,-4.359708873069638,119,17.877,1340
55.82283486399252,-4.342022997276271,140.0,55.92640787519779,-4.300990956079843,120,18.18,1192
55.82283486399252,-4.342022997276271,140.0,55.84019197366069,-4.205566157974415,121,14.352,955
55.82283486399252,-4.342022997276271,140.0,55.866619942939494,-4.268153778778456,122,10.276,826
55.82283486399252,-4.342022997276271,140.0,55.81327411986783,-4.2587495402872255,123,7.016,713
55.82283486399252,-4.342022997276271,140.0,55.86022660117776,-4.154711133590585,124,17.815,1045
55.82283486399252,-4.342022997276271,140.0,55.831522729053496,-4.370420634377527,125,3.149,386
55.82283486399252,-4.342022997276271,140.0,55.84074346341779,-4.172411658039648,126,14.96,860
55.82283486399252,-4.342022997276271,140.0,55.8801412435821,-4.258666277618953,127,11.32,852
55.82283486399252,-4.342022997276271,140.0,55.8434159429892,-4.1056733307349536,128,19.363,1039
55.82283486399252,-4.342022997276271,140.0,55.83522057783537,-4.25736952395694,129,6.861,744
55.82283486399252,-4.342022997276271,140.0,55.86467774065618,-4.2250953414252415,130,12.098,738
55.82283486399252,-4.342022997276271,140.0,55.8953662249987,-4.231143624453162,131,14.551,916
55.82283486399252,-4.342022997276271,140.0,55.81920459649808,-4.236238450921302,132,8.146,818
55.82283486399252,-4.342022997276271,140.0,55.900795402502105,-4.206009410292495,133,16.718,1111
55.82283486399252,-4.342022997276271,140.0,55.86078490474355,-4.339631469507248,134,9.586,802
55.82283486399252,-4.342022997276271,140.0,55.924999437053955,-4.191173279124663,135,19.008,1156
55.82283486399252,-4.342022997276271,140.0,55.81549096669224,-4.126910343137958,136,18.447,1223
55.82283486399252,-4.342022997276271,140.0,55.90135585493081,-4.207622057499793,137,16.717,1088
55.82283486399252,-4.342022997276271,140.0,55.845816555475636,-4.129576488296543,138,18.112,1081
55.82283486399252,-4.342022997276271,140.0,55.80470047644827,-4.291960781118721,139,5.771,597
55.82283486399252,-4.342022997276271,140.0,55.89185394491289,-4.179857587296262,140,16.302,899
55.82283486399252,-4.342022997276271,140.0,55.91859399996558,-4.3401659608951215,141,16.743,1191
55.82283486399252,-4.342022997276271,140.0,55.90671476836246,-4.3642865107142725,142,15.836,1298
55.82283486399252,-4.342022997276271,140.0,55.81273399651921,-4.167613047894911,143,15.505,987
55.82283486399252,-4.342022997276271,140.0,55.80939871413575,-4.276056954355674,144,5.652,568
55.82283486399252,-4.342022997276271,140.0,55.88312869327199,-4.214542892826467,145,14.122,942
55.82283486399252,-4.342022997276271,140.0,55.815340374954424,-4.283514492524949,146,4.646,453
55.82283486399252,-4.342022997276271,140.0,55.87864379034378,-4.080636908866371,147,27.337,1230
55.82283486399252,-4.342022997276271,140.0,55.89423440492952,-4.2418874418647645,148,15.114,1000
55.82283486399252,-4.342022997276271,140.0,55.92796852989922,-4.305970400193036,149,18.308,1215
55.82283486399252,-4.342022997276271,140.0,55.92895153496988,-4.082888064137351,150,27.009,1308
55.82283486399252,-4.342022997276271,140.0,55.790766759429424,-4.135285962371055,151,27.04,1246
55.82283486399252,-4.342022997276271,140.0,55.80808041573422,-4.184105792933229,152,16.466,998
55.82283486399252,-4.342022997276271,140.0,55.7982747224006,-4.3931924101572655,153,5.22,469
55.82283486399252,-4.342022997276271,140.0,55.81178474630603,-4.337962602706185,154,3.61,344
55.82283486399252,-4.342022997276271,140.0,55.852972007756,-4.353957895039277,155,5.829,651
55.82283486399252,-4.342022997276271,140.0,55.797152036890715,-4.311451416173846,156,4.774,411
55.82283486399252,-4.342022997276271,140.0,55.84839482833289,-4.1889265673730645,157,16.538,975
55.82283486399252,-4.342022997276271,140.0,55.86383954752864,-4.387927326091926,158,9.765,729
55.82283486399252,-4.342022997276271,140.0,55.807182357875575,-4.140487806234959,159,17.133,1151
55.82283486399252,-4.342022997276271,140.0,55.8296607577131,-4.218765551358871,160,11.918,865
55.82283486399252,-4.342022997276271,140.0,55.82699494590622,-4.295404959002084,161,4.569,442
55.82283486399252,-4.342022997276271,140.0,55.861248665443505,-4.307186036515638,162,6.43,625
55.82283486399252,-4.342022997276271,140.0,55.897857165570365,-4.156645648865112,163,17.778,936
55.82283486399252,-4.342022997276271,140.0,55.877747555317356,-4.342792329217214,164,11.483,931
55.82283486399252,-4.342022997276271,140.0,55.92259641850896,-4.389236283866068,165,25.268,1379
55.82283486399252,-4.342022997276271,140.0,55.92621339590465,-4.2820478996479165,166,16.632,1092
55.82283486399252,-4.342022997276271,140.0,55.80660612206145,-4.094012410496262,167,23.41,1327
55.82283486399252,-4.342022997276271,140.0,55.84605439624201,-4.09192094471571,168,22.115,1051
55.82283486399252,-4.342022997276271,140.0,55.83961965364386,-4.1201104741133365,169,18.714,938
55.82283486399252,-4.342022997276271,140.0,55.85030951683019,-4.217608837338132,170,12.006,906
55.82283486399252,-4.342022997276271,140.0,55.85971342373431,-4.246748195156407,171,12.467,836
55.82283486399252,-4.342022997276271,140.0,55.815747728441636,-4.150792968910081,172,16.003,1048
55.82283486399252,-4.342022997276271,140.0,55.80041195127493,-4.3806303679601495,173,4.636,422
55.82283486399252,-4.342022997276271,140.0,55.85487415463933,-4.092829020720908,174,21.925,1052
55.82283486399252,-4.342022997276271,140.0,55.80456076444065,-4.203157873727267,175,16.691,1069
55.82283486399252,-4.342022997276271,140.0,55.84723005082115,-4.330151260440624,176,3.68,505
55.82283486399252,-4.342022997276271,140.0,55.88775631668876,-4.123428423568879,177,21.526,1147
55.82283486399252,-4.342022997276271,140.0,55.82857385936083,-4.129579652409029,178,18.525,1235
55.82283486399252,-4.342022997276271,140.0,55.879865395443076,-4.36272007519476,179,12.375,974
55.82283486399252,-4.342022997276271,140.0,55.87973669437185,-4.215636550296907,180,13.409,954
55.82283486399252,-4.342022997276271,140.0,55.8162521393249,-4.1868605517933455,181,14.885,958
55.82283486399252,-4.342022997276271,140.0,55.80755514535402,-4.201625161718038,182,16.444,1035
55.82283486399252,-4.342022997276271,140.0,55.85565398843102,-4.250533808562208,183,8.965,756
55.82283486399252,-4.342022997276271,140.0,55.929636326069506,-4.381100658166308,184,26.254,1400
55.82283486399252,-4.342022997276271,140.0,55.879581066995904,-4.21986165885879,185,13.05,934
55.82283486399252,-4.342022997276271,140.0,55.92647877645629,-4.127886630011083,186,23.14,1267
55.82283486399252,-4.342022997276271,140.0,55.82282427264178,-4.371094162561755,187,2.285,314
55.82283486399252,-4.342022997276271,140.0,55.90291353127043,-4.3414180899754955,188,13.882,1176
55.82283486399252,-4.342022997276271,140.0,55.78437024600116,-4.156926419796477,189,25.726,1239
55.82283486399252,-4.342022997276271,140.0,55.8321542449311,-4.1561720476648265,190,15.789,951
55.82283486399252,-4.342022997276271,140.0,55.88310705812362,-4.084862107847263,191,24.498,1112
55.82283486399252,-4.342022997276271,140.0,55.85616333886266,-4.110333739241922,192,20.726,1096
55.82283486399252,-4.342022997276271,140.0,55.90185178498145,-4.152652007721208,193,21.687,1560
55.82283486399252,-4.342022997276271,140.0,55.8837118458465,-4.182392741162416,194,17.966,1908
55.82283486399252,-4.342022997276271,140.0,55.83086049774818,-4.312434105301623,195,4.772,457
55.82283486399252,-4.342022997276271,140.0,55.821849459706755,-4.176208567338996,196,14.633,922
55.82283486399252,-4.342022997276271,140.0,55.88009750494633,-4.255964552703097,197,11.006,830
55.82283486399252,-4.342022997276271,140.0,55.87413911675089,-4.369807111055967,198,7.91,693
55.82283486399252,-4.342022997276271,140.0,55.86354071984154,-4.093406384811447,199,21.342,1149
55.834999619894866,-4.097762614919697,141.0,55.8391698042901,-4.214478482526657,0,9.806,632
55.834999619894866,-4.097762614919697,141.0,55.86553667472969,-4.350500876963486,1,22.143,1061
55.834999619894866,-4.097762614919697,141.0,55.912892829643965,-4.286410947894997,2,24.556,2269
55.834999619894866,-4.097762614919697,141.0,55.84854019346565,-4.391697428307927,3,21.574,1282
55.834999619894866,-4.097762614919697,141.0,55.79232875093524,-4.310455024670266,4,24.039,1260
55.834999619894866,-4.097762614919697,141.0,55.837143362020576,-4.120043492886959,5,8.036,452
55.834999619894866,-4.097762614919697,141.0,55.84185129809378,-4.283879851305767,6,14.013,935
55.834999619894866,-4.097762614919697,141.0,55.90609664927746,-4.311383718964596,7,23.24,1378
55.834999619894866,-4.097762614919697,141.0,55.7832172019226,-4.31249791159531,8,19.996,1302
55.834999619894866,-4.097762614919697,141.0,55.8177258987159,-4.260489243356555,9,13.963,848
55.834999619894866,-4.097762614919697,141.0,55.903262790870684,-4.212111703691823,10,17.793,1159
55.834999619894866,-4.097762614919697,141.0,55.893978813107424,-4.1413270988368325,11,15.294,952
55.834999619894866,-4.097762614919697,141.0,55.894884622950286,-4.154349650804189,12,20.159,853
55.834999619894866,-4.097762614919697,141.0,55.80680963785043,-4.263605759417426,13,16.401,1115
55.834999619894866,-4.097762614919697,141.0,55.81824312166051,-4.346878846315483,14,21.202,1174
55.834999619894866,-4.097762614919697,141.0,55.84742656229786,-4.269221405976544,15,14.378,954
55.834999619894866,-4.097762614919697,141.0,55.80730424868546,-4.315177272898423,16,20.908,1159
55.834999619894866,-4.097762614919697,141.0,55.83798278877758,-4.260604018644594,17,12.484,749
55.834999619894866,-4.097762614919697,141.0,55.89424631095569,-4.343398240721316,18,23.959,1311
55.834999619894866,-4.097762614919697,141.0,55.83908093533876,-4.223069302141199,19,10.836,762
55.834999619894866,-4.097762614919697,141.0,55.8357731433788,-4.270556349194068,20,13.168,799
55.834999619894866,-4.097762614919697,141.0,55.90309627527835,-4.360750370095284,21,25.992,1546
55.834999619894866,-4.097762614919697,141.0,55.85652103589449,-4.101365743428073,22,6.785,517
55.834999619894866,-4.097762614919697,141.0,55.783736419963375,-4.235306054793451,23,22.063,1076
55.834999619894866,-4.097762614919697,141.0,55.92064824587275,-4.2358362157531895,24,22.154,1259
55.834999619894866,-4.097762614919697,141.0,55.907674892744176,-4.2497703459088045,25,20.906,2303
55.834999619894866,-4.097762614919697,141.0,55.919604340921964,-4.226208116301384,26,26.951,1264
55.834999619894866,-4.097762614919697,141.0,55.83219148710444,-4.304581930326681,27,20.08,1200
55.834999619894866,-4.097762614919697,141.0,55.79569701419853,-4.1769099124482585,28,16.906,795
55.834999619894866,-4.097762614919697,141.0,55.81260197667657,-4.197841211154324,29,11.671,767
55.834999619894866,-4.097762614919697,141.0,55.826092940761974,-4.176919409292903,30,7.954,594
55.834999619894866,-4.097762614919697,141.0,55.828413149208096,-4.109650878166438,31,2.473,298
55.834999619894866,-4.097762614919697,141.0,55.8999241737755,-4.257993823533507,32,21.005,1248
55.834999619894866,-4.097762614919697,141.0,55.892514250678616,-4.340118142906542,33,23.988,1322
55.834999619894866,-4.097762614919697,141.0,55.855241629670886,-4.269936069312288,34,19.092,888
55.834999619894866,-4.097762614919697,141.0,55.877364911629314,-4.109701193625618,35,10.543,676
55.834999619894866,-4.097762614919697,141.0,55.887053111734645,-4.1280531391159245,36,18.673,934
55.834999619894866,-4.097762614919697,141.0,55.89108676863447,-4.105446803942431,37,13.014,944
55.834999619894866,-4.097762614919697,141.0,55.842635153466425,-4.334387903339716,38,18.011,989
55.834999619894866,-4.097762614919697,141.0,55.89197542936556,-4.19614108945253,39,15.577,883
55.834999619894866,-4.097762614919697,141.0,55.825849135803445,-4.321179033230789,40,18.258,1101
55.834999619894866,-4.097762614919697,141.0,55.81864602215581,-4.375055705699034,41,22.231,1183
55.834999619894866,-4.097762614919697,141.0,55.92613065482397,-4.212698358862173,42,26.325,1259
55.834999619894866,-4.097762614919697,141.0,55.874439929608144,-4.279689658904073,43,18.933,1010
55.834999619894866,-4.097762614919697,141.0,55.81998166828728,-4.245455535821837,44,13.443,753
55.834999619894866,-4.097762614919697,141.0,55.91066980601156,-4.213502644426629,45,27.307,1313
55.834999619894866,-4.097762614919697,141.0,55.8404807486866,-4.356656090229781,46,21.663,1256
55.834999619894866,-4.097762614919697,141.0,55.88708229912325,-4.079055837843032,47,10.644,537
55.834999619894866,-4.097762614919697,141.0,55.84510555179576,-4.178720975321847,48,6.687,566
55.834999619894866,-4.097762614919697,141.0,55.84413340760586,-4.085244529493477,49,3.253,689
55.834999619894866,-4.097762614919697,141.0,55.83324217210475,-4.157183908594519,50,6.051,441
55.834999619894866,-4.097762614919697,141.0,55.895753278756494,-4.323131413571223,51,23.745,1422
55.834999619894866,-4.097762614919697,141.0,55.88609925330935,-4.38354364327563,52,23.176,1129
55.834999619894866,-4.097762614919697,141.0,55.86596770908397,-4.338853955125049,53,19.959,1010
55.834999619894866,-4.097762614919697,141.0,55.819381988004544,-4.256567679373081,54,14.872,903
55.834999619894866,-4.097762614919697,141.0,55.919398785577634,-4.298102785445152,55,24.832,1949
55.834999619894866,-4.097762614919697,141.0,55.81052481551728,-4.0780884232687225,56,5.272,1445
55.834999619894866,-4.097762614919697,141.0,55.8411814367945,-4.125490362928665,57,3.24,323
55.834999619894866,-4.097762614919697,141.0,55.844855881791794,-4.151320272286683,58,6.519,540
55.834999619894866,-4.097762614919697,141.0,55.79334532620707,-4.3052187624925375,59,18.739,1250
55.834999619894866,-4.097762614919697,141.0,55.78499644933002,-4.082518262203789,60,9.952,516
55.834999619894866,-4.097762614919697,141.0,55.86482365717543,-4.074666870071637,61,5.848,610
55.834999619894866,-4.097762614919697,141.0,55.910543969585106,-4.384534109666136,62,27.819,1610
55.834999619894866,-4.097762614919697,141.0,55.799715679086134,-4.188568421733812,63,18.566,1023
55.834999619894866,-4.097762614919697,141.0,55.90005630083831,-4.294022887833187,64,22.312,1331
55.834999619894866,-4.097762614919697,141.0,55.82573931186619,-4.210157383495828,65,9.728,582
55.834999619894866,-4.097762614919697,141.0,55.88010014610652,-4.288014027401103,66,21.033,1300
55.834999619894866,-4.097762614919697,141.0,55.8836463272421,-4.377148406451105,67,22.946,1207
55.834999619894866,-4.097762614919697,141.0,55.80511293548626,-4.195982430231648,68,12.651,842
55.834999619894866,-4.097762614919697,141.0,55.9265186267864,-4.256321117900257,69,24.37,1363
55.834999619894866,-4.097762614919697,141.0,55.90353118048908,-4.119171950823842,70,13.616,1005
55.834999619894866,-4.097762614919697,141.0,55.81502357146685,-4.260984914919316,71,14.32,882
55.834999619894866,-4.097762614919697,141.0,55.894355058439295,-4.293143876300353,72,21.602,1279
55.834999619894866,-4.097762614919697,141.0,55.80246488546192,-4.242274834364847,73,15.584,979
55.834999619894866,-4.097762614919697,141.0,55.887581813102464,-4.2985753032369685,74,21.214,1275
55.834999619894866,-4.097762614919697,141.0,55.928290955083554,-4.295962301582311,75,25.254,1363
55.834999619894866,-4.097762614919697,141.0,55.81096058143004,-4.368797105646974,76,23.888,1265
55.834999619894866,-4.097762614919697,141.0,55.84818750128869,-4.3631808239548375,77,22.649,1108
55.834999619894866,-4.097762614919697,141.0,55.81610352786554,-4.330910795148831,78,20.227,1014
55.834999619894866,-4.097762614919697,141.0,55.807034270653475,-4.136077366584948,79,7.928,601
55.834999619894866,-4.097762614919697,141.0,55.86778114631985,-4.233612892312959,80,16.063,874
55.834999619894866,-4.097762614919697,141.0,55.79578956690847,-4.368290459919509,81,28.972,2459
55.834999619894866,-4.097762614919697,141.0,55.897877306124535,-4.077031107370425,82,13.003,1283
55.834999619894866,-4.097762614919697,141.0,55.80721289582252,-4.242612882195534,83,14.807,930
55.834999619894866,-4.097762614919697,141.0,55.92209393969709,-4.157940141970138,84,22.26,1031
55.834999619894866,-4.097762614919697,141.0,55.79188265083702,-4.28147512844989,85,17.774,1173
55.834999619894866,-4.097762614919697,141.0,55.88043814367632,-4.104360473798184,86,9.853,616
55.834999619894866,-4.097762614919697,141.0,55.90345994988174,-4.293652184560058,87,24.029,1405
55.834999619894866,-4.097762614919697,141.0,55.91230525016259,-4.108196424937476,88,16.296,907
55.834999619894866,-4.097762614919697,141.0,55.90569137930351,-4.3852429216612405,89,27.854,1634
55.834999619894866,-4.097762614919697,141.0,55.824402119970216,-4.298242138123909,90,18.694,1022
55.834999619894866,-4.097762614919697,141.0,55.887104625653905,-4.201059285828647,91,15.351,957
55.834999619894866,-4.097762614919697,141.0,55.92006797200308,-4.195257422106852,92,24.33,1077
55.834999619894866,-4.097762614919697,141.0,55.7944551107823,-4.1683749063061635,93,17.053,1228
55.834999619894866,-4.097762614919697,141.0,55.88003873447475,-4.304350182381346,94,20.547,1183
55.834999619894866,-4.097762614919697,141.0,55.88308048053683,-4.2942103285768285,95,20.147,1157
55.834999619894866,-4.097762614919697,141.0,55.80779271908626,-4.3234306371549245,96,21.498,1146
55.834999619894866,-4.097762614919697,141.0,55.90123467399992,-4.380968632189907,97,28.16,1763
55.834999619894866,-4.097762614919697,141.0,55.88049231589054,-4.293733205570284,98,20.049,1148
55.834999619894866,-4.097762614919697,141.0,55.84697147961761,-4.334108806216461,99,18.125,1022
55.834999619894866,-4.097762614919697,141.0,55.83067141211495,-4.195633651932574,100,8.972,596
55.834999619894866,-4.097762614919697,141.0,55.89350845984679,-4.099445363541155,101,12.081,715
55.834999619894866,-4.097762614919697,141.0,55.92592408664018,-4.179171340754611,102,23.601,1115
55.834999619894866,-4.097762614919697,141.0,55.84941827409408,-4.169566750359822,103,6.796,589
55.834999619894866,-4.097762614919697,141.0,55.92413375575165,-4.226670311636797,104,27.54,2001
55.834999619894866,-4.097762614919697,141.0,55.88995713457192,-4.285031242761631,105,20.542,1182
55.834999619894866,-4.097762614919697,141.0,55.90528066541109,-4.131569818675147,106,19.939,879
55.834999619894866,-4.097762614919697,141.0,55.87850608392288,-4.103517886631066,107,10.184,649
55.834999619894866,-4.097762614919697,141.0,55.80799405798939,-4.284953473560454,108,16.187,1119
55.834999619894866,-4.097762614919697,141.0,55.906815669822045,-4.385279074380807,109,27.165,1548
55.834999619894866,-4.097762614919697,141.0,55.916237634416454,-4.222407816066865,110,26.866,1252
55.834999619894866,-4.097762614919697,141.0,55.915798955837815,-4.088621086891774,111,15.162,790
55.834999619894866,-4.097762614919697,141.0,55.827538479175395,-4.350653065976025,112,20.571,1105
55.834999619894866,-4.097762614919697,141.0,55.799515288981674,-4.0866627646338864,113,6.788,570
55.834999619894866,-4.097762614919697,141.0,55.831024245961984,-4.244756518165482,114,11.924,654
55.834999619894866,-4.097762614919697,141.0,55.86754360554833,-4.2143078261423845,115,14.736,860
55.834999619894866,-4.097762614919697,141.0,55.8574985965699,-4.1521224561179935,116,7.194,618
55.834999619894866,-4.097762614919697,141.0,55.88095643501817,-4.32811659177277,117,21.801,1138
55.834999619894866,-4.097762614919697,141.0,55.85240433608213,-4.177570445500026,118,7.728,646
55.834999619894866,-4.097762614919697,141.0,55.91169549549074,-4.359708873069638,119,26.698,1661
55.834999619894866,-4.097762614919697,141.0,55.92640787519779,-4.300990956079843,120,25.702,1412
55.834999619894866,-4.097762614919697,141.0,55.84019197366069,-4.205566157974415,121,10.292,748
55.834999619894866,-4.097762614919697,141.0,55.866619942939494,-4.268153778778456,122,18.01,991
55.834999619894866,-4.097762614919697,141.0,55.81327411986783,-4.2587495402872255,123,14.299,892
55.834999619894866,-4.097762614919697,141.0,55.86022660117776,-4.154711133590585,124,11.065,639
55.834999619894866,-4.097762614919697,141.0,55.831522729053496,-4.370420634377527,125,22.625,1275
55.834999619894866,-4.097762614919697,141.0,55.84074346341779,-4.172411658039648,126,7.032,486
55.834999619894866,-4.097762614919697,141.0,55.8801412435821,-4.258666277618953,127,18.286,1005
55.834999619894866,-4.097762614919697,141.0,55.8434159429892,-4.1056733307349536,128,3.496,352
55.834999619894866,-4.097762614919697,141.0,55.83522057783537,-4.25736952395694,129,12.458,751
55.834999619894866,-4.097762614919697,141.0,55.86467774065618,-4.2250953414252415,130,15.956,777
55.834999619894866,-4.097762614919697,141.0,55.8953662249987,-4.231143624453162,131,19.18,1070
55.834999619894866,-4.097762614919697,141.0,55.81920459649808,-4.236238450921302,132,14.027,803
55.834999619894866,-4.097762614919697,141.0,55.900795402502105,-4.206009410292495,133,16.978,1049
55.834999619894866,-4.097762614919697,141.0,55.86078490474355,-4.339631469507248,134,20.494,1105
55.834999619894866,-4.097762614919697,141.0,55.924999437053955,-4.191173279124663,135,24.079,1067
55.834999619894866,-4.097762614919697,141.0,55.81549096669224,-4.126910343137958,136,5.872,510
55.834999619894866,-4.097762614919697,141.0,55.90135585493081,-4.207622057499793,137,16.977,1027
55.834999619894866,-4.097762614919697,141.0,55.845816555475636,-4.129576488296543,138,5.14,448
55.834999619894866,-4.097762614919697,141.0,55.80470047644827,-4.291960781118721,139,17.193,1178
55.834999619894866,-4.097762614919697,141.0,55.89185394491289,-4.179857587296262,140,16.181,826
55.834999619894866,-4.097762614919697,141.0,55.91859399996558,-4.3401659608951215,141,25.564,1512
55.834999619894866,-4.097762614919697,141.0,55.90671476836246,-4.3642865107142725,142,26.744,1601
55.834999619894866,-4.097762614919697,141.0,55.81273399651921,-4.167613047894911,143,8.508,582
55.834999619894866,-4.097762614919697,141.0,55.80939871413575,-4.276056954355674,144,15.475,1007
55.834999619894866,-4.097762614919697,141.0,55.88312869327199,-4.214542892826467,145,14.978,928
55.834999619894866,-4.097762614919697,141.0,55.815340374954424,-4.283514492524949,146,15.645,1024
55.834999619894866,-4.097762614919697,141.0,55.87864379034378,-4.080636908866371,147,11.624,572
55.834999619894866,-4.097762614919697,141.0,55.89423440492952,-4.2418874418647645,148,19.743,1154
55.834999619894866,-4.097762614919697,141.0,55.92796852989922,-4.305970400193036,149,25.83,1435
55.834999619894866,-4.097762614919697,141.0,55.92895153496988,-4.082888064137351,150,16.12,798
55.834999619894866,-4.097762614919697,141.0,55.790766759429424,-4.135285962371055,151,8.771,610
55.834999619894866,-4.097762614919697,141.0,55.80808041573422,-4.184105792933229,152,9.987,699
55.834999619894866,-4.097762614919697,141.0,55.7982747224006,-4.3931924101572655,153,24.696,1359
55.834999619894866,-4.097762614919697,141.0,55.81178474630603,-4.337962602706185,154,21.294,1120
55.834999619894866,-4.097762614919697,141.0,55.852972007756,-4.353957895039277,155,19.693,1108
55.834999619894866,-4.097762614919697,141.0,55.797152036890715,-4.311451416173846,156,23.266,1194
55.834999619894866,-4.097762614919697,141.0,55.84839482833289,-4.1889265673730645,157,7.448,602
55.834999619894866,-4.097762614919697,141.0,55.86383954752864,-4.387927326091926,158,25.285,1135
55.834999619894866,-4.097762614919697,141.0,55.807182357875575,-4.140487806234959,159,8.139,599
55.834999619894866,-4.097762614919697,141.0,55.8296607577131,-4.218765551358871,160,10.069,674
55.834999619894866,-4.097762614919697,141.0,55.82699494590622,-4.295404959002084,161,18.73,998
55.834999619894866,-4.097762614919697,141.0,55.861248665443505,-4.307186036515638,162,17.579,1011
55.834999619894866,-4.097762614919697,141.0,55.897857165570365,-4.156645648865112,163,17.657,863
55.834999619894866,-4.097762614919697,141.0,55.877747555317356,-4.342792329217214,164,22.391,1234
55.834999619894866,-4.097762614919697,141.0,55.92259641850896,-4.389236283866068,165,38.647,1699
55.834999619894866,-4.097762614919697,141.0,55.92621339590465,-4.2820478996479165,166,24.154,1312
55.834999619894866,-4.097762614919697,141.0,55.80660612206145,-4.094012410496262,167,4.857,510
55.834999619894866,-4.097762614919697,141.0,55.84605439624201,-4.09192094471571,168,12.853,640
55.834999619894866,-4.097762614919697,141.0,55.83961965364386,-4.1201104741133365,169,2.847,250
55.834999619894866,-4.097762614919697,141.0,55.85030951683019,-4.217608837338132,170,9.966,712
55.834999619894866,-4.097762614919697,141.0,55.85971342373431,-4.246748195156407,171,16.669,924
55.834999619894866,-4.097762614919697,141.0,55.815747728441636,-4.150792968910081,172,8.622,601
55.834999619894866,-4.097762614919697,141.0,55.80041195127493,-4.3806303679601495,173,24.112,1312
55.834999619894866,-4.097762614919697,141.0,55.85487415463933,-4.092829020720908,174,5.597,378
55.834999619894866,-4.097762614919697,141.0,55.80456076444065,-4.203157873727267,175,12.67,843
55.834999619894866,-4.097762614919697,141.0,55.84723005082115,-4.330151260440624,176,17.646,966
55.834999619894866,-4.097762614919697,141.0,55.88775631668876,-4.123428423568879,177,15.279,925
55.834999619894866,-4.097762614919697,141.0,55.82857385936083,-4.129579652409029,178,5.479,492
55.834999619894866,-4.097762614919697,141.0,55.879865395443076,-4.36272007519476,179,23.283,1277
55.834999619894866,-4.097762614919697,141.0,55.87973669437185,-4.215636550296907,180,15.694,1024
55.834999619894866,-4.097762614919697,141.0,55.8162521393249,-4.1868605517933455,181,9.095,696
55.834999619894866,-4.097762614919697,141.0,55.80755514535402,-4.201625161718038,182,12.423,810
55.834999619894866,-4.097762614919697,141.0,55.85565398843102,-4.250533808562208,183,14.137,937
55.834999619894866,-4.097762614919697,141.0,55.929636326069506,-4.381100658166308,184,39.633,1720
55.834999619894866,-4.097762614919697,141.0,55.879581066995904,-4.21986165885879,185,15.879,1058
55.834999619894866,-4.097762614919697,141.0,55.92647877645629,-4.127886630011083,186,16.522,1060
55.834999619894866,-4.097762614919697,141.0,55.82282427264178,-4.371094162561755,187,21.761,1198
55.834999619894866,-4.097762614919697,141.0,55.90291353127043,-4.3414180899754955,188,24.79,1479
55.834999619894866,-4.097762614919697,141.0,55.78437024600116,-4.156926419796477,189,15.551,792
55.834999619894866,-4.097762614919697,141.0,55.8321542449311,-4.1561720476648265,190,6.091,455
55.834999619894866,-4.097762614919697,141.0,55.88310705812362,-4.084862107847263,191,8.785,454
55.834999619894866,-4.097762614919697,141.0,55.85616333886266,-4.110333739241922,192,7.428,569
55.834999619894866,-4.097762614919697,141.0,55.90185178498145,-4.152652007721208,193,21.889,1411
55.834999619894866,-4.097762614919697,141.0,55.8837118458465,-4.182392741162416,194,15.548,1709
55.834999619894866,-4.097762614919697,141.0,55.83086049774818,-4.312434105301623,195,19.664,1103
55.834999619894866,-4.097762614919697,141.0,55.821849459706755,-4.176208567338996,196,7.975,539
55.834999619894866,-4.097762614919697,141.0,55.88009750494633,-4.255964552703097,197,17.972,984
55.834999619894866,-4.097762614919697,141.0,55.87413911675089,-4.369807111055967,198,21.287,1026
55.834999619894866,-4.097762614919697,141.0,55.86354071984154,-4.093406384811447,199,6.399,475
55.900399769641524,-4.158148288154721,142.0,55.8391698042901,-4.214478482526657,0,11.101,994
55.900399769641524,-4.158148288154721,142.0,55.86553667472969,-4.350500876963486,1,21.665,1103
55.900399769641524,-4.158148288154721,142.0,55.912892829643965,-4.286410947894997,2,11.652,1604
55.900399769641524,-4.158148288154721,142.0,55.84854019346565,-4.391697428307927,3,21.096,1324
55.900399769641524,-4.158148288154721,142.0,55.79232875093524,-4.310455024670266,4,23.587,1303
55.900399769641524,-4.158148288154721,142.0,55.837143362020576,-4.120043492886959,5,26.351,1087
55.900399769641524,-4.158148288154721,142.0,55.84185129809378,-4.283879851305767,6,18.267,1053
55.900399769641524,-4.158148288154721,142.0,55.90609664927746,-4.311383718964596,7,16.477,925
55.900399769641524,-4.158148288154721,142.0,55.7832172019226,-4.31249791159531,8,25.175,1361
55.900399769641524,-4.158148288154721,142.0,55.8177258987159,-4.260489243356555,9,15.58,1227
55.900399769641524,-4.158148288154721,142.0,55.903262790870684,-4.212111703691823,10,4.628,376
55.900399769641524,-4.158148288154721,142.0,55.893978813107424,-4.1413270988368325,11,4.837,379
55.900399769641524,-4.158148288154721,142.0,55.894884622950286,-4.154349650804189,12,4.429,248
55.900399769641524,-4.158148288154721,142.0,55.80680963785043,-4.263605759417426,13,20.909,1458
55.900399769641524,-4.158148288154721,142.0,55.81824312166051,-4.346878846315483,14,20.75,1217
55.900399769641524,-4.158148288154721,142.0,55.84742656229786,-4.269221405976544,15,14.743,940
55.900399769641524,-4.158148288154721,142.0,55.80730424868546,-4.315177272898423,16,20.456,1202
55.900399769641524,-4.158148288154721,142.0,55.83798278877758,-4.260604018644594,17,12.95,1001
55.900399769641524,-4.158148288154721,142.0,55.89424631095569,-4.343398240721316,18,19.602,1189
55.900399769641524,-4.158148288154721,142.0,55.83908093533876,-4.223069302141199,19,11.277,1042
55.900399769641524,-4.158148288154721,142.0,55.8357731433788,-4.270556349194068,20,15.547,952
55.900399769641524,-4.158148288154721,142.0,55.90309627527835,-4.360750370095284,21,19.14,1197
55.900399769641524,-4.158148288154721,142.0,55.85652103589449,-4.101365743428073,22,13.397,744
55.900399769641524,-4.158148288154721,142.0,55.783736419963375,-4.235306054793451,23,33.189,1660
55.900399769641524,-4.158148288154721,142.0,55.92064824587275,-4.2358362157531895,24,9.39,511
55.900399769641524,-4.158148288154721,142.0,55.907674892744176,-4.2497703459088045,25,6.599,1633
55.900399769641524,-4.158148288154721,142.0,55.919604340921964,-4.226208116301384,26,8.124,446
55.900399769641524,-4.158148288154721,142.0,55.83219148710444,-4.304581930326681,27,19.628,1244
55.900399769641524,-4.158148288154721,142.0,55.79569701419853,-4.1769099124482585,28,29.364,1416
55.900399769641524,-4.158148288154721,142.0,55.81260197667657,-4.197841211154324,29,14.603,1280
55.900399769641524,-4.158148288154721,142.0,55.826092940761974,-4.176919409292903,30,26.269,1229
55.900399769641524,-4.158148288154721,142.0,55.828413149208096,-4.109650878166438,31,23.821,1124
55.900399769641524,-4.158148288154721,142.0,55.8999241737755,-4.257993823533507,32,13.345,814
55.900399769641524,-4.158148288154721,142.0,55.892514250678616,-4.340118142906542,33,19.631,1194
55.900399769641524,-4.158148288154721,142.0,55.855241629670886,-4.269936069312288,34,12.587,681
55.900399769641524,-4.158148288154721,142.0,55.877364911629314,-4.109701193625618,35,10.817,738
55.900399769641524,-4.158148288154721,142.0,55.887053111734645,-4.1280531391159245,36,5.295,359
55.900399769641524,-4.158148288154721,142.0,55.89108676863447,-4.105446803942431,37,7.028,665
55.900399769641524,-4.158148288154721,142.0,55.842635153466425,-4.334387903339716,38,17.533,1031
55.900399769641524,-4.158148288154721,142.0,55.89197542936556,-4.19614108945253,39,3.131,213
55.900399769641524,-4.158148288154721,142.0,55.825849135803445,-4.321179033230789,40,17.806,1144
55.900399769641524,-4.158148288154721,142.0,55.81864602215581,-4.375055705699034,41,21.779,1226
55.900399769641524,-4.158148288154721,142.0,55.92613065482397,-4.212698358862173,42,7.498,444
55.900399769641524,-4.158148288154721,142.0,55.874439929608144,-4.279689658904073,43,12.428,803
55.900399769641524,-4.158148288154721,142.0,55.81998166828728,-4.245455535821837,44,15.06,1132
55.900399769641524,-4.158148288154721,142.0,55.91066980601156,-4.213502644426629,45,5.423,450
55.900399769641524,-4.158148288154721,142.0,55.8404807486866,-4.356656090229781,46,21.185,1298
55.900399769641524,-4.158148288154721,142.0,55.88708229912325,-4.079055837843032,47,13.624,599
55.900399769641524,-4.158148288154721,142.0,55.84510555179576,-4.178720975321847,48,14.124,1069
55.900399769641524,-4.158148288154721,142.0,55.84413340760586,-4.085244529493477,49,15.336,1342
55.900399769641524,-4.158148288154721,142.0,55.83324217210475,-4.157183908594519,50,24.366,1077
55.900399769641524,-4.158148288154721,142.0,55.895753278756494,-4.323131413571223,51,18.766,1135
55.900399769641524,-4.158148288154721,142.0,55.88609925330935,-4.38354364327563,52,22.698,1171
55.900399769641524,-4.158148288154721,142.0,55.86596770908397,-4.338853955125049,53,19.481,1052
55.900399769641524,-4.158148288154721,142.0,55.819381988004544,-4.256567679373081,54,15.31,1247
55.900399769641524,-4.158148288154721,142.0,55.919398785577634,-4.298102785445152,55,11.928,1284
55.900399769641524,-4.158148288154721,142.0,55.81052481551728,-4.0780884232687225,56,26.62,2272
55.900399769641524,-4.158148288154721,142.0,55.8411814367945,-4.125490362928665,57,21.902,1020
55.900399769641524,-4.158148288154721,142.0,55.844855881791794,-4.151320272286683,58,13.526,1002
55.900399769641524,-4.158148288154721,142.0,55.79334532620707,-4.3052187624925375,59,23.918,1309
55.900399769641524,-4.158148288154721,142.0,55.78499644933002,-4.082518262203789,60,28.51,1198
55.900399769641524,-4.158148288154721,142.0,55.86482365717543,-4.074666870071637,61,11.754,905
55.900399769641524,-4.158148288154721,142.0,55.910543969585106,-4.384534109666136,62,21.572,1332
55.900399769641524,-4.158148288154721,142.0,55.799715679086134,-4.188568421733812,63,29.692,1607
55.900399769641524,-4.158148288154721,142.0,55.90005630083831,-4.294022887833187,64,13.5,875
55.900399769641524,-4.158148288154721,142.0,55.82573931186619,-4.210157383495828,65,12.66,1095
55.900399769641524,-4.158148288154721,142.0,55.88010014610652,-4.288014027401103,66,11.488,995
55.900399769641524,-4.158148288154721,142.0,55.8836463272421,-4.377148406451105,67,22.468,1249
55.900399769641524,-4.158148288154721,142.0,55.80511293548626,-4.195982430231648,68,15.583,1355
55.900399769641524,-4.158148288154721,142.0,55.9265186267864,-4.256321117900257,69,9.42,607
55.900399769641524,-4.158148288154721,142.0,55.90353118048908,-4.119171950823842,70,6.191,601
55.900399769641524,-4.158148288154721,142.0,55.81502357146685,-4.260984914919316,71,15.937,1261
55.900399769641524,-4.158148288154721,142.0,55.894355058439295,-4.293143876300353,72,14.548,959
55.900399769641524,-4.158148288154721,142.0,55.80246488546192,-4.242274834364847,73,17.201,1357
55.900399769641524,-4.158148288154721,142.0,55.887581813102464,-4.2985753032369685,74,11.669,970
55.900399769641524,-4.158148288154721,142.0,55.928290955083554,-4.295962301582311,75,13.243,675
55.900399769641524,-4.158148288154721,142.0,55.81096058143004,-4.368797105646974,76,23.436,1308
55.900399769641524,-4.158148288154721,142.0,55.84818750128869,-4.3631808239548375,77,22.171,1150
55.900399769641524,-4.158148288154721,142.0,55.81610352786554,-4.330910795148831,78,19.775,1057
55.900399769641524,-4.158148288154721,142.0,55.807034270653475,-4.136077366584948,79,28.39,1364
55.900399769641524,-4.158148288154721,142.0,55.86778114631985,-4.233612892312959,80,7.754,646
55.900399769641524,-4.158148288154721,142.0,55.79578956690847,-4.368290459919509,81,28.52,2502
55.900399769641524,-4.158148288154721,142.0,55.897877306124535,-4.077031107370425,82,8.819,1132
55.900399769641524,-4.158148288154721,142.0,55.80721289582252,-4.242612882195534,83,16.424,1309
55.900399769641524,-4.158148288154721,142.0,55.92209393969709,-4.157940141970138,84,3.524,278
55.900399769641524,-4.158148288154721,142.0,55.79188265083702,-4.28147512844989,85,24.78,1364
55.900399769641524,-4.158148288154721,142.0,55.88043814367632,-4.104360473798184,86,10.127,678
55.900399769641524,-4.158148288154721,142.0,55.90345994988174,-4.293652184560058,87,12.715,796
55.900399769641524,-4.158148288154721,142.0,55.91230525016259,-4.108196424937476,88,6.151,544
55.900399769641524,-4.158148288154721,142.0,55.90569137930351,-4.3852429216612405,89,22.508,1408
55.900399769641524,-4.158148288154721,142.0,55.824402119970216,-4.298242138123909,90,18.242,1065
55.900399769641524,-4.158148288154721,142.0,55.887104625653905,-4.201059285828647,91,5.105,424
55.900399769641524,-4.158148288154721,142.0,55.92006797200308,-4.195257422106852,92,5.503,259
55.900399769641524,-4.158148288154721,142.0,55.7944551107823,-4.1683749063061635,93,29.494,1851
55.900399769641524,-4.158148288154721,142.0,55.88003873447475,-4.304350182381346,94,14.042,976
55.900399769641524,-4.158148288154721,142.0,55.88308048053683,-4.2942103285768285,95,13.642,951
55.900399769641524,-4.158148288154721,142.0,55.80779271908626,-4.3234306371549245,96,21.046,1189
55.900399769641524,-4.158148288154721,142.0,55.90123467399992,-4.380968632189907,97,25.286,1676
55.900399769641524,-4.158148288154721,142.0,55.88049231589054,-4.293733205570284,98,13.544,941
55.900399769641524,-4.158148288154721,142.0,55.84697147961761,-4.334108806216461,99,17.647,1064
55.900399769641524,-4.158148288154721,142.0,55.83067141211495,-4.195633651932574,100,27.287,1231
55.900399769641524,-4.158148288154721,142.0,55.89350845984679,-4.099445363541155,101,6.843,497
55.900399769641524,-4.158148288154721,142.0,55.92592408664018,-4.179171340754611,102,4.774,297
55.900399769641524,-4.158148288154721,142.0,55.84941827409408,-4.169566750359822,103,12.695,949
55.900399769641524,-4.158148288154721,142.0,55.92413375575165,-4.226670311636797,104,8.713,1183
55.900399769641524,-4.158148288154721,142.0,55.88995713457192,-4.285031242761631,105,10.997,877
55.900399769641524,-4.158148288154721,142.0,55.90528066541109,-4.131569818675147,106,3.058,218
55.900399769641524,-4.158148288154721,142.0,55.87850608392288,-4.103517886631066,107,10.458,711
55.900399769641524,-4.158148288154721,142.0,55.80799405798939,-4.284953473560454,108,19.545,1319
55.900399769641524,-4.158148288154721,142.0,55.906815669822045,-4.385279074380807,109,22.289,1362
55.900399769641524,-4.158148288154721,142.0,55.916237634416454,-4.222407816066865,110,8.039,434
55.900399769641524,-4.158148288154721,142.0,55.915798955837815,-4.088621086891774,111,6.869,579
55.900399769641524,-4.158148288154721,142.0,55.827538479175395,-4.350653065976025,112,20.119,1148
55.900399769641524,-4.158148288154721,142.0,55.799515288981674,-4.0866627646338864,113,28.88,1311
55.900399769641524,-4.158148288154721,142.0,55.831024245961984,-4.244756518165482,114,13.661,1040
55.900399769641524,-4.158148288154721,142.0,55.86754360554833,-4.2143078261423845,115,7.537,655
55.900399769641524,-4.158148288154721,142.0,55.8574985965699,-4.1521224561179935,116,11.307,788
55.900399769641524,-4.158148288154721,142.0,55.88095643501817,-4.32811659177277,117,17.261,1033
55.900399769641524,-4.158148288154721,142.0,55.85240433608213,-4.177570445500026,118,9.811,860
55.900399769641524,-4.158148288154721,142.0,55.91169549549074,-4.359708873069638,119,19.084,1188
55.900399769641524,-4.158148288154721,142.0,55.92640787519779,-4.300990956079843,120,13.691,723
55.900399769641524,-4.158148288154721,142.0,55.84019197366069,-4.205566157974415,121,11.587,1092
55.900399769641524,-4.158148288154721,142.0,55.866619942939494,-4.268153778778456,122,11.505,784
55.900399769641524,-4.158148288154721,142.0,55.81327411986783,-4.2587495402872255,123,15.916,1271
55.900399769641524,-4.158148288154721,142.0,55.86022660117776,-4.154711133590585,124,10.524,715
55.900399769641524,-4.158148288154721,142.0,55.831522729053496,-4.370420634377527,125,22.173,1318
55.900399769641524,-4.158148288154721,142.0,55.84074346341779,-4.172411658039648,126,25.347,1121
55.900399769641524,-4.158148288154721,142.0,55.8801412435821,-4.258666277618953,127,9.478,735
55.900399769641524,-4.158148288154721,142.0,55.8434159429892,-4.1056733307349536,128,22.158,1048
55.900399769641524,-4.158148288154721,142.0,55.83522057783537,-4.25736952395694,129,12.924,1003
55.900399769641524,-4.158148288154721,142.0,55.86467774065618,-4.2250953414252415,130,9.451,571
55.900399769641524,-4.158148288154721,142.0,55.8953662249987,-4.231143624453162,131,5.537,389
55.900399769641524,-4.158148288154721,142.0,55.81920459649808,-4.236238450921302,132,15.644,1182
55.900399769641524,-4.158148288154721,142.0,55.900795402502105,-4.206009410292495,133,4.119,308
55.900399769641524,-4.158148288154721,142.0,55.86078490474355,-4.339631469507248,134,20.016,1147
55.900399769641524,-4.158148288154721,142.0,55.924999437053955,-4.191173279124663,135,5.252,249
55.900399769641524,-4.158148288154721,142.0,55.81549096669224,-4.126910343137958,136,27.22,1336
55.900399769641524,-4.158148288154721,142.0,55.90135585493081,-4.207622057499793,137,4.118,285
55.900399769641524,-4.158148288154721,142.0,55.845816555475636,-4.129576488296543,138,20.991,1007
55.900399769641524,-4.158148288154721,142.0,55.80470047644827,-4.291960781118721,139,19.572,1297
55.900399769641524,-4.158148288154721,142.0,55.89185394491289,-4.179857587296262,140,3.604,260
55.900399769641524,-4.158148288154721,142.0,55.91859399996558,-4.3401659608951215,141,16.452,934
55.900399769641524,-4.158148288154721,142.0,55.90671476836246,-4.3642865107142725,142,19.171,1161
55.900399769641524,-4.158148288154721,142.0,55.81273399651921,-4.167613047894911,143,26.823,1218
55.900399769641524,-4.158148288154721,142.0,55.80939871413575,-4.276056954355674,144,19.453,1283
55.900399769641524,-4.158148288154721,142.0,55.88312869327199,-4.214542892826467,145,5.928,461
55.900399769641524,-4.158148288154721,142.0,55.815340374954424,-4.283514492524949,146,18.447,1169
55.900399769641524,-4.158148288154721,142.0,55.87864379034378,-4.080636908866371,147,14.537,622
55.900399769641524,-4.158148288154721,142.0,55.89423440492952,-4.2418874418647645,148,6.278,529
55.900399769641524,-4.158148288154721,142.0,55.92796852989922,-4.305970400193036,149,13.819,746
55.900399769641524,-4.158148288154721,142.0,55.92895153496988,-4.082888064137351,150,10.95,533
55.900399769641524,-4.158148288154721,142.0,55.790766759429424,-4.135285962371055,151,30.518,1421
55.900399769641524,-4.158148288154721,142.0,55.80808041573422,-4.184105792933229,152,28.302,1334
55.900399769641524,-4.158148288154721,142.0,55.7982747224006,-4.3931924101572655,153,24.244,1402
55.900399769641524,-4.158148288154721,142.0,55.81178474630603,-4.337962602706185,154,20.842,1163
55.900399769641524,-4.158148288154721,142.0,55.852972007756,-4.353957895039277,155,19.215,1150
55.900399769641524,-4.158148288154721,142.0,55.797152036890715,-4.311451416173846,156,22.814,1237
55.900399769641524,-4.158148288154721,142.0,55.84839482833289,-4.1889265673730645,157,10.824,940
55.900399769641524,-4.158148288154721,142.0,55.86383954752864,-4.387927326091926,158,24.807,1177
55.900399769641524,-4.158148288154721,142.0,55.807182357875575,-4.140487806234959,159,28.067,1340
55.900399769641524,-4.158148288154721,142.0,55.8296607577131,-4.218765551358871,160,13.001,1186
55.900399769641524,-4.158148288154721,142.0,55.82699494590622,-4.295404959002084,161,18.278,1041
55.900399769641524,-4.158148288154721,142.0,55.861248665443505,-4.307186036515638,162,17.918,1076
55.900399769641524,-4.158148288154721,142.0,55.897857165570365,-4.156645648865112,163,5.141,312
55.900399769641524,-4.158148288154721,142.0,55.877747555317356,-4.342792329217214,164,17.859,1139
55.900399769641524,-4.158148288154721,142.0,55.92259641850896,-4.389236283866068,165,20.451,1138
55.900399769641524,-4.158148288154721,142.0,55.92621339590465,-4.2820478996479165,166,12.563,643
55.900399769641524,-4.158148288154721,142.0,55.80660612206145,-4.094012410496262,167,26.205,1336
55.900399769641524,-4.158148288154721,142.0,55.84605439624201,-4.09192094471571,168,14.824,721
55.900399769641524,-4.158148288154721,142.0,55.83961965364386,-4.1201104741133365,169,21.509,947
55.900399769641524,-4.158148288154721,142.0,55.85030951683019,-4.217608837338132,170,10.025,912
55.900399769641524,-4.158148288154721,142.0,55.85971342373431,-4.246748195156407,171,10.164,717
55.900399769641524,-4.158148288154721,142.0,55.815747728441636,-4.150792968910081,172,26.937,1236
55.900399769641524,-4.158148288154721,142.0,55.80041195127493,-4.3806303679601495,173,23.66,1355
55.900399769641524,-4.158148288154721,142.0,55.85487415463933,-4.092829020720908,174,14.634,722
55.900399769641524,-4.158148288154721,142.0,55.80456076444065,-4.203157873727267,175,15.602,1356
55.900399769641524,-4.158148288154721,142.0,55.84723005082115,-4.330151260440624,176,17.168,1008
55.900399769641524,-4.158148288154721,142.0,55.88775631668876,-4.123428423568879,177,5.43,365
55.900399769641524,-4.158148288154721,142.0,55.82857385936083,-4.129579652409029,178,26.827,1315
55.900399769641524,-4.158148288154721,142.0,55.879865395443076,-4.36272007519476,179,18.767,1165
55.900399769641524,-4.158148288154721,142.0,55.87973669437185,-4.215636550296907,180,7.167,609
55.900399769641524,-4.158148288154721,142.0,55.8162521393249,-4.1868605517933455,181,27.41,1332
55.900399769641524,-4.158148288154721,142.0,55.80755514535402,-4.201625161718038,182,15.355,1323
55.900399769641524,-4.158148288154721,142.0,55.85565398843102,-4.250533808562208,183,10.978,872
55.900399769641524,-4.158148288154721,142.0,55.929636326069506,-4.381100658166308,184,19.513,1097
55.900399769641524,-4.158148288154721,142.0,55.879581066995904,-4.21986165885879,185,7.634,630
55.900399769641524,-4.158148288154721,142.0,55.92647877645629,-4.127886630011083,186,6.461,457
55.900399769641524,-4.158148288154721,142.0,55.82282427264178,-4.371094162561755,187,21.309,1241
55.900399769641524,-4.158148288154721,142.0,55.90291353127043,-4.3414180899754955,188,20.299,1257
55.900399769641524,-4.158148288154721,142.0,55.78437024600116,-4.156926419796477,189,34.109,1474
55.900399769641524,-4.158148288154721,142.0,55.8321542449311,-4.1561720476648265,190,24.406,1090
55.900399769641524,-4.158148288154721,142.0,55.88310705812362,-4.084862107847263,191,21.495,863
55.900399769641524,-4.158148288154721,142.0,55.85616333886266,-4.110333739241922,192,13.435,766
55.900399769641524,-4.158148288154721,142.0,55.90185178498145,-4.152652007721208,193,0.801,491
55.900399769641524,-4.158148288154721,142.0,55.8837118458465,-4.182392741162416,194,7.705,1382
55.900399769641524,-4.158148288154721,142.0,55.83086049774818,-4.312434105301623,195,19.212,1146
55.900399769641524,-4.158148288154721,142.0,55.821849459706755,-4.176208567338996,196,26.29,1175
55.900399769641524,-4.158148288154721,142.0,55.88009750494633,-4.255964552703097,197,9.374,730
55.900399769641524,-4.158148288154721,142.0,55.87413911675089,-4.369807111055967,198,20.809,1068
55.900399769641524,-4.158148288154721,142.0,55.86354071984154,-4.093406384811447,199,12.434,770
55.81344850213779,-4.289268615727948,143.0,55.8391698042901,-4.214478482526657,0,8.004,822
55.81344850213779,-4.289268615727948,143.0,55.86553667472969,-4.350500876963486,1,11.564,841
55.81344850213779,-4.289268615727948,143.0,55.912892829643965,-4.286410947894997,2,15.55,2099
55.81344850213779,-4.289268615727948,143.0,55.84854019346565,-4.391697428307927,3,10.04,875
55.81344850213779,-4.289268615727948,143.0,55.79232875093524,-4.310455024670266,4,3.237,288
55.81344850213779,-4.289268615727948,143.0,55.837143362020576,-4.120043492886959,5,13.47,905
55.81344850213779,-4.289268615727948,143.0,55.84185129809378,-4.283879851305767,6,4.524,430
55.81344850213779,-4.289268615727948,143.0,55.90609664927746,-4.311383718964596,7,12.935,1107
55.81344850213779,-4.289268615727948,143.0,55.7832172019226,-4.31249791159531,8,4.089,300
55.81344850213779,-4.289268615727948,143.0,55.8177258987159,-4.260489243356555,9,2.517,312
55.81344850213779,-4.289268615727948,143.0,55.903262790870684,-4.212111703691823,10,16.721,1232
55.81344850213779,-4.289268615727948,143.0,55.893978813107424,-4.1413270988368325,11,18.461,1240
55.81344850213779,-4.289268615727948,143.0,55.894884622950286,-4.154349650804189,12,20.846,1138
55.81344850213779,-4.289268615727948,143.0,55.80680963785043,-4.263605759417426,13,2.595,325
55.81344850213779,-4.289268615727948,143.0,55.81824312166051,-4.346878846315483,14,5.389,523
55.81344850213779,-4.289268615727948,143.0,55.84742656229786,-4.269221405976544,15,4.807,464
55.81344850213779,-4.289268615727948,143.0,55.80730424868546,-4.315177272898423,16,2.908,280
55.81344850213779,-4.289268615727948,143.0,55.83798278877758,-4.260604018644594,17,3.838,469
55.81344850213779,-4.289268615727948,143.0,55.89424631095569,-4.343398240721316,18,13.525,970
55.81344850213779,-4.289268615727948,143.0,55.83908093533876,-4.223069302141199,19,7.361,876
55.81344850213779,-4.289268615727948,143.0,55.8357731433788,-4.270556349194068,20,2.961,290
55.81344850213779,-4.289268615727948,143.0,55.90309627527835,-4.360750370095284,21,15.558,1205
55.81344850213779,-4.289268615727948,143.0,55.85652103589449,-4.101365743428073,22,21.009,1182
55.81344850213779,-4.289268615727948,143.0,55.783736419963375,-4.235306054793451,23,7.98,631
55.81344850213779,-4.289268615727948,143.0,55.92064824587275,-4.2358362157531895,24,17.846,1213
55.81344850213779,-4.289268615727948,143.0,55.907674892744176,-4.2497703459088045,25,16.598,2258
55.81344850213779,-4.289268615727948,143.0,55.919604340921964,-4.226208116301384,26,17.77,1224
55.81344850213779,-4.289268615727948,143.0,55.83219148710444,-4.304581930326681,27,3.519,407
55.81344850213779,-4.289268615727948,143.0,55.79569701419853,-4.1769099124482585,28,9.762,914
55.81344850213779,-4.289268615727948,143.0,55.81260197667657,-4.197841211154324,29,7.264,781
55.81344850213779,-4.289268615727948,143.0,55.826092940761974,-4.176919409292903,30,8.981,972
55.81344850213779,-4.289268615727948,143.0,55.828413149208096,-4.109650878166438,31,16.931,1168
55.81344850213779,-4.289268615727948,143.0,55.8999241737755,-4.257993823533507,32,11.999,1086
55.81344850213779,-4.289268615727948,143.0,55.892514250678616,-4.340118142906542,33,13.554,982
55.81344850213779,-4.289268615727948,143.0,55.855241629670886,-4.269936069312288,34,7.634,678
55.81344850213779,-4.289268615727948,143.0,55.877364911629314,-4.109701193625618,35,21.41,1283
55.81344850213779,-4.289268615727948,143.0,55.887053111734645,-4.1280531391159245,36,21.712,1250
55.81344850213779,-4.289268615727948,143.0,55.89108676863447,-4.105446803942431,37,23.445,1556
55.81344850213779,-4.289268615727948,143.0,55.842635153466425,-4.334387903339716,38,6.185,607
55.81344850213779,-4.289268615727948,143.0,55.89197542936556,-4.19614108945253,39,17.719,1083
55.81344850213779,-4.289268615727948,143.0,55.825849135803445,-4.321179033230789,40,3.498,328
55.81344850213779,-4.289268615727948,143.0,55.81864602215581,-4.375055705699034,41,6.418,532
55.81344850213779,-4.289268615727948,143.0,55.92613065482397,-4.212698358862173,42,18.232,1277
55.81344850213779,-4.289268615727948,143.0,55.874439929608144,-4.279689658904073,43,8.194,736
55.81344850213779,-4.289268615727948,143.0,55.81998166828728,-4.245455535821837,44,3.453,414
55.81344850213779,-4.289268615727948,143.0,55.91066980601156,-4.213502644426629,45,17.184,1228
55.81344850213779,-4.289268615727948,143.0,55.8404807486866,-4.356656090229781,46,6.533,643
55.81344850213779,-4.289268615727948,143.0,55.88708229912325,-4.079055837843032,47,22.262,1248
55.81344850213779,-4.289268615727948,143.0,55.84510555179576,-4.178720975321847,48,11.792,993
55.81344850213779,-4.289268615727948,143.0,55.84413340760586,-4.085244529493477,49,18.959,1623
55.81344850213779,-4.289268615727948,143.0,55.83324217210475,-4.157183908594519,50,11.654,990
55.81344850213779,-4.289268615727948,143.0,55.895753278756494,-4.323131413571223,51,13.311,1081
55.81344850213779,-4.289268615727948,143.0,55.88609925330935,-4.38354364327563,52,12.597,910
55.81344850213779,-4.289268615727948,143.0,55.86596770908397,-4.338853955125049,53,9.38,790
55.81344850213779,-4.289268615727948,143.0,55.819381988004544,-4.256567679373081,54,2.583,315
55.81344850213779,-4.289268615727948,143.0,55.919398785577634,-4.298102785445152,55,15.826,1779
55.81344850213779,-4.289268615727948,143.0,55.81052481551728,-4.0780884232687225,56,19.73,2315
55.81344850213779,-4.289268615727948,143.0,55.8411814367945,-4.125490362928665,57,15.012,1063
55.81344850213779,-4.289268615727948,143.0,55.844855881791794,-4.151320272286683,58,12.644,1044
55.81344850213779,-4.289268615727948,143.0,55.79334532620707,-4.3052187624925375,59,2.832,255
55.81344850213779,-4.289268615727948,143.0,55.78499644933002,-4.082518262203789,60,19.97,1176
55.81344850213779,-4.289268615727948,143.0,55.86482365717543,-4.074666870071637,61,19.955,1422
55.81344850213779,-4.289268615727948,143.0,55.910543969585106,-4.384534109666136,62,17.385,1270
55.81344850213779,-4.289268615727948,143.0,55.799715679086134,-4.188568421733812,63,11.202,1041
55.81344850213779,-4.289268615727948,143.0,55.90005630083831,-4.294022887833187,64,12.007,1061
55.81344850213779,-4.289268615727948,143.0,55.82573931186619,-4.210157383495828,65,6.481,710
55.81344850213779,-4.289268615727948,143.0,55.88010014610652,-4.288014027401103,66,10.728,1029
55.81344850213779,-4.289268615727948,143.0,55.8836463272421,-4.377148406451105,67,12.367,987
55.81344850213779,-4.289268615727948,143.0,55.80511293548626,-4.195982430231648,68,7.989,814
55.81344850213779,-4.289268615727948,143.0,55.9265186267864,-4.256321117900257,69,15.364,1193
55.81344850213779,-4.289268615727948,143.0,55.90353118048908,-4.119171950823842,70,22.608,1491
55.81344850213779,-4.289268615727948,143.0,55.81502357146685,-4.260984914919316,71,2.228,289
55.81344850213779,-4.289268615727948,143.0,55.894355058439295,-4.293143876300353,72,11.297,1008
55.81344850213779,-4.289268615727948,143.0,55.80246488546192,-4.242274834364847,73,5.251,589
55.81344850213779,-4.289268615727948,143.0,55.887581813102464,-4.2985753032369685,74,10.909,1005
55.81344850213779,-4.289268615727948,143.0,55.928290955083554,-4.295962301582311,75,16.248,1194
55.81344850213779,-4.289268615727948,143.0,55.81096058143004,-4.368797105646974,76,6.521,592
55.81344850213779,-4.289268615727948,143.0,55.84818750128869,-4.3631808239548375,77,9.279,777
55.81344850213779,-4.289268615727948,143.0,55.81610352786554,-4.330910795148831,78,3.619,280
55.81344850213779,-4.289268615727948,143.0,55.807034270653475,-4.136077366584948,79,14.51,1095
55.81344850213779,-4.289268615727948,143.0,55.86778114631985,-4.233612892312959,80,12.295,894
55.81344850213779,-4.289268615727948,143.0,55.79578956690847,-4.368290459919509,81,10.987,1760
55.81344850213779,-4.289268615727948,143.0,55.897877306124535,-4.077031107370425,82,24.621,1994
55.81344850213779,-4.289268615727948,143.0,55.80721289582252,-4.242612882195534,83,4.474,541
55.81344850213779,-4.289268615727948,143.0,55.92209393969709,-4.157940141970138,84,22.379,1289
55.81344850213779,-4.289268615727948,143.0,55.79188265083702,-4.28147512844989,85,3.694,304
55.81344850213779,-4.289268615727948,143.0,55.88043814367632,-4.104360473798184,86,21.222,1243
55.81344850213779,-4.289268615727948,143.0,55.90345994988174,-4.293652184560058,87,12.476,1106
55.81344850213779,-4.289268615727948,143.0,55.91230525016259,-4.108196424937476,88,23.876,1436
55.81344850213779,-4.289268615727948,143.0,55.90569137930351,-4.3852429216612405,89,17.42,1293
55.81344850213779,-4.289268615727948,143.0,55.824402119970216,-4.298242138123909,90,1.886,248
55.81344850213779,-4.289268615727948,143.0,55.887104625653905,-4.201059285828647,91,15.431,1232
55.81344850213779,-4.289268615727948,143.0,55.92006797200308,-4.195257422106852,92,19.078,1255
55.81344850213779,-4.289268615727948,143.0,55.7944551107823,-4.1683749063061635,93,9.892,1349
55.81344850213779,-4.289268615727948,143.0,55.88003873447475,-4.304350182381346,94,10.464,952
55.81344850213779,-4.289268615727948,143.0,55.88308048053683,-4.2942103285768285,95,10.064,926
55.81344850213779,-4.289268615727948,143.0,55.80779271908626,-4.3234306371549245,96,3.508,348
55.81344850213779,-4.289268615727948,143.0,55.90123467399992,-4.380968632189907,97,17.75,1415
55.81344850213779,-4.289268615727948,143.0,55.88049231589054,-4.293733205570284,98,9.966,917
55.81344850213779,-4.289268615727948,143.0,55.84697147961761,-4.334108806216461,99,6.496,684
55.81344850213779,-4.289268615727948,143.0,55.83067141211495,-4.195633651932574,100,8.937,857
55.81344850213779,-4.289268615727948,143.0,55.89350845984679,-4.099445363541155,101,23.699,1426
55.81344850213779,-4.289268615727948,143.0,55.92592408664018,-4.179171340754611,102,23.72,1373
55.81344850213779,-4.289268615727948,143.0,55.84941827409408,-4.169566750359822,103,12.497,1059
55.81344850213779,-4.289268615727948,143.0,55.92413375575165,-4.226670311636797,104,19.447,2019
55.81344850213779,-4.289268615727948,143.0,55.88995713457192,-4.285031242761631,105,10.237,911
55.81344850213779,-4.289268615727948,143.0,55.90528066541109,-4.131569818675147,106,20.058,1136
55.81344850213779,-4.289268615727948,143.0,55.87850608392288,-4.103517886631066,107,21.553,1276
55.81344850213779,-4.289268615727948,143.0,55.80799405798939,-4.284953473560454,108,1.218,191
55.81344850213779,-4.289268615727948,143.0,55.906815669822045,-4.385279074380807,109,16.731,1208
55.81344850213779,-4.289268615727948,143.0,55.916237634416454,-4.222407816066865,110,17.685,1213
55.81344850213779,-4.289268615727948,143.0,55.915798955837815,-4.088621086891774,111,26.78,1501
55.81344850213779,-4.289268615727948,143.0,55.827538479175395,-4.350653065976025,112,4.758,454
55.81344850213779,-4.289268615727948,143.0,55.799515288981674,-4.0866627646338864,113,20.737,1320
55.81344850213779,-4.289268615727948,143.0,55.831024245961984,-4.244756518165482,114,4.78,536
55.81344850213779,-4.289268615727948,143.0,55.86754360554833,-4.2143078261423845,115,13.635,1010
55.81344850213779,-4.289268615727948,143.0,55.8574985965699,-4.1521224561179935,116,13.8,1170
55.81344850213779,-4.289268615727948,143.0,55.88095643501817,-4.32811659177277,117,11.367,797
55.81344850213779,-4.289268615727948,143.0,55.85240433608213,-4.177570445500026,118,12.661,1110
55.81344850213779,-4.289268615727948,143.0,55.91169549549074,-4.359708873069638,119,17.543,1396
55.81344850213779,-4.289268615727948,143.0,55.92640787519779,-4.300990956079843,120,16.696,1243
55.81344850213779,-4.289268615727948,143.0,55.84019197366069,-4.205566157974415,121,8.49,937
55.81344850213779,-4.289268615727948,143.0,55.866619942939494,-4.268153778778456,122,7.987,817
55.81344850213779,-4.289268615727948,143.0,55.81327411986783,-4.2587495402872255,123,2.907,360
55.81344850213779,-4.289268615727948,143.0,55.86022660117776,-4.154711133590585,124,18.136,1153
55.81344850213779,-4.289268615727948,143.0,55.831522729053496,-4.370420634377527,125,6.812,624
55.81344850213779,-4.289268615727948,143.0,55.84074346341779,-4.172411658039648,126,10.865,913
55.81344850213779,-4.289268615727948,143.0,55.8801412435821,-4.258666277618953,127,9.836,902
55.81344850213779,-4.289268615727948,143.0,55.8434159429892,-4.1056733307349536,128,15.268,1092
55.81344850213779,-4.289268615727948,143.0,55.83522057783537,-4.25736952395694,129,3.89,456
55.81344850213779,-4.289268615727948,143.0,55.86467774065618,-4.2250953414252415,130,12.419,847
55.81344850213779,-4.289268615727948,143.0,55.8953662249987,-4.231143624453162,131,14.872,1024
55.81344850213779,-4.289268615727948,143.0,55.81920459649808,-4.236238450921302,132,4.037,464
55.81344850213779,-4.289268615727948,143.0,55.900795402502105,-4.206009410292495,133,17.039,1219
55.81344850213779,-4.289268615727948,143.0,55.86078490474355,-4.339631469507248,134,9.915,885
55.81344850213779,-4.289268615727948,143.0,55.924999437053955,-4.191173279124663,135,19.329,1264
55.81344850213779,-4.289268615727948,143.0,55.81549096669224,-4.126910343137958,136,15.567,1184
55.81344850213779,-4.289268615727948,143.0,55.90135585493081,-4.207622057499793,137,17.038,1197
55.81344850213779,-4.289268615727948,143.0,55.845816555475636,-4.129576488296543,138,14.017,1134
55.81344850213779,-4.289268615727948,143.0,55.80470047644827,-4.291960781118721,139,1.286,177
55.81344850213779,-4.289268615727948,143.0,55.89185394491289,-4.179857587296262,140,16.623,1007
55.81344850213779,-4.289268615727948,143.0,55.91859399996558,-4.3401659608951215,141,16.409,1247
55.81344850213779,-4.289268615727948,143.0,55.90671476836246,-4.3642865107142725,142,16.31,1261
55.81344850213779,-4.289268615727948,143.0,55.81273399651921,-4.167613047894911,143,9.493,921
55.81344850213779,-4.289268615727948,143.0,55.80939871413575,-4.276056954355674,144,1.139,151
55.81344850213779,-4.289268615727948,143.0,55.88312869327199,-4.214542892826467,145,14.443,1051
55.81344850213779,-4.289268615727948,143.0,55.815340374954424,-4.283514492524949,146,0.537,92
55.81344850213779,-4.289268615727948,143.0,55.87864379034378,-4.080636908866371,147,23.242,1283
55.81344850213779,-4.289268615727948,143.0,55.89423440492952,-4.2418874418647645,148,15.435,1108
55.81344850213779,-4.289268615727948,143.0,55.92796852989922,-4.305970400193036,149,16.824,1266
55.81344850213779,-4.289268615727948,143.0,55.92895153496988,-4.082888064137351,150,27.33,1417
55.81344850213779,-4.289268615727948,143.0,55.790766759429424,-4.135285962371055,151,12.317,990
55.81344850213779,-4.289268615727948,143.0,55.80808041573422,-4.184105792933229,152,8.29,823
55.81344850213779,-4.289268615727948,143.0,55.7982747224006,-4.3931924101572655,153,8.159,700
55.81344850213779,-4.289268615727948,143.0,55.81178474630603,-4.337962602706185,154,4.034,325
55.81344850213779,-4.289268615727948,143.0,55.852972007756,-4.353957895039277,155,7.864,834
55.81344850213779,-4.289268615727948,143.0,55.797152036890715,-4.311451416173846,156,3.122,281
55.81344850213779,-4.289268615727948,143.0,55.84839482833289,-4.1889265673730645,157,12.443,1028
55.81344850213779,-4.289268615727948,143.0,55.86383954752864,-4.387927326091926,158,14.706,916
55.81344850213779,-4.289268615727948,143.0,55.807182357875575,-4.140487806234959,159,11.593,1050
55.81344850213779,-4.289268615727948,143.0,55.8296607577131,-4.218765551358871,160,6.415,712
55.81344850213779,-4.289268615727948,143.0,55.82699494590622,-4.295404959002084,161,1.953,237
55.81344850213779,-4.289268615727948,143.0,55.861248665443505,-4.307186036515638,162,6.759,709
55.81344850213779,-4.289268615727948,143.0,55.897857165570365,-4.156645648865112,163,18.099,1044
55.81344850213779,-4.289268615727948,143.0,55.877747555317356,-4.342792329217214,164,11.965,903
55.81344850213779,-4.289268615727948,143.0,55.92259641850896,-4.389236283866068,165,28.068,1479
55.81344850213779,-4.289268615727948,143.0,55.92621339590465,-4.2820478996479165,166,15.148,1142
55.81344850213779,-4.289268615727948,143.0,55.80660612206145,-4.094012410496262,167,19.315,1380
55.81344850213779,-4.289268615727948,143.0,55.84605439624201,-4.09192094471571,168,22.436,1159
55.81344850213779,-4.289268615727948,143.0,55.83961965364386,-4.1201104741133365,169,14.619,990
55.81344850213779,-4.289268615727948,143.0,55.85030951683019,-4.217608837338132,170,7.91,910
55.81344850213779,-4.289268615727948,143.0,55.85971342373431,-4.246748195156407,171,7.294,831
55.81344850213779,-4.289268615727948,143.0,55.815747728441636,-4.150792968910081,172,10.762,1095
55.81344850213779,-4.289268615727948,143.0,55.80041195127493,-4.3806303679601495,173,7.575,652
55.81344850213779,-4.289268615727948,143.0,55.85487415463933,-4.092829020720908,174,18.926,1183
55.81344850213779,-4.289268615727948,143.0,55.80456076444065,-4.203157873727267,175,8.008,816
55.81344850213779,-4.289268615727948,143.0,55.84723005082115,-4.330151260440624,176,6.384,653
55.81344850213779,-4.289268615727948,143.0,55.88775631668876,-4.123428423568879,177,21.847,1256
55.81344850213779,-4.289268615727948,143.0,55.82857385936083,-4.129579652409029,178,13.284,1283
55.81344850213779,-4.289268615727948,143.0,55.879865395443076,-4.36272007519476,179,12.873,929
55.81344850213779,-4.289268615727948,143.0,55.87973669437185,-4.215636550296907,180,13.73,1062
55.81344850213779,-4.289268615727948,143.0,55.8162521393249,-4.1868605517933455,181,7.761,812
55.81344850213779,-4.289268615727948,143.0,55.80755514535402,-4.201625161718038,182,7.243,764
55.81344850213779,-4.289268615727948,143.0,55.85565398843102,-4.250533808562208,183,5.82,685
55.81344850213779,-4.289268615727948,143.0,55.929636326069506,-4.381100658166308,184,19.47,1412
55.81344850213779,-4.289268615727948,143.0,55.879581066995904,-4.21986165885879,185,13.371,1043
55.81344850213779,-4.289268615727948,143.0,55.92647877645629,-4.127886630011083,186,23.461,1375
55.81344850213779,-4.289268615727948,143.0,55.82282427264178,-4.371094162561755,187,5.948,547
55.81344850213779,-4.289268615727948,143.0,55.90291353127043,-4.3414180899754955,188,14.356,1139
55.81344850213779,-4.289268615727948,143.0,55.78437024600116,-4.156926419796477,189,11.661,1004
55.81344850213779,-4.289268615727948,143.0,55.8321542449311,-4.1561720476648265,190,11.694,1004
55.81344850213779,-4.289268615727948,143.0,55.88310705812362,-4.084862107847263,191,20.403,1165
55.81344850213779,-4.289268615727948,143.0,55.85616333886266,-4.110333739241922,192,21.047,1204
55.81344850213779,-4.289268615727948,143.0,55.90185178498145,-4.152652007721208,193,22.008,1668
55.81344850213779,-4.289268615727948,143.0,55.8837118458465,-4.182392741162416,194,18.287,2016
55.81344850213779,-4.289268615727948,143.0,55.83086049774818,-4.312434105301623,195,3.103,309
55.81344850213779,-4.289268615727948,143.0,55.821849459706755,-4.176208567338996,196,9.392,969
55.81344850213779,-4.289268615727948,143.0,55.88009750494633,-4.255964552703097,197,9.522,881
55.81344850213779,-4.289268615727948,143.0,55.87413911675089,-4.369807111055967,198,10.708,806
55.81344850213779,-4.289268615727948,143.0,55.86354071984154,-4.093406384811447,199,20.506,1287
55.91957119327968,-4.2549376388581965,144.0,55.8391698042901,-4.214478482526657,0,12.836,1012
55.91957119327968,-4.2549376388581965,144.0,55.86553667472969,-4.350500876963486,1,13.805,1011
55.91957119327968,-4.2549376388581965,144.0,55.912892829643965,-4.286410947894997,2,2.918,1065
55.91957119327968,-4.2549376388581965,144.0,55.84854019346565,-4.391697428307927,3,17.503,1246
55.91957119327968,-4.2549376388581965,144.0,55.79232875093524,-4.310455024670266,4,19.994,1224
55.91957119327968,-4.2549376388581965,144.0,55.837143362020576,-4.120043492886959,5,20.579,1105
55.91957119327968,-4.2549376388581965,144.0,55.84185129809378,-4.283879851305767,6,14.674,975
55.91957119327968,-4.2549376388581965,144.0,55.90609664927746,-4.311383718964596,7,6.85,410
55.91957119327968,-4.2549376388581965,144.0,55.7832172019226,-4.31249791159531,8,21.582,1282
55.91957119327968,-4.2549376388581965,144.0,55.8177258987159,-4.260489243356555,9,15.551,1155
55.91957119327968,-4.2549376388581965,144.0,55.903262790870684,-4.212111703691823,10,4.829,428
55.91957119327968,-4.2549376388581965,144.0,55.893978813107424,-4.1413270988368325,11,12.409,755
55.91957119327968,-4.2549376388581965,144.0,55.894884622950286,-4.154349650804189,12,12.001,624
55.91957119327968,-4.2549376388581965,144.0,55.80680963785043,-4.263605759417426,13,17.316,1379
55.91957119327968,-4.2549376388581965,144.0,55.81824312166051,-4.346878846315483,14,17.157,1138
55.91957119327968,-4.2549376388581965,144.0,55.84742656229786,-4.269221405976544,15,11.15,862
55.91957119327968,-4.2549376388581965,144.0,55.80730424868546,-4.315177272898423,16,16.863,1123
55.91957119327968,-4.2549376388581965,144.0,55.83798278877758,-4.260604018644594,17,12.121,965
55.91957119327968,-4.2549376388581965,144.0,55.89424631095569,-4.343398240721316,18,9.975,674
55.91957119327968,-4.2549376388581965,144.0,55.83908093533876,-4.223069302141199,19,12.372,1033
55.91957119327968,-4.2549376388581965,144.0,55.8357731433788,-4.270556349194068,20,11.954,873
55.91957119327968,-4.2549376388581965,144.0,55.90309627527835,-4.360750370095284,21,9.513,682
55.91957119327968,-4.2549376388581965,144.0,55.85652103589449,-4.101365743428073,22,17.556,918
55.91957119327968,-4.2549376388581965,144.0,55.783736419963375,-4.235306054793451,23,19.611,1446
55.91957119327968,-4.2549376388581965,144.0,55.92064824587275,-4.2358362157531895,24,1.54,66
55.91957119327968,-4.2549376388581965,144.0,55.907674892744176,-4.2497703459088045,25,5.156,1509
55.91957119327968,-4.2549376388581965,144.0,55.919604340921964,-4.226208116301384,26,3.968,269
55.91957119327968,-4.2549376388581965,144.0,55.83219148710444,-4.304581930326681,27,16.035,1165
55.91957119327968,-4.2549376388581965,144.0,55.79569701419853,-4.1769099124482585,28,21.295,1378
55.91957119327968,-4.2549376388581965,144.0,55.81260197667657,-4.197841211154324,29,18.706,1245
55.91957119327968,-4.2549376388581965,144.0,55.826092940761974,-4.176919409292903,30,17.236,1178
55.91957119327968,-4.2549376388581965,144.0,55.828413149208096,-4.109650878166438,31,24.502,1264
55.91957119327968,-4.2549376388581965,144.0,55.8999241737755,-4.257993823533507,32,4.611,275
55.91957119327968,-4.2549376388581965,144.0,55.892514250678616,-4.340118142906542,33,10.004,679
55.91957119327968,-4.2549376388581965,144.0,55.855241629670886,-4.269936069312288,34,8.994,602
55.91957119327968,-4.2549376388581965,144.0,55.877364911629314,-4.109701193625618,35,17.957,1019
55.91957119327968,-4.2549376388581965,144.0,55.887053111734645,-4.1280531391159245,36,12.867,735
55.91957119327968,-4.2549376388581965,144.0,55.89108676863447,-4.105446803942431,37,14.6,1041
55.91957119327968,-4.2549376388581965,144.0,55.842635153466425,-4.334387903339716,38,13.94,952
55.91957119327968,-4.2549376388581965,144.0,55.89197542936556,-4.19614108945253,39,7.087,531
55.91957119327968,-4.2549376388581965,144.0,55.825849135803445,-4.321179033230789,40,14.213,1065
55.91957119327968,-4.2549376388581965,144.0,55.81864602215581,-4.375055705699034,41,18.186,1147
55.91957119327968,-4.2549376388581965,144.0,55.92613065482397,-4.212698358862173,42,4.596,339
55.91957119327968,-4.2549376388581965,144.0,55.874439929608144,-4.279689658904073,43,8.549,676
55.91957119327968,-4.2549376388581965,144.0,55.81998166828728,-4.245455535821837,44,15.031,1060
55.91957119327968,-4.2549376388581965,144.0,55.91066980601156,-4.213502644426629,45,3.668,297
55.91957119327968,-4.2549376388581965,144.0,55.8404807486866,-4.356656090229781,46,17.592,1220
55.91957119327968,-4.2549376388581965,144.0,55.88708229912325,-4.079055837843032,47,21.196,975
55.91957119327968,-4.2549376388581965,144.0,55.84510555179576,-4.178720975321847,48,13.833,1076
55.91957119327968,-4.2549376388581965,144.0,55.84413340760586,-4.085244529493477,49,22.055,1452
55.91957119327968,-4.2549376388581965,144.0,55.83324217210475,-4.157183908594519,50,25.047,1216
55.91957119327968,-4.2549376388581965,144.0,55.895753278756494,-4.323131413571223,51,9.139,620
55.91957119327968,-4.2549376388581965,144.0,55.88609925330935,-4.38354364327563,52,19.105,1093
55.91957119327968,-4.2549376388581965,144.0,55.86596770908397,-4.338853955125049,53,12.936,935
55.91957119327968,-4.2549376388581965,144.0,55.819381988004544,-4.256567679373081,54,14.481,1211
55.91957119327968,-4.2549376388581965,144.0,55.919398785577634,-4.298102785445152,55,3.194,745
55.91957119327968,-4.2549376388581965,144.0,55.81052481551728,-4.0780884232687225,56,27.301,2411
55.91957119327968,-4.2549376388581965,144.0,55.8411814367945,-4.125490362928665,57,22.583,1159
55.91957119327968,-4.2549376388581965,144.0,55.844855881791794,-4.151320272286683,58,17.685,1177
55.91957119327968,-4.2549376388581965,144.0,55.79334532620707,-4.3052187624925375,59,20.325,1231
55.91957119327968,-4.2549376388581965,144.0,55.78499644933002,-4.082518262203789,60,29.191,1338
55.91957119327968,-4.2549376388581965,144.0,55.86482365717543,-4.074666870071637,61,19.822,1136
55.91957119327968,-4.2549376388581965,144.0,55.910543969585106,-4.384534109666136,62,11.945,817
55.91957119327968,-4.2549376388581965,144.0,55.799715679086134,-4.188568421733812,63,21.277,1536
55.91957119327968,-4.2549376388581965,144.0,55.90005630083831,-4.294022887833187,64,4.766,336
55.91957119327968,-4.2549376388581965,144.0,55.82573931186619,-4.210157383495828,65,16.763,1060
55.91957119327968,-4.2549376388581965,144.0,55.88010014610652,-4.288014027401103,66,7.087,580
55.91957119327968,-4.2549376388581965,144.0,55.8836463272421,-4.377148406451105,67,18.875,1170
55.91957119327968,-4.2549376388581965,144.0,55.80511293548626,-4.195982430231648,68,19.686,1319
55.91957119327968,-4.2549376388581965,144.0,55.9265186267864,-4.256321117900257,69,0.686,64
55.91957119327968,-4.2549376388581965,144.0,55.90353118048908,-4.119171950823842,70,13.268,957
55.91957119327968,-4.2549376388581965,144.0,55.81502357146685,-4.260984914919316,71,15.908,1189
55.91957119327968,-4.2549376388581965,144.0,55.894355058439295,-4.293143876300353,72,5.814,420
55.91957119327968,-4.2549376388581965,144.0,55.80246488546192,-4.242274834364847,73,17.172,1286
55.91957119327968,-4.2549376388581965,144.0,55.887581813102464,-4.2985753032369685,74,6.424,490
55.91957119327968,-4.2549376388581965,144.0,55.928290955083554,-4.295962301582311,75,3.616,159
55.91957119327968,-4.2549376388581965,144.0,55.81096058143004,-4.368797105646974,76,19.843,1229
55.91957119327968,-4.2549376388581965,144.0,55.84818750128869,-4.3631808239548375,77,18.578,1072
55.91957119327968,-4.2549376388581965,144.0,55.81610352786554,-4.330910795148831,78,16.182,978
55.91957119327968,-4.2549376388581965,144.0,55.807034270653475,-4.136077366584948,79,20.47,1428
55.91957119327968,-4.2549376388581965,144.0,55.86778114631985,-4.233612892312959,80,8.445,653
55.91957119327968,-4.2549376388581965,144.0,55.79578956690847,-4.368290459919509,81,24.927,2424
55.91957119327968,-4.2549376388581965,144.0,55.897877306124535,-4.077031107370425,82,16.391,1508
55.91957119327968,-4.2549376388581965,144.0,55.80721289582252,-4.242612882195534,83,16.395,1237
55.91957119327968,-4.2549376388581965,144.0,55.92209393969709,-4.157940141970138,84,10.054,574
55.91957119327968,-4.2549376388581965,144.0,55.79188265083702,-4.28147512844989,85,21.187,1286
55.91957119327968,-4.2549376388581965,144.0,55.88043814367632,-4.104360473798184,86,17.769,979
55.91957119327968,-4.2549376388581965,144.0,55.90345994988174,-4.293652184560058,87,3.981,257
55.91957119327968,-4.2549376388581965,144.0,55.91230525016259,-4.108196424937476,88,14.292,866
55.91957119327968,-4.2549376388581965,144.0,55.90569137930351,-4.3852429216612405,89,12.881,893
55.91957119327968,-4.2549376388581965,144.0,55.824402119970216,-4.298242138123909,90,14.649,986
55.91957119327968,-4.2549376388581965,144.0,55.887104625653905,-4.201059285828647,91,7.288,630
55.91957119327968,-4.2549376388581965,144.0,55.92006797200308,-4.195257422106852,92,5.442,317
55.91957119327968,-4.2549376388581965,144.0,55.7944551107823,-4.1683749063061635,93,21.425,1812
55.91957119327968,-4.2549376388581965,144.0,55.88003873447475,-4.304350182381346,94,8.72,691
55.91957119327968,-4.2549376388581965,144.0,55.88308048053683,-4.2942103285768285,95,7.105,595
55.91957119327968,-4.2549376388581965,144.0,55.80779271908626,-4.3234306371549245,96,17.453,1111
55.91957119327968,-4.2549376388581965,144.0,55.90123467399992,-4.380968632189907,97,15.659,1161
55.91957119327968,-4.2549376388581965,144.0,55.88049231589054,-4.293733205570284,98,8.222,656
55.91957119327968,-4.2549376388581965,144.0,55.84697147961761,-4.334108806216461,99,14.054,985
55.91957119327968,-4.2549376388581965,144.0,55.83067141211495,-4.195633651932574,100,16.046,1057
55.91957119327968,-4.2549376388581965,144.0,55.89350845984679,-4.099445363541155,101,14.415,873
55.91957119327968,-4.2549376388581965,144.0,55.92592408664018,-4.179171340754611,102,7.613,461
55.91957119327968,-4.2549376388581965,144.0,55.84941827409408,-4.169566750359822,103,13.619,1061
55.91957119327968,-4.2549376388581965,144.0,55.92413375575165,-4.226670311636797,104,5.811,1082
55.91957119327968,-4.2549376388581965,144.0,55.88995713457192,-4.285031242761631,105,6.08,403
55.91957119327968,-4.2549376388581965,144.0,55.90528066541109,-4.131569818675147,106,10.63,594
55.91957119327968,-4.2549376388581965,144.0,55.87850608392288,-4.103517886631066,107,18.1,1012
55.91957119327968,-4.2549376388581965,144.0,55.80799405798939,-4.284953473560454,108,15.952,1241
55.91957119327968,-4.2549376388581965,144.0,55.906815669822045,-4.385279074380807,109,12.662,847
55.91957119327968,-4.2549376388581965,144.0,55.916237634416454,-4.222407816066865,110,3.72,251
55.91957119327968,-4.2549376388581965,144.0,55.915798955837815,-4.088621086891774,111,15.01,901
55.91957119327968,-4.2549376388581965,144.0,55.827538479175395,-4.350653065976025,112,16.526,1069
55.91957119327968,-4.2549376388581965,144.0,55.799515288981674,-4.0866627646338864,113,29.561,1450
55.91957119327968,-4.2549376388581965,144.0,55.831024245961984,-4.244756518165482,114,13.512,961
55.91957119327968,-4.2549376388581965,144.0,55.86754360554833,-4.2143078261423845,115,10.182,746
55.91957119327968,-4.2549376388581965,144.0,55.8574985965699,-4.1521224561179935,116,15.466,962
55.91957119327968,-4.2549376388581965,144.0,55.88095643501817,-4.32811659177277,117,10.219,718
55.91957119327968,-4.2549376388581965,144.0,55.85240433608213,-4.177570445500026,118,12.904,933
55.91957119327968,-4.2549376388581965,144.0,55.91169549549074,-4.359708873069638,119,9.457,673
55.91957119327968,-4.2549376388581965,144.0,55.92640787519779,-4.300990956079843,120,4.064,208
55.91957119327968,-4.2549376388581965,144.0,55.84019197366069,-4.205566157974415,121,13.322,1110
55.91957119327968,-4.2549376388581965,144.0,55.866619942939494,-4.268153778778456,122,8.183,740
55.91957119327968,-4.2549376388581965,144.0,55.81327411986783,-4.2587495402872255,123,15.887,1199
55.91957119327968,-4.2549376388581965,144.0,55.86022660117776,-4.154711133590585,124,14.683,889
55.91957119327968,-4.2549376388581965,144.0,55.831522729053496,-4.370420634377527,125,18.58,1240
55.91957119327968,-4.2549376388581965,144.0,55.84074346341779,-4.172411658039648,126,14.903,1123
55.91957119327968,-4.2549376388581965,144.0,55.8801412435821,-4.258666277618953,127,5.716,368
55.91957119327968,-4.2549376388581965,144.0,55.8434159429892,-4.1056733307349536,128,22.839,1188
55.91957119327968,-4.2549376388581965,144.0,55.83522057783537,-4.25736952395694,129,12.095,967
55.91957119327968,-4.2549376388581965,144.0,55.86467774065618,-4.2250953414252415,130,8.966,583
55.91957119327968,-4.2549376388581965,144.0,55.8953662249987,-4.231143624453162,131,5.082,383
55.91957119327968,-4.2549376388581965,144.0,55.81920459649808,-4.236238450921302,132,15.615,1111
55.91957119327968,-4.2549376388581965,144.0,55.900795402502105,-4.206009410292495,133,5.642,507
55.91957119327968,-4.2549376388581965,144.0,55.86078490474355,-4.339631469507248,134,13.471,1030
55.91957119327968,-4.2549376388581965,144.0,55.924999437053955,-4.191173279124663,135,5.693,327
55.91957119327968,-4.2549376388581965,144.0,55.81549096669224,-4.126910343137958,136,27.901,1475
55.91957119327968,-4.2549376388581965,144.0,55.90135585493081,-4.207622057499793,137,5.531,470
55.91957119327968,-4.2549376388581965,144.0,55.845816555475636,-4.129576488296543,138,18.656,1131
55.91957119327968,-4.2549376388581965,144.0,55.80470047644827,-4.291960781118721,139,15.979,1219
55.91957119327968,-4.2549376388581965,144.0,55.89185394491289,-4.179857587296262,140,8.602,594
55.91957119327968,-4.2549376388581965,144.0,55.91859399996558,-4.3401659608951215,141,6.825,419
55.91957119327968,-4.2549376388581965,144.0,55.90671476836246,-4.3642865107142725,142,9.544,645
55.91957119327968,-4.2549376388581965,144.0,55.81273399651921,-4.167613047894911,143,18.519,1239
55.91957119327968,-4.2549376388581965,144.0,55.80939871413575,-4.276056954355674,144,15.86,1205
55.91957119327968,-4.2549376388581965,144.0,55.88312869327199,-4.214542892826467,145,8.111,668
55.91957119327968,-4.2549376388581965,144.0,55.815340374954424,-4.283514492524949,146,14.854,1090
55.91957119327968,-4.2549376388581965,144.0,55.87864379034378,-4.080636908866371,147,22.109,998
55.91957119327968,-4.2549376388581965,144.0,55.89423440492952,-4.2418874418647645,148,5.252,388
55.91957119327968,-4.2549376388581965,144.0,55.92796852989922,-4.305970400193036,149,4.192,231
55.91957119327968,-4.2549376388581965,144.0,55.92895153496988,-4.082888064137351,150,14.174,843
55.91957119327968,-4.2549376388581965,144.0,55.790766759429424,-4.135285962371055,151,23.85,1453
55.91957119327968,-4.2549376388581965,144.0,55.80808041573422,-4.184105792933229,152,19.48,1251
55.91957119327968,-4.2549376388581965,144.0,55.7982747224006,-4.3931924101572655,153,20.651,1324
55.91957119327968,-4.2549376388581965,144.0,55.81178474630603,-4.337962602706185,154,17.249,1084
55.91957119327968,-4.2549376388581965,144.0,55.852972007756,-4.353957895039277,155,15.622,1071
55.91957119327968,-4.2549376388581965,144.0,55.797152036890715,-4.311451416173846,156,19.221,1158
55.91957119327968,-4.2549376388581965,144.0,55.84839482833289,-4.1889265673730645,157,12.648,950
55.91957119327968,-4.2549376388581965,144.0,55.86383954752864,-4.387927326091926,158,21.214,1099
55.91957119327968,-4.2549376388581965,144.0,55.807182357875575,-4.140487806234959,159,20.147,1404
55.91957119327968,-4.2549376388581965,144.0,55.8296607577131,-4.218765551358871,160,14.932,1117
55.91957119327968,-4.2549376388581965,144.0,55.82699494590622,-4.295404959002084,161,14.685,962
55.91957119327968,-4.2549376388581965,144.0,55.861248665443505,-4.307186036515638,162,13.612,1001
55.91957119327968,-4.2549376388581965,144.0,55.897857165570365,-4.156645648865112,163,10.139,646
55.91957119327968,-4.2549376388581965,144.0,55.877747555317356,-4.342792329217214,164,11.776,926
55.91957119327968,-4.2549376388581965,144.0,55.92259641850896,-4.389236283866068,165,10.824,623
55.91957119327968,-4.2549376388581965,144.0,55.92621339590465,-4.2820478996479165,166,2.516,108
55.91957119327968,-4.2549376388581965,144.0,55.80660612206145,-4.094012410496262,167,26.886,1476
55.91957119327968,-4.2549376388581965,144.0,55.84605439624201,-4.09192094471571,168,18.983,895
55.91957119327968,-4.2549376388581965,144.0,55.83961965364386,-4.1201104741133365,169,22.19,1086
55.91957119327968,-4.2549376388581965,144.0,55.85030951683019,-4.217608837338132,170,11.398,867
55.91957119327968,-4.2549376388581965,144.0,55.85971342373431,-4.246748195156407,171,9.335,681
55.91957119327968,-4.2549376388581965,144.0,55.815747728441636,-4.150792968910081,172,19.017,1300
55.91957119327968,-4.2549376388581965,144.0,55.80041195127493,-4.3806303679601495,173,20.067,1276
55.91957119327968,-4.2549376388581965,144.0,55.85487415463933,-4.092829020720908,174,18.793,896
55.91957119327968,-4.2549376388581965,144.0,55.80456076444065,-4.203157873727267,175,19.705,1321
55.91957119327968,-4.2549376388581965,144.0,55.84723005082115,-4.330151260440624,176,13.575,929
55.91957119327968,-4.2549376388581965,144.0,55.88775631668876,-4.123428423568879,177,13.002,741
55.91957119327968,-4.2549376388581965,144.0,55.82857385936083,-4.129579652409029,178,27.508,1454
55.91957119327968,-4.2549376388581965,144.0,55.879865395443076,-4.36272007519476,179,12.323,964
55.91957119327968,-4.2549376388581965,144.0,55.87973669437185,-4.215636550296907,180,8.377,700
55.91957119327968,-4.2549376388581965,144.0,55.8162521393249,-4.1868605517933455,181,17.899,1210
55.91957119327968,-4.2549376388581965,144.0,55.80755514535402,-4.201625161718038,182,19.458,1288
55.91957119327968,-4.2549376388581965,144.0,55.85565398843102,-4.250533808562208,183,10.149,836
55.91957119327968,-4.2549376388581965,144.0,55.929636326069506,-4.381100658166308,184,9.886,582
55.91957119327968,-4.2549376388581965,144.0,55.879581066995904,-4.21986165885879,185,7.475,643
55.91957119327968,-4.2549376388581965,144.0,55.92647877645629,-4.127886630011083,186,11.858,783
55.91957119327968,-4.2549376388581965,144.0,55.82282427264178,-4.371094162561755,187,17.716,1163
55.91957119327968,-4.2549376388581965,144.0,55.90291353127043,-4.3414180899754955,188,10.672,742
55.91957119327968,-4.2549376388581965,144.0,55.78437024600116,-4.156926419796477,189,23.194,1468
55.91957119327968,-4.2549376388581965,144.0,55.8321542449311,-4.1561720476648265,190,25.087,1230
55.91957119327968,-4.2549376388581965,144.0,55.88310705812362,-4.084862107847263,191,23.047,1058
55.91957119327968,-4.2549376388581965,144.0,55.85616333886266,-4.110333739241922,192,17.594,940
55.91957119327968,-4.2549376388581965,144.0,55.90185178498145,-4.152652007721208,193,9.411,982
55.91957119327968,-4.2549376388581965,144.0,55.8837118458465,-4.182392741162416,194,15.277,1758
55.91957119327968,-4.2549376388581965,144.0,55.83086049774818,-4.312434105301623,195,15.619,1067
55.91957119327968,-4.2549376388581965,144.0,55.821849459706755,-4.176208567338996,196,17.647,1174
55.91957119327968,-4.2549376388581965,144.0,55.88009750494633,-4.255964552703097,197,5.612,362
55.91957119327968,-4.2549376388581965,144.0,55.87413911675089,-4.369807111055967,198,17.216,989
55.91957119327968,-4.2549376388581965,144.0,55.86354071984154,-4.093406384811447,199,18.21,994
55.840277250708326,-4.318437956528818,145.0,55.8391698042901,-4.214478482526657,0,10.726,662
55.840277250708326,-4.318437956528818,145.0,55.86553667472969,-4.350500876963486,1,4.585,461
55.840277250708326,-4.318437956528818,145.0,55.912892829643965,-4.286410947894997,2,13.894,1871
55.840277250708326,-4.318437956528818,145.0,55.84854019346565,-4.391697428307927,3,5.134,543
55.840277250708326,-4.318437956528818,145.0,55.79232875093524,-4.310455024670266,4,8.699,608
55.840277250708326,-4.318437956528818,145.0,55.837143362020576,-4.120043492886959,5,14.425,674
55.840277250708326,-4.318437956528818,145.0,55.84185129809378,-4.283879851305767,6,2.726,332
55.840277250708326,-4.318437956528818,145.0,55.90609664927746,-4.311383718964596,7,11.279,879
55.840277250708326,-4.318437956528818,145.0,55.7832172019226,-4.31249791159531,8,10.287,666
55.840277250708326,-4.318437956528818,145.0,55.8177258987159,-4.260489243356555,9,6.006,682
55.840277250708326,-4.318437956528818,145.0,55.903262790870684,-4.212111703691823,10,13.26,946
55.840277250708326,-4.318437956528818,145.0,55.893978813107424,-4.1413270988368325,11,15.0,953
55.840277250708326,-4.318437956528818,145.0,55.894884622950286,-4.154349650804189,12,17.385,852
55.840277250708326,-4.318437956528818,145.0,55.80680963785043,-4.263605759417426,13,7.344,786
55.840277250708326,-4.318437956528818,145.0,55.81824312166051,-4.346878846315483,14,5.862,522
55.840277250708326,-4.318437956528818,145.0,55.84742656229786,-4.269221405976544,15,5.298,554
55.840277250708326,-4.318437956528818,145.0,55.80730424868546,-4.315177272898423,16,5.378,511
55.840277250708326,-4.318437956528818,145.0,55.83798278877758,-4.260604018644594,17,4.533,555
55.840277250708326,-4.318437956528818,145.0,55.89424631095569,-4.343398240721316,18,8.673,727
55.840277250708326,-4.318437956528818,145.0,55.83908093533876,-4.223069302141199,19,8.317,693
55.840277250708326,-4.318437956528818,145.0,55.8357731433788,-4.270556349194068,20,3.611,424
55.840277250708326,-4.318437956528818,145.0,55.90309627527835,-4.360750370095284,21,10.706,963
55.840277250708326,-4.318437956528818,145.0,55.85652103589449,-4.101365743428073,22,17.548,896
55.840277250708326,-4.318437956528818,145.0,55.783736419963375,-4.235306054793451,23,23.241,1038
55.840277250708326,-4.318437956528818,145.0,55.92064824587275,-4.2358362157531895,24,14.385,926
55.840277250708326,-4.318437956528818,145.0,55.907674892744176,-4.2497703459088045,25,13.137,1971
55.840277250708326,-4.318437956528818,145.0,55.919604340921964,-4.226208116301384,26,14.309,938
55.840277250708326,-4.318437956528818,145.0,55.83219148710444,-4.304581930326681,27,4.55,553
55.840277250708326,-4.318437956528818,145.0,55.79569701419853,-4.1769099124482585,28,15.141,947
55.840277250708326,-4.318437956528818,145.0,55.81260197667657,-4.197841211154324,29,12.552,814
55.840277250708326,-4.318437956528818,145.0,55.826092940761974,-4.176919409292903,30,11.082,747
55.840277250708326,-4.318437956528818,145.0,55.828413149208096,-4.109650878166438,31,17.886,937
55.840277250708326,-4.318437956528818,145.0,55.8999241737755,-4.257993823533507,32,10.343,858
55.840277250708326,-4.318437956528818,145.0,55.892514250678616,-4.340118142906542,33,8.702,739
55.840277250708326,-4.318437956528818,145.0,55.855241629670886,-4.269936069312288,34,6.376,483
55.840277250708326,-4.318437956528818,145.0,55.877364911629314,-4.109701193625618,35,17.949,996
55.840277250708326,-4.318437956528818,145.0,55.887053111734645,-4.1280531391159245,36,18.251,963
55.840277250708326,-4.318437956528818,145.0,55.89108676863447,-4.105446803942431,37,19.984,1269
55.840277250708326,-4.318437956528818,145.0,55.842635153466425,-4.334387903339716,38,1.374,182
55.840277250708326,-4.318437956528818,145.0,55.89197542936556,-4.19614108945253,39,14.258,796
55.840277250708326,-4.318437956528818,145.0,55.825849135803445,-4.321179033230789,40,2.728,453
55.840277250708326,-4.318437956528818,145.0,55.81864602215581,-4.375055705699034,41,6.891,531
55.840277250708326,-4.318437956528818,145.0,55.92613065482397,-4.212698358862173,42,14.771,991
55.840277250708326,-4.318437956528818,145.0,55.874439929608144,-4.279689658904073,43,6.983,525
55.840277250708326,-4.318437956528818,145.0,55.81998166828728,-4.245455535821837,44,8.877,629
55.840277250708326,-4.318437956528818,145.0,55.91066980601156,-4.213502644426629,45,13.723,941
55.840277250708326,-4.318437956528818,145.0,55.8404807486866,-4.356656090229781,46,4.569,508
55.840277250708326,-4.318437956528818,145.0,55.88708229912325,-4.079055837843032,47,23.217,1018
55.840277250708326,-4.318437956528818,145.0,55.84510555179576,-4.178720975321847,48,12.747,762
55.840277250708326,-4.318437956528818,145.0,55.84413340760586,-4.085244529493477,49,19.914,1392
55.840277250708326,-4.318437956528818,145.0,55.83324217210475,-4.157183908594519,50,12.609,760
55.840277250708326,-4.318437956528818,145.0,55.895753278756494,-4.323131413571223,51,8.459,839
55.840277250708326,-4.318437956528818,145.0,55.88609925330935,-4.38354364327563,52,8.292,553
55.840277250708326,-4.318437956528818,145.0,55.86596770908397,-4.338853955125049,53,4.673,427
55.840277250708326,-4.318437956528818,145.0,55.819381988004544,-4.256567679373081,54,6.072,676
55.840277250708326,-4.318437956528818,145.0,55.919398785577634,-4.298102785445152,55,14.17,1551
55.840277250708326,-4.318437956528818,145.0,55.81052481551728,-4.0780884232687225,56,20.685,2084
55.840277250708326,-4.318437956528818,145.0,55.8411814367945,-4.125490362928665,57,15.967,833
55.840277250708326,-4.318437956528818,145.0,55.844855881791794,-4.151320272286683,58,13.599,813
55.840277250708326,-4.318437956528818,145.0,55.79334532620707,-4.3052187624925375,59,9.03,614
55.840277250708326,-4.318437956528818,145.0,55.78499644933002,-4.082518262203789,60,24.408,1084
55.840277250708326,-4.318437956528818,145.0,55.86482365717543,-4.074666870071637,61,19.814,1113
55.840277250708326,-4.318437956528818,145.0,55.910543969585106,-4.384534109666136,62,12.533,1027
55.840277250708326,-4.318437956528818,145.0,55.799715679086134,-4.188568421733812,63,15.123,1105
55.840277250708326,-4.318437956528818,145.0,55.90005630083831,-4.294022887833187,64,10.351,832
55.840277250708326,-4.318437956528818,145.0,55.82573931186619,-4.210157383495828,65,10.609,629
55.840277250708326,-4.318437956528818,145.0,55.88010014610652,-4.288014027401103,66,9.072,801
55.840277250708326,-4.318437956528818,145.0,55.8836463272421,-4.377148406451105,67,8.062,630
55.840277250708326,-4.318437956528818,145.0,55.80511293548626,-4.195982430231648,68,13.532,889
55.840277250708326,-4.318437956528818,145.0,55.9265186267864,-4.256321117900257,69,13.708,965
55.840277250708326,-4.318437956528818,145.0,55.90353118048908,-4.119171950823842,70,19.147,1205
55.840277250708326,-4.318437956528818,145.0,55.81502357146685,-4.260984914919316,71,6.573,686
55.840277250708326,-4.318437956528818,145.0,55.894355058439295,-4.293143876300353,72,9.641,780
55.840277250708326,-4.318437956528818,145.0,55.80246488546192,-4.242274834364847,73,11.018,855
55.840277250708326,-4.318437956528818,145.0,55.887581813102464,-4.2985753032369685,74,9.253,776
55.840277250708326,-4.318437956528818,145.0,55.928290955083554,-4.295962301582311,75,14.592,965
55.840277250708326,-4.318437956528818,145.0,55.81096058143004,-4.368797105646974,76,8.548,613
55.840277250708326,-4.318437956528818,145.0,55.84818750128869,-4.3631808239548375,77,4.373,442
55.840277250708326,-4.318437956528818,145.0,55.81610352786554,-4.330910795148831,78,4.887,362
55.840277250708326,-4.318437956528818,145.0,55.807034270653475,-4.136077366584948,79,14.316,998
55.840277250708326,-4.318437956528818,145.0,55.86778114631985,-4.233612892312959,80,8.834,608
55.840277250708326,-4.318437956528818,145.0,55.79578956690847,-4.368290459919509,81,13.632,1807
55.840277250708326,-4.318437956528818,145.0,55.897877306124535,-4.077031107370425,82,21.775,1736
55.840277250708326,-4.318437956528818,145.0,55.80721289582252,-4.242612882195534,83,10.241,806
55.840277250708326,-4.318437956528818,145.0,55.92209393969709,-4.157940141970138,84,18.918,1002
55.840277250708326,-4.318437956528818,145.0,55.79188265083702,-4.28147512844989,85,9.892,669
55.840277250708326,-4.318437956528818,145.0,55.88043814367632,-4.104360473798184,86,17.761,956
55.840277250708326,-4.318437956528818,145.0,55.90345994988174,-4.293652184560058,87,10.82,878
55.840277250708326,-4.318437956528818,145.0,55.91230525016259,-4.108196424937476,88,20.415,1150
55.840277250708326,-4.318437956528818,145.0,55.90569137930351,-4.3852429216612405,89,12.568,1050
55.840277250708326,-4.318437956528818,145.0,55.824402119970216,-4.298242138123909,90,3.164,374
55.840277250708326,-4.318437956528818,145.0,55.887104625653905,-4.201059285828647,91,11.97,946
55.840277250708326,-4.318437956528818,145.0,55.92006797200308,-4.195257422106852,92,15.617,968
55.840277250708326,-4.318437956528818,145.0,55.7944551107823,-4.1683749063061635,93,15.271,1381
55.840277250708326,-4.318437956528818,145.0,55.88003873447475,-4.304350182381346,94,8.812,681
55.840277250708326,-4.318437956528818,145.0,55.88308048053683,-4.2942103285768285,95,8.412,656
55.840277250708326,-4.318437956528818,145.0,55.80779271908626,-4.3234306371549245,96,6.158,494
55.840277250708326,-4.318437956528818,145.0,55.90123467399992,-4.380968632189907,97,12.874,1180
55.840277250708326,-4.318437956528818,145.0,55.88049231589054,-4.293733205570284,98,8.314,646
55.840277250708326,-4.318437956528818,145.0,55.84697147961761,-4.334108806216461,99,1.685,258
55.840277250708326,-4.318437956528818,145.0,55.83067141211495,-4.195633651932574,100,9.892,626
55.840277250708326,-4.318437956528818,145.0,55.89350845984679,-4.099445363541155,101,19.799,1101
55.840277250708326,-4.318437956528818,145.0,55.92592408664018,-4.179171340754611,102,20.259,1086
55.840277250708326,-4.318437956528818,145.0,55.84941827409408,-4.169566750359822,103,13.452,828
55.840277250708326,-4.318437956528818,145.0,55.92413375575165,-4.226670311636797,104,15.986,1733
55.840277250708326,-4.318437956528818,145.0,55.88995713457192,-4.285031242761631,105,8.581,683
55.840277250708326,-4.318437956528818,145.0,55.90528066541109,-4.131569818675147,106,16.597,850
55.840277250708326,-4.318437956528818,145.0,55.87850608392288,-4.103517886631066,107,18.092,989
55.840277250708326,-4.318437956528818,145.0,55.80799405798939,-4.284953473560454,108,6.174,663
55.840277250708326,-4.318437956528818,145.0,55.906815669822045,-4.385279074380807,109,11.879,965
55.840277250708326,-4.318437956528818,145.0,55.916237634416454,-4.222407816066865,110,14.224,926
55.840277250708326,-4.318437956528818,145.0,55.915798955837815,-4.088621086891774,111,23.499,1181
55.840277250708326,-4.318437956528818,145.0,55.827538479175395,-4.350653065976025,112,5.231,453
55.840277250708326,-4.318437956528818,145.0,55.799515288981674,-4.0866627646338864,113,24.778,1196
55.840277250708326,-4.318437956528818,145.0,55.831024245961984,-4.244756518165482,114,7.358,530
55.840277250708326,-4.318437956528818,145.0,55.86754360554833,-4.2143078261423845,115,10.174,723
55.840277250708326,-4.318437956528818,145.0,55.8574985965699,-4.1521224561179935,116,14.755,939
55.840277250708326,-4.318437956528818,145.0,55.88095643501817,-4.32811659177277,117,6.515,554
55.840277250708326,-4.318437956528818,145.0,55.85240433608213,-4.177570445500026,118,13.616,879
55.840277250708326,-4.318437956528818,145.0,55.91169549549074,-4.359708873069638,119,12.691,1154
55.840277250708326,-4.318437956528818,145.0,55.92640787519779,-4.300990956079843,120,15.04,1014
55.840277250708326,-4.318437956528818,145.0,55.84019197366069,-4.205566157974415,121,11.212,777
55.840277250708326,-4.318437956528818,145.0,55.866619942939494,-4.268153778778456,122,7.136,647
55.840277250708326,-4.318437956528818,145.0,55.81327411986783,-4.2587495402872255,123,6.396,730
55.840277250708326,-4.318437956528818,145.0,55.86022660117776,-4.154711133590585,124,14.675,867
55.840277250708326,-4.318437956528818,145.0,55.831522729053496,-4.370420634377527,125,5.228,524
55.840277250708326,-4.318437956528818,145.0,55.84074346341779,-4.172411658039648,126,11.82,682
55.840277250708326,-4.318437956528818,145.0,55.8801412435821,-4.258666277618953,127,8.18,674
55.840277250708326,-4.318437956528818,145.0,55.8434159429892,-4.1056733307349536,128,16.223,861
55.840277250708326,-4.318437956528818,145.0,55.83522057783537,-4.25736952395694,129,4.585,541
55.840277250708326,-4.318437956528818,145.0,55.86467774065618,-4.2250953414252415,130,8.958,560
55.840277250708326,-4.318437956528818,145.0,55.8953662249987,-4.231143624453162,131,11.411,738
55.840277250708326,-4.318437956528818,145.0,55.81920459649808,-4.236238450921302,132,9.461,680
55.840277250708326,-4.318437956528818,145.0,55.900795402502105,-4.206009410292495,133,13.578,933
55.840277250708326,-4.318437956528818,145.0,55.86078490474355,-4.339631469507248,134,4.347,513
55.840277250708326,-4.318437956528818,145.0,55.924999437053955,-4.191173279124663,135,15.868,978
55.840277250708326,-4.318437956528818,145.0,55.81549096669224,-4.126910343137958,136,15.307,1045
55.840277250708326,-4.318437956528818,145.0,55.90135585493081,-4.207622057499793,137,13.577,910
55.840277250708326,-4.318437956528818,145.0,55.845816555475636,-4.129576488296543,138,14.972,903
55.840277250708326,-4.318437956528818,145.0,55.80470047644827,-4.291960781118721,139,6.007,640
55.840277250708326,-4.318437956528818,145.0,55.89185394491289,-4.179857587296262,140,13.162,721
55.840277250708326,-4.318437956528818,145.0,55.91859399996558,-4.3401659608951215,141,11.557,1004
55.840277250708326,-4.318437956528818,145.0,55.90671476836246,-4.3642865107142725,142,11.458,1018
55.840277250708326,-4.318437956528818,145.0,55.81273399651921,-4.167613047894911,143,12.365,808
55.840277250708326,-4.318437956528818,145.0,55.80939871413575,-4.276056954355674,144,5.888,611
55.840277250708326,-4.318437956528818,145.0,55.88312869327199,-4.214542892826467,145,10.982,764
55.840277250708326,-4.318437956528818,145.0,55.815340374954424,-4.283514492524949,146,4.882,496
55.840277250708326,-4.318437956528818,145.0,55.87864379034378,-4.080636908866371,147,24.197,1052
55.840277250708326,-4.318437956528818,145.0,55.89423440492952,-4.2418874418647645,148,11.974,822
55.840277250708326,-4.318437956528818,145.0,55.92796852989922,-4.305970400193036,149,15.168,1037
55.840277250708326,-4.318437956528818,145.0,55.92895153496988,-4.082888064137351,150,23.869,1130
55.840277250708326,-4.318437956528818,145.0,55.790766759429424,-4.135285962371055,151,17.696,1023
55.840277250708326,-4.318437956528818,145.0,55.80808041573422,-4.184105792933229,152,13.326,820
55.840277250708326,-4.318437956528818,145.0,55.7982747224006,-4.3931924101572655,153,9.356,707
55.840277250708326,-4.318437956528818,145.0,55.81178474630603,-4.337962602706185,154,5.954,468
55.840277250708326,-4.318437956528818,145.0,55.852972007756,-4.353957895039277,155,3.053,409
55.840277250708326,-4.318437956528818,145.0,55.797152036890715,-4.311451416173846,156,7.926,542
55.840277250708326,-4.318437956528818,145.0,55.84839482833289,-4.1889265673730645,157,13.398,797
55.840277250708326,-4.318437956528818,145.0,55.86383954752864,-4.387927326091926,158,10.401,558
55.840277250708326,-4.318437956528818,145.0,55.807182357875575,-4.140487806234959,159,13.993,973
55.840277250708326,-4.318437956528818,145.0,55.8296607577131,-4.218765551358871,160,8.778,686
55.840277250708326,-4.318437956528818,145.0,55.82699494590622,-4.295404959002084,161,3.2,350
55.840277250708326,-4.318437956528818,145.0,55.861248665443505,-4.307186036515638,162,3.11,382
55.840277250708326,-4.318437956528818,145.0,55.897857165570365,-4.156645648865112,163,14.638,758
55.840277250708326,-4.318437956528818,145.0,55.877747555317356,-4.342792329217214,164,7.105,651
55.840277250708326,-4.318437956528818,145.0,55.92259641850896,-4.389236283866068,165,23.763,1122
55.840277250708326,-4.318437956528818,145.0,55.92621339590465,-4.2820478996479165,166,13.492,914
55.840277250708326,-4.318437956528818,145.0,55.80660612206145,-4.094012410496262,167,20.27,1149
55.840277250708326,-4.318437956528818,145.0,55.84605439624201,-4.09192094471571,168,18.975,873
55.840277250708326,-4.318437956528818,145.0,55.83961965364386,-4.1201104741133365,169,15.574,760
55.840277250708326,-4.318437956528818,145.0,55.85030951683019,-4.217608837338132,170,8.866,728
55.840277250708326,-4.318437956528818,145.0,55.85971342373431,-4.246748195156407,171,9.327,658
55.840277250708326,-4.318437956528818,145.0,55.815747728441636,-4.150792968910081,172,12.863,870
55.840277250708326,-4.318437956528818,145.0,55.80041195127493,-4.3806303679601495,173,8.772,660
55.840277250708326,-4.318437956528818,145.0,55.85487415463933,-4.092829020720908,174,18.785,874
55.840277250708326,-4.318437956528818,145.0,55.80456076444065,-4.203157873727267,175,13.551,891
55.840277250708326,-4.318437956528818,145.0,55.84723005082115,-4.330151260440624,176,1.573,227
55.840277250708326,-4.318437956528818,145.0,55.88775631668876,-4.123428423568879,177,18.386,969
55.840277250708326,-4.318437956528818,145.0,55.82857385936083,-4.129579652409029,178,15.385,1057
55.840277250708326,-4.318437956528818,145.0,55.879865395443076,-4.36272007519476,179,7.997,694
55.840277250708326,-4.318437956528818,145.0,55.87973669437185,-4.215636550296907,180,10.269,776
55.840277250708326,-4.318437956528818,145.0,55.8162521393249,-4.1868605517933455,181,11.745,780
55.840277250708326,-4.318437956528818,145.0,55.80755514535402,-4.201625161718038,182,13.304,857
55.840277250708326,-4.318437956528818,145.0,55.85565398843102,-4.250533808562208,183,5.825,578
55.840277250708326,-4.318437956528818,145.0,55.929636326069506,-4.381100658166308,184,24.749,1143
55.840277250708326,-4.318437956528818,145.0,55.879581066995904,-4.21986165885879,185,9.91,756
55.840277250708326,-4.318437956528818,145.0,55.92647877645629,-4.127886630011083,186,20.0,1088
55.840277250708326,-4.318437956528818,145.0,55.82282427264178,-4.371094162561755,187,6.421,546
55.840277250708326,-4.318437956528818,145.0,55.90291353127043,-4.3414180899754955,188,9.504,896
55.840277250708326,-4.318437956528818,145.0,55.78437024600116,-4.156926419796477,189,17.04,1037
55.840277250708326,-4.318437956528818,145.0,55.8321542449311,-4.1561720476648265,190,12.649,773
55.840277250708326,-4.318437956528818,145.0,55.88310705812362,-4.084862107847263,191,21.358,934
55.840277250708326,-4.318437956528818,145.0,55.85616333886266,-4.110333739241922,192,17.586,917
55.840277250708326,-4.318437956528818,145.0,55.90185178498145,-4.152652007721208,193,18.547,1382
55.840277250708326,-4.318437956528818,145.0,55.8837118458465,-4.182392741162416,194,14.826,1730
55.840277250708326,-4.318437956528818,145.0,55.83086049774818,-4.312434105301623,195,4.134,455
55.840277250708326,-4.318437956528818,145.0,55.821849459706755,-4.176208567338996,196,11.493,744
55.840277250708326,-4.318437956528818,145.0,55.88009750494633,-4.255964552703097,197,7.866,652
55.840277250708326,-4.318437956528818,145.0,55.87413911675089,-4.369807111055967,198,6.403,449
55.840277250708326,-4.318437956528818,145.0,55.86354071984154,-4.093406384811447,199,18.202,971
55.86154955909088,-4.094356820870327,146.0,55.8391698042901,-4.214478482526657,0,14.256,799
55.86154955909088,-4.094356820870327,146.0,55.86553667472969,-4.350500876963486,1,25.247,1148
55.86154955909088,-4.094356820870327,146.0,55.912892829643965,-4.286410947894997,2,21.633,2107
55.86154955909088,-4.094356820870327,146.0,55.84854019346565,-4.391697428307927,3,24.678,1369
55.86154955909088,-4.094356820870327,146.0,55.79232875093524,-4.310455024670266,4,27.169,1348
55.86154955909088,-4.094356820870327,146.0,55.837143362020576,-4.120043492886959,5,12.486,618
55.86154955909088,-4.094356820870327,146.0,55.84185129809378,-4.283879851305767,6,18.463,1101
55.86154955909088,-4.094356820870327,146.0,55.90609664927746,-4.311383718964596,7,20.317,1216
55.86154955909088,-4.094356820870327,146.0,55.7832172019226,-4.31249791159531,8,28.757,1406
55.86154955909088,-4.094356820870327,146.0,55.8177258987159,-4.260489243356555,9,18.413,1014
55.86154955909088,-4.094356820870327,146.0,55.903262790870684,-4.212111703691823,10,14.87,997
55.86154955909088,-4.094356820870327,146.0,55.893978813107424,-4.1413270988368325,11,9.956,691
55.86154955909088,-4.094356820870327,146.0,55.894884622950286,-4.154349650804189,12,10.887,644
55.86154955909088,-4.094356820870327,146.0,55.80680963785043,-4.263605759417426,13,20.851,1281
55.86154955909088,-4.094356820870327,146.0,55.81824312166051,-4.346878846315483,14,24.332,1262
55.86154955909088,-4.094356820870327,146.0,55.84742656229786,-4.269221405976544,15,18.325,985
55.86154955909088,-4.094356820870327,146.0,55.80730424868546,-4.315177272898423,16,24.038,1247
55.86154955909088,-4.094356820870327,146.0,55.83798278877758,-4.260604018644594,17,16.934,915
55.86154955909088,-4.094356820870327,146.0,55.89424631095569,-4.343398240721316,18,20.178,1196
55.86154955909088,-4.094356820870327,146.0,55.83908093533876,-4.223069302141199,19,15.286,928
55.86154955909088,-4.094356820870327,146.0,55.8357731433788,-4.270556349194068,20,17.618,965
55.86154955909088,-4.094356820870327,146.0,55.90309627527835,-4.360750370095284,21,22.211,1432
55.86154955909088,-4.094356820870327,146.0,55.85652103589449,-4.101365743428073,22,2.786,282
55.86154955909088,-4.094356820870327,146.0,55.783736419963375,-4.235306054793451,23,19.324,1191
55.86154955909088,-4.094356820870327,146.0,55.92064824587275,-4.2358362157531895,24,18.891,1112
55.86154955909088,-4.094356820870327,146.0,55.907674892744176,-4.2497703459088045,25,17.983,2142
55.86154955909088,-4.094356820870327,146.0,55.919604340921964,-4.226208116301384,26,17.625,1047
55.86154955909088,-4.094356820870327,146.0,55.83219148710444,-4.304581930326681,27,23.21,1289
55.86154955909088,-4.094356820870327,146.0,55.79569701419853,-4.1769099124482585,28,15.499,947
55.86154955909088,-4.094356820870327,146.0,55.81260197667657,-4.197841211154324,29,16.121,933
55.86154955909088,-4.094356820870327,146.0,55.826092940761974,-4.176919409292903,30,12.404,760
55.86154955909088,-4.094356820870327,146.0,55.828413149208096,-4.109650878166438,31,7.523,580
55.86154955909088,-4.094356820870327,146.0,55.8999241737755,-4.257993823533507,32,18.082,1087
55.86154955909088,-4.094356820870327,146.0,55.892514250678616,-4.340118142906542,33,20.207,1208
55.86154955909088,-4.094356820870327,146.0,55.855241629670886,-4.269936069312288,34,16.169,726
55.86154955909088,-4.094356820870327,146.0,55.877364911629314,-4.109701193625618,35,6.247,353
55.86154955909088,-4.094356820870327,146.0,55.887053111734645,-4.1280531391159245,36,9.806,658
55.86154955909088,-4.094356820870327,146.0,55.89108676863447,-4.105446803942431,37,7.676,683
55.86154955909088,-4.094356820870327,146.0,55.842635153466425,-4.334387903339716,38,21.115,1076
55.86154955909088,-4.094356820870327,146.0,55.89197542936556,-4.19614108945253,39,12.654,721
55.86154955909088,-4.094356820870327,146.0,55.825849135803445,-4.321179033230789,40,21.388,1189
55.86154955909088,-4.094356820870327,146.0,55.81864602215581,-4.375055705699034,41,25.361,1271
55.86154955909088,-4.094356820870327,146.0,55.92613065482397,-4.212698358862173,42,16.999,1042
55.86154955909088,-4.094356820870327,146.0,55.874439929608144,-4.279689658904073,43,16.01,848
55.86154955909088,-4.094356820870327,146.0,55.81998166828728,-4.245455535821837,44,17.893,919
55.86154955909088,-4.094356820870327,146.0,55.91066980601156,-4.213502644426629,45,17.981,1096
55.86154955909088,-4.094356820870327,146.0,55.8404807486866,-4.356656090229781,46,24.767,1344
55.86154955909088,-4.094356820870327,146.0,55.88708229912325,-4.079055837843032,47,6.005,340
55.86154955909088,-4.094356820870327,146.0,55.84510555179576,-4.178720975321847,48,11.82,733
55.86154955909088,-4.094356820870327,146.0,55.84413340760586,-4.085244529493477,49,4.619,715
55.86154955909088,-4.094356820870327,146.0,55.83324217210475,-4.157183908594519,50,10.501,608
55.86154955909088,-4.094356820870327,146.0,55.895753278756494,-4.323131413571223,51,19.949,1270
55.86154955909088,-4.094356820870327,146.0,55.88609925330935,-4.38354364327563,52,26.28,1217
55.86154955909088,-4.094356820870327,146.0,55.86596770908397,-4.338853955125049,53,23.063,1097
55.86154955909088,-4.094356820870327,146.0,55.819381988004544,-4.256567679373081,54,19.322,1069
55.86154955909088,-4.094356820870327,146.0,55.919398785577634,-4.298102785445152,55,21.909,1787
55.86154955909088,-4.094356820870327,146.0,55.81052481551728,-4.0780884232687225,56,9.269,1666
55.86154955909088,-4.094356820870327,146.0,55.8411814367945,-4.125490362928665,57,7.082,558
55.86154955909088,-4.094356820870327,146.0,55.844855881791794,-4.151320272286683,58,11.652,707
55.86154955909088,-4.094356820870327,146.0,55.79334532620707,-4.3052187624925375,59,27.5,1354
55.86154955909088,-4.094356820870327,146.0,55.78499644933002,-4.082518262203789,60,14.645,729
55.86154955909088,-4.094356820870327,146.0,55.86482365717543,-4.074666870071637,61,2.189,315
55.86154955909088,-4.094356820870327,146.0,55.910543969585106,-4.384534109666136,62,24.038,1496
55.86154955909088,-4.094356820870327,146.0,55.799715679086134,-4.188568421733812,63,15.827,1138
55.86154955909088,-4.094356820870327,146.0,55.90005630083831,-4.294022887833187,64,19.389,1170
55.86154955909088,-4.094356820870327,146.0,55.82573931186619,-4.210157383495828,65,14.178,748
55.86154955909088,-4.094356820870327,146.0,55.88010014610652,-4.288014027401103,66,18.11,1138
55.86154955909088,-4.094356820870327,146.0,55.8836463272421,-4.377148406451105,67,26.05,1294
55.86154955909088,-4.094356820870327,146.0,55.80511293548626,-4.195982430231648,68,17.101,1008
55.86154955909088,-4.094356820870327,146.0,55.9265186267864,-4.256321117900257,69,21.117,1241
55.86154955909088,-4.094356820870327,146.0,55.90353118048908,-4.119171950823842,70,8.278,745
55.86154955909088,-4.094356820870327,146.0,55.81502357146685,-4.260984914919316,71,18.77,1048
55.86154955909088,-4.094356820870327,146.0,55.894355058439295,-4.293143876300353,72,18.679,1117
55.86154955909088,-4.094356820870327,146.0,55.80246488546192,-4.242274834364847,73,20.034,1145
55.86154955909088,-4.094356820870327,146.0,55.887581813102464,-4.2985753032369685,74,18.291,1114
55.86154955909088,-4.094356820870327,146.0,55.928290955083554,-4.295962301582311,75,22.744,1275
55.86154955909088,-4.094356820870327,146.0,55.81096058143004,-4.368797105646974,76,27.018,1353
55.86154955909088,-4.094356820870327,146.0,55.84818750128869,-4.3631808239548375,77,25.753,1196
55.86154955909088,-4.094356820870327,146.0,55.81610352786554,-4.330910795148831,78,23.357,1102
55.86154955909088,-4.094356820870327,146.0,55.807034270653475,-4.136077366584948,79,12.978,883
55.86154955909088,-4.094356820870327,146.0,55.86778114631985,-4.233612892312959,80,13.14,712
55.86154955909088,-4.094356820870327,146.0,55.79578956690847,-4.368290459919509,81,32.102,2547
55.86154955909088,-4.094356820870327,146.0,55.897877306124535,-4.077031107370425,82,7.665,1021
55.86154955909088,-4.094356820870327,146.0,55.80721289582252,-4.242612882195534,83,19.257,1096
55.86154955909088,-4.094356820870327,146.0,55.92209393969709,-4.157940141970138,84,12.241,761
55.86154955909088,-4.094356820870327,146.0,55.79188265083702,-4.28147512844989,85,22.224,1340
55.86154955909088,-4.094356820870327,146.0,55.88043814367632,-4.104360473798184,86,5.557,293
55.86154955909088,-4.094356820870327,146.0,55.90345994988174,-4.293652184560058,87,21.106,1243
55.86154955909088,-4.094356820870327,146.0,55.91230525016259,-4.108196424937476,88,9.072,652
55.86154955909088,-4.094356820870327,146.0,55.90569137930351,-4.3852429216612405,89,24.073,1519
55.86154955909088,-4.094356820870327,146.0,55.824402119970216,-4.298242138123909,90,21.824,1110
55.86154955909088,-4.094356820870327,146.0,55.887104625653905,-4.201059285828647,91,12.428,795
55.86154955909088,-4.094356820870327,146.0,55.92006797200308,-4.195257422106852,92,15.004,859
55.86154955909088,-4.094356820870327,146.0,55.7944551107823,-4.1683749063061635,93,15.629,1382
55.86154955909088,-4.094356820870327,146.0,55.88003873447475,-4.304350182381346,94,17.624,1021
55.86154955909088,-4.094356820870327,146.0,55.88308048053683,-4.2942103285768285,95,17.224,996
55.86154955909088,-4.094356820870327,146.0,55.80779271908626,-4.3234306371549245,96,24.628,1235
55.86154955909088,-4.094356820870327,146.0,55.90123467399992,-4.380968632189907,97,27.226,1696
55.86154955909088,-4.094356820870327,146.0,55.88049231589054,-4.293733205570284,98,17.126,986
55.86154955909088,-4.094356820870327,146.0,55.84697147961761,-4.334108806216461,99,21.229,1109
55.86154955909088,-4.094356820870327,146.0,55.83067141211495,-4.195633651932574,100,13.422,762
55.86154955909088,-4.094356820870327,146.0,55.89350845984679,-4.099445363541155,101,6.743,453
55.86154955909088,-4.094356820870327,146.0,55.92592408664018,-4.179171340754611,102,14.275,898
55.86154955909088,-4.094356820870327,146.0,55.84941827409408,-4.169566750359822,103,7.936,647
55.86154955909088,-4.094356820870327,146.0,55.92413375575165,-4.226670311636797,104,18.214,1784
55.86154955909088,-4.094356820870327,146.0,55.88995713457192,-4.285031242761631,105,17.619,1020
55.86154955909088,-4.094356820870327,146.0,55.90528066541109,-4.131569818675147,106,10.613,661
55.86154955909088,-4.094356820870327,146.0,55.87850608392288,-4.103517886631066,107,5.888,326
55.86154955909088,-4.094356820870327,146.0,55.80799405798939,-4.284953473560454,108,20.637,1285
55.86154955909088,-4.094356820870327,146.0,55.906815669822045,-4.385279074380807,109,23.384,1434
55.86154955909088,-4.094356820870327,146.0,55.916237634416454,-4.222407816066865,110,17.54,1035
55.86154955909088,-4.094356820870327,146.0,55.915798955837815,-4.088621086891774,111,10.61,606
55.86154955909088,-4.094356820870327,146.0,55.827538479175395,-4.350653065976025,112,23.701,1193
55.86154955909088,-4.094356820870327,146.0,55.799515288981674,-4.0866627646338864,113,15.015,842
55.86154955909088,-4.094356820870327,146.0,55.831024245961984,-4.244756518165482,114,16.374,820
55.86154955909088,-4.094356820870327,146.0,55.86754360554833,-4.2143078261423845,115,11.813,698
55.86154955909088,-4.094356820870327,146.0,55.8574985965699,-4.1521224561179935,116,5.154,517
55.86154955909088,-4.094356820870327,146.0,55.88095643501817,-4.32811659177277,117,20.843,1078
55.86154955909088,-4.094356820870327,146.0,55.85240433608213,-4.177570445500026,118,8.214,661
55.86154955909088,-4.094356820870327,146.0,55.91169549549074,-4.359708873069638,119,23.775,1500
55.86154955909088,-4.094356820870327,146.0,55.92640787519779,-4.300990956079843,120,23.192,1324
55.86154955909088,-4.094356820870327,146.0,55.84019197366069,-4.205566157974415,121,14.742,914
55.86154955909088,-4.094356820870327,146.0,55.866619942939494,-4.268153778778456,122,15.087,829
55.86154955909088,-4.094356820870327,146.0,55.81327411986783,-4.2587495402872255,123,18.749,1058
55.86154955909088,-4.094356820870327,146.0,55.86022660117776,-4.154711133590585,124,8.142,477
55.86154955909088,-4.094356820870327,146.0,55.831522729053496,-4.370420634377527,125,25.755,1364
55.86154955909088,-4.094356820870327,146.0,55.84074346341779,-4.172411658039648,126,11.482,652
55.86154955909088,-4.094356820870327,146.0,55.8801412435821,-4.258666277618953,127,15.363,843
55.86154955909088,-4.094356820870327,146.0,55.8434159429892,-4.1056733307349536,128,8.293,579
55.86154955909088,-4.094356820870327,146.0,55.83522057783537,-4.25736952395694,129,16.908,917
55.86154955909088,-4.094356820870327,146.0,55.86467774065618,-4.2250953414252415,130,13.033,616
55.86154955909088,-4.094356820870327,146.0,55.8953662249987,-4.231143624453162,131,16.257,908
55.86154955909088,-4.094356820870327,146.0,55.81920459649808,-4.236238450921302,132,18.477,970
55.86154955909088,-4.094356820870327,146.0,55.900795402502105,-4.206009410292495,133,14.055,888
55.86154955909088,-4.094356820870327,146.0,55.86078490474355,-4.339631469507248,134,23.598,1192
55.86154955909088,-4.094356820870327,146.0,55.924999437053955,-4.191173279124663,135,14.753,850
55.86154955909088,-4.094356820870327,146.0,55.81549096669224,-4.126910343137958,136,10.922,792
55.86154955909088,-4.094356820870327,146.0,55.90135585493081,-4.207622057499793,137,14.054,865
55.86154955909088,-4.094356820870327,146.0,55.845816555475636,-4.129576488296543,138,5.73,451
55.86154955909088,-4.094356820870327,146.0,55.80470047644827,-4.291960781118721,139,21.643,1344
55.86154955909088,-4.094356820870327,146.0,55.89185394491289,-4.179857587296262,140,13.258,664
55.86154955909088,-4.094356820870327,146.0,55.91859399996558,-4.3401659608951215,141,22.641,1350
55.86154955909088,-4.094356820870327,146.0,55.90671476836246,-4.3642865107142725,142,23.862,1472
55.86154955909088,-4.094356820870327,146.0,55.81273399651921,-4.167613047894911,143,12.958,749
55.86154955909088,-4.094356820870327,146.0,55.80939871413575,-4.276056954355674,144,19.925,1173
55.86154955909088,-4.094356820870327,146.0,55.88312869327199,-4.214542892826467,145,12.055,766
55.86154955909088,-4.094356820870327,146.0,55.815340374954424,-4.283514492524949,146,20.095,1190
55.86154955909088,-4.094356820870327,146.0,55.87864379034378,-4.080636908866371,147,6.985,376
55.86154955909088,-4.094356820870327,146.0,55.89423440492952,-4.2418874418647645,148,16.82,992
55.86154955909088,-4.094356820870327,146.0,55.92796852989922,-4.305970400193036,149,23.32,1347
55.86154955909088,-4.094356820870327,146.0,55.92895153496988,-4.082888064137351,150,11.568,613
55.86154955909088,-4.094356820870327,146.0,55.790766759429424,-4.135285962371055,151,13.821,892
55.86154955909088,-4.094356820870327,146.0,55.80808041573422,-4.184105792933229,152,14.437,865
55.86154955909088,-4.094356820870327,146.0,55.7982747224006,-4.3931924101572655,153,27.826,1447
55.86154955909088,-4.094356820870327,146.0,55.81178474630603,-4.337962602706185,154,24.424,1208
55.86154955909088,-4.094356820870327,146.0,55.852972007756,-4.353957895039277,155,22.797,1195
55.86154955909088,-4.094356820870327,146.0,55.797152036890715,-4.311451416173846,156,26.396,1282
55.86154955909088,-4.094356820870327,146.0,55.84839482833289,-4.1889265673730645,157,12.581,769
55.86154955909088,-4.094356820870327,146.0,55.86383954752864,-4.387927326091926,158,28.389,1222
55.86154955909088,-4.094356820870327,146.0,55.807182357875575,-4.140487806234959,159,14.202,871
55.86154955909088,-4.094356820870327,146.0,55.8296607577131,-4.218765551358871,160,14.519,840
55.86154955909088,-4.094356820870327,146.0,55.82699494590622,-4.295404959002084,161,21.86,1086
55.86154955909088,-4.094356820870327,146.0,55.861248665443505,-4.307186036515638,162,21.5,1121
55.86154955909088,-4.094356820870327,146.0,55.897857165570365,-4.156645648865112,163,14.734,701
55.86154955909088,-4.094356820870327,146.0,55.877747555317356,-4.342792329217214,164,21.441,1184
55.86154955909088,-4.094356820870327,146.0,55.92259641850896,-4.389236283866068,165,26.64,1556
55.86154955909088,-4.094356820870327,146.0,55.92621339590465,-4.2820478996479165,166,22.064,1244
55.86154955909088,-4.094356820870327,146.0,55.80660612206145,-4.094012410496262,167,8.854,731
55.86154955909088,-4.094356820870327,146.0,55.84605439624201,-4.09192094471571,168,9.93,479
55.86154955909088,-4.094356820870327,146.0,55.83961965364386,-4.1201104741133365,169,7.644,478
55.86154955909088,-4.094356820870327,146.0,55.85030951683019,-4.217608837338132,170,13.068,874
55.86154955909088,-4.094356820870327,146.0,55.85971342373431,-4.246748195156407,171,13.746,762
55.86154955909088,-4.094356820870327,146.0,55.815747728441636,-4.150792968910081,172,13.072,767
55.86154955909088,-4.094356820870327,146.0,55.80041195127493,-4.3806303679601495,173,27.242,1400
55.86154955909088,-4.094356820870327,146.0,55.85487415463933,-4.092829020720908,174,2.503,180
55.86154955909088,-4.094356820870327,146.0,55.80456076444065,-4.203157873727267,175,17.12,1010
55.86154955909088,-4.094356820870327,146.0,55.84723005082115,-4.330151260440624,176,20.75,1053
55.86154955909088,-4.094356820870327,146.0,55.88775631668876,-4.123428423568879,177,9.941,664
55.86154955909088,-4.094356820870327,146.0,55.82857385936083,-4.129579652409029,178,10.529,771
55.86154955909088,-4.094356820870327,146.0,55.879865395443076,-4.36272007519476,179,22.349,1210
55.86154955909088,-4.094356820870327,146.0,55.87973669437185,-4.215636550296907,180,12.771,862
55.86154955909088,-4.094356820870327,146.0,55.8162521393249,-4.1868605517933455,181,13.545,863
55.86154955909088,-4.094356820870327,146.0,55.80755514535402,-4.201625161718038,182,16.873,977
55.86154955909088,-4.094356820870327,146.0,55.85565398843102,-4.250533808562208,183,14.56,917
55.86154955909088,-4.094356820870327,146.0,55.929636326069506,-4.381100658166308,184,25.702,1515
55.86154955909088,-4.094356820870327,146.0,55.879581066995904,-4.21986165885879,185,12.956,897
55.86154955909088,-4.094356820870327,146.0,55.92647877645629,-4.127886630011083,186,11.184,798
55.86154955909088,-4.094356820870327,146.0,55.82282427264178,-4.371094162561755,187,24.891,1286
55.86154955909088,-4.094356820870327,146.0,55.90291353127043,-4.3414180899754955,188,21.009,1365
55.86154955909088,-4.094356820870327,146.0,55.78437024600116,-4.156926419796477,189,20.244,1005
55.86154955909088,-4.094356820870327,146.0,55.8321542449311,-4.1561720476648265,190,10.541,621
55.86154955909088,-4.094356820870327,146.0,55.88310705812362,-4.084862107847263,191,6.757,342
55.86154955909088,-4.094356820870327,146.0,55.85616333886266,-4.110333739241922,192,2.824,304
55.86154955909088,-4.094356820870327,146.0,55.90185178498145,-4.152652007721208,193,12.563,1193
55.86154955909088,-4.094356820870327,146.0,55.8837118458465,-4.182392741162416,194,12.625,1548
55.86154955909088,-4.094356820870327,146.0,55.83086049774818,-4.312434105301623,195,22.794,1191
55.86154955909088,-4.094356820870327,146.0,55.821849459706755,-4.176208567338996,196,12.425,706
55.86154955909088,-4.094356820870327,146.0,55.88009750494633,-4.255964552703097,197,15.049,822
55.86154955909088,-4.094356820870327,146.0,55.87413911675089,-4.369807111055967,198,24.391,1113
55.86154955909088,-4.094356820870327,146.0,55.86354071984154,-4.093406384811447,199,0.23,14
55.90115988551312,-4.3359676932940685,147.0,55.8391698042901,-4.214478482526657,0,16.043,1139
55.90115988551312,-4.3359676932940685,147.0,55.86553667472969,-4.350500876963486,1,6.423,700
55.90115988551312,-4.3359676932940685,147.0,55.912892829643965,-4.286410947894997,2,9.285,1585
55.90115988551312,-4.3359676932940685,147.0,55.84854019346565,-4.391697428307927,3,10.508,1053
55.90115988551312,-4.3359676932940685,147.0,55.79232875093524,-4.310455024670266,4,19.157,1271
55.90115988551312,-4.3359676932940685,147.0,55.837143362020576,-4.120043492886959,5,19.742,1152
55.90115988551312,-4.3359676932940685,147.0,55.84185129809378,-4.283879851305767,6,10.901,1013
55.90115988551312,-4.3359676932940685,147.0,55.90609664927746,-4.311383718964596,7,4.597,450
55.90115988551312,-4.3359676932940685,147.0,55.7832172019226,-4.31249791159531,8,20.745,1329
55.90115988551312,-4.3359676932940685,147.0,55.8177258987159,-4.260489243356555,9,14.714,1201
55.90115988551312,-4.3359676932940685,147.0,55.903262790870684,-4.212111703691823,10,14.926,1097
55.90115988551312,-4.3359676932940685,147.0,55.893978813107424,-4.1413270988368325,11,15.386,1191
55.90115988551312,-4.3359676932940685,147.0,55.894884622950286,-4.154349650804189,12,17.771,1090
55.90115988551312,-4.3359676932940685,147.0,55.80680963785043,-4.263605759417426,13,16.479,1426
55.90115988551312,-4.3359676932940685,147.0,55.81824312166051,-4.346878846315483,14,16.32,1185
55.90115988551312,-4.3359676932940685,147.0,55.84742656229786,-4.269221405976544,15,10.313,908
55.90115988551312,-4.3359676932940685,147.0,55.80730424868546,-4.315177272898423,16,16.026,1170
55.90115988551312,-4.3359676932940685,147.0,55.83798278877758,-4.260604018644594,17,11.095,1018
55.90115988551312,-4.3359676932940685,147.0,55.89424631095569,-4.343398240721316,18,1.251,271
55.90115988551312,-4.3359676932940685,147.0,55.83908093533876,-4.223069302141199,19,13.634,1170
55.90115988551312,-4.3359676932940685,147.0,55.8357731433788,-4.270556349194068,20,11.117,920
55.90115988551312,-4.3359676932940685,147.0,55.90309627527835,-4.360750370095284,21,2.803,466
55.90115988551312,-4.3359676932940685,147.0,55.85652103589449,-4.101365743428073,22,17.934,1134
55.90115988551312,-4.3359676932940685,147.0,55.783736419963375,-4.235306054793451,23,18.774,1492
55.90115988551312,-4.3359676932940685,147.0,55.92064824587275,-4.2358362157531895,24,11.637,735
55.90115988551312,-4.3359676932940685,147.0,55.907674892744176,-4.2497703459088045,25,15.253,2178
55.90115988551312,-4.3359676932940685,147.0,55.919604340921964,-4.226208116301384,26,14.065,937
55.90115988551312,-4.3359676932940685,147.0,55.83219148710444,-4.304581930326681,27,15.198,1211
55.90115988551312,-4.3359676932940685,147.0,55.79569701419853,-4.1769099124482585,28,20.458,1424
55.90115988551312,-4.3359676932940685,147.0,55.81260197667657,-4.197841211154324,29,17.869,1291
55.90115988551312,-4.3359676932940685,147.0,55.826092940761974,-4.176919409292903,30,16.399,1224
55.90115988551312,-4.3359676932940685,147.0,55.828413149208096,-4.109650878166438,31,23.203,1414
55.90115988551312,-4.3359676932940685,147.0,55.8999241737755,-4.257993823533507,32,12.414,850
55.90115988551312,-4.3359676932940685,147.0,55.892514250678616,-4.340118142906542,33,1.28,276
55.90115988551312,-4.3359676932940685,147.0,55.855241629670886,-4.269936069312288,34,8.157,649
55.90115988551312,-4.3359676932940685,147.0,55.877364911629314,-4.109701193625618,35,18.335,1235
55.90115988551312,-4.3359676932940685,147.0,55.887053111734645,-4.1280531391159245,36,18.637,1201
55.90115988551312,-4.3359676932940685,147.0,55.89108676863447,-4.105446803942431,37,20.37,1507
55.90115988551312,-4.3359676932940685,147.0,55.842635153466425,-4.334387903339716,38,8.286,856
55.90115988551312,-4.3359676932940685,147.0,55.89197542936556,-4.19614108945253,39,14.644,1035
55.90115988551312,-4.3359676932940685,147.0,55.825849135803445,-4.321179033230789,40,13.376,1112
55.90115988551312,-4.3359676932940685,147.0,55.81864602215581,-4.375055705699034,41,12.288,1139
55.90115988551312,-4.3359676932940685,147.0,55.92613065482397,-4.212698358862173,42,14.693,1008
55.90115988551312,-4.3359676932940685,147.0,55.874439929608144,-4.279689658904073,43,5.737,648
55.90115988551312,-4.3359676932940685,147.0,55.81998166828728,-4.245455535821837,44,14.194,1107
55.90115988551312,-4.3359676932940685,147.0,55.91066980601156,-4.213502644426629,45,13.765,966
55.90115988551312,-4.3359676932940685,147.0,55.8404807486866,-4.356656090229781,46,10.597,1027
55.90115988551312,-4.3359676932940685,147.0,55.88708229912325,-4.079055837843032,47,21.179,1367
55.90115988551312,-4.3359676932940685,147.0,55.84510555179576,-4.178720975321847,48,18.064,1240
55.90115988551312,-4.3359676932940685,147.0,55.84413340760586,-4.085244529493477,49,22.433,1667
55.90115988551312,-4.3359676932940685,147.0,55.83324217210475,-4.157183908594519,50,17.926,1237
55.90115988551312,-4.3359676932940685,147.0,55.895753278756494,-4.323131413571223,51,1.654,288
55.90115988551312,-4.3359676932940685,147.0,55.88609925330935,-4.38354364327563,52,11.288,884
55.90115988551312,-4.3359676932940685,147.0,55.86596770908397,-4.338853955125049,53,5.554,624
55.90115988551312,-4.3359676932940685,147.0,55.819381988004544,-4.256567679373081,54,15.623,1257
55.90115988551312,-4.3359676932940685,147.0,55.919398785577634,-4.298102785445152,55,9.561,1264
55.90115988551312,-4.3359676932940685,147.0,55.81052481551728,-4.0780884232687225,56,26.002,2562
55.90115988551312,-4.3359676932940685,147.0,55.8411814367945,-4.125490362928665,57,21.284,1310
55.90115988551312,-4.3359676932940685,147.0,55.844855881791794,-4.151320272286683,58,18.916,1290
55.90115988551312,-4.3359676932940685,147.0,55.79334532620707,-4.3052187624925375,59,19.488,1277
55.90115988551312,-4.3359676932940685,147.0,55.78499644933002,-4.082518262203789,60,29.569,1553
55.90115988551312,-4.3359676932940685,147.0,55.86482365717543,-4.074666870071637,61,20.2,1351
55.90115988551312,-4.3359676932940685,147.0,55.910543969585106,-4.384534109666136,62,4.63,540
55.90115988551312,-4.3359676932940685,147.0,55.799715679086134,-4.188568421733812,63,20.44,1583
55.90115988551312,-4.3359676932940685,147.0,55.90005630083831,-4.294022887833187,64,4.488,526
55.90115988551312,-4.3359676932940685,147.0,55.82573931186619,-4.210157383495828,65,15.926,1106
55.90115988551312,-4.3359676932940685,147.0,55.88010014610652,-4.288014027401103,66,5.01,665
55.90115988551312,-4.3359676932940685,147.0,55.8836463272421,-4.377148406451105,67,11.058,962
55.90115988551312,-4.3359676932940685,147.0,55.80511293548626,-4.195982430231648,68,18.849,1366
55.90115988551312,-4.3359676932940685,147.0,55.9265186267864,-4.256321117900257,69,10.535,722
55.90115988551312,-4.3359676932940685,147.0,55.90353118048908,-4.119171950823842,70,19.533,1443
55.90115988551312,-4.3359676932940685,147.0,55.81502357146685,-4.260984914919316,71,15.071,1236
55.90115988551312,-4.3359676932940685,147.0,55.894355058439295,-4.293143876300353,72,4.337,531
55.90115988551312,-4.3359676932940685,147.0,55.80246488546192,-4.242274834364847,73,16.335,1332
55.90115988551312,-4.3359676932940685,147.0,55.887581813102464,-4.2985753032369685,74,3.837,522
55.90115988551312,-4.3359676932940685,147.0,55.928290955083554,-4.295962301582311,75,6.414,530
55.90115988551312,-4.3359676932940685,147.0,55.81096058143004,-4.368797105646974,76,19.006,1275
55.90115988551312,-4.3359676932940685,147.0,55.84818750128869,-4.3631808239548375,77,10.761,863
55.90115988551312,-4.3359676932940685,147.0,55.81610352786554,-4.330910795148831,78,15.345,1025
55.90115988551312,-4.3359676932940685,147.0,55.807034270653475,-4.136077366584948,79,19.633,1475
55.90115988551312,-4.3359676932940685,147.0,55.86778114631985,-4.233612892312959,80,9.22,846
55.90115988551312,-4.3359676932940685,147.0,55.79578956690847,-4.368290459919509,81,15.831,2450
55.90115988551312,-4.3359676932940685,147.0,55.897877306124535,-4.077031107370425,82,22.161,1974
55.90115988551312,-4.3359676932940685,147.0,55.80721289582252,-4.242612882195534,83,15.558,1284
55.90115988551312,-4.3359676932940685,147.0,55.92209393969709,-4.157940141970138,84,18.747,1197
55.90115988551312,-4.3359676932940685,147.0,55.79188265083702,-4.28147512844989,85,20.35,1332
55.90115988551312,-4.3359676932940685,147.0,55.88043814367632,-4.104360473798184,86,18.147,1195
55.90115988551312,-4.3359676932940685,147.0,55.90345994988174,-4.293652184560058,87,4.898,571
55.90115988551312,-4.3359676932940685,147.0,55.91230525016259,-4.108196424937476,88,22.985,1489
55.90115988551312,-4.3359676932940685,147.0,55.90569137930351,-4.3852429216612405,89,4.665,564
55.90115988551312,-4.3359676932940685,147.0,55.824402119970216,-4.298242138123909,90,13.812,1033
55.90115988551312,-4.3359676932940685,147.0,55.887104625653905,-4.201059285828647,91,12.356,1184
55.90115988551312,-4.3359676932940685,147.0,55.92006797200308,-4.195257422106852,92,14.135,940
55.90115988551312,-4.3359676932940685,147.0,55.7944551107823,-4.1683749063061635,93,20.588,1859
55.90115988551312,-4.3359676932940685,147.0,55.88003873447475,-4.304350182381346,94,3.892,486
55.90115988551312,-4.3359676932940685,147.0,55.88308048053683,-4.2942103285768285,95,4.35,506
55.90115988551312,-4.3359676932940685,147.0,55.80779271908626,-4.3234306371549245,96,16.616,1157
55.90115988551312,-4.3359676932940685,147.0,55.90123467399992,-4.380968632189907,97,7.569,883
55.90115988551312,-4.3359676932940685,147.0,55.88049231589054,-4.293733205570284,98,4.252,496
55.90115988551312,-4.3359676932940685,147.0,55.84697147961761,-4.334108806216461,99,7.876,790
55.90115988551312,-4.3359676932940685,147.0,55.83067141211495,-4.195633651932574,100,15.209,1103
55.90115988551312,-4.3359676932940685,147.0,55.89350845984679,-4.099445363541155,101,20.185,1339
55.90115988551312,-4.3359676932940685,147.0,55.92592408664018,-4.179171340754611,102,16.306,1084
55.90115988551312,-4.3359676932940685,147.0,55.84941827409408,-4.169566750359822,103,13.997,1277
55.90115988551312,-4.3359676932940685,147.0,55.92413375575165,-4.226670311636797,104,15.908,1750
55.90115988551312,-4.3359676932940685,147.0,55.88995713457192,-4.285031242761631,105,4.495,532
55.90115988551312,-4.3359676932940685,147.0,55.90528066541109,-4.131569818675147,106,16.983,1088
55.90115988551312,-4.3359676932940685,147.0,55.87850608392288,-4.103517886631066,107,18.478,1228
55.90115988551312,-4.3359676932940685,147.0,55.80799405798939,-4.284953473560454,108,15.115,1287
55.90115988551312,-4.3359676932940685,147.0,55.906815669822045,-4.385279074380807,109,3.976,478
55.90115988551312,-4.3359676932940685,147.0,55.916237634416454,-4.222407816066865,110,13.817,920
55.90115988551312,-4.3359676932940685,147.0,55.915798955837815,-4.088621086891774,111,23.885,1419
55.90115988551312,-4.3359676932940685,147.0,55.827538479175395,-4.350653065976025,112,11.14,1105
55.90115988551312,-4.3359676932940685,147.0,55.799515288981674,-4.0866627646338864,113,29.939,1666
55.90115988551312,-4.3359676932940685,147.0,55.831024245961984,-4.244756518165482,114,12.675,1008
55.90115988551312,-4.3359676932940685,147.0,55.86754360554833,-4.2143078261423845,115,10.56,962
55.90115988551312,-4.3359676932940685,147.0,55.8574985965699,-4.1521224561179935,116,15.844,1178
55.90115988551312,-4.3359676932940685,147.0,55.88095643501817,-4.32811659177277,117,2.837,408
55.90115988551312,-4.3359676932940685,147.0,55.85240433608213,-4.177570445500026,118,13.282,1149
55.90115988551312,-4.3359676932940685,147.0,55.91169549549074,-4.359708873069638,119,6.286,637
55.90115988551312,-4.3359676932940685,147.0,55.92640787519779,-4.300990956079843,120,6.222,550
55.90115988551312,-4.3359676932940685,147.0,55.84019197366069,-4.205566157974415,121,16.529,1255
55.90115988551312,-4.3359676932940685,147.0,55.866619942939494,-4.268153778778456,122,7.045,800
55.90115988551312,-4.3359676932940685,147.0,55.81327411986783,-4.2587495402872255,123,15.05,1245
55.90115988551312,-4.3359676932940685,147.0,55.86022660117776,-4.154711133590585,124,15.061,1105
55.90115988551312,-4.3359676932940685,147.0,55.831522729053496,-4.370420634377527,125,10.602,1034
55.90115988551312,-4.3359676932940685,147.0,55.84074346341779,-4.172411658039648,126,17.137,1159
55.90115988551312,-4.3359676932940685,147.0,55.8801412435821,-4.258666277618953,127,7.72,819
55.90115988551312,-4.3359676932940685,147.0,55.8434159429892,-4.1056733307349536,128,21.54,1339
55.90115988551312,-4.3359676932940685,147.0,55.83522057783537,-4.25736952395694,129,11.734,1046
55.90115988551312,-4.3359676932940685,147.0,55.86467774065618,-4.2250953414252415,130,9.344,798
55.90115988551312,-4.3359676932940685,147.0,55.8953662249987,-4.231143624453162,131,15.179,1052
55.90115988551312,-4.3359676932940685,147.0,55.81920459649808,-4.236238450921302,132,14.778,1157
55.90115988551312,-4.3359676932940685,147.0,55.900795402502105,-4.206009410292495,133,15.739,1176
55.90115988551312,-4.3359676932940685,147.0,55.86078490474355,-4.339631469507248,134,6.089,719
55.90115988551312,-4.3359676932940685,147.0,55.924999437053955,-4.191173279124663,135,14.386,950
55.90115988551312,-4.3359676932940685,147.0,55.81549096669224,-4.126910343137958,136,20.624,1522
55.90115988551312,-4.3359676932940685,147.0,55.90135585493081,-4.207622057499793,137,15.628,1139
55.90115988551312,-4.3359676932940685,147.0,55.845816555475636,-4.129576488296543,138,19.034,1347
55.90115988551312,-4.3359676932940685,147.0,55.80470047644827,-4.291960781118721,139,15.142,1265
55.90115988551312,-4.3359676932940685,147.0,55.89185394491289,-4.179857587296262,140,13.548,959
55.90115988551312,-4.3359676932940685,147.0,55.91859399996558,-4.3401659608951215,141,5.152,487
55.90115988551312,-4.3359676932940685,147.0,55.90671476836246,-4.3642865107142725,142,3.555,521
55.90115988551312,-4.3359676932940685,147.0,55.81273399651921,-4.167613047894911,143,17.682,1286
55.90115988551312,-4.3359676932940685,147.0,55.80939871413575,-4.276056954355674,144,15.023,1251
55.90115988551312,-4.3359676932940685,147.0,55.88312869327199,-4.214542892826467,145,11.368,1003
55.90115988551312,-4.3359676932940685,147.0,55.815340374954424,-4.283514492524949,146,14.017,1136
55.90115988551312,-4.3359676932940685,147.0,55.87864379034378,-4.080636908866371,147,22.159,1402
55.90115988551312,-4.3359676932940685,147.0,55.89423440492952,-4.2418874418647645,148,13.055,963
55.90115988551312,-4.3359676932940685,147.0,55.92796852989922,-4.305970400193036,149,6.35,573
55.90115988551312,-4.3359676932940685,147.0,55.92895153496988,-4.082888064137351,150,24.255,1369
55.90115988551312,-4.3359676932940685,147.0,55.790766759429424,-4.135285962371055,151,23.013,1500
55.90115988551312,-4.3359676932940685,147.0,55.80808041573422,-4.184105792933229,152,18.643,1297
55.90115988551312,-4.3359676932940685,147.0,55.7982747224006,-4.3931924101572655,153,14.753,1316
55.90115988551312,-4.3359676932940685,147.0,55.81178474630603,-4.337962602706185,154,16.412,1131
55.90115988551312,-4.3359676932940685,147.0,55.852972007756,-4.353957895039277,155,7.41,818
55.90115988551312,-4.3359676932940685,147.0,55.797152036890715,-4.311451416173846,156,18.384,1205
55.90115988551312,-4.3359676932940685,147.0,55.84839482833289,-4.1889265673730645,157,13.026,1166
55.90115988551312,-4.3359676932940685,147.0,55.86383954752864,-4.387927326091926,158,13.397,890
55.90115988551312,-4.3359676932940685,147.0,55.807182357875575,-4.140487806234959,159,19.31,1450
55.90115988551312,-4.3359676932940685,147.0,55.8296607577131,-4.218765551358871,160,14.095,1164
55.90115988551312,-4.3359676932940685,147.0,55.82699494590622,-4.295404959002084,161,13.848,1009
55.90115988551312,-4.3359676932940685,147.0,55.861248665443505,-4.307186036515638,162,6.23,690
55.90115988551312,-4.3359676932940685,147.0,55.897857165570365,-4.156645648865112,163,15.024,996
55.90115988551312,-4.3359676932940685,147.0,55.877747555317356,-4.342792329217214,164,3.657,582
55.90115988551312,-4.3359676932940685,147.0,55.92259641850896,-4.389236283866068,165,9.151,693
55.90115988551312,-4.3359676932940685,147.0,55.92621339590465,-4.2820478996479165,166,7.581,575
55.90115988551312,-4.3359676932940685,147.0,55.80660612206145,-4.094012410496262,167,25.587,1626
55.90115988551312,-4.3359676932940685,147.0,55.84605439624201,-4.09192094471571,168,19.361,1111
55.90115988551312,-4.3359676932940685,147.0,55.83961965364386,-4.1201104741133365,169,20.891,1237
55.90115988551312,-4.3359676932940685,147.0,55.85030951683019,-4.217608837338132,170,11.776,1083
55.90115988551312,-4.3359676932940685,147.0,55.85971342373431,-4.246748195156407,171,9.713,897
55.90115988551312,-4.3359676932940685,147.0,55.815747728441636,-4.150792968910081,172,18.18,1347
55.90115988551312,-4.3359676932940685,147.0,55.80041195127493,-4.3806303679601495,173,14.169,1268
55.90115988551312,-4.3359676932940685,147.0,55.85487415463933,-4.092829020720908,174,19.171,1112
55.90115988551312,-4.3359676932940685,147.0,55.80456076444065,-4.203157873727267,175,18.868,1368
55.90115988551312,-4.3359676932940685,147.0,55.84723005082115,-4.330151260440624,176,8.066,771
55.90115988551312,-4.3359676932940685,147.0,55.88775631668876,-4.123428423568879,177,18.772,1207
55.90115988551312,-4.3359676932940685,147.0,55.82857385936083,-4.129579652409029,178,20.702,1534
55.90115988551312,-4.3359676932940685,147.0,55.879865395443076,-4.36272007519476,179,3.918,584
55.90115988551312,-4.3359676932940685,147.0,55.87973669437185,-4.215636550296907,180,10.655,1014
55.90115988551312,-4.3359676932940685,147.0,55.8162521393249,-4.1868605517933455,181,17.062,1257
55.90115988551312,-4.3359676932940685,147.0,55.80755514535402,-4.201625161718038,182,18.621,1335
55.90115988551312,-4.3359676932940685,147.0,55.85565398843102,-4.250533808562208,183,9.294,909
55.90115988551312,-4.3359676932940685,147.0,55.929636326069506,-4.381100658166308,184,8.213,653
55.90115988551312,-4.3359676932940685,147.0,55.879581066995904,-4.21986165885879,185,10.296,995
55.90115988551312,-4.3359676932940685,147.0,55.92647877645629,-4.127886630011083,186,20.551,1406
55.90115988551312,-4.3359676932940685,147.0,55.82282427264178,-4.371094162561755,187,11.59,1121
55.90115988551312,-4.3359676932940685,147.0,55.90291353127043,-4.3414180899754955,188,0.479,81
55.90115988551312,-4.3359676932940685,147.0,55.78437024600116,-4.156926419796477,189,22.357,1514
55.90115988551312,-4.3359676932940685,147.0,55.8321542449311,-4.1561720476648265,190,17.966,1250
55.90115988551312,-4.3359676932940685,147.0,55.88310705812362,-4.084862107847263,191,23.425,1274
55.90115988551312,-4.3359676932940685,147.0,55.85616333886266,-4.110333739241922,192,17.972,1156
55.90115988551312,-4.3359676932940685,147.0,55.90185178498145,-4.152652007721208,193,20.365,1641
55.90115988551312,-4.3359676932940685,147.0,55.8837118458465,-4.182392741162416,194,15.212,1968
55.90115988551312,-4.3359676932940685,147.0,55.83086049774818,-4.312434105301623,195,14.782,1114
55.90115988551312,-4.3359676932940685,147.0,55.821849459706755,-4.176208567338996,196,16.81,1221
55.90115988551312,-4.3359676932940685,147.0,55.88009750494633,-4.255964552703097,197,7.616,813
55.90115988551312,-4.3359676932940685,147.0,55.87413911675089,-4.369807111055967,198,9.399,781
55.90115988551312,-4.3359676932940685,147.0,55.86354071984154,-4.093406384811447,199,18.588,1210
55.83311136039082,-4.253903698586615,148.0,55.8391698042901,-4.214478482526657,0,5.426,544
55.83311136039082,-4.253903698586615,148.0,55.86553667472969,-4.350500876963486,1,12.671,751
55.83311136039082,-4.253903698586615,148.0,55.912892829643965,-4.286410947894997,2,13.429,2003
55.83311136039082,-4.253903698586615,148.0,55.84854019346565,-4.391697428307927,3,12.102,973
55.83311136039082,-4.253903698586615,148.0,55.79232875093524,-4.310455024670266,4,7.493,687
55.83311136039082,-4.253903698586615,148.0,55.837143362020576,-4.120043492886959,5,9.722,585
55.83311136039082,-4.253903698586615,148.0,55.84185129809378,-4.283879851305767,6,2.362,333
55.83311136039082,-4.253903698586615,148.0,55.90609664927746,-4.311383718964596,7,10.855,995
55.83311136039082,-4.253903698586615,148.0,55.7832172019226,-4.31249791159531,8,8.345,699
55.83311136039082,-4.253903698586615,148.0,55.8177258987159,-4.260489243356555,9,2.324,316
55.83311136039082,-4.253903698586615,148.0,55.903262790870684,-4.212111703691823,10,9.902,1012
55.83311136039082,-4.253903698586615,148.0,55.893978813107424,-4.1413270988368325,11,11.378,1014
55.83311136039082,-4.253903698586615,148.0,55.894884622950286,-4.154349650804189,12,13.763,913
55.83311136039082,-4.253903698586615,148.0,55.80680963785043,-4.263605759417426,13,4.501,550
55.83311136039082,-4.253903698586615,148.0,55.81824312166051,-4.346878846315483,14,8.232,812
55.83311136039082,-4.253903698586615,148.0,55.84742656229786,-4.269221405976544,15,2.727,351
55.83311136039082,-4.253903698586615,148.0,55.80730424868546,-4.315177272898423,16,6.122,592
55.83311136039082,-4.253903698586615,148.0,55.83798278877758,-4.260604018644594,17,0.833,147
55.83311136039082,-4.253903698586615,148.0,55.89424631095569,-4.343398240721316,18,11.445,858
55.83311136039082,-4.253903698586615,148.0,55.83908093533876,-4.223069302141199,19,3.613,556
55.83311136039082,-4.253903698586615,148.0,55.8357731433788,-4.270556349194068,20,1.517,197
55.83311136039082,-4.253903698586615,148.0,55.90309627527835,-4.360750370095284,21,13.478,1093
55.83311136039082,-4.253903698586615,148.0,55.85652103589449,-4.101365743428073,22,14.655,909
55.83311136039082,-4.253903698586615,148.0,55.783736419963375,-4.235306054793451,23,6.879,671
55.83311136039082,-4.253903698586615,148.0,55.92064824587275,-4.2358362157531895,24,11.027,993
55.83311136039082,-4.253903698586615,148.0,55.907674892744176,-4.2497703459088045,25,9.779,2038
55.83311136039082,-4.253903698586615,148.0,55.919604340921964,-4.226208116301384,26,10.951,1004
55.83311136039082,-4.253903698586615,148.0,55.83219148710444,-4.304581930326681,27,5.294,634
55.83311136039082,-4.253903698586615,148.0,55.79569701419853,-4.1769099124482585,28,8.79,763
55.83311136039082,-4.253903698586615,148.0,55.81260197667657,-4.197841211154324,29,6.292,629
55.83311136039082,-4.253903698586615,148.0,55.826092940761974,-4.176919409292903,30,6.379,658
55.83311136039082,-4.253903698586615,148.0,55.828413149208096,-4.109650878166438,31,13.183,848
55.83311136039082,-4.253903698586615,148.0,55.8999241737755,-4.257993823533507,32,9.878,982
55.83311136039082,-4.253903698586615,148.0,55.892514250678616,-4.340118142906542,33,11.474,870
55.83311136039082,-4.253903698586615,148.0,55.855241629670886,-4.269936069312288,34,5.554,566
55.83311136039082,-4.253903698586615,148.0,55.877364911629314,-4.109701193625618,35,14.327,1058
55.83311136039082,-4.253903698586615,148.0,55.887053111734645,-4.1280531391159245,36,14.629,1024
55.83311136039082,-4.253903698586615,148.0,55.89108676863447,-4.105446803942431,37,20.884,1336
55.83311136039082,-4.253903698586615,148.0,55.842635153466425,-4.334387903339716,38,6.199,678
55.83311136039082,-4.253903698586615,148.0,55.89197542936556,-4.19614108945253,39,10.636,857
55.83311136039082,-4.253903698586615,148.0,55.825849135803445,-4.321179033230789,40,5.273,555
55.83311136039082,-4.253903698586615,148.0,55.81864602215581,-4.375055705699034,41,9.261,820
55.83311136039082,-4.253903698586615,148.0,55.92613065482397,-4.212698358862173,42,11.413,1057
55.83311136039082,-4.253903698586615,148.0,55.874439929608144,-4.279689658904073,43,6.114,624
55.83311136039082,-4.253903698586615,148.0,55.81998166828728,-4.245455535821837,44,2.351,300
55.83311136039082,-4.253903698586615,148.0,55.91066980601156,-4.213502644426629,45,10.365,1008
55.83311136039082,-4.253903698586615,148.0,55.8404807486866,-4.356656090229781,46,9.376,932
55.83311136039082,-4.253903698586615,148.0,55.88708229912325,-4.079055837843032,47,18.514,928
55.83311136039082,-4.253903698586615,148.0,55.84510555179576,-4.178720975321847,48,8.044,673
55.83311136039082,-4.253903698586615,148.0,55.84413340760586,-4.085244529493477,49,15.211,1303
55.83311136039082,-4.253903698586615,148.0,55.83324217210475,-4.157183908594519,50,7.906,670
55.83311136039082,-4.253903698586615,148.0,55.895753278756494,-4.323131413571223,51,11.231,969
55.83311136039082,-4.253903698586615,148.0,55.88609925330935,-4.38354364327563,52,13.704,820
55.83311136039082,-4.253903698586615,148.0,55.86596770908397,-4.338853955125049,53,10.487,700
55.83311136039082,-4.253903698586615,148.0,55.819381988004544,-4.256567679373081,54,2.39,310
55.83311136039082,-4.253903698586615,148.0,55.919398785577634,-4.298102785445152,55,13.705,1683
55.83311136039082,-4.253903698586615,148.0,55.81052481551728,-4.0780884232687225,56,15.982,1995
55.83311136039082,-4.253903698586615,148.0,55.8411814367945,-4.125490362928665,57,11.264,743
55.83311136039082,-4.253903698586615,148.0,55.844855881791794,-4.151320272286683,58,8.896,724
55.83311136039082,-4.253903698586615,148.0,55.79334532620707,-4.3052187624925375,59,7.088,648
55.83311136039082,-4.253903698586615,148.0,55.78499644933002,-4.082518262203789,60,19.705,994
55.83311136039082,-4.253903698586615,148.0,55.86482365717543,-4.074666870071637,61,16.207,1102
55.83311136039082,-4.253903698586615,148.0,55.910543969585106,-4.384534109666136,62,15.305,1158
55.83311136039082,-4.253903698586615,148.0,55.799715679086134,-4.188568421733812,63,8.772,921
55.83311136039082,-4.253903698586615,148.0,55.90005630083831,-4.294022887833187,64,9.927,949
55.83311136039082,-4.253903698586615,148.0,55.82573931186619,-4.210157383495828,65,4.203,444
55.83311136039082,-4.253903698586615,148.0,55.88010014610652,-4.288014027401103,66,8.648,917
55.83311136039082,-4.253903698586615,148.0,55.8836463272421,-4.377148406451105,67,13.474,897
55.83311136039082,-4.253903698586615,148.0,55.80511293548626,-4.195982430231648,68,7.017,662
55.83311136039082,-4.253903698586615,148.0,55.9265186267864,-4.256321117900257,69,13.243,1097
55.83311136039082,-4.253903698586615,148.0,55.90353118048908,-4.119171950823842,70,15.525,1266
55.83311136039082,-4.253903698586615,148.0,55.81502357146685,-4.260984914919316,71,2.427,334
55.83311136039082,-4.253903698586615,148.0,55.894355058439295,-4.293143876300353,72,9.217,896
55.83311136039082,-4.253903698586615,148.0,55.80246488546192,-4.242274834364847,73,4.44,511
55.83311136039082,-4.253903698586615,148.0,55.887581813102464,-4.2985753032369685,74,8.829,892
55.83311136039082,-4.253903698586615,148.0,55.928290955083554,-4.295962301582311,75,14.127,1097
55.83311136039082,-4.253903698586615,148.0,55.81096058143004,-4.368797105646974,76,9.364,881
55.83311136039082,-4.253903698586615,148.0,55.84818750128869,-4.3631808239548375,77,13.177,799
55.83311136039082,-4.253903698586615,148.0,55.81610352786554,-4.330910795148831,78,6.462,569
55.83311136039082,-4.253903698586615,148.0,55.807034270653475,-4.136077366584948,79,9.613,909
55.83311136039082,-4.253903698586615,148.0,55.86778114631985,-4.233612892312959,80,5.105,638
55.83311136039082,-4.253903698586615,148.0,55.79578956690847,-4.368290459919509,81,16.804,2131
55.83311136039082,-4.253903698586615,148.0,55.897877306124535,-4.077031107370425,82,20.873,1674
55.83311136039082,-4.253903698586615,148.0,55.80721289582252,-4.242612882195534,83,3.663,463
55.83311136039082,-4.253903698586615,148.0,55.92209393969709,-4.157940141970138,84,15.296,1064
55.83311136039082,-4.253903698586615,148.0,55.79188265083702,-4.28147512844989,85,5.874,608
55.83311136039082,-4.253903698586615,148.0,55.88043814367632,-4.104360473798184,86,20.206,1060
55.83311136039082,-4.253903698586615,148.0,55.90345994988174,-4.293652184560058,87,10.396,994
55.83311136039082,-4.253903698586615,148.0,55.91230525016259,-4.108196424937476,88,16.793,1211
55.83311136039082,-4.253903698586615,148.0,55.90569137930351,-4.3852429216612405,89,15.34,1181
55.83311136039082,-4.253903698586615,148.0,55.824402119970216,-4.298242138123909,90,3.908,455
55.83311136039082,-4.253903698586615,148.0,55.887104625653905,-4.201059285828647,91,8.241,976
55.83311136039082,-4.253903698586615,148.0,55.92006797200308,-4.195257422106852,92,12.259,1035
55.83311136039082,-4.253903698586615,148.0,55.7944551107823,-4.1683749063061635,93,8.92,1197
55.83311136039082,-4.253903698586615,148.0,55.88003873447475,-4.304350182381346,94,8.384,840
55.83311136039082,-4.253903698586615,148.0,55.88308048053683,-4.2942103285768285,95,7.984,814
55.83311136039082,-4.253903698586615,148.0,55.80779271908626,-4.3234306371549245,96,7.081,638
55.83311136039082,-4.253903698586615,148.0,55.90123467399992,-4.380968632189907,97,15.67,1303
55.83311136039082,-4.253903698586615,148.0,55.88049231589054,-4.293733205570284,98,7.886,804
55.83311136039082,-4.253903698586615,148.0,55.84697147961761,-4.334108806216461,99,8.653,712
55.83311136039082,-4.253903698586615,148.0,55.83067141211495,-4.195633651932574,100,5.189,537
55.83311136039082,-4.253903698586615,148.0,55.89350845984679,-4.099445363541155,101,19.951,1106
55.83311136039082,-4.253903698586615,148.0,55.92592408664018,-4.179171340754611,102,16.637,1147
55.83311136039082,-4.253903698586615,148.0,55.84941827409408,-4.169566750359822,103,8.749,739
55.83311136039082,-4.253903698586615,148.0,55.92413375575165,-4.226670311636797,104,12.628,1799
55.83311136039082,-4.253903698586615,148.0,55.88995713457192,-4.285031242761631,105,8.157,799
55.83311136039082,-4.253903698586615,148.0,55.90528066541109,-4.131569818675147,106,12.975,911
55.83311136039082,-4.253903698586615,148.0,55.87850608392288,-4.103517886631066,107,20.537,1093
55.83311136039082,-4.253903698586615,148.0,55.80799405798939,-4.284953473560454,108,4.11,558
55.83311136039082,-4.253903698586615,148.0,55.906815669822045,-4.385279074380807,109,14.651,1096
55.83311136039082,-4.253903698586615,148.0,55.916237634416454,-4.222407816066865,110,10.866,992
55.83311136039082,-4.253903698586615,148.0,55.915798955837815,-4.088621086891774,111,23.032,1181
55.83311136039082,-4.253903698586615,148.0,55.827538479175395,-4.350653065976025,112,7.601,743
55.83311136039082,-4.253903698586615,148.0,55.799515288981674,-4.0866627646338864,113,20.075,1107
55.83311136039082,-4.253903698586615,148.0,55.831024245961984,-4.244756518165482,114,1.623,263
55.83311136039082,-4.253903698586615,148.0,55.86754360554833,-4.2143078261423845,115,6.552,785
55.83311136039082,-4.253903698586615,148.0,55.8574985965699,-4.1521224561179935,116,10.052,850
55.83311136039082,-4.253903698586615,148.0,55.88095643501817,-4.32811659177277,117,9.287,685
55.83311136039082,-4.253903698586615,148.0,55.85240433608213,-4.177570445500026,118,7.378,759
55.83311136039082,-4.253903698586615,148.0,55.91169549549074,-4.359708873069638,119,15.463,1284
55.83311136039082,-4.253903698586615,148.0,55.92640787519779,-4.300990956079843,120,14.575,1146
55.83311136039082,-4.253903698586615,148.0,55.84019197366069,-4.205566157974415,121,5.912,659
55.83311136039082,-4.253903698586615,148.0,55.866619942939494,-4.268153778778456,122,5.907,705
55.83311136039082,-4.253903698586615,148.0,55.81327411986783,-4.2587495402872255,123,2.714,364
55.83311136039082,-4.253903698586615,148.0,55.86022660117776,-4.154711133590585,124,10.405,880
55.83311136039082,-4.253903698586615,148.0,55.831522729053496,-4.370420634377527,125,9.655,913
55.83311136039082,-4.253903698586615,148.0,55.84074346341779,-4.172411658039648,126,7.117,593
55.83311136039082,-4.253903698586615,148.0,55.8801412435821,-4.258666277618953,127,7.756,790
55.83311136039082,-4.253903698586615,148.0,55.8434159429892,-4.1056733307349536,128,11.52,772
55.83311136039082,-4.253903698586615,148.0,55.83522057783537,-4.25736952395694,129,0.433,114
55.83311136039082,-4.253903698586615,148.0,55.86467774065618,-4.2250953414252415,130,4.91,550
55.83311136039082,-4.253903698586615,148.0,55.8953662249987,-4.231143624453162,131,8.053,804
55.83311136039082,-4.253903698586615,148.0,55.81920459649808,-4.236238450921302,132,2.935,350
55.83311136039082,-4.253903698586615,148.0,55.900795402502105,-4.206009410292495,133,10.22,999
55.83311136039082,-4.253903698586615,148.0,55.86078490474355,-4.339631469507248,134,11.022,795
55.83311136039082,-4.253903698586615,148.0,55.924999437053955,-4.191173279124663,135,12.51,1044
55.83311136039082,-4.253903698586615,148.0,55.81549096669224,-4.126910343137958,136,10.604,955
55.83311136039082,-4.253903698586615,148.0,55.90135585493081,-4.207622057499793,137,10.219,976
55.83311136039082,-4.253903698586615,148.0,55.845816555475636,-4.129576488296543,138,10.269,814
55.83311136039082,-4.253903698586615,148.0,55.80470047644827,-4.291960781118721,139,5.542,576
55.83311136039082,-4.253903698586615,148.0,55.89185394491289,-4.179857587296262,140,9.54,782
55.83311136039082,-4.253903698586615,148.0,55.91859399996558,-4.3401659608951215,141,14.329,1135
55.83311136039082,-4.253903698586615,148.0,55.90671476836246,-4.3642865107142725,142,14.23,1148
55.83311136039082,-4.253903698586615,148.0,55.81273399651921,-4.167613047894911,143,8.123,734
55.83311136039082,-4.253903698586615,148.0,55.80939871413575,-4.276056954355674,144,3.575,441
55.83311136039082,-4.253903698586615,148.0,55.88312869327199,-4.214542892826467,145,7.624,831
55.83311136039082,-4.253903698586615,148.0,55.815340374954424,-4.283514492524949,146,4.417,447
55.83311136039082,-4.253903698586615,148.0,55.87864379034378,-4.080636908866371,147,19.494,963
55.83311136039082,-4.253903698586615,148.0,55.89423440492952,-4.2418874418647645,148,8.616,888
55.83311136039082,-4.253903698586615,148.0,55.92796852989922,-4.305970400193036,149,14.703,1169
55.83311136039082,-4.253903698586615,148.0,55.92895153496988,-4.082888064137351,150,23.99,1189
55.83311136039082,-4.253903698586615,148.0,55.790766759429424,-4.135285962371055,151,11.345,838
55.83311136039082,-4.253903698586615,148.0,55.80808041573422,-4.184105792933229,152,6.92,636
55.83311136039082,-4.253903698586615,148.0,55.7982747224006,-4.3931924101572655,153,11.002,988
55.83311136039082,-4.253903698586615,148.0,55.81178474630603,-4.337962602706185,154,6.877,614
55.83311136039082,-4.253903698586615,148.0,55.852972007756,-4.353957895039277,155,10.221,798
55.83311136039082,-4.253903698586615,148.0,55.797152036890715,-4.311451416173846,156,7.378,681
55.83311136039082,-4.253903698586615,148.0,55.84839482833289,-4.1889265673730645,157,8.695,708
55.83311136039082,-4.253903698586615,148.0,55.86383954752864,-4.387927326091926,158,15.813,826
55.83311136039082,-4.253903698586615,148.0,55.807182357875575,-4.140487806234959,159,9.29,884
55.83311136039082,-4.253903698586615,148.0,55.8296607577131,-4.218765551358871,160,3.837,445
55.83311136039082,-4.253903698586615,148.0,55.82699494590622,-4.295404959002084,161,3.735,420
55.83311136039082,-4.253903698586615,148.0,55.861248665443505,-4.307186036515638,162,6.114,705
55.83311136039082,-4.253903698586615,148.0,55.897857165570365,-4.156645648865112,163,11.016,819
55.83311136039082,-4.253903698586615,148.0,55.877747555317356,-4.342792329217214,164,9.885,791
55.83311136039082,-4.253903698586615,148.0,55.92259641850896,-4.389236283866068,165,29.175,1389
55.83311136039082,-4.253903698586615,148.0,55.92621339590465,-4.2820478996479165,166,13.027,1046
55.83311136039082,-4.253903698586615,148.0,55.80660612206145,-4.094012410496262,167,15.567,1060
55.83311136039082,-4.253903698586615,148.0,55.84605439624201,-4.09192094471571,168,15.353,934
55.83311136039082,-4.253903698586615,148.0,55.83961965364386,-4.1201104741133365,169,10.871,670
55.83311136039082,-4.253903698586615,148.0,55.85030951683019,-4.217608837338132,170,4.844,579
55.83311136039082,-4.253903698586615,148.0,55.85971342373431,-4.246748195156407,171,3.643,487
55.83311136039082,-4.253903698586615,148.0,55.815747728441636,-4.150792968910081,172,8.16,780
55.83311136039082,-4.253903698586615,148.0,55.80041195127493,-4.3806303679601495,173,10.418,941
55.83311136039082,-4.253903698586615,148.0,55.85487415463933,-4.092829020720908,174,15.178,863
55.83311136039082,-4.253903698586615,148.0,55.80456076444065,-4.203157873727267,175,7.036,664
55.83311136039082,-4.253903698586615,148.0,55.84723005082115,-4.330151260440624,176,8.174,656
55.83311136039082,-4.253903698586615,148.0,55.88775631668876,-4.123428423568879,177,14.764,1030
55.83311136039082,-4.253903698586615,148.0,55.82857385936083,-4.129579652409029,178,10.682,968
55.83311136039082,-4.253903698586615,148.0,55.879865395443076,-4.36272007519476,179,10.793,817
55.83311136039082,-4.253903698586615,148.0,55.87973669437185,-4.215636550296907,180,6.911,842
55.83311136039082,-4.253903698586615,148.0,55.8162521393249,-4.1868605517933455,181,6.287,618
55.83311136039082,-4.253903698586615,148.0,55.80755514535402,-4.201625161718038,182,6.271,612
55.83311136039082,-4.253903698586615,148.0,55.85565398843102,-4.250533808562208,183,2.682,389
55.83311136039082,-4.253903698586615,148.0,55.929636326069506,-4.381100658166308,184,17.39,1300
55.83311136039082,-4.253903698586615,148.0,55.879581066995904,-4.21986165885879,185,6.552,823
55.83311136039082,-4.253903698586615,148.0,55.92647877645629,-4.127886630011083,186,16.378,1150
55.83311136039082,-4.253903698586615,148.0,55.82282427264178,-4.371094162561755,187,8.791,836
55.83311136039082,-4.253903698586615,148.0,55.90291353127043,-4.3414180899754955,188,12.276,1027
55.83311136039082,-4.253903698586615,148.0,55.78437024600116,-4.156926419796477,189,10.689,853
55.83311136039082,-4.253903698586615,148.0,55.8321542449311,-4.1561720476648265,190,7.946,684
55.83311136039082,-4.253903698586615,148.0,55.88310705812362,-4.084862107847263,191,16.655,845
55.83311136039082,-4.253903698586615,148.0,55.85616333886266,-4.110333739241922,192,15.298,960
55.83311136039082,-4.253903698586615,148.0,55.90185178498145,-4.152652007721208,193,14.925,1443
55.83311136039082,-4.253903698586615,148.0,55.8837118458465,-4.182392741162416,194,11.204,1791
55.83311136039082,-4.253903698586615,148.0,55.83086049774818,-4.312434105301623,195,4.878,536
55.83311136039082,-4.253903698586615,148.0,55.821849459706755,-4.176208567338996,196,6.79,655
55.83311136039082,-4.253903698586615,148.0,55.88009750494633,-4.255964552703097,197,7.442,768
55.83311136039082,-4.253903698586615,148.0,55.87413911675089,-4.369807111055967,198,11.815,716
55.83311136039082,-4.253903698586615,148.0,55.86354071984154,-4.093406384811447,199,16.758,967
55.852479431266076,-4.073025336814149,149.0,55.8391698042901,-4.214478482526657,0,13.281,727
55.852479431266076,-4.073025336814149,149.0,55.86553667472969,-4.350500876963486,1,24.272,1077
55.852479431266076,-4.073025336814149,149.0,55.912892829643965,-4.286410947894997,2,20.658,2036
55.852479431266076,-4.073025336814149,149.0,55.84854019346565,-4.391697428307927,3,23.703,1298
55.852479431266076,-4.073025336814149,149.0,55.79232875093524,-4.310455024670266,4,26.194,1277
55.852479431266076,-4.073025336814149,149.0,55.837143362020576,-4.120043492886959,5,11.511,547
55.852479431266076,-4.073025336814149,149.0,55.84185129809378,-4.283879851305767,6,17.488,1030
55.852479431266076,-4.073025336814149,149.0,55.90609664927746,-4.311383718964596,7,19.342,1145
55.852479431266076,-4.073025336814149,149.0,55.7832172019226,-4.31249791159531,8,27.782,1335
55.852479431266076,-4.073025336814149,149.0,55.8177258987159,-4.260489243356555,9,17.438,943
55.852479431266076,-4.073025336814149,149.0,55.903262790870684,-4.212111703691823,10,13.895,926
55.852479431266076,-4.073025336814149,149.0,55.893978813107424,-4.1413270988368325,11,10.088,688
55.852479431266076,-4.073025336814149,149.0,55.894884622950286,-4.154349650804189,12,11.019,641
55.852479431266076,-4.073025336814149,149.0,55.80680963785043,-4.263605759417426,13,19.876,1210
55.852479431266076,-4.073025336814149,149.0,55.81824312166051,-4.346878846315483,14,23.357,1191
55.852479431266076,-4.073025336814149,149.0,55.84742656229786,-4.269221405976544,15,17.35,914
55.852479431266076,-4.073025336814149,149.0,55.80730424868546,-4.315177272898423,16,23.063,1176
55.852479431266076,-4.073025336814149,149.0,55.83798278877758,-4.260604018644594,17,15.959,844
55.852479431266076,-4.073025336814149,149.0,55.89424631095569,-4.343398240721316,18,19.203,1125
55.852479431266076,-4.073025336814149,149.0,55.83908093533876,-4.223069302141199,19,14.311,857
55.852479431266076,-4.073025336814149,149.0,55.8357731433788,-4.270556349194068,20,16.643,894
55.852479431266076,-4.073025336814149,149.0,55.90309627527835,-4.360750370095284,21,21.236,1360
55.852479431266076,-4.073025336814149,149.0,55.85652103589449,-4.101365743428073,22,3.178,287
55.852479431266076,-4.073025336814149,149.0,55.783736419963375,-4.235306054793451,23,24.949,1170
55.852479431266076,-4.073025336814149,149.0,55.92064824587275,-4.2358362157531895,24,18.256,1026
55.852479431266076,-4.073025336814149,149.0,55.907674892744176,-4.2497703459088045,25,17.008,2071
55.852479431266076,-4.073025336814149,149.0,55.919604340921964,-4.226208116301384,26,17.757,1044
55.852479431266076,-4.073025336814149,149.0,55.83219148710444,-4.304581930326681,27,22.235,1217
55.852479431266076,-4.073025336814149,149.0,55.79569701419853,-4.1769099124482585,28,19.792,889
55.852479431266076,-4.073025336814149,149.0,55.81260197667657,-4.197841211154324,29,15.146,862
55.852479431266076,-4.073025336814149,149.0,55.826092940761974,-4.176919409292903,30,11.429,689
55.852479431266076,-4.073025336814149,149.0,55.828413149208096,-4.109650878166438,31,5.44,421
55.852479431266076,-4.073025336814149,149.0,55.8999241737755,-4.257993823533507,32,17.107,1015
55.852479431266076,-4.073025336814149,149.0,55.892514250678616,-4.340118142906542,33,19.232,1137
55.852479431266076,-4.073025336814149,149.0,55.855241629670886,-4.269936069312288,34,15.194,655
55.852479431266076,-4.073025336814149,149.0,55.877364911629314,-4.109701193625618,35,6.379,350
55.852479431266076,-4.073025336814149,149.0,55.887053111734645,-4.1280531391159245,36,9.938,655
55.852479431266076,-4.073025336814149,149.0,55.89108676863447,-4.105446803942431,37,7.808,680
55.852479431266076,-4.073025336814149,149.0,55.842635153466425,-4.334387903339716,38,20.14,1005
55.852479431266076,-4.073025336814149,149.0,55.89197542936556,-4.19614108945253,39,11.679,650
55.852479431266076,-4.073025336814149,149.0,55.825849135803445,-4.321179033230789,40,20.413,1118
55.852479431266076,-4.073025336814149,149.0,55.81864602215581,-4.375055705699034,41,24.386,1199
55.852479431266076,-4.073025336814149,149.0,55.92613065482397,-4.212698358862173,42,17.131,1039
55.852479431266076,-4.073025336814149,149.0,55.874439929608144,-4.279689658904073,43,15.035,777
55.852479431266076,-4.073025336814149,149.0,55.81998166828728,-4.245455535821837,44,16.918,848
55.852479431266076,-4.073025336814149,149.0,55.91066980601156,-4.213502644426629,45,15.597,1001
55.852479431266076,-4.073025336814149,149.0,55.8404807486866,-4.356656090229781,46,23.792,1272
55.852479431266076,-4.073025336814149,149.0,55.88708229912325,-4.079055837843032,47,6.137,337
55.852479431266076,-4.073025336814149,149.0,55.84510555179576,-4.178720975321847,48,10.845,662
55.852479431266076,-4.073025336814149,149.0,55.84413340760586,-4.085244529493477,49,2.536,556
55.852479431266076,-4.073025336814149,149.0,55.83324217210475,-4.157183908594519,50,9.526,536
55.852479431266076,-4.073025336814149,149.0,55.895753278756494,-4.323131413571223,51,18.974,1199
55.852479431266076,-4.073025336814149,149.0,55.88609925330935,-4.38354364327563,52,25.305,1145
55.852479431266076,-4.073025336814149,149.0,55.86596770908397,-4.338853955125049,53,22.088,1026
55.852479431266076,-4.073025336814149,149.0,55.819381988004544,-4.256567679373081,54,18.347,998
55.852479431266076,-4.073025336814149,149.0,55.919398785577634,-4.298102785445152,55,20.934,1716
55.852479431266076,-4.073025336814149,149.0,55.81052481551728,-4.0780884232687225,56,7.186,1507
55.852479431266076,-4.073025336814149,149.0,55.8411814367945,-4.125490362928665,57,6.8,487
55.852479431266076,-4.073025336814149,149.0,55.844855881791794,-4.151320272286683,58,10.677,636
55.852479431266076,-4.073025336814149,149.0,55.79334532620707,-4.3052187624925375,59,26.525,1283
55.852479431266076,-4.073025336814149,149.0,55.78499644933002,-4.082518262203789,60,12.838,610
55.852479431266076,-4.073025336814149,149.0,55.86482365717543,-4.074666870071637,61,1.684,284
55.852479431266076,-4.073025336814149,149.0,55.910543969585106,-4.384534109666136,62,23.063,1425
55.852479431266076,-4.073025336814149,149.0,55.799715679086134,-4.188568421733812,63,21.452,1117
55.852479431266076,-4.073025336814149,149.0,55.90005630083831,-4.294022887833187,64,18.414,1098
55.852479431266076,-4.073025336814149,149.0,55.82573931186619,-4.210157383495828,65,13.203,677
55.852479431266076,-4.073025336814149,149.0,55.88010014610652,-4.288014027401103,66,17.135,1067
55.852479431266076,-4.073025336814149,149.0,55.8836463272421,-4.377148406451105,67,25.075,1223
55.852479431266076,-4.073025336814149,149.0,55.80511293548626,-4.195982430231648,68,16.126,937
55.852479431266076,-4.073025336814149,149.0,55.9265186267864,-4.256321117900257,69,20.472,1130
55.852479431266076,-4.073025336814149,149.0,55.90353118048908,-4.119171950823842,70,8.41,741
55.852479431266076,-4.073025336814149,149.0,55.81502357146685,-4.260984914919316,71,17.795,977
55.852479431266076,-4.073025336814149,149.0,55.894355058439295,-4.293143876300353,72,17.704,1046
55.852479431266076,-4.073025336814149,149.0,55.80246488546192,-4.242274834364847,73,19.059,1074
55.852479431266076,-4.073025336814149,149.0,55.887581813102464,-4.2985753032369685,74,17.316,1042
55.852479431266076,-4.073025336814149,149.0,55.928290955083554,-4.295962301582311,75,21.356,1130
55.852479431266076,-4.073025336814149,149.0,55.81096058143004,-4.368797105646974,76,26.043,1281
55.852479431266076,-4.073025336814149,149.0,55.84818750128869,-4.3631808239548375,77,24.778,1124
55.852479431266076,-4.073025336814149,149.0,55.81610352786554,-4.330910795148831,78,22.382,1031
55.852479431266076,-4.073025336814149,149.0,55.807034270653475,-4.136077366584948,79,10.895,723
55.852479431266076,-4.073025336814149,149.0,55.86778114631985,-4.233612892312959,80,12.165,641
55.852479431266076,-4.073025336814149,149.0,55.79578956690847,-4.368290459919509,81,31.127,2476
55.852479431266076,-4.073025336814149,149.0,55.897877306124535,-4.077031107370425,82,7.797,1019
55.852479431266076,-4.073025336814149,149.0,55.80721289582252,-4.242612882195534,83,18.282,1025
55.852479431266076,-4.073025336814149,149.0,55.92209393969709,-4.157940141970138,84,12.373,758
55.852479431266076,-4.073025336814149,149.0,55.79188265083702,-4.28147512844989,85,21.249,1268
55.852479431266076,-4.073025336814149,149.0,55.88043814367632,-4.104360473798184,86,5.689,290
55.852479431266076,-4.073025336814149,149.0,55.90345994988174,-4.293652184560058,87,20.131,1172
55.852479431266076,-4.073025336814149,149.0,55.91230525016259,-4.108196424937476,88,9.204,649
55.852479431266076,-4.073025336814149,149.0,55.90569137930351,-4.3852429216612405,89,23.098,1448
55.852479431266076,-4.073025336814149,149.0,55.824402119970216,-4.298242138123909,90,20.849,1039
55.852479431266076,-4.073025336814149,149.0,55.887104625653905,-4.201059285828647,91,11.453,724
55.852479431266076,-4.073025336814149,149.0,55.92006797200308,-4.195257422106852,92,15.136,857
55.852479431266076,-4.073025336814149,149.0,55.7944551107823,-4.1683749063061635,93,19.939,1322
55.852479431266076,-4.073025336814149,149.0,55.88003873447475,-4.304350182381346,94,16.649,950
55.852479431266076,-4.073025336814149,149.0,55.88308048053683,-4.2942103285768285,95,16.249,924
55.852479431266076,-4.073025336814149,149.0,55.80779271908626,-4.3234306371549245,96,23.653,1163
55.852479431266076,-4.073025336814149,149.0,55.90123467399992,-4.380968632189907,97,26.251,1624
55.852479431266076,-4.073025336814149,149.0,55.88049231589054,-4.293733205570284,98,16.151,915
55.852479431266076,-4.073025336814149,149.0,55.84697147961761,-4.334108806216461,99,20.254,1038
55.852479431266076,-4.073025336814149,149.0,55.83067141211495,-4.195633651932574,100,12.447,691
55.852479431266076,-4.073025336814149,149.0,55.89350845984679,-4.099445363541155,101,6.875,451
55.852479431266076,-4.073025336814149,149.0,55.92592408664018,-4.179171340754611,102,14.407,895
55.852479431266076,-4.073025336814149,149.0,55.84941827409408,-4.169566750359822,103,6.961,575
55.852479431266076,-4.073025336814149,149.0,55.92413375575165,-4.226670311636797,104,18.346,1781
55.852479431266076,-4.073025336814149,149.0,55.88995713457192,-4.285031242761631,105,16.644,949
55.852479431266076,-4.073025336814149,149.0,55.90528066541109,-4.131569818675147,106,10.745,659
55.852479431266076,-4.073025336814149,149.0,55.87850608392288,-4.103517886631066,107,6.02,323
55.852479431266076,-4.073025336814149,149.0,55.80799405798939,-4.284953473560454,108,19.662,1214
55.852479431266076,-4.073025336814149,149.0,55.906815669822045,-4.385279074380807,109,22.409,1363
55.852479431266076,-4.073025336814149,149.0,55.916237634416454,-4.222407816066865,110,17.672,1032
55.852479431266076,-4.073025336814149,149.0,55.915798955837815,-4.088621086891774,111,10.742,603
55.852479431266076,-4.073025336814149,149.0,55.827538479175395,-4.350653065976025,112,22.726,1122
55.852479431266076,-4.073025336814149,149.0,55.799515288981674,-4.0866627646338864,113,9.755,693
55.852479431266076,-4.073025336814149,149.0,55.831024245961984,-4.244756518165482,114,15.399,749
55.852479431266076,-4.073025336814149,149.0,55.86754360554833,-4.2143078261423845,115,10.838,627
55.852479431266076,-4.073025336814149,149.0,55.8574985965699,-4.1521224561179935,116,6.916,477
55.852479431266076,-4.073025336814149,149.0,55.88095643501817,-4.32811659177277,117,19.868,1007
55.852479431266076,-4.073025336814149,149.0,55.85240433608213,-4.177570445500026,118,7.239,590
55.852479431266076,-4.073025336814149,149.0,55.91169549549074,-4.359708873069638,119,22.8,1428
55.852479431266076,-4.073025336814149,149.0,55.92640787519779,-4.300990956079843,120,21.804,1179
55.852479431266076,-4.073025336814149,149.0,55.84019197366069,-4.205566157974415,121,13.767,842
55.852479431266076,-4.073025336814149,149.0,55.866619942939494,-4.268153778778456,122,14.112,758
55.852479431266076,-4.073025336814149,149.0,55.81327411986783,-4.2587495402872255,123,17.774,987
55.852479431266076,-4.073025336814149,149.0,55.86022660117776,-4.154711133590585,124,7.167,406
55.852479431266076,-4.073025336814149,149.0,55.831522729053496,-4.370420634377527,125,24.78,1292
55.852479431266076,-4.073025336814149,149.0,55.84074346341779,-4.172411658039648,126,10.507,581
55.852479431266076,-4.073025336814149,149.0,55.8801412435821,-4.258666277618953,127,14.388,772
55.852479431266076,-4.073025336814149,149.0,55.8434159429892,-4.1056733307349536,128,7.201,510
55.852479431266076,-4.073025336814149,149.0,55.83522057783537,-4.25736952395694,129,15.933,846
55.852479431266076,-4.073025336814149,149.0,55.86467774065618,-4.2250953414252415,130,12.058,544
55.852479431266076,-4.073025336814149,149.0,55.8953662249987,-4.231143624453162,131,15.282,837
55.852479431266076,-4.073025336814149,149.0,55.81920459649808,-4.236238450921302,132,17.502,898
55.852479431266076,-4.073025336814149,149.0,55.900795402502105,-4.206009410292495,133,13.08,816
55.852479431266076,-4.073025336814149,149.0,55.86078490474355,-4.339631469507248,134,22.623,1121
55.852479431266076,-4.073025336814149,149.0,55.924999437053955,-4.191173279124663,135,14.885,847
55.852479431266076,-4.073025336814149,149.0,55.81549096669224,-4.126910343137958,136,8.839,632
55.852479431266076,-4.073025336814149,149.0,55.90135585493081,-4.207622057499793,137,13.079,794
55.852479431266076,-4.073025336814149,149.0,55.845816555475636,-4.129576488296543,138,4.755,380
55.852479431266076,-4.073025336814149,149.0,55.80470047644827,-4.291960781118721,139,20.668,1273
55.852479431266076,-4.073025336814149,149.0,55.89185394491289,-4.179857587296262,140,12.283,593
55.852479431266076,-4.073025336814149,149.0,55.91859399996558,-4.3401659608951215,141,21.666,1279
55.852479431266076,-4.073025336814149,149.0,55.90671476836246,-4.3642865107142725,142,22.887,1400
55.852479431266076,-4.073025336814149,149.0,55.81273399651921,-4.167613047894911,143,11.983,677
55.852479431266076,-4.073025336814149,149.0,55.80939871413575,-4.276056954355674,144,18.95,1102
55.852479431266076,-4.073025336814149,149.0,55.88312869327199,-4.214542892826467,145,11.08,695
55.852479431266076,-4.073025336814149,149.0,55.815340374954424,-4.283514492524949,146,19.12,1119
55.852479431266076,-4.073025336814149,149.0,55.87864379034378,-4.080636908866371,147,7.117,372
55.852479431266076,-4.073025336814149,149.0,55.89423440492952,-4.2418874418647645,148,15.845,921
55.852479431266076,-4.073025336814149,149.0,55.92796852989922,-4.305970400193036,149,21.932,1202
55.852479431266076,-4.073025336814149,149.0,55.92895153496988,-4.082888064137351,150,11.7,611
55.852479431266076,-4.073025336814149,149.0,55.790766759429424,-4.135285962371055,151,11.738,733
55.852479431266076,-4.073025336814149,149.0,55.80808041573422,-4.184105792933229,152,13.462,794
55.852479431266076,-4.073025336814149,149.0,55.7982747224006,-4.3931924101572655,153,26.851,1376
55.852479431266076,-4.073025336814149,149.0,55.81178474630603,-4.337962602706185,154,23.449,1137
55.852479431266076,-4.073025336814149,149.0,55.852972007756,-4.353957895039277,155,21.822,1124
55.852479431266076,-4.073025336814149,149.0,55.797152036890715,-4.311451416173846,156,25.421,1211
55.852479431266076,-4.073025336814149,149.0,55.84839482833289,-4.1889265673730645,157,11.606,698
55.852479431266076,-4.073025336814149,149.0,55.86383954752864,-4.387927326091926,158,27.414,1151
55.852479431266076,-4.073025336814149,149.0,55.807182357875575,-4.140487806234959,159,11.106,721
55.852479431266076,-4.073025336814149,149.0,55.8296607577131,-4.218765551358871,160,13.544,768
55.852479431266076,-4.073025336814149,149.0,55.82699494590622,-4.295404959002084,161,20.885,1015
55.852479431266076,-4.073025336814149,149.0,55.861248665443505,-4.307186036515638,162,20.525,1050
55.852479431266076,-4.073025336814149,149.0,55.897857165570365,-4.156645648865112,163,13.759,630
55.852479431266076,-4.073025336814149,149.0,55.877747555317356,-4.342792329217214,164,20.466,1113
55.852479431266076,-4.073025336814149,149.0,55.92259641850896,-4.389236283866068,165,25.665,1485
55.852479431266076,-4.073025336814149,149.0,55.92621339590465,-4.2820478996479165,166,20.256,1079
55.852479431266076,-4.073025336814149,149.0,55.80660612206145,-4.094012410496262,167,6.771,572
55.852479431266076,-4.073025336814149,149.0,55.84605439624201,-4.09192094471571,168,8.955,408
55.852479431266076,-4.073025336814149,149.0,55.83961965364386,-4.1201104741133365,169,6.552,408
55.852479431266076,-4.073025336814149,149.0,55.85030951683019,-4.217608837338132,170,12.093,803
55.852479431266076,-4.073025336814149,149.0,55.85971342373431,-4.246748195156407,171,12.771,691
55.852479431266076,-4.073025336814149,149.0,55.815747728441636,-4.150792968910081,172,12.097,696
55.852479431266076,-4.073025336814149,149.0,55.80041195127493,-4.3806303679601495,173,26.267,1329
55.852479431266076,-4.073025336814149,149.0,55.85487415463933,-4.092829020720908,174,1.528,109
55.852479431266076,-4.073025336814149,149.0,55.80456076444065,-4.203157873727267,175,16.145,938
55.852479431266076,-4.073025336814149,149.0,55.84723005082115,-4.330151260440624,176,19.775,982
55.852479431266076,-4.073025336814149,149.0,55.88775631668876,-4.123428423568879,177,10.073,661
55.852479431266076,-4.073025336814149,149.0,55.82857385936083,-4.129579652409029,178,8.446,611
55.852479431266076,-4.073025336814149,149.0,55.879865395443076,-4.36272007519476,179,21.374,1138
55.852479431266076,-4.073025336814149,149.0,55.87973669437185,-4.215636550296907,180,11.796,791
55.852479431266076,-4.073025336814149,149.0,55.8162521393249,-4.1868605517933455,181,12.57,791
55.852479431266076,-4.073025336814149,149.0,55.80755514535402,-4.201625161718038,182,15.898,905
55.852479431266076,-4.073025336814149,149.0,55.85565398843102,-4.250533808562208,183,13.585,846
55.852479431266076,-4.073025336814149,149.0,55.929636326069506,-4.381100658166308,184,24.727,1444
55.852479431266076,-4.073025336814149,149.0,55.879581066995904,-4.21986165885879,185,11.981,825
55.852479431266076,-4.073025336814149,149.0,55.92647877645629,-4.127886630011083,186,11.316,796
55.852479431266076,-4.073025336814149,149.0,55.82282427264178,-4.371094162561755,187,23.916,1215
55.852479431266076,-4.073025336814149,149.0,55.90291353127043,-4.3414180899754955,188,20.034,1294
55.852479431266076,-4.073025336814149,149.0,55.78437024600116,-4.156926419796477,189,18.437,886
55.852479431266076,-4.073025336814149,149.0,55.8321542449311,-4.1561720476648265,190,9.566,550
55.852479431266076,-4.073025336814149,149.0,55.88310705812362,-4.084862107847263,191,5.782,271
55.852479431266076,-4.073025336814149,149.0,55.85616333886266,-4.110333739241922,192,3.821,339
55.852479431266076,-4.073025336814149,149.0,55.90185178498145,-4.152652007721208,193,12.695,1191
55.852479431266076,-4.073025336814149,149.0,55.8837118458465,-4.182392741162416,194,11.65,1477
55.852479431266076,-4.073025336814149,149.0,55.83086049774818,-4.312434105301623,195,21.819,1120
55.852479431266076,-4.073025336814149,149.0,55.821849459706755,-4.176208567338996,196,11.45,634
55.852479431266076,-4.073025336814149,149.0,55.88009750494633,-4.255964552703097,197,14.074,751
55.852479431266076,-4.073025336814149,149.0,55.87413911675089,-4.369807111055967,198,23.416,1042
55.852479431266076,-4.073025336814149,149.0,55.86354071984154,-4.093406384811447,199,2.235,149
55.88435960722226,-4.276074658904071,150.0,55.8391698042901,-4.214478482526657,0,9.713,939
55.88435960722226,-4.276074658904071,150.0,55.86553667472969,-4.350500876963486,1,7.707,771
55.88435960722226,-4.276074658904071,150.0,55.912892829643965,-4.286410947894997,2,6.873,1355
55.88435960722226,-4.276074658904071,150.0,55.84854019346565,-4.391697428307927,3,13.253,1066
55.88435960722226,-4.276074658904071,150.0,55.79232875093524,-4.310455024670266,4,15.744,1045
55.88435960722226,-4.276074658904071,150.0,55.837143362020576,-4.120043492886959,5,16.329,925
55.88435960722226,-4.276074658904071,150.0,55.84185129809378,-4.283879851305767,6,10.424,795
55.88435960722226,-4.276074658904071,150.0,55.90609664927746,-4.311383718964596,7,4.24,411
55.88435960722226,-4.276074658904071,150.0,55.7832172019226,-4.31249791159531,8,17.332,1102
55.88435960722226,-4.276074658904071,150.0,55.8177258987159,-4.260489243356555,9,11.301,975
55.88435960722226,-4.276074658904071,150.0,55.903262790870684,-4.212111703691823,10,6.434,659
55.88435960722226,-4.276074658904071,150.0,55.893978813107424,-4.1413270988368325,11,11.885,903
55.88435960722226,-4.276074658904071,150.0,55.894884622950286,-4.154349650804189,12,14.27,802
55.88435960722226,-4.276074658904071,150.0,55.80680963785043,-4.263605759417426,13,13.066,1199
55.88435960722226,-4.276074658904071,150.0,55.81824312166051,-4.346878846315483,14,12.907,959
55.88435960722226,-4.276074658904071,150.0,55.84742656229786,-4.269221405976544,15,6.9,682
55.88435960722226,-4.276074658904071,150.0,55.80730424868546,-4.315177272898423,16,12.613,943
55.88435960722226,-4.276074658904071,150.0,55.83798278877758,-4.260604018644594,17,7.682,792
55.88435960722226,-4.276074658904071,150.0,55.89424631095569,-4.343398240721316,18,5.581,584
55.88435960722226,-4.276074658904071,150.0,55.83908093533876,-4.223069302141199,19,10.221,944
55.88435960722226,-4.276074658904071,150.0,55.8357731433788,-4.270556349194068,20,7.704,693
55.88435960722226,-4.276074658904071,150.0,55.90309627527835,-4.360750370095284,21,7.754,703
55.88435960722226,-4.276074658904071,150.0,55.85652103589449,-4.101365743428073,22,14.433,846
55.88435960722226,-4.276074658904071,150.0,55.783736419963375,-4.235306054793451,23,15.361,1266
55.88435960722226,-4.276074658904071,150.0,55.92064824587275,-4.2358362157531895,24,7.789,462
55.88435960722226,-4.276074658904071,150.0,55.907674892744176,-4.2497703459088045,25,6.311,1684
55.88435960722226,-4.276074658904071,150.0,55.919604340921964,-4.226208116301384,26,10.217,664
55.88435960722226,-4.276074658904071,150.0,55.83219148710444,-4.304581930326681,27,11.785,985
55.88435960722226,-4.276074658904071,150.0,55.79569701419853,-4.1769099124482585,28,17.045,1198
55.88435960722226,-4.276074658904071,150.0,55.81260197667657,-4.197841211154324,29,14.456,1065
55.88435960722226,-4.276074658904071,150.0,55.826092940761974,-4.176919409292903,30,12.986,998
55.88435960722226,-4.276074658904071,150.0,55.828413149208096,-4.109650878166438,31,21.379,1191
55.88435960722226,-4.276074658904071,150.0,55.8999241737755,-4.257993823533507,32,3.322,334
55.88435960722226,-4.276074658904071,150.0,55.892514250678616,-4.340118142906542,33,5.61,596
55.88435960722226,-4.276074658904071,150.0,55.855241629670886,-4.269936069312288,34,4.744,423
55.88435960722226,-4.276074658904071,150.0,55.877364911629314,-4.109701193625618,35,14.834,947
55.88435960722226,-4.276074658904071,150.0,55.887053111734645,-4.1280531391159245,36,15.136,913
55.88435960722226,-4.276074658904071,150.0,55.89108676863447,-4.105446803942431,37,16.869,1219
55.88435960722226,-4.276074658904071,150.0,55.842635153466425,-4.334387903339716,38,9.69,773
55.88435960722226,-4.276074658904071,150.0,55.89197542936556,-4.19614108945253,39,7.134,637
55.88435960722226,-4.276074658904071,150.0,55.825849135803445,-4.321179033230789,40,9.963,885
55.88435960722226,-4.276074658904071,150.0,55.81864602215581,-4.375055705699034,41,13.936,967
55.88435960722226,-4.276074658904071,150.0,55.92613065482397,-4.212698358862173,42,7.945,704
55.88435960722226,-4.276074658904071,150.0,55.874439929608144,-4.279689658904073,43,2.856,364
55.88435960722226,-4.276074658904071,150.0,55.81998166828728,-4.245455535821837,44,10.781,880
55.88435960722226,-4.276074658904071,150.0,55.91066980601156,-4.213502644426629,45,6.897,654
55.88435960722226,-4.276074658904071,150.0,55.8404807486866,-4.356656090229781,46,13.342,1040
55.88435960722226,-4.276074658904071,150.0,55.88708229912325,-4.079055837843032,47,17.678,1079
55.88435960722226,-4.276074658904071,150.0,55.84510555179576,-4.178720975321847,48,10.71,1003
55.88435960722226,-4.276074658904071,150.0,55.84413340760586,-4.085244529493477,49,18.932,1379
55.88435960722226,-4.276074658904071,150.0,55.83324217210475,-4.157183908594519,50,14.513,1011
55.88435960722226,-4.276074658904071,150.0,55.895753278756494,-4.323131413571223,51,4.742,533
55.88435960722226,-4.276074658904071,150.0,55.88609925330935,-4.38354364327563,52,14.855,913
55.88435960722226,-4.276074658904071,150.0,55.86596770908397,-4.338853955125049,53,6.838,694
55.88435960722226,-4.276074658904071,150.0,55.819381988004544,-4.256567679373081,54,12.21,1030
55.88435960722226,-4.276074658904071,150.0,55.919398785577634,-4.298102785445152,55,7.149,1035
55.88435960722226,-4.276074658904071,150.0,55.81052481551728,-4.0780884232687225,56,24.178,2338
55.88435960722226,-4.276074658904071,150.0,55.8411814367945,-4.125490362928665,57,19.46,1087
55.88435960722226,-4.276074658904071,150.0,55.844855881791794,-4.151320272286683,58,15.503,1064
55.88435960722226,-4.276074658904071,150.0,55.79334532620707,-4.3052187624925375,59,16.075,1051
55.88435960722226,-4.276074658904071,150.0,55.78499644933002,-4.082518262203789,60,26.068,1265
55.88435960722226,-4.276074658904071,150.0,55.86482365717543,-4.074666870071637,61,16.699,1063
55.88435960722226,-4.276074658904071,150.0,55.910543969585106,-4.384534109666136,62,9.513,871
55.88435960722226,-4.276074658904071,150.0,55.799715679086134,-4.188568421733812,63,17.027,1356
55.88435960722226,-4.276074658904071,150.0,55.90005630083831,-4.294022887833187,64,3.312,346
55.88435960722226,-4.276074658904071,150.0,55.82573931186619,-4.210157383495828,65,12.513,880
55.88435960722226,-4.276074658904071,150.0,55.88010014610652,-4.288014027401103,66,2.033,314
55.88435960722226,-4.276074658904071,150.0,55.8836463272421,-4.377148406451105,67,14.625,990
55.88435960722226,-4.276074658904071,150.0,55.80511293548626,-4.195982430231648,68,15.436,1140
55.88435960722226,-4.276074658904071,150.0,55.9265186267864,-4.256321117900257,69,6.687,449
55.88435960722226,-4.276074658904071,150.0,55.90353118048908,-4.119171950823842,70,16.032,1155
55.88435960722226,-4.276074658904071,150.0,55.81502357146685,-4.260984914919316,71,11.658,1009
55.88435960722226,-4.276074658904071,150.0,55.894355058439295,-4.293143876300353,72,2.602,293
55.88435960722226,-4.276074658904071,150.0,55.80246488546192,-4.242274834364847,73,12.922,1106
55.88435960722226,-4.276074658904071,150.0,55.887581813102464,-4.2985753032369685,74,2.214,289
55.88435960722226,-4.276074658904071,150.0,55.928290955083554,-4.295962301582311,75,7.571,449
55.88435960722226,-4.276074658904071,150.0,55.81096058143004,-4.368797105646974,76,15.593,1049
55.88435960722226,-4.276074658904071,150.0,55.84818750128869,-4.3631808239548375,77,14.328,892
55.88435960722226,-4.276074658904071,150.0,55.81610352786554,-4.330910795148831,78,11.932,799
55.88435960722226,-4.276074658904071,150.0,55.807034270653475,-4.136077366584948,79,16.22,1249
55.88435960722226,-4.276074658904071,150.0,55.86778114631985,-4.233612892312959,80,5.619,577
55.88435960722226,-4.276074658904071,150.0,55.79578956690847,-4.368290459919509,81,20.677,2244
55.88435960722226,-4.276074658904071,150.0,55.897877306124535,-4.077031107370425,82,18.66,1686
55.88435960722226,-4.276074658904071,150.0,55.80721289582252,-4.242612882195534,83,12.145,1057
55.88435960722226,-4.276074658904071,150.0,55.92209393969709,-4.157940141970138,84,12.113,886
55.88435960722226,-4.276074658904071,150.0,55.79188265083702,-4.28147512844989,85,16.937,1106
55.88435960722226,-4.276074658904071,150.0,55.88043814367632,-4.104360473798184,86,14.646,906
55.88435960722226,-4.276074658904071,150.0,55.90345994988174,-4.293652184560058,87,3.781,391
55.88435960722226,-4.276074658904071,150.0,55.91230525016259,-4.108196424937476,88,17.3,1100
55.88435960722226,-4.276074658904071,150.0,55.90569137930351,-4.3852429216612405,89,9.476,907
55.88435960722226,-4.276074658904071,150.0,55.824402119970216,-4.298242138123909,90,10.399,806
55.88435960722226,-4.276074658904071,150.0,55.887104625653905,-4.201059285828647,91,7.335,737
55.88435960722226,-4.276074658904071,150.0,55.92006797200308,-4.195257422106852,92,8.791,682
55.88435960722226,-4.276074658904071,150.0,55.7944551107823,-4.1683749063061635,93,17.175,1632
55.88435960722226,-4.276074658904071,150.0,55.88003873447475,-4.304350182381346,94,3.027,379
55.88435960722226,-4.276074658904071,150.0,55.88308048053683,-4.2942103285768285,95,2.051,329
55.88435960722226,-4.276074658904071,150.0,55.80779271908626,-4.3234306371549245,96,13.203,931
55.88435960722226,-4.276074658904071,150.0,55.90123467399992,-4.380968632189907,97,12.206,1178
55.88435960722226,-4.276074658904071,150.0,55.88049231589054,-4.293733205570284,98,2.529,344
55.88435960722226,-4.276074658904071,150.0,55.84697147961761,-4.334108806216461,99,9.804,806
55.88435960722226,-4.276074658904071,150.0,55.83067141211495,-4.195633651932574,100,11.796,877
55.88435960722226,-4.276074658904071,150.0,55.89350845984679,-4.099445363541155,101,16.684,1051
55.88435960722226,-4.276074658904071,150.0,55.92592408664018,-4.179171340754611,102,10.962,826
55.88435960722226,-4.276074658904071,150.0,55.84941827409408,-4.169566750359822,103,10.496,988
55.88435960722226,-4.276074658904071,150.0,55.92413375575165,-4.226670311636797,104,9.16,1446
55.88435960722226,-4.276074658904071,150.0,55.88995713457192,-4.285031242761631,105,1.542,196
55.88435960722226,-4.276074658904071,150.0,55.90528066541109,-4.131569818675147,106,13.482,800
55.88435960722226,-4.276074658904071,150.0,55.87850608392288,-4.103517886631066,107,14.977,940
55.88435960722226,-4.276074658904071,150.0,55.80799405798939,-4.284953473560454,108,11.702,1061
55.88435960722226,-4.276074658904071,150.0,55.906815669822045,-4.385279074380807,109,8.787,822
55.88435960722226,-4.276074658904071,150.0,55.916237634416454,-4.222407816066865,110,9.969,646
55.88435960722226,-4.276074658904071,150.0,55.915798955837815,-4.088621086891774,111,20.384,1131
55.88435960722226,-4.276074658904071,150.0,55.827538479175395,-4.350653065976025,112,12.276,890
55.88435960722226,-4.276074658904071,150.0,55.799515288981674,-4.0866627646338864,113,26.438,1378
55.88435960722226,-4.276074658904071,150.0,55.831024245961984,-4.244756518165482,114,9.262,781
55.88435960722226,-4.276074658904071,150.0,55.86754360554833,-4.2143078261423845,115,7.059,673
55.88435960722226,-4.276074658904071,150.0,55.8574985965699,-4.1521224561179935,116,12.343,890
55.88435960722226,-4.276074658904071,150.0,55.88095643501817,-4.32811659177277,117,5.823,560
55.88435960722226,-4.276074658904071,150.0,55.85240433608213,-4.177570445500026,118,9.781,860
55.88435960722226,-4.276074658904071,150.0,55.91169549549074,-4.359708873069638,119,7.698,694
55.88435960722226,-4.276074658904071,150.0,55.92640787519779,-4.300990956079843,120,8.019,498
55.88435960722226,-4.276074658904071,150.0,55.84019197366069,-4.205566157974415,121,10.199,1037
55.88435960722226,-4.276074658904071,150.0,55.866619942939494,-4.268153778778456,122,3.762,508
55.88435960722226,-4.276074658904071,150.0,55.81327411986783,-4.2587495402872255,123,11.637,1019
55.88435960722226,-4.276074658904071,150.0,55.86022660117776,-4.154711133590585,124,11.56,817
55.88435960722226,-4.276074658904071,150.0,55.831522729053496,-4.370420634377527,125,14.33,1060
55.88435960722226,-4.276074658904071,150.0,55.84074346341779,-4.172411658039648,126,13.724,933
55.88435960722226,-4.276074658904071,150.0,55.8801412435821,-4.258666277618953,127,2.593,288
55.88435960722226,-4.276074658904071,150.0,55.8434159429892,-4.1056733307349536,128,19.716,1115
55.88435960722226,-4.276074658904071,150.0,55.83522057783537,-4.25736952395694,129,8.321,820
55.88435960722226,-4.276074658904071,150.0,55.86467774065618,-4.2250953414252415,130,5.843,510
55.88435960722226,-4.276074658904071,150.0,55.8953662249987,-4.231143624453162,131,4.585,451
55.88435960722226,-4.276074658904071,150.0,55.81920459649808,-4.236238450921302,132,11.365,931
55.88435960722226,-4.276074658904071,150.0,55.900795402502105,-4.206009410292495,133,6.752,646
55.88435960722226,-4.276074658904071,150.0,55.86078490474355,-4.339631469507248,134,7.373,789
55.88435960722226,-4.276074658904071,150.0,55.924999437053955,-4.191173279124663,135,9.042,691
55.88435960722226,-4.276074658904071,150.0,55.81549096669224,-4.126910343137958,136,17.211,1296
55.88435960722226,-4.276074658904071,150.0,55.90135585493081,-4.207622057499793,137,6.751,623
55.88435960722226,-4.276074658904071,150.0,55.845816555475636,-4.129576488296543,138,15.533,1059
55.88435960722226,-4.276074658904071,150.0,55.80470047644827,-4.291960781118721,139,11.729,1039
55.88435960722226,-4.276074658904071,150.0,55.89185394491289,-4.179857587296262,140,10.047,671
55.88435960722226,-4.276074658904071,150.0,55.91859399996558,-4.3401659608951215,141,6.564,544
55.88435960722226,-4.276074658904071,150.0,55.90671476836246,-4.3642865107142725,142,7.785,666
55.88435960722226,-4.276074658904071,150.0,55.81273399651921,-4.167613047894911,143,14.269,1059
55.88435960722226,-4.276074658904071,150.0,55.80939871413575,-4.276056954355674,144,11.61,1025
55.88435960722226,-4.276074658904071,150.0,55.88312869327199,-4.214542892826467,145,4.636,590
55.88435960722226,-4.276074658904071,150.0,55.815340374954424,-4.283514492524949,146,10.604,910
55.88435960722226,-4.276074658904071,150.0,55.87864379034378,-4.080636908866371,147,18.658,1114
55.88435960722226,-4.276074658904071,150.0,55.89423440492952,-4.2418874418647645,148,3.685,427
55.88435960722226,-4.276074658904071,150.0,55.92796852989922,-4.305970400193036,149,8.147,521
55.88435960722226,-4.276074658904071,150.0,55.92895153496988,-4.082888064137351,150,20.754,1080
55.88435960722226,-4.276074658904071,150.0,55.790766759429424,-4.135285962371055,151,19.6,1274
55.88435960722226,-4.276074658904071,150.0,55.80808041573422,-4.184105792933229,152,15.23,1071
55.88435960722226,-4.276074658904071,150.0,55.7982747224006,-4.3931924101572655,153,16.401,1144
55.88435960722226,-4.276074658904071,150.0,55.81178474630603,-4.337962602706185,154,12.999,905
55.88435960722226,-4.276074658904071,150.0,55.852972007756,-4.353957895039277,155,8.694,888
55.88435960722226,-4.276074658904071,150.0,55.797152036890715,-4.311451416173846,156,14.971,979
55.88435960722226,-4.276074658904071,150.0,55.84839482833289,-4.1889265673730645,157,9.525,878
55.88435960722226,-4.276074658904071,150.0,55.86383954752864,-4.387927326091926,158,16.964,919
55.88435960722226,-4.276074658904071,150.0,55.807182357875575,-4.140487806234959,159,15.897,1224
55.88435960722226,-4.276074658904071,150.0,55.8296607577131,-4.218765551358871,160,10.682,938
55.88435960722226,-4.276074658904071,150.0,55.82699494590622,-4.295404959002084,161,10.435,783
55.88435960722226,-4.276074658904071,150.0,55.861248665443505,-4.307186036515638,162,7.514,761
55.88435960722226,-4.276074658904071,150.0,55.897857165570365,-4.156645648865112,163,11.523,708
55.88435960722226,-4.276074658904071,150.0,55.877747555317356,-4.342792329217214,164,6.421,666
55.88435960722226,-4.276074658904071,150.0,55.92259641850896,-4.389236283866068,165,10.563,750
55.88435960722226,-4.276074658904071,150.0,55.92621339590465,-4.2820478996479165,166,6.471,398
55.88435960722226,-4.276074658904071,150.0,55.80660612206145,-4.094012410496262,167,23.763,1403
55.88435960722226,-4.276074658904071,150.0,55.84605439624201,-4.09192094471571,168,15.86,823
55.88435960722226,-4.276074658904071,150.0,55.83961965364386,-4.1201104741133365,169,19.067,1014
55.88435960722226,-4.276074658904071,150.0,55.85030951683019,-4.217608837338132,170,8.275,794
55.88435960722226,-4.276074658904071,150.0,55.85971342373431,-4.246748195156407,171,6.212,608
55.88435960722226,-4.276074658904071,150.0,55.815747728441636,-4.150792968910081,172,14.767,1121
55.88435960722226,-4.276074658904071,150.0,55.80041195127493,-4.3806303679601495,173,15.817,1097
55.88435960722226,-4.276074658904071,150.0,55.85487415463933,-4.092829020720908,174,15.67,824
55.88435960722226,-4.276074658904071,150.0,55.80456076444065,-4.203157873727267,175,15.455,1142
55.88435960722226,-4.276074658904071,150.0,55.84723005082115,-4.330151260440624,176,9.325,749
55.88435960722226,-4.276074658904071,150.0,55.88775631668876,-4.123428423568879,177,15.271,919
55.88435960722226,-4.276074658904071,150.0,55.82857385936083,-4.129579652409029,178,17.289,1308
55.88435960722226,-4.276074658904071,150.0,55.879865395443076,-4.36272007519476,179,7.329,692
55.88435960722226,-4.276074658904071,150.0,55.87973669437185,-4.215636550296907,180,5.551,614
55.88435960722226,-4.276074658904071,150.0,55.8162521393249,-4.1868605517933455,181,13.649,1031
55.88435960722226,-4.276074658904071,150.0,55.80755514535402,-4.201625161718038,182,15.208,1108
55.88435960722226,-4.276074658904071,150.0,55.85565398843102,-4.250533808562208,183,5.908,682
55.88435960722226,-4.276074658904071,150.0,55.929636326069506,-4.381100658166308,184,9.625,710
55.88435960722226,-4.276074658904071,150.0,55.879581066995904,-4.21986165885879,185,4.574,554
55.88435960722226,-4.276074658904071,150.0,55.92647877645629,-4.127886630011083,186,16.885,1039
55.88435960722226,-4.276074658904071,150.0,55.82282427264178,-4.371094162561755,187,13.466,983
55.88435960722226,-4.276074658904071,150.0,55.90291353127043,-4.3414180899754955,188,6.275,655
55.88435960722226,-4.276074658904071,150.0,55.78437024600116,-4.156926419796477,189,18.944,1288
55.88435960722226,-4.276074658904071,150.0,55.8321542449311,-4.1561720476648265,190,14.553,1024
55.88435960722226,-4.276074658904071,150.0,55.88310705812362,-4.084862107847263,191,19.924,986
55.88435960722226,-4.276074658904071,150.0,55.85616333886266,-4.110333739241922,192,14.471,868
55.88435960722226,-4.276074658904071,150.0,55.90185178498145,-4.152652007721208,193,10.449,1200
55.88435960722226,-4.276074658904071,150.0,55.8837118458465,-4.182392741162416,194,11.711,1680
55.88435960722226,-4.276074658904071,150.0,55.83086049774818,-4.312434105301623,195,11.369,888
55.88435960722226,-4.276074658904071,150.0,55.821849459706755,-4.176208567338996,196,13.397,995
55.88435960722226,-4.276074658904071,150.0,55.88009750494633,-4.255964552703097,197,2.489,282
55.88435960722226,-4.276074658904071,150.0,55.87413911675089,-4.369807111055967,198,12.966,809
55.88435960722226,-4.276074658904071,150.0,55.86354071984154,-4.093406384811447,199,15.087,921
55.80983167562988,-4.39014409791912,151.0,55.8391698042901,-4.214478482526657,0,18.972,1096
55.80983167562988,-4.39014409791912,151.0,55.86553667472969,-4.350500876963486,1,11.135,814
55.80983167562988,-4.39014409791912,151.0,55.912892829643965,-4.286410947894997,2,22.14,2305
55.80983167562988,-4.39014409791912,151.0,55.84854019346565,-4.391697428307927,3,5.524,550
55.80983167562988,-4.39014409791912,151.0,55.79232875093524,-4.310455024670266,4,7.483,689
55.80983167562988,-4.39014409791912,151.0,55.837143362020576,-4.120043492886959,5,22.671,1108
55.80983167562988,-4.39014409791912,151.0,55.84185129809378,-4.283879851305767,6,11.152,766
55.80983167562988,-4.39014409791912,151.0,55.90609664927746,-4.311383718964596,7,19.525,1313
55.80983167562988,-4.39014409791912,151.0,55.7832172019226,-4.31249791159531,8,9.071,747
55.80983167562988,-4.39014409791912,151.0,55.8177258987159,-4.260489243356555,9,11.732,921
55.80983167562988,-4.39014409791912,151.0,55.903262790870684,-4.212111703691823,10,21.506,1380
55.80983167562988,-4.39014409791912,151.0,55.893978813107424,-4.1413270988368325,11,23.246,1387
55.80983167562988,-4.39014409791912,151.0,55.894884622950286,-4.154349650804189,12,25.631,1286
55.80983167562988,-4.39014409791912,151.0,55.80680963785043,-4.263605759417426,13,12.214,999
55.80983167562988,-4.39014409791912,151.0,55.81824312166051,-4.346878846315483,14,5.735,487
55.80983167562988,-4.39014409791912,151.0,55.84742656229786,-4.269221405976544,15,12.884,1042
55.80983167562988,-4.39014409791912,151.0,55.80730424868546,-4.315177272898423,16,6.84,621
55.80983167562988,-4.39014409791912,151.0,55.83798278877758,-4.260604018644594,17,11.915,1014
55.80983167562988,-4.39014409791912,151.0,55.89424631095569,-4.343398240721316,18,15.297,1153
55.80983167562988,-4.39014409791912,151.0,55.83908093533876,-4.223069302141199,19,16.563,1127
55.80983167562988,-4.39014409791912,151.0,55.8357731433788,-4.270556349194068,20,11.038,834
55.80983167562988,-4.39014409791912,151.0,55.90309627527835,-4.360750370095284,21,24.245,1457
55.80983167562988,-4.39014409791912,151.0,55.85652103589449,-4.101365743428073,22,25.794,1330
55.80983167562988,-4.39014409791912,151.0,55.783736419963375,-4.235306054793451,23,21.998,1125
55.80983167562988,-4.39014409791912,151.0,55.92064824587275,-4.2358362157531895,24,22.631,1361
55.80983167562988,-4.39014409791912,151.0,55.907674892744176,-4.2497703459088045,25,21.383,2405
55.80983167562988,-4.39014409791912,151.0,55.919604340921964,-4.226208116301384,26,22.555,1372
55.80983167562988,-4.39014409791912,151.0,55.83219148710444,-4.304581930326681,27,10.294,811
55.80983167562988,-4.39014409791912,151.0,55.79569701419853,-4.1769099124482585,28,28.99,1460
55.80983167562988,-4.39014409791912,151.0,55.81260197667657,-4.197841211154324,29,20.798,1248
55.80983167562988,-4.39014409791912,151.0,55.826092940761974,-4.176919409292903,30,19.328,1181
55.80983167562988,-4.39014409791912,151.0,55.828413149208096,-4.109650878166438,31,26.132,1371
55.80983167562988,-4.39014409791912,151.0,55.8999241737755,-4.257993823533507,32,18.589,1292
55.80983167562988,-4.39014409791912,151.0,55.892514250678616,-4.340118142906542,33,15.326,1164
55.80983167562988,-4.39014409791912,151.0,55.855241629670886,-4.269936069312288,34,14.622,918
55.80983167562988,-4.39014409791912,151.0,55.877364911629314,-4.109701193625618,35,26.195,1431
55.80983167562988,-4.39014409791912,151.0,55.887053111734645,-4.1280531391159245,36,26.497,1397
55.80983167562988,-4.39014409791912,151.0,55.89108676863447,-4.105446803942431,37,28.23,1703
55.80983167562988,-4.39014409791912,151.0,55.842635153466425,-4.334387903339716,38,8.137,662
55.80983167562988,-4.39014409791912,151.0,55.89197542936556,-4.19614108945253,39,22.504,1230
55.80983167562988,-4.39014409791912,151.0,55.825849135803445,-4.321179033230789,40,10.273,732
55.80983167562988,-4.39014409791912,151.0,55.81864602215581,-4.375055705699034,41,2.103,203
55.80983167562988,-4.39014409791912,151.0,55.92613065482397,-4.212698358862173,42,23.017,1425
55.80983167562988,-4.39014409791912,151.0,55.874439929608144,-4.279689658904073,43,15.229,959
55.80983167562988,-4.39014409791912,151.0,55.81998166828728,-4.245455535821837,44,12.668,1023
55.80983167562988,-4.39014409791912,151.0,55.91066980601156,-4.213502644426629,45,21.969,1375
55.80983167562988,-4.39014409791912,151.0,55.8404807486866,-4.356656090229781,46,6.631,530
55.80983167562988,-4.39014409791912,151.0,55.88708229912325,-4.079055837843032,47,31.463,1452
55.80983167562988,-4.39014409791912,151.0,55.84510555179576,-4.178720975321847,48,20.993,1197
55.80983167562988,-4.39014409791912,151.0,55.84413340760586,-4.085244529493477,49,28.16,1826
55.80983167562988,-4.39014409791912,151.0,55.83324217210475,-4.157183908594519,50,20.855,1194
55.80983167562988,-4.39014409791912,151.0,55.895753278756494,-4.323131413571223,51,15.083,1264
55.80983167562988,-4.39014409791912,151.0,55.88609925330935,-4.38354364327563,52,10.212,800
55.80983167562988,-4.39014409791912,151.0,55.86596770908397,-4.338853955125049,53,11.297,852
55.80983167562988,-4.39014409791912,151.0,55.819381988004544,-4.256567679373081,54,11.798,916
55.80983167562988,-4.39014409791912,151.0,55.919398785577634,-4.298102785445152,55,22.416,1985
55.80983167562988,-4.39014409791912,151.0,55.81052481551728,-4.0780884232687225,56,28.931,2519
55.80983167562988,-4.39014409791912,151.0,55.8411814367945,-4.125490362928665,57,24.213,1267
55.80983167562988,-4.39014409791912,151.0,55.844855881791794,-4.151320272286683,58,21.845,1247
55.80983167562988,-4.39014409791912,151.0,55.79334532620707,-4.3052187624925375,59,7.814,695
55.80983167562988,-4.39014409791912,151.0,55.78499644933002,-4.082518262203789,60,31.657,1575
55.80983167562988,-4.39014409791912,151.0,55.86482365717543,-4.074666870071637,61,28.06,1547
55.80983167562988,-4.39014409791912,151.0,55.910543969585106,-4.384534109666136,62,22.226,1271
55.80983167562988,-4.39014409791912,151.0,55.799715679086134,-4.188568421733812,63,16.184,1487
55.80983167562988,-4.39014409791912,151.0,55.90005630083831,-4.294022887833187,64,18.597,1267
55.80983167562988,-4.39014409791912,151.0,55.82573931186619,-4.210157383495828,65,18.855,1063
55.80983167562988,-4.39014409791912,151.0,55.88010014610652,-4.288014027401103,66,17.318,1235
55.80983167562988,-4.39014409791912,151.0,55.8836463272421,-4.377148406451105,67,10.646,879
55.80983167562988,-4.39014409791912,151.0,55.80511293548626,-4.195982430231648,68,21.778,1323
55.80983167562988,-4.39014409791912,151.0,55.9265186267864,-4.256321117900257,69,21.954,1399
55.80983167562988,-4.39014409791912,151.0,55.90353118048908,-4.119171950823842,70,27.393,1639
55.80983167562988,-4.39014409791912,151.0,55.81502357146685,-4.260984914919316,71,11.443,899
55.80983167562988,-4.39014409791912,151.0,55.894355058439295,-4.293143876300353,72,17.887,1214
55.80983167562988,-4.39014409791912,151.0,55.80246488546192,-4.242274834364847,73,14.466,1199
55.80983167562988,-4.39014409791912,151.0,55.887581813102464,-4.2985753032369685,74,17.499,1210
55.80983167562988,-4.39014409791912,151.0,55.928290955083554,-4.295962301582311,75,22.838,1400
55.80983167562988,-4.39014409791912,151.0,55.81096058143004,-4.368797105646974,76,3.43,341
55.80983167562988,-4.39014409791912,151.0,55.84818750128869,-4.3631808239548375,77,8.385,646
55.80983167562988,-4.39014409791912,151.0,55.81610352786554,-4.330910795148831,78,7.475,553
55.80983167562988,-4.39014409791912,151.0,55.807034270653475,-4.136077366584948,79,22.562,1432
55.80983167562988,-4.39014409791912,151.0,55.86778114631985,-4.233612892312959,80,17.08,1042
55.80983167562988,-4.39014409791912,151.0,55.79578956690847,-4.368290459919509,81,3.896,1402
55.80983167562988,-4.39014409791912,151.0,55.897877306124535,-4.077031107370425,82,30.021,2170
55.80983167562988,-4.39014409791912,151.0,55.80721289582252,-4.242612882195534,83,13.689,1150
55.80983167562988,-4.39014409791912,151.0,55.92209393969709,-4.157940141970138,84,27.164,1437
55.80983167562988,-4.39014409791912,151.0,55.79188265083702,-4.28147512844989,85,8.676,750
55.80983167562988,-4.39014409791912,151.0,55.88043814367632,-4.104360473798184,86,26.007,1390
55.80983167562988,-4.39014409791912,151.0,55.90345994988174,-4.293652184560058,87,19.066,1312
55.80983167562988,-4.39014409791912,151.0,55.91230525016259,-4.108196424937476,88,28.661,1584
55.80983167562988,-4.39014409791912,151.0,55.90569137930351,-4.3852429216612405,89,22.469,1310
55.80983167562988,-4.39014409791912,151.0,55.824402119970216,-4.298242138123909,90,9.103,700
55.80983167562988,-4.39014409791912,151.0,55.887104625653905,-4.201059285828647,91,20.216,1380
55.80983167562988,-4.39014409791912,151.0,55.92006797200308,-4.195257422106852,92,23.863,1403
55.80983167562988,-4.39014409791912,151.0,55.7944551107823,-4.1683749063061635,93,29.137,1892
55.80983167562988,-4.39014409791912,151.0,55.88003873447475,-4.304350182381346,94,17.058,1115
55.80983167562988,-4.39014409791912,151.0,55.88308048053683,-4.2942103285768285,95,16.658,1090
55.80983167562988,-4.39014409791912,151.0,55.80779271908626,-4.3234306371549245,96,6.302,591
55.80983167562988,-4.39014409791912,151.0,55.90123467399992,-4.380968632189907,97,23.667,1523
55.80983167562988,-4.39014409791912,151.0,55.88049231589054,-4.293733205570284,98,16.56,1080
55.80983167562988,-4.39014409791912,151.0,55.84697147961761,-4.334108806216461,99,9.15,741
55.80983167562988,-4.39014409791912,151.0,55.83067141211495,-4.195633651932574,100,18.138,1060
55.80983167562988,-4.39014409791912,151.0,55.89350845984679,-4.099445363541155,101,28.045,1535
55.80983167562988,-4.39014409791912,151.0,55.92592408664018,-4.179171340754611,102,28.505,1520
55.80983167562988,-4.39014409791912,151.0,55.84941827409408,-4.169566750359822,103,21.698,1262
55.80983167562988,-4.39014409791912,151.0,55.92413375575165,-4.226670311636797,104,24.232,2167
55.80983167562988,-4.39014409791912,151.0,55.88995713457192,-4.285031242761631,105,16.827,1117
55.80983167562988,-4.39014409791912,151.0,55.90528066541109,-4.131569818675147,106,24.843,1284
55.80983167562988,-4.39014409791912,151.0,55.87850608392288,-4.103517886631066,107,26.338,1424
55.80983167562988,-4.39014409791912,151.0,55.80799405798939,-4.284953473560454,108,11.044,876
55.80983167562988,-4.39014409791912,151.0,55.906815669822045,-4.385279074380807,109,22.25,1264
55.80983167562988,-4.39014409791912,151.0,55.916237634416454,-4.222407816066865,110,22.47,1360
55.80983167562988,-4.39014409791912,151.0,55.915798955837815,-4.088621086891774,111,31.745,1615
55.80983167562988,-4.39014409791912,151.0,55.827538479175395,-4.350653065976025,112,5.784,431
55.80983167562988,-4.39014409791912,151.0,55.799515288981674,-4.0866627646338864,113,33.024,1631
55.80983167562988,-4.39014409791912,151.0,55.831024245961984,-4.244756518165482,114,15.604,964
55.80983167562988,-4.39014409791912,151.0,55.86754360554833,-4.2143078261423845,115,18.42,1157
55.80983167562988,-4.39014409791912,151.0,55.8574985965699,-4.1521224561179935,116,23.001,1373
55.80983167562988,-4.39014409791912,151.0,55.88095643501817,-4.32811659177277,117,13.139,980
55.80983167562988,-4.39014409791912,151.0,55.85240433608213,-4.177570445500026,118,21.862,1314
55.80983167562988,-4.39014409791912,151.0,55.91169549549074,-4.359708873069638,119,24.778,1489
55.80983167562988,-4.39014409791912,151.0,55.92640787519779,-4.300990956079843,120,23.286,1448
55.80983167562988,-4.39014409791912,151.0,55.84019197366069,-4.205566157974415,121,19.458,1211
55.80983167562988,-4.39014409791912,151.0,55.866619942939494,-4.268153778778456,122,15.382,1082
55.80983167562988,-4.39014409791912,151.0,55.81327411986783,-4.2587495402872255,123,12.122,969
55.80983167562988,-4.39014409791912,151.0,55.86022660117776,-4.154711133590585,124,22.921,1301
55.80983167562988,-4.39014409791912,151.0,55.831522729053496,-4.370420634377527,125,5.918,492
55.80983167562988,-4.39014409791912,151.0,55.84074346341779,-4.172411658039648,126,20.066,1116
55.80983167562988,-4.39014409791912,151.0,55.8801412435821,-4.258666277618953,127,16.426,1108
55.80983167562988,-4.39014409791912,151.0,55.8434159429892,-4.1056733307349536,128,24.469,1295
55.80983167562988,-4.39014409791912,151.0,55.83522057783537,-4.25736952395694,129,11.967,1000
55.80983167562988,-4.39014409791912,151.0,55.86467774065618,-4.2250953414252415,130,17.204,994
55.80983167562988,-4.39014409791912,151.0,55.8953662249987,-4.231143624453162,131,19.657,1172
55.80983167562988,-4.39014409791912,151.0,55.81920459649808,-4.236238450921302,132,13.252,1074
55.80983167562988,-4.39014409791912,151.0,55.900795402502105,-4.206009410292495,133,21.824,1367
55.80983167562988,-4.39014409791912,151.0,55.86078490474355,-4.339631469507248,134,10.971,938
55.80983167562988,-4.39014409791912,151.0,55.924999437053955,-4.191173279124663,135,24.114,1412
55.80983167562988,-4.39014409791912,151.0,55.81549096669224,-4.126910343137958,136,23.553,1479
55.80983167562988,-4.39014409791912,151.0,55.90135585493081,-4.207622057499793,137,21.823,1344
55.80983167562988,-4.39014409791912,151.0,55.845816555475636,-4.129576488296543,138,23.218,1337
55.80983167562988,-4.39014409791912,151.0,55.80470047644827,-4.291960781118721,139,8.87,836
55.80983167562988,-4.39014409791912,151.0,55.89185394491289,-4.179857587296262,140,21.408,1155
55.80983167562988,-4.39014409791912,151.0,55.91859399996558,-4.3401659608951215,141,18.181,1429
55.80983167562988,-4.39014409791912,151.0,55.90671476836246,-4.3642865107142725,142,24.411,1449
55.80983167562988,-4.39014409791912,151.0,55.81273399651921,-4.167613047894911,143,20.611,1243
55.80983167562988,-4.39014409791912,151.0,55.80939871413575,-4.276056954355674,144,10.758,824
55.80983167562988,-4.39014409791912,151.0,55.88312869327199,-4.214542892826467,145,19.228,1198
55.80983167562988,-4.39014409791912,151.0,55.815340374954424,-4.283514492524949,146,9.752,709
55.80983167562988,-4.39014409791912,151.0,55.87864379034378,-4.080636908866371,147,32.443,1486
55.80983167562988,-4.39014409791912,151.0,55.89423440492952,-4.2418874418647645,148,20.22,1256
55.80983167562988,-4.39014409791912,151.0,55.92796852989922,-4.305970400193036,149,23.414,1471
55.80983167562988,-4.39014409791912,151.0,55.92895153496988,-4.082888064137351,150,32.115,1564
55.80983167562988,-4.39014409791912,151.0,55.790766759429424,-4.135285962371055,151,28.949,1464
55.80983167562988,-4.39014409791912,151.0,55.80808041573422,-4.184105792933229,152,21.572,1254
55.80983167562988,-4.39014409791912,151.0,55.7982747224006,-4.3931924101572655,153,2.818,267
55.80983167562988,-4.39014409791912,151.0,55.81178474630603,-4.337962602706185,154,4.969,454
55.80983167562988,-4.39014409791912,151.0,55.852972007756,-4.353957895039277,155,8.598,757
55.80983167562988,-4.39014409791912,151.0,55.797152036890715,-4.311451416173846,156,6.71,623
55.80983167562988,-4.39014409791912,151.0,55.84839482833289,-4.1889265673730645,157,21.644,1231
55.80983167562988,-4.39014409791912,151.0,55.86383954752864,-4.387927326091926,158,8.138,637
55.80983167562988,-4.39014409791912,151.0,55.807182357875575,-4.140487806234959,159,22.239,1407
55.80983167562988,-4.39014409791912,151.0,55.8296607577131,-4.218765551358871,160,17.024,1121
55.80983167562988,-4.39014409791912,151.0,55.82699494590622,-4.295404959002084,161,9.675,698
55.80983167562988,-4.39014409791912,151.0,55.861248665443505,-4.307186036515638,162,11.536,881
55.80983167562988,-4.39014409791912,151.0,55.897857165570365,-4.156645648865112,163,22.884,1192
55.80983167562988,-4.39014409791912,151.0,55.877747555317356,-4.342792329217214,164,13.729,1077
55.80983167562988,-4.39014409791912,151.0,55.92259641850896,-4.389236283866068,165,21.127,1270
55.80983167562988,-4.39014409791912,151.0,55.92621339590465,-4.2820478996479165,166,21.738,1348
55.80983167562988,-4.39014409791912,151.0,55.80660612206145,-4.094012410496262,167,28.516,1583
55.80983167562988,-4.39014409791912,151.0,55.84605439624201,-4.09192094471571,168,27.221,1307
55.80983167562988,-4.39014409791912,151.0,55.83961965364386,-4.1201104741133365,169,23.82,1194
55.80983167562988,-4.39014409791912,151.0,55.85030951683019,-4.217608837338132,170,17.112,1162
55.80983167562988,-4.39014409791912,151.0,55.85971342373431,-4.246748195156407,171,17.573,1092
55.80983167562988,-4.39014409791912,151.0,55.815747728441636,-4.150792968910081,172,21.109,1304
55.80983167562988,-4.39014409791912,151.0,55.80041195127493,-4.3806303679601495,173,2.234,220
55.80983167562988,-4.39014409791912,151.0,55.85487415463933,-4.092829020720908,174,27.031,1308
55.80983167562988,-4.39014409791912,151.0,55.80456076444065,-4.203157873727267,175,21.797,1325
55.80983167562988,-4.39014409791912,151.0,55.84723005082115,-4.330151260440624,176,9.34,722
55.80983167562988,-4.39014409791912,151.0,55.88775631668876,-4.123428423568879,177,26.632,1403
55.80983167562988,-4.39014409791912,151.0,55.82857385936083,-4.129579652409029,178,23.631,1491
55.80983167562988,-4.39014409791912,151.0,55.879865395443076,-4.36272007519476,179,14.621,1119
55.80983167562988,-4.39014409791912,151.0,55.87973669437185,-4.215636550296907,180,18.515,1210
55.80983167562988,-4.39014409791912,151.0,55.8162521393249,-4.1868605517933455,181,19.991,1214
55.80983167562988,-4.39014409791912,151.0,55.80755514535402,-4.201625161718038,182,21.55,1291
55.80983167562988,-4.39014409791912,151.0,55.85565398843102,-4.250533808562208,183,14.071,1012
55.80983167562988,-4.39014409791912,151.0,55.929636326069506,-4.381100658166308,184,22.113,1291
55.80983167562988,-4.39014409791912,151.0,55.879581066995904,-4.21986165885879,185,18.156,1190
55.80983167562988,-4.39014409791912,151.0,55.92647877645629,-4.127886630011083,186,28.246,1523
55.80983167562988,-4.39014409791912,151.0,55.82282427264178,-4.371094162561755,187,5.054,415
55.80983167562988,-4.39014409791912,151.0,55.90291353127043,-4.3414180899754955,188,16.128,1321
55.80983167562988,-4.39014409791912,151.0,55.78437024600116,-4.156926419796477,189,27.635,1457
55.80983167562988,-4.39014409791912,151.0,55.8321542449311,-4.1561720476648265,190,20.895,1207
55.80983167562988,-4.39014409791912,151.0,55.88310705812362,-4.084862107847263,191,29.604,1368
55.80983167562988,-4.39014409791912,151.0,55.85616333886266,-4.110333739241922,192,25.832,1352
55.80983167562988,-4.39014409791912,151.0,55.90185178498145,-4.152652007721208,193,26.793,1816
55.80983167562988,-4.39014409791912,151.0,55.8837118458465,-4.182392741162416,194,23.072,2164
55.80983167562988,-4.39014409791912,151.0,55.83086049774818,-4.312434105301623,195,9.878,713
55.80983167562988,-4.39014409791912,151.0,55.821849459706755,-4.176208567338996,196,19.739,1178
55.80983167562988,-4.39014409791912,151.0,55.88009750494633,-4.255964552703097,197,16.112,1086
55.80983167562988,-4.39014409791912,151.0,55.87413911675089,-4.369807111055967,198,10.279,779
55.80983167562988,-4.39014409791912,151.0,55.86354071984154,-4.093406384811447,199,26.448,1405
55.85628216526687,-4.3249998615797205,152.0,55.8391698042901,-4.214478482526657,0,11.132,679
55.85628216526687,-4.3249998615797205,152.0,55.86553667472969,-4.350500876963486,1,2.585,297
55.85628216526687,-4.3249998615797205,152.0,55.912892829643965,-4.286410947894997,2,14.286,1887
55.85628216526687,-4.3249998615797205,152.0,55.84854019346565,-4.391697428307927,3,6.174,628
55.85628216526687,-4.3249998615797205,152.0,55.79232875093524,-4.310455024670266,4,10.421,809
55.85628216526687,-4.3249998615797205,152.0,55.837143362020576,-4.120043492886959,5,14.831,691
55.85628216526687,-4.3249998615797205,152.0,55.84185129809378,-4.283879851305767,6,3.742,409
55.85628216526687,-4.3249998615797205,152.0,55.90609664927746,-4.311383718964596,7,8.729,814
55.85628216526687,-4.3249998615797205,152.0,55.7832172019226,-4.31249791159531,8,12.009,867
55.85628216526687,-4.3249998615797205,152.0,55.8177258987159,-4.260489243356555,9,9.803,741
55.85628216526687,-4.3249998615797205,152.0,55.903262790870684,-4.212111703691823,10,13.652,962
55.85628216526687,-4.3249998615797205,152.0,55.893978813107424,-4.1413270988368325,11,15.392,969
55.85628216526687,-4.3249998615797205,152.0,55.894884622950286,-4.154349650804189,12,17.777,867
55.85628216526687,-4.3249998615797205,152.0,55.80680963785043,-4.263605759417426,13,9.066,986
55.85628216526687,-4.3249998615797205,152.0,55.81824312166051,-4.346878846315483,14,6.097,686
55.85628216526687,-4.3249998615797205,152.0,55.84742656229786,-4.269221405976544,15,6.631,667
55.85628216526687,-4.3249998615797205,152.0,55.80730424868546,-4.315177272898423,16,7.1,712
55.85628216526687,-4.3249998615797205,152.0,55.83798278877758,-4.260604018644594,17,8.324,642
55.85628216526687,-4.3249998615797205,152.0,55.89424631095569,-4.343398240721316,18,6.4,575
55.85628216526687,-4.3249998615797205,152.0,55.83908093533876,-4.223069302141199,19,8.723,710
55.85628216526687,-4.3249998615797205,152.0,55.8357731433788,-4.270556349194068,20,4.984,565
55.85628216526687,-4.3249998615797205,152.0,55.90309627527835,-4.360750370095284,21,8.433,810
55.85628216526687,-4.3249998615797205,152.0,55.85652103589449,-4.101365743428073,22,17.94,912
55.85628216526687,-4.3249998615797205,152.0,55.783736419963375,-4.235306054793451,23,13.863,1032
55.85628216526687,-4.3249998615797205,152.0,55.92064824587275,-4.2358362157531895,24,14.777,942
55.85628216526687,-4.3249998615797205,152.0,55.907674892744176,-4.2497703459088045,25,13.529,1987
55.85628216526687,-4.3249998615797205,152.0,55.919604340921964,-4.226208116301384,26,14.701,954
55.85628216526687,-4.3249998615797205,152.0,55.83219148710444,-4.304581930326681,27,6.272,753
55.85628216526687,-4.3249998615797205,152.0,55.79569701419853,-4.1769099124482585,28,15.547,964
55.85628216526687,-4.3249998615797205,152.0,55.81260197667657,-4.197841211154324,29,12.958,831
55.85628216526687,-4.3249998615797205,152.0,55.826092940761974,-4.176919409292903,30,11.488,764
55.85628216526687,-4.3249998615797205,152.0,55.828413149208096,-4.109650878166438,31,18.292,954
55.85628216526687,-4.3249998615797205,152.0,55.8999241737755,-4.257993823533507,32,10.735,874
55.85628216526687,-4.3249998615797205,152.0,55.892514250678616,-4.340118142906542,33,6.429,586
55.85628216526687,-4.3249998615797205,152.0,55.855241629670886,-4.269936069312288,34,6.768,499
55.85628216526687,-4.3249998615797205,152.0,55.877364911629314,-4.109701193625618,35,18.341,1012
55.85628216526687,-4.3249998615797205,152.0,55.887053111734645,-4.1280531391159245,36,18.643,979
55.85628216526687,-4.3249998615797205,152.0,55.89108676863447,-4.105446803942431,37,20.376,1285
55.85628216526687,-4.3249998615797205,152.0,55.842635153466425,-4.334387903339716,38,2.611,335
55.85628216526687,-4.3249998615797205,152.0,55.89197542936556,-4.19614108945253,39,14.65,812
55.85628216526687,-4.3249998615797205,152.0,55.825849135803445,-4.321179033230789,40,4.45,653
55.85628216526687,-4.3249998615797205,152.0,55.81864602215581,-4.375055705699034,41,7.126,695
55.85628216526687,-4.3249998615797205,152.0,55.92613065482397,-4.212698358862173,42,15.163,1007
55.85628216526687,-4.3249998615797205,152.0,55.874439929608144,-4.279689658904073,43,7.375,541
55.85628216526687,-4.3249998615797205,152.0,55.81998166828728,-4.245455535821837,44,9.283,646
55.85628216526687,-4.3249998615797205,152.0,55.91066980601156,-4.213502644426629,45,14.115,957
55.85628216526687,-4.3249998615797205,152.0,55.8404807486866,-4.356656090229781,46,6.263,602
55.85628216526687,-4.3249998615797205,152.0,55.88708229912325,-4.079055837843032,47,23.623,1034
55.85628216526687,-4.3249998615797205,152.0,55.84510555179576,-4.178720975321847,48,13.153,779
55.85628216526687,-4.3249998615797205,152.0,55.84413340760586,-4.085244529493477,49,20.32,1408
55.85628216526687,-4.3249998615797205,152.0,55.83324217210475,-4.157183908594519,50,13.015,776
55.85628216526687,-4.3249998615797205,152.0,55.895753278756494,-4.323131413571223,51,6.186,686
55.85628216526687,-4.3249998615797205,152.0,55.88609925330935,-4.38354364327563,52,5.942,499
55.85628216526687,-4.3249998615797205,152.0,55.86596770908397,-4.338853955125049,53,2.4,274
55.85628216526687,-4.3249998615797205,152.0,55.819381988004544,-4.256567679373081,54,10.712,796
55.85628216526687,-4.3249998615797205,152.0,55.919398785577634,-4.298102785445152,55,14.562,1567
55.85628216526687,-4.3249998615797205,152.0,55.81052481551728,-4.0780884232687225,56,21.091,2101
55.85628216526687,-4.3249998615797205,152.0,55.8411814367945,-4.125490362928665,57,16.373,849
55.85628216526687,-4.3249998615797205,152.0,55.844855881791794,-4.151320272286683,58,14.005,830
55.85628216526687,-4.3249998615797205,152.0,55.79334532620707,-4.3052187624925375,59,10.752,815
55.85628216526687,-4.3249998615797205,152.0,55.78499644933002,-4.082518262203789,60,24.814,1100
55.85628216526687,-4.3249998615797205,152.0,55.86482365717543,-4.074666870071637,61,20.206,1129
55.85628216526687,-4.3249998615797205,152.0,55.910543969585106,-4.384534109666136,62,10.26,885
55.85628216526687,-4.3249998615797205,152.0,55.799715679086134,-4.188568421733812,63,15.529,1122
55.85628216526687,-4.3249998615797205,152.0,55.90005630083831,-4.294022887833187,64,10.743,848
55.85628216526687,-4.3249998615797205,152.0,55.82573931186619,-4.210157383495828,65,11.015,645
55.85628216526687,-4.3249998615797205,152.0,55.88010014610652,-4.288014027401103,66,9.464,817
55.85628216526687,-4.3249998615797205,152.0,55.8836463272421,-4.377148406451105,67,5.712,576
55.85628216526687,-4.3249998615797205,152.0,55.80511293548626,-4.195982430231648,68,13.938,905
55.85628216526687,-4.3249998615797205,152.0,55.9265186267864,-4.256321117900257,69,14.1,981
55.85628216526687,-4.3249998615797205,152.0,55.90353118048908,-4.119171950823842,70,19.539,1221
55.85628216526687,-4.3249998615797205,152.0,55.81502357146685,-4.260984914919316,71,10.16,775
55.85628216526687,-4.3249998615797205,152.0,55.894355058439295,-4.293143876300353,72,10.033,796
55.85628216526687,-4.3249998615797205,152.0,55.80246488546192,-4.242274834364847,73,11.424,872
55.85628216526687,-4.3249998615797205,152.0,55.887581813102464,-4.2985753032369685,74,9.645,792
55.85628216526687,-4.3249998615797205,152.0,55.928290955083554,-4.295962301582311,75,10.546,894
55.85628216526687,-4.3249998615797205,152.0,55.81096058143004,-4.368797105646974,76,10.27,813
55.85628216526687,-4.3249998615797205,152.0,55.84818750128869,-4.3631808239548375,77,7.236,486
55.85628216526687,-4.3249998615797205,152.0,55.81610352786554,-4.330910795148831,78,6.609,563
55.85628216526687,-4.3249998615797205,152.0,55.807034270653475,-4.136077366584948,79,14.722,1014
55.85628216526687,-4.3249998615797205,152.0,55.86778114631985,-4.233612892312959,80,9.226,624
55.85628216526687,-4.3249998615797205,152.0,55.79578956690847,-4.368290459919509,81,15.354,2008
55.85628216526687,-4.3249998615797205,152.0,55.897877306124535,-4.077031107370425,82,22.167,1752
55.85628216526687,-4.3249998615797205,152.0,55.80721289582252,-4.242612882195534,83,10.647,823
55.85628216526687,-4.3249998615797205,152.0,55.92209393969709,-4.157940141970138,84,19.31,1018
55.85628216526687,-4.3249998615797205,152.0,55.79188265083702,-4.28147512844989,85,11.614,870
55.85628216526687,-4.3249998615797205,152.0,55.88043814367632,-4.104360473798184,86,18.153,972
55.85628216526687,-4.3249998615797205,152.0,55.90345994988174,-4.293652184560058,87,11.212,894
55.85628216526687,-4.3249998615797205,152.0,55.91230525016259,-4.108196424937476,88,20.807,1166
55.85628216526687,-4.3249998615797205,152.0,55.90569137930351,-4.3852429216612405,89,10.295,908
55.85628216526687,-4.3249998615797205,152.0,55.824402119970216,-4.298242138123909,90,4.886,574
55.85628216526687,-4.3249998615797205,152.0,55.887104625653905,-4.201059285828647,91,12.362,962
55.85628216526687,-4.3249998615797205,152.0,55.92006797200308,-4.195257422106852,92,16.009,984
55.85628216526687,-4.3249998615797205,152.0,55.7944551107823,-4.1683749063061635,93,15.677,1398
55.85628216526687,-4.3249998615797205,152.0,55.88003873447475,-4.304350182381346,94,5.859,683
55.85628216526687,-4.3249998615797205,152.0,55.88308048053683,-4.2942103285768285,95,8.804,671
55.85628216526687,-4.3249998615797205,152.0,55.80779271908626,-4.3234306371549245,96,7.88,695
55.85628216526687,-4.3249998615797205,152.0,55.90123467399992,-4.380968632189907,97,10.601,1043
55.85628216526687,-4.3249998615797205,152.0,55.88049231589054,-4.293733205570284,98,8.706,662
55.85628216526687,-4.3249998615797205,152.0,55.84697147961761,-4.334108806216461,99,2.725,368
55.85628216526687,-4.3249998615797205,152.0,55.83067141211495,-4.195633651932574,100,10.298,642
55.85628216526687,-4.3249998615797205,152.0,55.89350845984679,-4.099445363541155,101,20.191,1117
55.85628216526687,-4.3249998615797205,152.0,55.92592408664018,-4.179171340754611,102,20.651,1102
55.85628216526687,-4.3249998615797205,152.0,55.84941827409408,-4.169566750359822,103,13.858,845
55.85628216526687,-4.3249998615797205,152.0,55.92413375575165,-4.226670311636797,104,16.378,1749
55.85628216526687,-4.3249998615797205,152.0,55.88995713457192,-4.285031242761631,105,8.973,699
55.85628216526687,-4.3249998615797205,152.0,55.90528066541109,-4.131569818675147,106,16.989,866
55.85628216526687,-4.3249998615797205,152.0,55.87850608392288,-4.103517886631066,107,18.484,1005
55.85628216526687,-4.3249998615797205,152.0,55.80799405798939,-4.284953473560454,108,7.896,864
55.85628216526687,-4.3249998615797205,152.0,55.906815669822045,-4.385279074380807,109,9.606,812
55.85628216526687,-4.3249998615797205,152.0,55.916237634416454,-4.222407816066865,110,14.616,942
55.85628216526687,-4.3249998615797205,152.0,55.915798955837815,-4.088621086891774,111,23.891,1197
55.85628216526687,-4.3249998615797205,152.0,55.827538479175395,-4.350653065976025,112,5.466,617
55.85628216526687,-4.3249998615797205,152.0,55.799515288981674,-4.0866627646338864,113,25.184,1213
55.85628216526687,-4.3249998615797205,152.0,55.831024245961984,-4.244756518165482,114,7.764,547
55.85628216526687,-4.3249998615797205,152.0,55.86754360554833,-4.2143078261423845,115,10.566,739
55.85628216526687,-4.3249998615797205,152.0,55.8574985965699,-4.1521224561179935,116,15.161,955
55.85628216526687,-4.3249998615797205,152.0,55.88095643501817,-4.32811659177277,117,4.242,402
55.85628216526687,-4.3249998615797205,152.0,55.85240433608213,-4.177570445500026,118,14.022,896
55.85628216526687,-4.3249998615797205,152.0,55.91169549549074,-4.359708873069638,119,10.418,1001
55.85628216526687,-4.3249998615797205,152.0,55.92640787519779,-4.300990956079843,120,10.354,915
55.85628216526687,-4.3249998615797205,152.0,55.84019197366069,-4.205566157974415,121,11.618,794
55.85628216526687,-4.3249998615797205,152.0,55.866619942939494,-4.268153778778456,122,7.528,663
55.85628216526687,-4.3249998615797205,152.0,55.81327411986783,-4.2587495402872255,123,10.139,785
55.85628216526687,-4.3249998615797205,152.0,55.86022660117776,-4.154711133590585,124,15.067,883
55.85628216526687,-4.3249998615797205,152.0,55.831522729053496,-4.370420634377527,125,6.268,609
55.85628216526687,-4.3249998615797205,152.0,55.84074346341779,-4.172411658039648,126,12.226,699
55.85628216526687,-4.3249998615797205,152.0,55.8801412435821,-4.258666277618953,127,8.572,690
55.85628216526687,-4.3249998615797205,152.0,55.8434159429892,-4.1056733307349536,128,16.629,878
55.85628216526687,-4.3249998615797205,152.0,55.83522057783537,-4.25736952395694,129,8.298,644
55.85628216526687,-4.3249998615797205,152.0,55.86467774065618,-4.2250953414252415,130,9.35,576
55.85628216526687,-4.3249998615797205,152.0,55.8953662249987,-4.231143624453162,131,11.803,754
55.85628216526687,-4.3249998615797205,152.0,55.81920459649808,-4.236238450921302,132,9.867,696
55.85628216526687,-4.3249998615797205,152.0,55.900795402502105,-4.206009410292495,133,13.97,949
55.85628216526687,-4.3249998615797205,152.0,55.86078490474355,-4.339631469507248,134,2.347,349
55.85628216526687,-4.3249998615797205,152.0,55.924999437053955,-4.191173279124663,135,16.26,994
55.85628216526687,-4.3249998615797205,152.0,55.81549096669224,-4.126910343137958,136,15.713,1061
55.85628216526687,-4.3249998615797205,152.0,55.90135585493081,-4.207622057499793,137,13.969,926
55.85628216526687,-4.3249998615797205,152.0,55.845816555475636,-4.129576488296543,138,15.378,920
55.85628216526687,-4.3249998615797205,152.0,55.80470047644827,-4.291960781118721,139,7.729,841
55.85628216526687,-4.3249998615797205,152.0,55.89185394491289,-4.179857587296262,140,13.554,737
55.85628216526687,-4.3249998615797205,152.0,55.91859399996558,-4.3401659608951215,141,9.284,851
55.85628216526687,-4.3249998615797205,152.0,55.90671476836246,-4.3642865107142725,142,9.185,865
55.85628216526687,-4.3249998615797205,152.0,55.81273399651921,-4.167613047894911,143,12.771,825
55.85628216526687,-4.3249998615797205,152.0,55.80939871413575,-4.276056954355674,144,7.61,812
55.85628216526687,-4.3249998615797205,152.0,55.88312869327199,-4.214542892826467,145,11.374,780
55.85628216526687,-4.3249998615797205,152.0,55.815340374954424,-4.283514492524949,146,6.604,697
55.85628216526687,-4.3249998615797205,152.0,55.87864379034378,-4.080636908866371,147,24.603,1069
55.85628216526687,-4.3249998615797205,152.0,55.89423440492952,-4.2418874418647645,148,12.366,838
55.85628216526687,-4.3249998615797205,152.0,55.92796852989922,-4.305970400193036,149,10.482,938
55.85628216526687,-4.3249998615797205,152.0,55.92895153496988,-4.082888064137351,150,24.261,1146
55.85628216526687,-4.3249998615797205,152.0,55.790766759429424,-4.135285962371055,151,18.102,1039
55.85628216526687,-4.3249998615797205,152.0,55.80808041573422,-4.184105792933229,152,13.732,837
55.85628216526687,-4.3249998615797205,152.0,55.7982747224006,-4.3931924101572655,153,9.591,872
55.85628216526687,-4.3249998615797205,152.0,55.81178474630603,-4.337962602706185,154,7.676,669
55.85628216526687,-4.3249998615797205,152.0,55.852972007756,-4.353957895039277,155,2.65,402
55.85628216526687,-4.3249998615797205,152.0,55.797152036890715,-4.311451416173846,156,9.648,743
55.85628216526687,-4.3249998615797205,152.0,55.84839482833289,-4.1889265673730645,157,13.804,813
55.85628216526687,-4.3249998615797205,152.0,55.86383954752864,-4.387927326091926,158,9.872,513
55.85628216526687,-4.3249998615797205,152.0,55.807182357875575,-4.140487806234959,159,14.399,990
55.85628216526687,-4.3249998615797205,152.0,55.8296607577131,-4.218765551358871,160,9.184,703
55.85628216526687,-4.3249998615797205,152.0,55.82699494590622,-4.295404959002084,161,4.922,551
55.85628216526687,-4.3249998615797205,152.0,55.861248665443505,-4.307186036515638,162,2.003,244
55.85628216526687,-4.3249998615797205,152.0,55.897857165570365,-4.156645648865112,163,15.03,773
55.85628216526687,-4.3249998615797205,152.0,55.877747555317356,-4.342792329217214,164,4.832,498
55.85628216526687,-4.3249998615797205,152.0,55.92259641850896,-4.389236283866068,165,23.234,1076
55.85628216526687,-4.3249998615797205,152.0,55.92621339590465,-4.2820478996479165,166,11.713,939
55.85628216526687,-4.3249998615797205,152.0,55.80660612206145,-4.094012410496262,167,20.676,1166
55.85628216526687,-4.3249998615797205,152.0,55.84605439624201,-4.09192094471571,168,19.367,888
55.85628216526687,-4.3249998615797205,152.0,55.83961965364386,-4.1201104741133365,169,15.98,776
55.85628216526687,-4.3249998615797205,152.0,55.85030951683019,-4.217608837338132,170,9.272,744
55.85628216526687,-4.3249998615797205,152.0,55.85971342373431,-4.246748195156407,171,9.719,674
55.85628216526687,-4.3249998615797205,152.0,55.815747728441636,-4.150792968910081,172,13.269,886
55.85628216526687,-4.3249998615797205,152.0,55.80041195127493,-4.3806303679601495,173,9.007,824
55.85628216526687,-4.3249998615797205,152.0,55.85487415463933,-4.092829020720908,174,19.177,890
55.85628216526687,-4.3249998615797205,152.0,55.80456076444065,-4.203157873727267,175,13.957,907
55.85628216526687,-4.3249998615797205,152.0,55.84723005082115,-4.330151260440624,176,2.246,312
55.85628216526687,-4.3249998615797205,152.0,55.88775631668876,-4.123428423568879,177,18.778,985
55.85628216526687,-4.3249998615797205,152.0,55.82857385936083,-4.129579652409029,178,15.791,1074
55.85628216526687,-4.3249998615797205,152.0,55.879865395443076,-4.36272007519476,179,5.724,541
55.85628216526687,-4.3249998615797205,152.0,55.87973669437185,-4.215636550296907,180,10.661,792
55.85628216526687,-4.3249998615797205,152.0,55.8162521393249,-4.1868605517933455,181,12.151,796
55.85628216526687,-4.3249998615797205,152.0,55.80755514535402,-4.201625161718038,182,13.71,874
55.85628216526687,-4.3249998615797205,152.0,55.85565398843102,-4.250533808562208,183,6.231,594
55.85628216526687,-4.3249998615797205,152.0,55.929636326069506,-4.381100658166308,184,12.345,1017
55.85628216526687,-4.3249998615797205,152.0,55.879581066995904,-4.21986165885879,185,10.302,772
55.85628216526687,-4.3249998615797205,152.0,55.92647877645629,-4.127886630011083,186,20.392,1104
55.85628216526687,-4.3249998615797205,152.0,55.82282427264178,-4.371094162561755,187,7.256,696
55.85628216526687,-4.3249998615797205,152.0,55.90291353127043,-4.3414180899754955,188,7.231,743
55.85628216526687,-4.3249998615797205,152.0,55.78437024600116,-4.156926419796477,189,17.446,1054
55.85628216526687,-4.3249998615797205,152.0,55.8321542449311,-4.1561720476648265,190,13.055,790
55.85628216526687,-4.3249998615797205,152.0,55.88310705812362,-4.084862107847263,191,21.764,951
55.85628216526687,-4.3249998615797205,152.0,55.85616333886266,-4.110333739241922,192,17.978,933
55.85628216526687,-4.3249998615797205,152.0,55.90185178498145,-4.152652007721208,193,18.939,1398
55.85628216526687,-4.3249998615797205,152.0,55.8837118458465,-4.182392741162416,194,15.218,1746
55.85628216526687,-4.3249998615797205,152.0,55.83086049774818,-4.312434105301623,195,5.856,656
55.85628216526687,-4.3249998615797205,152.0,55.821849459706755,-4.176208567338996,196,11.899,760
55.85628216526687,-4.3249998615797205,152.0,55.88009750494633,-4.255964552703097,197,8.258,668
55.85628216526687,-4.3249998615797205,152.0,55.87413911675089,-4.369807111055967,198,4.053,395
55.85628216526687,-4.3249998615797205,152.0,55.86354071984154,-4.093406384811447,199,18.594,987
55.917344898292576,-4.204502849697108,153.0,55.8391698042901,-4.214478482526657,0,11.785,1005
55.917344898292576,-4.204502849697108,153.0,55.86553667472969,-4.350500876963486,1,19.754,1102
55.917344898292576,-4.204502849697108,153.0,55.912892829643965,-4.286410947894997,2,7.268,1344
55.917344898292576,-4.204502849697108,153.0,55.84854019346565,-4.391697428307927,3,19.185,1323
55.917344898292576,-4.204502849697108,153.0,55.79232875093524,-4.310455024670266,4,21.676,1302
55.917344898292576,-4.204502849697108,153.0,55.837143362020576,-4.120043492886959,5,23.521,1120
55.917344898292576,-4.204502849697108,153.0,55.84185129809378,-4.283879851305767,6,16.356,1052
55.917344898292576,-4.204502849697108,153.0,55.90609664927746,-4.311383718964596,7,11.2,689
55.917344898292576,-4.204502849697108,153.0,55.7832172019226,-4.31249791159531,8,23.264,1360
55.917344898292576,-4.204502849697108,153.0,55.8177258987159,-4.260489243356555,9,13.611,1188
55.917344898292576,-4.204502849697108,153.0,55.903262790870684,-4.212111703691823,10,3.236,329
55.917344898292576,-4.204502849697108,153.0,55.893978813107424,-4.1413270988368325,11,9.221,590
55.917344898292576,-4.204502849697108,153.0,55.894884622950286,-4.154349650804189,12,8.813,459
55.917344898292576,-4.204502849697108,153.0,55.80680963785043,-4.263605759417426,13,15.452,1448
55.917344898292576,-4.204502849697108,153.0,55.81824312166051,-4.346878846315483,14,18.839,1216
55.917344898292576,-4.204502849697108,153.0,55.84742656229786,-4.269221405976544,15,12.832,939
55.917344898292576,-4.204502849697108,153.0,55.80730424868546,-4.315177272898423,16,18.545,1201
55.917344898292576,-4.204502849697108,153.0,55.83798278877758,-4.260604018644594,17,10.981,963
55.917344898292576,-4.204502849697108,153.0,55.89424631095569,-4.343398240721316,18,14.325,953
55.917344898292576,-4.204502849697108,153.0,55.83908093533876,-4.223069302141199,19,11.232,1031
55.917344898292576,-4.204502849697108,153.0,55.8357731433788,-4.270556349194068,20,13.636,951
55.917344898292576,-4.204502849697108,153.0,55.90309627527835,-4.360750370095284,21,13.863,961
55.917344898292576,-4.204502849697108,153.0,55.85652103589449,-4.101365743428073,22,14.045,812
55.917344898292576,-4.204502849697108,153.0,55.783736419963375,-4.235306054793451,23,17.671,1479
55.917344898292576,-4.204502849697108,153.0,55.92064824587275,-4.2358362157531895,24,2.81,218
55.917344898292576,-4.204502849697108,153.0,55.907674892744176,-4.2497703459088045,25,3.756,1433
55.917344898292576,-4.204502849697108,153.0,55.919604340921964,-4.226208116301384,26,1.544,153
55.917344898292576,-4.204502849697108,153.0,55.83219148710444,-4.304581930326681,27,17.717,1242
55.917344898292576,-4.204502849697108,153.0,55.79569701419853,-4.1769099124482585,28,17.876,1424
55.917344898292576,-4.204502849697108,153.0,55.81260197667657,-4.197841211154324,29,15.287,1291
55.917344898292576,-4.204502849697108,153.0,55.826092940761974,-4.176919409292903,30,18.918,1255
55.917344898292576,-4.204502849697108,153.0,55.828413149208096,-4.109650878166438,31,20.991,1158
55.917344898292576,-4.204502849697108,153.0,55.8999241737755,-4.257993823533507,32,8.961,554
55.917344898292576,-4.204502849697108,153.0,55.892514250678616,-4.340118142906542,33,14.354,958
55.917344898292576,-4.204502849697108,153.0,55.855241629670886,-4.269936069312288,34,10.676,680
55.917344898292576,-4.204502849697108,153.0,55.877364911629314,-4.109701193625618,35,15.201,949
55.917344898292576,-4.204502849697108,153.0,55.887053111734645,-4.1280531391159245,36,9.679,570
55.917344898292576,-4.204502849697108,153.0,55.89108676863447,-4.105446803942431,37,11.412,876
55.917344898292576,-4.204502849697108,153.0,55.842635153466425,-4.334387903339716,38,15.622,1030
55.917344898292576,-4.204502849697108,153.0,55.89197542936556,-4.19614108945253,39,3.839,282
55.917344898292576,-4.204502849697108,153.0,55.825849135803445,-4.321179033230789,40,15.895,1143
55.917344898292576,-4.204502849697108,153.0,55.81864602215581,-4.375055705699034,41,19.868,1225
55.917344898292576,-4.204502849697108,153.0,55.92613065482397,-4.212698358862173,42,1.408,174
55.917344898292576,-4.204502849697108,153.0,55.874439929608144,-4.279689658904073,43,10.517,802
55.917344898292576,-4.204502849697108,153.0,55.81998166828728,-4.245455535821837,44,13.091,1094
55.917344898292576,-4.204502849697108,153.0,55.91066980601156,-4.213502644426629,45,1.9,202
55.917344898292576,-4.204502849697108,153.0,55.8404807486866,-4.356656090229781,46,19.274,1297
55.917344898292576,-4.204502849697108,153.0,55.88708229912325,-4.079055837843032,47,18.008,810
55.917344898292576,-4.204502849697108,153.0,55.84510555179576,-4.178720975321847,48,12.693,1074
55.917344898292576,-4.204502849697108,153.0,55.84413340760586,-4.085244529493477,49,18.544,1346
55.917344898292576,-4.204502849697108,153.0,55.83324217210475,-4.157183908594519,50,21.536,1110
55.917344898292576,-4.204502849697108,153.0,55.895753278756494,-4.323131413571223,51,13.489,899
55.917344898292576,-4.204502849697108,153.0,55.88609925330935,-4.38354364327563,52,20.787,1170
55.917344898292576,-4.204502849697108,153.0,55.86596770908397,-4.338853955125049,53,17.57,1051
55.917344898292576,-4.204502849697108,153.0,55.819381988004544,-4.256567679373081,54,13.341,1209
55.917344898292576,-4.204502849697108,153.0,55.919398785577634,-4.298102785445152,55,7.544,1024
55.917344898292576,-4.204502849697108,153.0,55.81052481551728,-4.0780884232687225,56,23.79,2305
55.917344898292576,-4.204502849697108,153.0,55.8411814367945,-4.125490362928665,57,19.072,1053
55.917344898292576,-4.204502849697108,153.0,55.844855881791794,-4.151320272286683,58,14.174,1071
55.917344898292576,-4.204502849697108,153.0,55.79334532620707,-4.3052187624925375,59,22.007,1308
55.917344898292576,-4.204502849697108,153.0,55.78499644933002,-4.082518262203789,60,25.68,1231
55.917344898292576,-4.204502849697108,153.0,55.86482365717543,-4.074666870071637,61,16.138,1116
55.917344898292576,-4.204502849697108,153.0,55.910543969585106,-4.384534109666136,62,16.295,1096
55.917344898292576,-4.204502849697108,153.0,55.799715679086134,-4.188568421733812,63,17.858,1582
55.917344898292576,-4.204502849697108,153.0,55.90005630083831,-4.294022887833187,64,9.116,615
55.917344898292576,-4.204502849697108,153.0,55.82573931186619,-4.210157383495828,65,13.344,1106
55.917344898292576,-4.204502849697108,153.0,55.88010014610652,-4.288014027401103,66,11.437,858
55.917344898292576,-4.204502849697108,153.0,55.8836463272421,-4.377148406451105,67,20.557,1248
55.917344898292576,-4.204502849697108,153.0,55.80511293548626,-4.195982430231648,68,16.267,1366
55.917344898292576,-4.204502849697108,153.0,55.9265186267864,-4.256321117900257,69,5.036,347
55.917344898292576,-4.204502849697108,153.0,55.90353118048908,-4.119171950823842,70,10.08,792
55.917344898292576,-4.204502849697108,153.0,55.81502357146685,-4.260984914919316,71,13.968,1223
55.917344898292576,-4.204502849697108,153.0,55.894355058439295,-4.293143876300353,72,10.164,699
55.917344898292576,-4.204502849697108,153.0,55.80246488546192,-4.242274834364847,73,15.232,1319
55.917344898292576,-4.204502849697108,153.0,55.887581813102464,-4.2985753032369685,74,10.774,769
55.917344898292576,-4.204502849697108,153.0,55.928290955083554,-4.295962301582311,75,7.966,438
55.917344898292576,-4.204502849697108,153.0,55.81096058143004,-4.368797105646974,76,21.525,1307
55.917344898292576,-4.204502849697108,153.0,55.84818750128869,-4.3631808239548375,77,20.26,1149
55.917344898292576,-4.204502849697108,153.0,55.81610352786554,-4.330910795148831,78,17.864,1056
55.917344898292576,-4.204502849697108,153.0,55.807034270653475,-4.136077366584948,79,25.56,1398
55.917344898292576,-4.204502849697108,153.0,55.86778114631985,-4.233612892312959,80,7.045,575
55.917344898292576,-4.204502849697108,153.0,55.79578956690847,-4.368290459919509,81,26.609,2501
55.917344898292576,-4.204502849697108,153.0,55.897877306124535,-4.077031107370425,82,13.203,1343
55.917344898292576,-4.204502849697108,153.0,55.80721289582252,-4.242612882195534,83,14.455,1271
55.917344898292576,-4.204502849697108,153.0,55.92209393969709,-4.157940141970138,84,6.866,409
55.917344898292576,-4.204502849697108,153.0,55.79188265083702,-4.28147512844989,85,22.869,1363
55.917344898292576,-4.204502849697108,153.0,55.88043814367632,-4.104360473798184,86,14.511,889
55.917344898292576,-4.204502849697108,153.0,55.90345994988174,-4.293652184560058,87,8.331,540
55.917344898292576,-4.204502849697108,153.0,55.91230525016259,-4.108196424937476,88,11.104,701
55.917344898292576,-4.204502849697108,153.0,55.90569137930351,-4.3852429216612405,89,17.231,1172
55.917344898292576,-4.204502849697108,153.0,55.824402119970216,-4.298242138123909,90,16.331,1064
55.917344898292576,-4.204502849697108,153.0,55.887104625653905,-4.201059285828647,91,4.693,440
55.917344898292576,-4.204502849697108,153.0,55.92006797200308,-4.195257422106852,92,2.254,152
55.917344898292576,-4.204502849697108,153.0,55.7944551107823,-4.1683749063061635,93,18.006,1858
55.917344898292576,-4.204502849697108,153.0,55.88003873447475,-4.304350182381346,94,13.07,970
55.917344898292576,-4.204502849697108,153.0,55.88308048053683,-4.2942103285768285,95,11.455,874
55.917344898292576,-4.204502849697108,153.0,55.80779271908626,-4.3234306371549245,96,19.135,1188
55.917344898292576,-4.204502849697108,153.0,55.90123467399992,-4.380968632189907,97,20.009,1440
55.917344898292576,-4.204502849697108,153.0,55.88049231589054,-4.293733205570284,98,12.572,935
55.917344898292576,-4.204502849697108,153.0,55.84697147961761,-4.334108806216461,99,15.736,1063
55.917344898292576,-4.204502849697108,153.0,55.83067141211495,-4.195633651932574,100,17.728,1134
55.917344898292576,-4.204502849697108,153.0,55.89350845984679,-4.099445363541155,101,11.227,708
55.917344898292576,-4.204502849697108,153.0,55.92592408664018,-4.179171340754611,102,4.425,296
55.917344898292576,-4.204502849697108,153.0,55.84941827409408,-4.169566750359822,103,12.479,1059
55.917344898292576,-4.204502849697108,153.0,55.92413375575165,-4.226670311636797,104,2.623,917
55.917344898292576,-4.204502849697108,153.0,55.88995713457192,-4.285031242761631,105,10.43,682
55.917344898292576,-4.204502849697108,153.0,55.90528066541109,-4.131569818675147,106,7.442,429
55.917344898292576,-4.204502849697108,153.0,55.87850608392288,-4.103517886631066,107,14.842,922
55.917344898292576,-4.204502849697108,153.0,55.80799405798939,-4.284953473560454,108,17.634,1318
55.917344898292576,-4.204502849697108,153.0,55.906815669822045,-4.385279074380807,109,17.012,1126
55.917344898292576,-4.204502849697108,153.0,55.916237634416454,-4.222407816066865,110,1.459,141
55.917344898292576,-4.204502849697108,153.0,55.915798955837815,-4.088621086891774,111,11.822,736
55.917344898292576,-4.204502849697108,153.0,55.827538479175395,-4.350653065976025,112,18.208,1147
55.917344898292576,-4.204502849697108,153.0,55.799515288981674,-4.0866627646338864,113,26.05,1344
55.917344898292576,-4.204502849697108,153.0,55.831024245961984,-4.244756518165482,114,11.692,1002
55.917344898292576,-4.204502849697108,153.0,55.86754360554833,-4.2143078261423845,115,8.286,734
55.917344898292576,-4.204502849697108,153.0,55.8574985965699,-4.1521224561179935,116,11.955,856
55.917344898292576,-4.204502849697108,153.0,55.88095643501817,-4.32811659177277,117,14.569,997
55.917344898292576,-4.204502849697108,153.0,55.85240433608213,-4.177570445500026,118,11.764,931
55.917344898292576,-4.204502849697108,153.0,55.91169549549074,-4.359708873069638,119,13.807,952
55.917344898292576,-4.204502849697108,153.0,55.92640787519779,-4.300990956079843,120,8.414,487
55.917344898292576,-4.204502849697108,153.0,55.84019197366069,-4.205566157974415,121,12.271,1103
55.917344898292576,-4.204502849697108,153.0,55.866619942939494,-4.268153778778456,122,9.594,783
55.917344898292576,-4.204502849697108,153.0,55.81327411986783,-4.2587495402872255,123,13.947,1233
55.917344898292576,-4.204502849697108,153.0,55.86022660117776,-4.154711133590585,124,11.172,783
55.917344898292576,-4.204502849697108,153.0,55.831522729053496,-4.370420634377527,125,20.262,1317
55.917344898292576,-4.204502849697108,153.0,55.84074346341779,-4.172411658039648,126,13.763,1121
55.917344898292576,-4.204502849697108,153.0,55.8801412435821,-4.258666277618953,127,10.066,639
55.917344898292576,-4.204502849697108,153.0,55.8434159429892,-4.1056733307349536,128,19.328,1082
55.917344898292576,-4.204502849697108,153.0,55.83522057783537,-4.25736952395694,129,10.955,965
55.917344898292576,-4.204502849697108,153.0,55.86467774065618,-4.2250953414252415,130,7.826,581
55.917344898292576,-4.204502849697108,153.0,55.8953662249987,-4.231143624453162,131,3.682,307
55.917344898292576,-4.204502849697108,153.0,55.81920459649808,-4.236238450921302,132,13.675,1144
55.917344898292576,-4.204502849697108,153.0,55.900795402502105,-4.206009410292495,133,3.707,324
55.917344898292576,-4.204502849697108,153.0,55.86078490474355,-4.339631469507248,134,18.105,1146
55.917344898292576,-4.204502849697108,153.0,55.924999437053955,-4.191173279124663,135,2.505,162
55.917344898292576,-4.204502849697108,153.0,55.81549096669224,-4.126910343137958,136,24.39,1369
55.917344898292576,-4.204502849697108,153.0,55.90135585493081,-4.207622057499793,137,3.706,302
55.917344898292576,-4.204502849697108,153.0,55.845816555475636,-4.129576488296543,138,15.145,1025
55.917344898292576,-4.204502849697108,153.0,55.80470047644827,-4.291960781118721,139,17.661,1296
55.917344898292576,-4.204502849697108,153.0,55.89185394491289,-4.179857587296262,140,4.252,328
55.917344898292576,-4.204502849697108,153.0,55.91859399996558,-4.3401659608951215,141,11.175,698
55.917344898292576,-4.204502849697108,153.0,55.90671476836246,-4.3642865107142725,142,13.894,924
55.917344898292576,-4.204502849697108,153.0,55.81273399651921,-4.167613047894911,143,23.993,1251
55.917344898292576,-4.204502849697108,153.0,55.80939871413575,-4.276056954355674,144,17.542,1282
55.917344898292576,-4.204502849697108,153.0,55.88312869327199,-4.214542892826467,145,5.516,478
55.917344898292576,-4.204502849697108,153.0,55.815340374954424,-4.283514492524949,146,16.536,1167
55.917344898292576,-4.204502849697108,153.0,55.87864379034378,-4.080636908866371,147,18.921,833
55.917344898292576,-4.204502849697108,153.0,55.89423440492952,-4.2418874418647645,148,4.245,405
55.917344898292576,-4.204502849697108,153.0,55.92796852989922,-4.305970400193036,149,8.542,510
55.917344898292576,-4.204502849697108,153.0,55.92895153496988,-4.082888064137351,150,10.986,678
55.917344898292576,-4.204502849697108,153.0,55.790766759429424,-4.135285962371055,151,27.688,1454
55.917344898292576,-4.204502849697108,153.0,55.80808041573422,-4.184105792933229,152,16.061,1297
55.917344898292576,-4.204502849697108,153.0,55.7982747224006,-4.3931924101572655,153,22.333,1401
55.917344898292576,-4.204502849697108,153.0,55.81178474630603,-4.337962602706185,154,18.931,1162
55.917344898292576,-4.204502849697108,153.0,55.852972007756,-4.353957895039277,155,17.304,1149
55.917344898292576,-4.204502849697108,153.0,55.797152036890715,-4.311451416173846,156,20.903,1236
55.917344898292576,-4.204502849697108,153.0,55.84839482833289,-4.1889265673730645,157,11.508,948
55.917344898292576,-4.204502849697108,153.0,55.86383954752864,-4.387927326091926,158,22.896,1176
55.917344898292576,-4.204502849697108,153.0,55.807182357875575,-4.140487806234959,159,25.237,1373
55.917344898292576,-4.204502849697108,153.0,55.8296607577131,-4.218765551358871,160,12.674,1139
55.917344898292576,-4.204502849697108,153.0,55.82699494590622,-4.295404959002084,161,16.367,1040
55.917344898292576,-4.204502849697108,153.0,55.861248665443505,-4.307186036515638,162,16.007,1075
55.917344898292576,-4.204502849697108,153.0,55.897857165570365,-4.156645648865112,163,5.789,380
55.917344898292576,-4.204502849697108,153.0,55.877747555317356,-4.342792329217214,164,15.948,1138
55.917344898292576,-4.204502849697108,153.0,55.92259641850896,-4.389236283866068,165,15.174,901
55.917344898292576,-4.204502849697108,153.0,55.92621339590465,-4.2820478996479165,166,6.866,387
55.917344898292576,-4.204502849697108,153.0,55.80660612206145,-4.094012410496262,167,23.375,1370
55.917344898292576,-4.204502849697108,153.0,55.84605439624201,-4.09192094471571,168,15.472,789
55.917344898292576,-4.204502849697108,153.0,55.83961965364386,-4.1201104741133365,169,18.679,980
55.917344898292576,-4.204502849697108,153.0,55.85030951683019,-4.217608837338132,170,10.258,865
55.917344898292576,-4.204502849697108,153.0,55.85971342373431,-4.246748195156407,171,8.195,679
55.917344898292576,-4.204502849697108,153.0,55.815747728441636,-4.150792968910081,172,24.107,1270
55.917344898292576,-4.204502849697108,153.0,55.80041195127493,-4.3806303679601495,173,21.749,1354
55.917344898292576,-4.204502849697108,153.0,55.85487415463933,-4.092829020720908,174,15.282,790
55.917344898292576,-4.204502849697108,153.0,55.80456076444065,-4.203157873727267,175,16.286,1367
55.917344898292576,-4.204502849697108,153.0,55.84723005082115,-4.330151260440624,176,15.257,1007
55.917344898292576,-4.204502849697108,153.0,55.88775631668876,-4.123428423568879,177,9.814,576
55.917344898292576,-4.204502849697108,153.0,55.82857385936083,-4.129579652409029,178,23.997,1348
55.917344898292576,-4.204502849697108,153.0,55.879865395443076,-4.36272007519476,179,16.856,1163
55.917344898292576,-4.204502849697108,153.0,55.87973669437185,-4.215636550296907,180,6.977,623
55.917344898292576,-4.204502849697108,153.0,55.8162521393249,-4.1868605517933455,181,15.428,1279
55.917344898292576,-4.204502849697108,153.0,55.80755514535402,-4.201625161718038,182,16.039,1334
55.917344898292576,-4.204502849697108,153.0,55.85565398843102,-4.250533808562208,183,9.009,834
55.917344898292576,-4.204502849697108,153.0,55.929636326069506,-4.381100658166308,184,14.236,861
55.917344898292576,-4.204502849697108,153.0,55.879581066995904,-4.21986165885879,185,6.075,566
55.917344898292576,-4.204502849697108,153.0,55.92647877645629,-4.127886630011083,186,8.67,618
55.917344898292576,-4.204502849697108,153.0,55.82282427264178,-4.371094162561755,187,19.398,1240
55.917344898292576,-4.204502849697108,153.0,55.90291353127043,-4.3414180899754955,188,15.022,1021
55.917344898292576,-4.204502849697108,153.0,55.78437024600116,-4.156926419796477,189,31.279,1507
55.917344898292576,-4.204502849697108,153.0,55.8321542449311,-4.1561720476648265,190,21.576,1124
55.917344898292576,-4.204502849697108,153.0,55.88310705812362,-4.084862107847263,191,19.536,952
55.917344898292576,-4.204502849697108,153.0,55.85616333886266,-4.110333739241922,192,14.083,834
55.917344898292576,-4.204502849697108,153.0,55.90185178498145,-4.152652007721208,193,5.061,716
55.917344898292576,-4.204502849697108,153.0,55.8837118458465,-4.182392741162416,194,8.196,1482
55.917344898292576,-4.204502849697108,153.0,55.83086049774818,-4.312434105301623,195,17.301,1145
55.917344898292576,-4.204502849697108,153.0,55.821849459706755,-4.176208567338996,196,23.46,1208
55.917344898292576,-4.204502849697108,153.0,55.88009750494633,-4.255964552703097,197,9.962,634
55.917344898292576,-4.204502849697108,153.0,55.87413911675089,-4.369807111055967,198,18.898,1067
55.917344898292576,-4.204502849697108,153.0,55.86354071984154,-4.093406384811447,199,16.818,981
55.79925950474878,-4.211583088076911,154.0,55.8391698042901,-4.214478482526657,0,6.85,494
55.79925950474878,-4.211583088076911,154.0,55.86553667472969,-4.350500876963486,1,20.835,1135
55.79925950474878,-4.211583088076911,154.0,55.912892829643965,-4.286410947894997,2,20.339,2431
55.79925950474878,-4.211583088076911,154.0,55.84854019346565,-4.391697428307927,3,20.266,1356
55.79925950474878,-4.211583088076911,154.0,55.79232875093524,-4.310455024670266,4,8.265,690
55.79925950474878,-4.211583088076911,154.0,55.837143362020576,-4.120043492886959,5,9.339,588
55.79925950474878,-4.211583088076911,154.0,55.84185129809378,-4.283879851305767,6,10.176,907
55.79925950474878,-4.211583088076911,154.0,55.90609664927746,-4.311383718964596,7,18.669,1569
55.79925950474878,-4.211583088076911,154.0,55.7832172019226,-4.31249791159531,8,8.595,667
55.79925950474878,-4.211583088076911,154.0,55.8177258987159,-4.260489243356555,9,6.454,530
55.79925950474878,-4.211583088076911,154.0,55.903262790870684,-4.212111703691823,10,16.812,1440
55.79925950474878,-4.211583088076911,154.0,55.893978813107424,-4.1413270988368325,11,22.781,1346
55.79925950474878,-4.211583088076911,154.0,55.894884622950286,-4.154349650804189,12,27.646,1247
55.79925950474878,-4.211583088076911,154.0,55.80680963785043,-4.263605759417426,13,8.146,748
55.79925950474878,-4.211583088076911,154.0,55.81824312166051,-4.346878846315483,14,12.907,1137
55.79925950474878,-4.211583088076911,154.0,55.84742656229786,-4.269221405976544,15,10.373,920
55.79925950474878,-4.211583088076911,154.0,55.80730424868546,-4.315177272898423,16,9.902,823
55.79925950474878,-4.211583088076911,154.0,55.83798278877758,-4.260604018644594,17,8.647,721
55.79925950474878,-4.211583088076911,154.0,55.89424631095569,-4.343398240721316,18,22.651,1384
55.79925950474878,-4.211583088076911,154.0,55.83908093533876,-4.223069302141199,19,7.88,624
55.79925950474878,-4.211583088076911,154.0,55.8357731433788,-4.270556349194068,20,9.331,771
55.79925950474878,-4.211583088076911,154.0,55.90309627527835,-4.360750370095284,21,24.684,1619
55.79925950474878,-4.211583088076911,154.0,55.85652103589449,-4.101365743428073,22,14.272,911
55.79925950474878,-4.211583088076911,154.0,55.783736419963375,-4.235306054793451,23,2.644,192
55.79925950474878,-4.211583088076911,154.0,55.92064824587275,-4.2358362157531895,24,17.937,1421
55.79925950474878,-4.211583088076911,154.0,55.907674892744176,-4.2497703459088045,25,16.689,2466
55.79925950474878,-4.211583088076911,154.0,55.919604340921964,-4.226208116301384,26,17.861,1432
55.79925950474878,-4.211583088076911,154.0,55.83219148710444,-4.304581930326681,27,11.594,1078
55.79925950474878,-4.211583088076911,154.0,55.79569701419853,-4.1769099124482585,28,3.804,253
55.79925950474878,-4.211583088076911,154.0,55.81260197667657,-4.197841211154324,29,3.729,290
55.79925950474878,-4.211583088076911,154.0,55.826092940761974,-4.176919409292903,30,6.846,600
55.79925950474878,-4.211583088076911,154.0,55.828413149208096,-4.109650878166438,31,13.287,771
55.79925950474878,-4.211583088076911,154.0,55.8999241737755,-4.257993823533507,32,16.788,1410
55.79925950474878,-4.211583088076911,154.0,55.892514250678616,-4.340118142906542,33,22.68,1396
55.79925950474878,-4.211583088076911,154.0,55.855241629670886,-4.269936069312288,34,15.121,1111
55.79925950474878,-4.211583088076911,154.0,55.877364911629314,-4.109701193625618,35,20.513,1123
55.79925950474878,-4.211583088076911,154.0,55.887053111734645,-4.1280531391159245,36,26.16,1328
55.79925950474878,-4.211583088076911,154.0,55.89108676863447,-4.105446803942431,37,20.501,1338
55.79925950474878,-4.211583088076911,154.0,55.842635153466425,-4.334387903339716,38,16.703,1063
55.79925950474878,-4.211583088076911,154.0,55.89197542936556,-4.19614108945253,39,15.197,1199
55.79925950474878,-4.211583088076911,154.0,55.825849135803445,-4.321179033230789,40,11.573,999
55.79925950474878,-4.211583088076911,154.0,55.81864602215581,-4.375055705699034,41,13.034,1065
55.79925950474878,-4.211583088076911,154.0,55.92613065482397,-4.212698358862173,42,18.323,1485
55.79925950474878,-4.211583088076911,154.0,55.874439929608144,-4.279689658904073,43,13.928,1198
55.79925950474878,-4.211583088076911,154.0,55.81998166828728,-4.245455535821837,44,6.299,504
55.79925950474878,-4.211583088076911,154.0,55.91066980601156,-4.213502644426629,45,17.275,1436
55.79925950474878,-4.211583088076911,154.0,55.8404807486866,-4.356656090229781,46,25.395,1321
55.79925950474878,-4.211583088076911,154.0,55.88708229912325,-4.079055837843032,47,18.131,931
55.79925950474878,-4.211583088076911,154.0,55.84510555179576,-4.178720975321847,48,8.673,703
55.79925950474878,-4.211583088076911,154.0,55.84413340760586,-4.085244529493477,49,14.828,1305
55.79925950474878,-4.211583088076911,154.0,55.83324217210475,-4.157183908594519,50,6.785,515
55.79925950474878,-4.211583088076911,154.0,55.895753278756494,-4.323131413571223,51,22.437,1495
55.79925950474878,-4.211583088076911,154.0,55.88609925330935,-4.38354364327563,52,21.868,1203
55.79925950474878,-4.211583088076911,154.0,55.86596770908397,-4.338853955125049,53,18.651,1084
55.79925950474878,-4.211583088076911,154.0,55.819381988004544,-4.256567679373081,54,7.728,637
55.79925950474878,-4.211583088076911,154.0,55.919398785577634,-4.298102785445152,55,20.615,2111
55.79925950474878,-4.211583088076911,154.0,55.81052481551728,-4.0780884232687225,56,20.805,2035
55.79925950474878,-4.211583088076911,154.0,55.8411814367945,-4.125490362928665,57,9.209,719
55.79925950474878,-4.211583088076911,154.0,55.844855881791794,-4.151320272286683,58,8.505,677
55.79925950474878,-4.211583088076911,154.0,55.79334532620707,-4.3052187624925375,59,7.86,651
55.79925950474878,-4.211583088076911,154.0,55.78499644933002,-4.082518262203789,60,10.998,542
55.79925950474878,-4.211583088076911,154.0,55.86482365717543,-4.074666870071637,61,15.824,1105
55.79925950474878,-4.211583088076911,154.0,55.910543969585106,-4.384534109666136,62,26.511,1684
55.79925950474878,-4.211583088076911,154.0,55.799715679086134,-4.188568421733812,63,1.503,276
55.79925950474878,-4.211583088076911,154.0,55.90005630083831,-4.294022887833187,64,17.741,1522
55.79925950474878,-4.211583088076911,154.0,55.82573931186619,-4.210157383495828,65,5.019,334
55.79925950474878,-4.211583088076911,154.0,55.88010014610652,-4.288014027401103,66,16.462,1491
55.79925950474878,-4.211583088076911,154.0,55.8836463272421,-4.377148406451105,67,21.638,1281
55.79925950474878,-4.211583088076911,154.0,55.80511293548626,-4.195982430231648,68,2.986,239
55.79925950474878,-4.211583088076911,154.0,55.9265186267864,-4.256321117900257,69,20.153,1525
55.79925950474878,-4.211583088076911,154.0,55.90353118048908,-4.119171950823842,70,21.103,1399
55.79925950474878,-4.211583088076911,154.0,55.81502357146685,-4.260984914919316,71,6.811,564
55.79925950474878,-4.211583088076911,154.0,55.894355058439295,-4.293143876300353,72,17.031,1470
55.79925950474878,-4.211583088076911,154.0,55.80246488546192,-4.242274834364847,73,4.051,334
55.79925950474878,-4.211583088076911,154.0,55.887581813102464,-4.2985753032369685,74,16.643,1466
55.79925950474878,-4.211583088076911,154.0,55.928290955083554,-4.295962301582311,75,21.037,1525
55.79925950474878,-4.211583088076911,154.0,55.81096058143004,-4.368797105646974,76,12.199,1039
55.79925950474878,-4.211583088076911,154.0,55.84818750128869,-4.3631808239548375,77,21.341,1182
55.79925950474878,-4.211583088076911,154.0,55.81610352786554,-4.330910795148831,78,11.73,966
55.79925950474878,-4.211583088076911,154.0,55.807034270653475,-4.136077366584948,79,8.552,433
55.79925950474878,-4.211583088076911,154.0,55.86778114631985,-4.233612892312959,80,11.919,1075
55.79925950474878,-4.211583088076911,154.0,55.79578956690847,-4.368290459919509,81,21.761,2132
55.79925950474878,-4.211583088076911,154.0,55.897877306124535,-4.077031107370425,82,20.49,1677
55.79925950474878,-4.211583088076911,154.0,55.80721289582252,-4.242612882195534,83,4.441,367
55.79925950474878,-4.211583088076911,154.0,55.92209393969709,-4.157940141970138,84,29.747,1425
55.79925950474878,-4.211583088076911,154.0,55.79188265083702,-4.28147512844989,85,6.007,489
55.79925950474878,-4.211583088076911,154.0,55.88043814367632,-4.104360473798184,86,19.823,1063
55.79925950474878,-4.211583088076911,154.0,55.90345994988174,-4.293652184560058,87,19.812,1567
55.79925950474878,-4.211583088076911,154.0,55.91230525016259,-4.108196424937476,88,23.783,1301
55.79925950474878,-4.211583088076911,154.0,55.90569137930351,-4.3852429216612405,89,26.546,1707
55.79925950474878,-4.211583088076911,154.0,55.824402119970216,-4.298242138123909,90,9.203,890
55.79925950474878,-4.211583088076911,154.0,55.887104625653905,-4.201059285828647,91,13.44,1336
55.79925950474878,-4.211583088076911,154.0,55.92006797200308,-4.195257422106852,92,31.817,1471
55.79925950474878,-4.211583088076911,154.0,55.7944551107823,-4.1683749063061635,93,3.934,687
55.79925950474878,-4.211583088076911,154.0,55.88003873447475,-4.304350182381346,94,16.576,1406
55.79925950474878,-4.211583088076911,154.0,55.88308048053683,-4.2942103285768285,95,16.176,1380
55.79925950474878,-4.211583088076911,154.0,55.80779271908626,-4.3234306371549245,96,10.35,869
55.79925950474878,-4.211583088076911,154.0,55.90123467399992,-4.380968632189907,97,26.852,1837
55.79925950474878,-4.211583088076911,154.0,55.88049231589054,-4.293733205570284,98,16.078,1371
55.79925950474878,-4.211583088076911,154.0,55.84697147961761,-4.334108806216461,99,16.817,1096
55.79925950474878,-4.211583088076911,154.0,55.83067141211495,-4.195633651932574,100,7.068,544
55.79925950474878,-4.211583088076911,154.0,55.89350845984679,-4.099445363541155,101,19.568,1109
55.79925950474878,-4.211583088076911,154.0,55.92592408664018,-4.179171340754611,102,31.088,1509
55.79925950474878,-4.211583088076911,154.0,55.84941827409408,-4.169566750359822,103,8.782,726
55.79925950474878,-4.211583088076911,154.0,55.92413375575165,-4.226670311636797,104,19.538,2227
55.79925950474878,-4.211583088076911,154.0,55.88995713457192,-4.285031242761631,105,15.971,1372
55.79925950474878,-4.211583088076911,154.0,55.90528066541109,-4.131569818675147,106,27.426,1273
55.79925950474878,-4.211583088076911,154.0,55.87850608392288,-4.103517886631066,107,20.154,1096
55.79925950474878,-4.211583088076911,154.0,55.80799405798939,-4.284953473560454,108,9.253,806
55.79925950474878,-4.211583088076911,154.0,55.906815669822045,-4.385279074380807,109,25.857,1622
55.79925950474878,-4.211583088076911,154.0,55.916237634416454,-4.222407816066865,110,17.776,1420
55.79925950474878,-4.211583088076911,154.0,55.915798955837815,-4.088621086891774,111,22.649,1184
55.79925950474878,-4.211583088076911,154.0,55.827538479175395,-4.350653065976025,112,23.62,1132
55.79925950474878,-4.211583088076911,154.0,55.799515288981674,-4.0866627646338864,113,11.557,667
55.79925950474878,-4.211583088076911,154.0,55.831024245961984,-4.244756518165482,114,7.626,626
55.79925950474878,-4.211583088076911,154.0,55.86754360554833,-4.2143078261423845,115,11.255,1111
55.79925950474878,-4.211583088076911,154.0,55.8574985965699,-4.1521224561179935,116,9.661,803
55.79925950474878,-4.211583088076911,154.0,55.88095643501817,-4.32811659177277,117,20.493,1211
55.79925950474878,-4.211583088076911,154.0,55.85240433608213,-4.177570445500026,118,9.714,784
55.79925950474878,-4.211583088076911,154.0,55.91169549549074,-4.359708873069638,119,26.669,1811
55.79925950474878,-4.211583088076911,154.0,55.92640787519779,-4.300990956079843,120,21.485,1574
55.79925950474878,-4.211583088076911,154.0,55.84019197366069,-4.205566157974415,121,7.336,610
55.79925950474878,-4.211583088076911,154.0,55.866619942939494,-4.268153778778456,122,14.039,1214
55.79925950474878,-4.211583088076911,154.0,55.81327411986783,-4.2587495402872255,123,5.874,528
55.79925950474878,-4.211583088076911,154.0,55.86022660117776,-4.154711133590585,124,10.014,833
55.79925950474878,-4.211583088076911,154.0,55.831522729053496,-4.370420634377527,125,14.597,1257
55.79925950474878,-4.211583088076911,154.0,55.84074346341779,-4.172411658039648,126,8.162,653
55.79925950474878,-4.211583088076911,154.0,55.8801412435821,-4.258666277618953,127,14.315,1228
55.79925950474878,-4.211583088076911,154.0,55.8434159429892,-4.1056733307349536,128,11.137,775
55.79925950474878,-4.211583088076911,154.0,55.83522057783537,-4.25736952395694,129,8.621,722
55.79925950474878,-4.211583088076911,154.0,55.86467774065618,-4.2250953414252415,130,10.48,867
55.79925950474878,-4.211583088076911,154.0,55.8953662249987,-4.231143624453162,131,14.963,1232
55.79925950474878,-4.211583088076911,154.0,55.81920459649808,-4.236238450921302,132,6.122,453
55.79925950474878,-4.211583088076911,154.0,55.900795402502105,-4.206009410292495,133,16.598,1366
55.79925950474878,-4.211583088076911,154.0,55.86078490474355,-4.339631469507248,134,19.186,1179
55.79925950474878,-4.211583088076911,154.0,55.924999437053955,-4.191173279124663,135,31.566,1461
55.79925950474878,-4.211583088076911,154.0,55.81549096669224,-4.126910343137958,136,9.609,522
55.79925950474878,-4.211583088076911,154.0,55.90135585493081,-4.207622057499793,137,16.597,1343
55.79925950474878,-4.211583088076911,154.0,55.845816555475636,-4.129576488296543,138,9.878,765
55.79925950474878,-4.211583088076911,154.0,55.80470047644827,-4.291960781118721,139,9.095,804
55.79925950474878,-4.211583088076911,154.0,55.89185394491289,-4.179857587296262,140,14.101,1124
55.79925950474878,-4.211583088076911,154.0,55.91859399996558,-4.3401659608951215,141,25.535,1661
55.79925950474878,-4.211583088076911,154.0,55.90671476836246,-4.3642865107142725,142,25.436,1675
55.79925950474878,-4.211583088076911,154.0,55.81273399651921,-4.167613047894911,143,3.805,272
55.79925950474878,-4.211583088076911,154.0,55.80939871413575,-4.276056954355674,144,8.274,678
55.79925950474878,-4.211583088076911,154.0,55.88312869327199,-4.214542892826467,145,14.534,1259
55.79925950474878,-4.211583088076911,154.0,55.815340374954424,-4.283514492524949,146,8.136,707
55.79925950474878,-4.211583088076911,154.0,55.87864379034378,-4.080636908866371,147,19.111,966
55.79925950474878,-4.211583088076911,154.0,55.89423440492952,-4.2418874418647645,148,15.526,1316
55.79925950474878,-4.211583088076911,154.0,55.92796852989922,-4.305970400193036,149,21.613,1597
55.79925950474878,-4.211583088076911,154.0,55.92895153496988,-4.082888064137351,150,23.607,1192
55.79925950474878,-4.211583088076911,154.0,55.790766759429424,-4.135285962371055,151,6.359,328
55.79925950474878,-4.211583088076911,154.0,55.80808041573422,-4.184105792933229,152,2.602,176
55.79925950474878,-4.211583088076911,154.0,55.7982747224006,-4.3931924101572655,153,13.837,1147
55.79925950474878,-4.211583088076911,154.0,55.81178474630603,-4.337962602706185,154,10.985,940
55.79925950474878,-4.211583088076911,154.0,55.852972007756,-4.353957895039277,155,18.385,1182
55.79925950474878,-4.211583088076911,154.0,55.797152036890715,-4.311451416173846,156,8.15,683
55.79925950474878,-4.211583088076911,154.0,55.84839482833289,-4.1889265673730645,157,9.434,739
55.79925950474878,-4.211583088076911,154.0,55.86383954752864,-4.387927326091926,158,23.977,1209
55.79925950474878,-4.211583088076911,154.0,55.807182357875575,-4.140487806234959,159,5.635,388
55.79925950474878,-4.211583088076911,154.0,55.8296607577131,-4.218765551358871,160,5.931,458
55.79925950474878,-4.211583088076911,154.0,55.82699494590622,-4.295404959002084,161,9.27,879
55.79925950474878,-4.211583088076911,154.0,55.861248665443505,-4.307186036515638,162,16.271,1085
55.79925950474878,-4.211583088076911,154.0,55.897857165570365,-4.156645648865112,163,15.577,1161
55.79925950474878,-4.211583088076911,154.0,55.877747555317356,-4.342792329217214,164,21.083,1308
55.79925950474878,-4.211583088076911,154.0,55.92259641850896,-4.389236283866068,165,37.339,1772
55.79925950474878,-4.211583088076911,154.0,55.92621339590465,-4.2820478996479165,166,19.937,1474
55.79925950474878,-4.211583088076911,154.0,55.80660612206145,-4.094012410496262,167,17.435,1109
55.79925950474878,-4.211583088076911,154.0,55.84605439624201,-4.09192094471571,168,20.34,1034
55.79925950474878,-4.211583088076911,154.0,55.83961965364386,-4.1201104741133365,169,10.488,673
55.79925950474878,-4.211583088076911,154.0,55.85030951683019,-4.217608837338132,170,8.23,676
55.79925950474878,-4.211583088076911,154.0,55.85971342373431,-4.246748195156407,171,10.553,915
55.79925950474878,-4.211583088076911,154.0,55.815747728441636,-4.150792968910081,172,5.823,486
55.79925950474878,-4.211583088076911,154.0,55.80041195127493,-4.3806303679601495,173,22.135,1109
55.79925950474878,-4.211583088076911,154.0,55.85487415463933,-4.092829020720908,174,14.795,866
55.79925950474878,-4.211583088076911,154.0,55.80456076444065,-4.203157873727267,175,3.477,259
55.79925950474878,-4.211583088076911,154.0,55.84723005082115,-4.330151260440624,176,16.338,1039
55.79925950474878,-4.211583088076911,154.0,55.88775631668876,-4.123428423568879,177,22.766,1319
55.79925950474878,-4.211583088076911,154.0,55.82857385936083,-4.129579652409029,178,11.682,697
55.79925950474878,-4.211583088076911,154.0,55.879865395443076,-4.36272007519476,179,21.975,1351
55.79925950474878,-4.211583088076911,154.0,55.87973669437185,-4.215636550296907,180,12.328,1237
55.79925950474878,-4.211583088076911,154.0,55.8162521393249,-4.1868605517933455,181,3.984,295
55.79925950474878,-4.211583088076911,154.0,55.80755514535402,-4.201625161718038,182,3.23,226
55.79925950474878,-4.211583088076911,154.0,55.85565398843102,-4.250533808562208,183,10.3,896
55.79925950474878,-4.211583088076911,154.0,55.929636326069506,-4.381100658166308,184,38.325,1793
55.79925950474878,-4.211583088076911,154.0,55.879581066995904,-4.21986165885879,185,13.462,1251
55.79925950474878,-4.211583088076911,154.0,55.92647877645629,-4.127886630011083,186,24.009,1454
55.79925950474878,-4.211583088076911,154.0,55.82282427264178,-4.371094162561755,187,13.733,1180
55.79925950474878,-4.211583088076911,154.0,55.90291353127043,-4.3414180899754955,188,23.482,1553
55.79925950474878,-4.211583088076911,154.0,55.78437024600116,-4.156926419796477,189,5.703,343
55.79925950474878,-4.211583088076911,154.0,55.8321542449311,-4.1561720476648265,190,6.825,529
55.79925950474878,-4.211583088076911,154.0,55.88310705812362,-4.084862107847263,191,16.272,848
55.79925950474878,-4.211583088076911,154.0,55.85616333886266,-4.110333739241922,192,11.831,969
55.79925950474878,-4.211583088076911,154.0,55.90185178498145,-4.152652007721208,193,29.376,1805
55.79925950474878,-4.211583088076911,154.0,55.8837118458465,-4.182392741162416,194,15.255,2102
55.79925950474878,-4.211583088076911,154.0,55.83086049774818,-4.312434105301623,195,11.178,980
55.79925950474878,-4.211583088076911,154.0,55.821849459706755,-4.176208567338996,196,5.222,417
55.79925950474878,-4.211583088076911,154.0,55.88009750494633,-4.255964552703097,197,14.001,1207
55.79925950474878,-4.211583088076911,154.0,55.87413911675089,-4.369807111055967,198,19.979,1100
55.79925950474878,-4.211583088076911,154.0,55.86354071984154,-4.093406384811447,199,16.375,970
55.830842032367755,-4.072679828929444,155.0,55.8391698042901,-4.214478482526657,0,11.284,697
55.830842032367755,-4.072679828929444,155.0,55.86553667472969,-4.350500876963486,1,23.621,1126
55.830842032367755,-4.072679828929444,155.0,55.912892829643965,-4.286410947894997,2,23.804,2212
55.830842032367755,-4.072679828929444,155.0,55.84854019346565,-4.391697428307927,3,23.052,1347
55.830842032367755,-4.072679828929444,155.0,55.79232875093524,-4.310455024670266,4,25.517,1325
55.830842032367755,-4.072679828929444,155.0,55.837143362020576,-4.120043492886959,5,9.514,517
55.830842032367755,-4.072679828929444,155.0,55.84185129809378,-4.283879851305767,6,15.491,1000
55.830842032367755,-4.072679828929444,155.0,55.90609664927746,-4.311383718964596,7,22.488,1321
55.830842032367755,-4.072679828929444,155.0,55.7832172019226,-4.31249791159531,8,21.474,1367
55.830842032367755,-4.072679828929444,155.0,55.8177258987159,-4.260489243356555,9,15.441,913
55.830842032367755,-4.072679828929444,155.0,55.903262790870684,-4.212111703691823,10,17.041,1102
55.830842032367755,-4.072679828929444,155.0,55.893978813107424,-4.1413270988368325,11,14.97,876
55.830842032367755,-4.072679828929444,155.0,55.894884622950286,-4.154349650804189,12,20.302,847
55.830842032367755,-4.072679828929444,155.0,55.80680963785043,-4.263605759417426,13,17.879,1180
55.830842032367755,-4.072679828929444,155.0,55.81824312166051,-4.346878846315483,14,22.68,1239
55.830842032367755,-4.072679828929444,155.0,55.84742656229786,-4.269221405976544,15,15.856,1018
55.830842032367755,-4.072679828929444,155.0,55.80730424868546,-4.315177272898423,16,22.386,1224
55.830842032367755,-4.072679828929444,155.0,55.83798278877758,-4.260604018644594,17,13.962,814
55.830842032367755,-4.072679828929444,155.0,55.89424631095569,-4.343398240721316,18,22.349,1301
55.830842032367755,-4.072679828929444,155.0,55.83908093533876,-4.223069302141199,19,12.314,827
55.830842032367755,-4.072679828929444,155.0,55.8357731433788,-4.270556349194068,20,14.646,864
55.830842032367755,-4.072679828929444,155.0,55.90309627527835,-4.360750370095284,21,24.382,1536
55.830842032367755,-4.072679828929444,155.0,55.85652103589449,-4.101365743428073,22,6.324,464
55.830842032367755,-4.072679828929444,155.0,55.783736419963375,-4.235306054793451,23,21.022,1101
55.830842032367755,-4.072679828929444,155.0,55.92064824587275,-4.2358362157531895,24,21.402,1202
55.830842032367755,-4.072679828929444,155.0,55.907674892744176,-4.2497703459088045,25,20.154,2247
55.830842032367755,-4.072679828929444,155.0,55.919604340921964,-4.226208116301384,26,19.248,1163
55.830842032367755,-4.072679828929444,155.0,55.83219148710444,-4.304581930326681,27,21.558,1265
55.830842032367755,-4.072679828929444,155.0,55.79569701419853,-4.1769099124482585,28,15.865,820
55.830842032367755,-4.072679828929444,155.0,55.81260197667657,-4.197841211154324,29,13.149,832
55.830842032367755,-4.072679828929444,155.0,55.826092940761974,-4.176919409292903,30,9.432,659
55.830842032367755,-4.072679828929444,155.0,55.828413149208096,-4.109650878166438,31,3.213,328
55.830842032367755,-4.072679828929444,155.0,55.8999241737755,-4.257993823533507,32,20.253,1192
55.830842032367755,-4.072679828929444,155.0,55.892514250678616,-4.340118142906542,33,22.378,1313
55.830842032367755,-4.072679828929444,155.0,55.855241629670886,-4.269936069312288,34,18.34,831
55.830842032367755,-4.072679828929444,155.0,55.877364911629314,-4.109701193625618,35,9.62,583
55.830842032367755,-4.072679828929444,155.0,55.887053111734645,-4.1280531391159245,36,13.179,887
55.830842032367755,-4.072679828929444,155.0,55.89108676863447,-4.105446803942431,37,11.049,913
55.830842032367755,-4.072679828929444,155.0,55.842635153466425,-4.334387903339716,38,19.489,1054
55.830842032367755,-4.072679828929444,155.0,55.89197542936556,-4.19614108945253,39,14.825,826
55.830842032367755,-4.072679828929444,155.0,55.825849135803445,-4.321179033230789,40,19.736,1165
55.830842032367755,-4.072679828929444,155.0,55.81864602215581,-4.375055705699034,41,23.709,1247
55.830842032367755,-4.072679828929444,155.0,55.92613065482397,-4.212698358862173,42,26.468,1253
55.830842032367755,-4.072679828929444,155.0,55.874439929608144,-4.279689658904073,43,18.181,953
55.830842032367755,-4.072679828929444,155.0,55.81998166828728,-4.245455535821837,44,14.921,818
55.830842032367755,-4.072679828929444,155.0,55.91066980601156,-4.213502644426629,45,18.743,1178
55.830842032367755,-4.072679828929444,155.0,55.8404807486866,-4.356656090229781,46,23.141,1321
55.830842032367755,-4.072679828929444,155.0,55.88708229912325,-4.079055837843032,47,10.787,531
55.830842032367755,-4.072679828929444,155.0,55.84510555179576,-4.178720975321847,48,8.165,631
55.830842032367755,-4.072679828929444,155.0,55.84413340760586,-4.085244529493477,49,2.33,596
55.830842032367755,-4.072679828929444,155.0,55.83324217210475,-4.157183908594519,50,7.529,506
55.830842032367755,-4.072679828929444,155.0,55.895753278756494,-4.323131413571223,51,22.12,1375
55.830842032367755,-4.072679828929444,155.0,55.88609925330935,-4.38354364327563,52,24.654,1194
55.830842032367755,-4.072679828929444,155.0,55.86596770908397,-4.338853955125049,53,21.437,1075
55.830842032367755,-4.072679828929444,155.0,55.819381988004544,-4.256567679373081,54,16.35,968
55.830842032367755,-4.072679828929444,155.0,55.919398785577634,-4.298102785445152,55,24.08,1892
55.830842032367755,-4.072679828929444,155.0,55.81052481551728,-4.0780884232687225,56,4.959,1414
55.830842032367755,-4.072679828929444,155.0,55.8411814367945,-4.125490362928665,57,4.718,388
55.830842032367755,-4.072679828929444,155.0,55.844855881791794,-4.151320272286683,58,7.997,605
55.830842032367755,-4.072679828929444,155.0,55.79334532620707,-4.3052187624925375,59,20.217,1315
55.830842032367755,-4.072679828929444,155.0,55.78499644933002,-4.082518262203789,60,8.911,541
55.830842032367755,-4.072679828929444,155.0,55.86482365717543,-4.074666870071637,61,4.925,517
55.830842032367755,-4.072679828929444,155.0,55.910543969585106,-4.384534109666136,62,26.209,1601
55.830842032367755,-4.072679828929444,155.0,55.799715679086134,-4.188568421733812,63,17.525,1048
55.830842032367755,-4.072679828929444,155.0,55.90005630083831,-4.294022887833187,64,21.56,1275
55.830842032367755,-4.072679828929444,155.0,55.82573931186619,-4.210157383495828,65,11.206,647
55.830842032367755,-4.072679828929444,155.0,55.88010014610652,-4.288014027401103,66,20.281,1243
55.830842032367755,-4.072679828929444,155.0,55.8836463272421,-4.377148406451105,67,24.424,1272
55.830842032367755,-4.072679828929444,155.0,55.80511293548626,-4.195982430231648,68,17.682,935
55.830842032367755,-4.072679828929444,155.0,55.9265186267864,-4.256321117900257,69,23.618,1306
55.830842032367755,-4.072679828929444,155.0,55.90353118048908,-4.119171950823842,70,11.651,973
55.830842032367755,-4.072679828929444,155.0,55.81502357146685,-4.260984914919316,71,15.798,947
55.830842032367755,-4.072679828929444,155.0,55.894355058439295,-4.293143876300353,72,20.85,1222
55.830842032367755,-4.072679828929444,155.0,55.80246488546192,-4.242274834364847,73,17.062,1044
55.830842032367755,-4.072679828929444,155.0,55.887581813102464,-4.2985753032369685,74,20.462,1218
55.830842032367755,-4.072679828929444,155.0,55.928290955083554,-4.295962301582311,75,24.502,1307
55.830842032367755,-4.072679828929444,155.0,55.81096058143004,-4.368797105646974,76,25.366,1329
55.830842032367755,-4.072679828929444,155.0,55.84818750128869,-4.3631808239548375,77,24.127,1173
55.830842032367755,-4.072679828929444,155.0,55.81610352786554,-4.330910795148831,78,21.705,1079
55.830842032367755,-4.072679828929444,155.0,55.807034270653475,-4.136077366584948,79,8.668,631
55.830842032367755,-4.072679828929444,155.0,55.86778114631985,-4.233612892312959,80,15.311,817
55.830842032367755,-4.072679828929444,155.0,55.79578956690847,-4.368290459919509,81,30.45,2524
55.830842032367755,-4.072679828929444,155.0,55.897877306124535,-4.077031107370425,82,11.038,1251
55.830842032367755,-4.072679828929444,155.0,55.80721289582252,-4.242612882195534,83,16.285,995
55.830842032367755,-4.072679828929444,155.0,55.92209393969709,-4.157940141970138,84,15.614,991
55.830842032367755,-4.072679828929444,155.0,55.79188265083702,-4.28147512844989,85,24.141,1297
55.830842032367755,-4.072679828929444,155.0,55.88043814367632,-4.104360473798184,86,8.93,523
55.830842032367755,-4.072679828929444,155.0,55.90345994988174,-4.293652184560058,87,23.277,1348
55.830842032367755,-4.072679828929444,155.0,55.91230525016259,-4.108196424937476,88,12.445,882
55.830842032367755,-4.072679828929444,155.0,55.90569137930351,-4.3852429216612405,89,26.244,1624
55.830842032367755,-4.072679828929444,155.0,55.824402119970216,-4.298242138123909,90,20.172,1086
55.830842032367755,-4.072679828929444,155.0,55.887104625653905,-4.201059285828647,91,14.599,900
55.830842032367755,-4.072679828929444,155.0,55.92006797200308,-4.195257422106852,92,24.473,1070
55.830842032367755,-4.072679828929444,155.0,55.7944551107823,-4.1683749063061635,93,16.012,1252
55.830842032367755,-4.072679828929444,155.0,55.88003873447475,-4.304350182381346,94,19.795,1126
55.830842032367755,-4.072679828929444,155.0,55.88308048053683,-4.2942103285768285,95,19.395,1101
55.830842032367755,-4.072679828929444,155.0,55.80779271908626,-4.3234306371549245,96,22.976,1211
55.830842032367755,-4.072679828929444,155.0,55.90123467399992,-4.380968632189907,97,29.397,1801
55.830842032367755,-4.072679828929444,155.0,55.88049231589054,-4.293733205570284,98,19.297,1091
55.830842032367755,-4.072679828929444,155.0,55.84697147961761,-4.334108806216461,99,19.603,1087
55.830842032367755,-4.072679828929444,155.0,55.83067141211495,-4.195633651932574,100,10.45,661
55.830842032367755,-4.072679828929444,155.0,55.89350845984679,-4.099445363541155,101,10.116,683
55.830842032367755,-4.072679828929444,155.0,55.92592408664018,-4.179171340754611,102,23.744,1108
55.830842032367755,-4.072679828929444,155.0,55.84941827409408,-4.169566750359822,103,8.274,654
55.830842032367755,-4.072679828929444,155.0,55.92413375575165,-4.226670311636797,104,27.683,1995
55.830842032367755,-4.072679828929444,155.0,55.88995713457192,-4.285031242761631,105,19.79,1125
55.830842032367755,-4.072679828929444,155.0,55.90528066541109,-4.131569818675147,106,20.082,872
55.830842032367755,-4.072679828929444,155.0,55.87850608392288,-4.103517886631066,107,9.261,556
55.830842032367755,-4.072679828929444,155.0,55.80799405798939,-4.284953473560454,108,17.665,1184
55.830842032367755,-4.072679828929444,155.0,55.906815669822045,-4.385279074380807,109,25.555,1539
55.830842032367755,-4.072679828929444,155.0,55.916237634416454,-4.222407816066865,110,19.163,1151
55.830842032367755,-4.072679828929444,155.0,55.915798955837815,-4.088621086891774,111,15.305,784
55.830842032367755,-4.072679828929444,155.0,55.827538479175395,-4.350653065976025,112,22.049,1170
55.830842032367755,-4.072679828929444,155.0,55.799515288981674,-4.0866627646338864,113,7.528,600
55.830842032367755,-4.072679828929444,155.0,55.831024245961984,-4.244756518165482,114,13.402,719
55.830842032367755,-4.072679828929444,155.0,55.86754360554833,-4.2143078261423845,115,13.984,803
55.830842032367755,-4.072679828929444,155.0,55.8574985965699,-4.1521224561179935,116,10.062,653
55.830842032367755,-4.072679828929444,155.0,55.88095643501817,-4.32811659177277,117,23.014,1183
55.830842032367755,-4.072679828929444,155.0,55.85240433608213,-4.177570445500026,118,9.206,711
55.830842032367755,-4.072679828929444,155.0,55.91169549549074,-4.359708873069638,119,25.946,1604
55.830842032367755,-4.072679828929444,155.0,55.92640787519779,-4.300990956079843,120,24.95,1355
55.830842032367755,-4.072679828929444,155.0,55.84019197366069,-4.205566157974415,121,11.77,812
55.830842032367755,-4.072679828929444,155.0,55.866619942939494,-4.268153778778456,122,17.258,934
55.830842032367755,-4.072679828929444,155.0,55.81327411986783,-4.2587495402872255,123,15.777,957
55.830842032367755,-4.072679828929444,155.0,55.86022660117776,-4.154711133590585,124,10.313,582
55.830842032367755,-4.072679828929444,155.0,55.831522729053496,-4.370420634377527,125,24.103,1340
55.830842032367755,-4.072679828929444,155.0,55.84074346341779,-4.172411658039648,126,8.51,551
55.830842032367755,-4.072679828929444,155.0,55.8801412435821,-4.258666277618953,127,17.534,948
55.830842032367755,-4.072679828929444,155.0,55.8434159429892,-4.1056733307349536,128,4.974,417
55.830842032367755,-4.072679828929444,155.0,55.83522057783537,-4.25736952395694,129,13.936,816
55.830842032367755,-4.072679828929444,155.0,55.86467774065618,-4.2250953414252415,130,15.204,721
55.830842032367755,-4.072679828929444,155.0,55.8953662249987,-4.231143624453162,131,18.428,1013
55.830842032367755,-4.072679828929444,155.0,55.81920459649808,-4.236238450921302,132,15.505,868
55.830842032367755,-4.072679828929444,155.0,55.900795402502105,-4.206009410292495,133,16.226,993
55.830842032367755,-4.072679828929444,155.0,55.86078490474355,-4.339631469507248,134,21.972,1170
55.830842032367755,-4.072679828929444,155.0,55.924999437053955,-4.191173279124663,135,24.222,1061
55.830842032367755,-4.072679828929444,155.0,55.81549096669224,-4.126910343137958,136,6.612,540
55.830842032367755,-4.072679828929444,155.0,55.90135585493081,-4.207622057499793,137,16.225,970
55.830842032367755,-4.072679828929444,155.0,55.845816555475636,-4.129576488296543,138,6.618,513
55.830842032367755,-4.072679828929444,155.0,55.80470047644827,-4.291960781118721,139,18.671,1243
55.830842032367755,-4.072679828929444,155.0,55.89185394491289,-4.179857587296262,140,15.429,769
55.830842032367755,-4.072679828929444,155.0,55.91859399996558,-4.3401659608951215,141,24.812,1455
55.830842032367755,-4.072679828929444,155.0,55.90671476836246,-4.3642865107142725,142,26.033,1576
55.830842032367755,-4.072679828929444,155.0,55.81273399651921,-4.167613047894911,143,9.986,647
55.830842032367755,-4.072679828929444,155.0,55.80939871413575,-4.276056954355674,144,16.953,1072
55.830842032367755,-4.072679828929444,155.0,55.88312869327199,-4.214542892826467,145,14.226,871
55.830842032367755,-4.072679828929444,155.0,55.815340374954424,-4.283514492524949,146,17.123,1089
55.830842032367755,-4.072679828929444,155.0,55.87864379034378,-4.080636908866371,147,11.767,565
55.830842032367755,-4.072679828929444,155.0,55.89423440492952,-4.2418874418647645,148,18.991,1097
55.830842032367755,-4.072679828929444,155.0,55.92796852989922,-4.305970400193036,149,25.078,1379
55.830842032367755,-4.072679828929444,155.0,55.92895153496988,-4.082888064137351,150,16.263,792
55.830842032367755,-4.072679828929444,155.0,55.790766759429424,-4.135285962371055,151,9.511,640
55.830842032367755,-4.072679828929444,155.0,55.80808041573422,-4.184105792933229,152,11.465,764
55.830842032367755,-4.072679828929444,155.0,55.7982747224006,-4.3931924101572655,153,26.174,1424
55.830842032367755,-4.072679828929444,155.0,55.81178474630603,-4.337962602706185,154,22.772,1185
55.830842032367755,-4.072679828929444,155.0,55.852972007756,-4.353957895039277,155,21.171,1173
55.830842032367755,-4.072679828929444,155.0,55.797152036890715,-4.311451416173846,156,24.744,1259
55.830842032367755,-4.072679828929444,155.0,55.84839482833289,-4.1889265673730645,157,8.926,667
55.830842032367755,-4.072679828929444,155.0,55.86383954752864,-4.387927326091926,158,26.763,1200
55.830842032367755,-4.072679828929444,155.0,55.807182357875575,-4.140487806234959,159,8.879,629
55.830842032367755,-4.072679828929444,155.0,55.8296607577131,-4.218765551358871,160,11.547,738
55.830842032367755,-4.072679828929444,155.0,55.82699494590622,-4.295404959002084,161,20.208,1063
55.830842032367755,-4.072679828929444,155.0,55.861248665443505,-4.307186036515638,162,19.057,1076
55.830842032367755,-4.072679828929444,155.0,55.897857165570365,-4.156645648865112,163,16.905,806
55.830842032367755,-4.072679828929444,155.0,55.877747555317356,-4.342792329217214,164,23.612,1289
55.830842032367755,-4.072679828929444,155.0,55.92259641850896,-4.389236283866068,165,28.811,1661
55.830842032367755,-4.072679828929444,155.0,55.92621339590465,-4.2820478996479165,166,23.402,1255
55.830842032367755,-4.072679828929444,155.0,55.80660612206145,-4.094012410496262,167,4.544,479
55.830842032367755,-4.072679828929444,155.0,55.84605439624201,-4.09192094471571,168,12.101,584
55.830842032367755,-4.072679828929444,155.0,55.83961965364386,-4.1201104741133365,169,4.325,315
55.830842032367755,-4.072679828929444,155.0,55.85030951683019,-4.217608837338132,170,11.444,776
55.830842032367755,-4.072679828929444,155.0,55.85971342373431,-4.246748195156407,171,15.917,867
55.830842032367755,-4.072679828929444,155.0,55.815747728441636,-4.150792968910081,172,10.1,666
55.830842032367755,-4.072679828929444,155.0,55.80041195127493,-4.3806303679601495,173,25.59,1377
55.830842032367755,-4.072679828929444,155.0,55.85487415463933,-4.092829020720908,174,4.674,285
55.830842032367755,-4.072679828929444,155.0,55.80456076444065,-4.203157873727267,175,18.173,955
55.830842032367755,-4.072679828929444,155.0,55.84723005082115,-4.330151260440624,176,19.124,1031
55.830842032367755,-4.072679828929444,155.0,55.88775631668876,-4.123428423568879,177,13.314,894
55.830842032367755,-4.072679828929444,155.0,55.82857385936083,-4.129579652409029,178,6.219,519
55.830842032367755,-4.072679828929444,155.0,55.879865395443076,-4.36272007519476,179,24.52,1315
55.830842032367755,-4.072679828929444,155.0,55.87973669437185,-4.215636550296907,180,14.942,967
55.830842032367755,-4.072679828929444,155.0,55.8162521393249,-4.1868605517933455,181,10.573,761
55.830842032367755,-4.072679828929444,155.0,55.80755514535402,-4.201625161718038,182,17.926,922
55.830842032367755,-4.072679828929444,155.0,55.85565398843102,-4.250533808562208,183,16.731,1022
55.830842032367755,-4.072679828929444,155.0,55.929636326069506,-4.381100658166308,184,27.873,1620
55.830842032367755,-4.072679828929444,155.0,55.879581066995904,-4.21986165885879,185,15.127,1002
55.830842032367755,-4.072679828929444,155.0,55.92647877645629,-4.127886630011083,186,14.557,1028
55.830842032367755,-4.072679828929444,155.0,55.82282427264178,-4.371094162561755,187,23.239,1263
55.830842032367755,-4.072679828929444,155.0,55.90291353127043,-4.3414180899754955,188,23.18,1470
55.830842032367755,-4.072679828929444,155.0,55.78437024600116,-4.156926419796477,189,14.51,817
55.830842032367755,-4.072679828929444,155.0,55.8321542449311,-4.1561720476648265,190,7.569,520
55.830842032367755,-4.072679828929444,155.0,55.88310705812362,-4.084862107847263,191,8.928,447
55.830842032367755,-4.072679828929444,155.0,55.85616333886266,-4.110333739241922,192,6.967,515
55.830842032367755,-4.072679828929444,155.0,55.90185178498145,-4.152652007721208,193,22.032,1404
55.830842032367755,-4.072679828929444,155.0,55.8837118458465,-4.182392741162416,194,14.796,1653
55.830842032367755,-4.072679828929444,155.0,55.83086049774818,-4.312434105301623,195,21.142,1168
55.830842032367755,-4.072679828929444,155.0,55.821849459706755,-4.176208567338996,196,9.453,604
55.830842032367755,-4.072679828929444,155.0,55.88009750494633,-4.255964552703097,197,17.22,927
55.830842032367755,-4.072679828929444,155.0,55.87413911675089,-4.369807111055967,198,22.765,1091
55.830842032367755,-4.072679828929444,155.0,55.86354071984154,-4.093406384811447,199,5.476,382
55.79456137920386,-4.229812091001974,156.0,55.8391698042901,-4.214478482526657,0,8.696,606
55.79456137920386,-4.229812091001974,156.0,55.86553667472969,-4.350500876963486,1,17.413,1053
55.79456137920386,-4.229812091001974,156.0,55.912892829643965,-4.286410947894997,2,19.195,2401
55.79456137920386,-4.229812091001974,156.0,55.84854019346565,-4.391697428307927,3,16.844,1274
55.79456137920386,-4.229812091001974,156.0,55.79232875093524,-4.310455024670266,4,6.769,620
55.79456137920386,-4.229812091001974,156.0,55.837143362020576,-4.120043492886959,5,11.185,700
55.79456137920386,-4.229812091001974,156.0,55.84185129809378,-4.283879851305767,6,8.324,798
55.79456137920386,-4.229812091001974,156.0,55.90609664927746,-4.311383718964596,7,16.817,1460
55.79456137920386,-4.229812091001974,156.0,55.7832172019226,-4.31249791159531,8,7.099,618
55.79456137920386,-4.229812091001974,156.0,55.8177258987159,-4.260489243356555,9,4.602,421
55.79456137920386,-4.229812091001974,156.0,55.903262790870684,-4.212111703691823,10,15.668,1410
55.79456137920386,-4.229812091001974,156.0,55.893978813107424,-4.1413270988368325,11,24.627,1458
55.79456137920386,-4.229812091001974,156.0,55.894884622950286,-4.154349650804189,12,29.492,1359
55.79456137920386,-4.229812091001974,156.0,55.80680963785043,-4.263605759417426,13,6.65,679
55.79456137920386,-4.229812091001974,156.0,55.81824312166051,-4.346878846315483,14,11.411,1068
55.79456137920386,-4.229812091001974,156.0,55.84742656229786,-4.269221405976544,15,8.521,811
55.79456137920386,-4.229812091001974,156.0,55.80730424868546,-4.315177272898423,16,8.406,753
55.79456137920386,-4.229812091001974,156.0,55.83798278877758,-4.260604018644594,17,6.795,612
55.79456137920386,-4.229812091001974,156.0,55.89424631095569,-4.343398240721316,18,19.229,1302
55.79456137920386,-4.229812091001974,156.0,55.83908093533876,-4.223069302141199,19,9.726,736
55.79456137920386,-4.229812091001974,156.0,55.8357731433788,-4.270556349194068,20,7.479,662
55.79456137920386,-4.229812091001974,156.0,55.90309627527835,-4.360750370095284,21,21.262,1537
55.79456137920386,-4.229812091001974,156.0,55.85652103589449,-4.101365743428073,22,16.118,1023
55.79456137920386,-4.229812091001974,156.0,55.783736419963375,-4.235306054793451,23,1.148,123
55.79456137920386,-4.229812091001974,156.0,55.92064824587275,-4.2358362157531895,24,16.793,1391
55.79456137920386,-4.229812091001974,156.0,55.907674892744176,-4.2497703459088045,25,15.545,2436
55.79456137920386,-4.229812091001974,156.0,55.919604340921964,-4.226208116301384,26,16.717,1402
55.79456137920386,-4.229812091001974,156.0,55.83219148710444,-4.304581930326681,27,9.742,969
55.79456137920386,-4.229812091001974,156.0,55.79569701419853,-4.1769099124482585,28,5.65,365
55.79456137920386,-4.229812091001974,156.0,55.81260197667657,-4.197841211154324,29,5.575,402
55.79456137920386,-4.229812091001974,156.0,55.826092940761974,-4.176919409292903,30,8.692,712
55.79456137920386,-4.229812091001974,156.0,55.828413149208096,-4.109650878166438,31,15.133,882
55.79456137920386,-4.229812091001974,156.0,55.8999241737755,-4.257993823533507,32,15.644,1380
55.79456137920386,-4.229812091001974,156.0,55.892514250678616,-4.340118142906542,33,19.258,1314
55.79456137920386,-4.229812091001974,156.0,55.855241629670886,-4.269936069312288,34,11.516,1031
55.79456137920386,-4.229812091001974,156.0,55.877364911629314,-4.109701193625618,35,22.359,1235
55.79456137920386,-4.229812091001974,156.0,55.887053111734645,-4.1280531391159245,36,28.006,1439
55.79456137920386,-4.229812091001974,156.0,55.89108676863447,-4.105446803942431,37,22.347,1450
55.79456137920386,-4.229812091001974,156.0,55.842635153466425,-4.334387903339716,38,13.281,981
55.79456137920386,-4.229812091001974,156.0,55.89197542936556,-4.19614108945253,39,16.402,1255
55.79456137920386,-4.229812091001974,156.0,55.825849135803445,-4.321179033230789,40,9.721,890
55.79456137920386,-4.229812091001974,156.0,55.81864602215581,-4.375055705699034,41,11.538,996
55.79456137920386,-4.229812091001974,156.0,55.92613065482397,-4.212698358862173,42,17.179,1455
55.79456137920386,-4.229812091001974,156.0,55.874439929608144,-4.279689658904073,43,12.076,1089
55.79456137920386,-4.229812091001974,156.0,55.81998166828728,-4.245455535821837,44,4.447,395
55.79456137920386,-4.229812091001974,156.0,55.91066980601156,-4.213502644426629,45,16.131,1406
55.79456137920386,-4.229812091001974,156.0,55.8404807486866,-4.356656090229781,46,23.899,1252
55.79456137920386,-4.229812091001974,156.0,55.88708229912325,-4.079055837843032,47,19.977,1043
55.79456137920386,-4.229812091001974,156.0,55.84510555179576,-4.178720975321847,48,10.519,815
55.79456137920386,-4.229812091001974,156.0,55.84413340760586,-4.085244529493477,49,16.674,1417
55.79456137920386,-4.229812091001974,156.0,55.83324217210475,-4.157183908594519,50,8.631,627
55.79456137920386,-4.229812091001974,156.0,55.895753278756494,-4.323131413571223,51,19.015,1413
55.79456137920386,-4.229812091001974,156.0,55.88609925330935,-4.38354364327563,52,18.446,1121
55.79456137920386,-4.229812091001974,156.0,55.86596770908397,-4.338853955125049,53,15.229,1002
55.79456137920386,-4.229812091001974,156.0,55.819381988004544,-4.256567679373081,54,5.876,528
55.79456137920386,-4.229812091001974,156.0,55.919398785577634,-4.298102785445152,55,19.471,2081
55.79456137920386,-4.229812091001974,156.0,55.81052481551728,-4.0780884232687225,56,22.651,2147
55.79456137920386,-4.229812091001974,156.0,55.8411814367945,-4.125490362928665,57,11.055,831
55.79456137920386,-4.229812091001974,156.0,55.844855881791794,-4.151320272286683,58,10.351,789
55.79456137920386,-4.229812091001974,156.0,55.79334532620707,-4.3052187624925375,59,6.364,581
55.79456137920386,-4.229812091001974,156.0,55.78499644933002,-4.082518262203789,60,12.844,653
55.79456137920386,-4.229812091001974,156.0,55.86482365717543,-4.074666870071637,61,17.67,1217
55.79456137920386,-4.229812091001974,156.0,55.910543969585106,-4.384534109666136,62,23.089,1602
55.79456137920386,-4.229812091001974,156.0,55.799715679086134,-4.188568421733812,63,3.349,401
55.79456137920386,-4.229812091001974,156.0,55.90005630083831,-4.294022887833187,64,15.889,1413
55.79456137920386,-4.229812091001974,156.0,55.82573931186619,-4.210157383495828,65,6.865,446
55.79456137920386,-4.229812091001974,156.0,55.88010014610652,-4.288014027401103,66,14.61,1382
55.79456137920386,-4.229812091001974,156.0,55.8836463272421,-4.377148406451105,67,18.216,1199
55.79456137920386,-4.229812091001974,156.0,55.80511293548626,-4.195982430231648,68,4.832,351
55.79456137920386,-4.229812091001974,156.0,55.9265186267864,-4.256321117900257,69,19.009,1495
55.79456137920386,-4.229812091001974,156.0,55.90353118048908,-4.119171950823842,70,22.949,1510
55.79456137920386,-4.229812091001974,156.0,55.81502357146685,-4.260984914919316,71,4.959,455
55.79456137920386,-4.229812091001974,156.0,55.894355058439295,-4.293143876300353,72,15.179,1361
55.79456137920386,-4.229812091001974,156.0,55.80246488546192,-4.242274834364847,73,2.199,225
55.79456137920386,-4.229812091001974,156.0,55.887581813102464,-4.2985753032369685,74,14.791,1357
55.79456137920386,-4.229812091001974,156.0,55.928290955083554,-4.295962301582311,75,19.893,1495
55.79456137920386,-4.229812091001974,156.0,55.81096058143004,-4.368797105646974,76,10.703,970
55.79456137920386,-4.229812091001974,156.0,55.84818750128869,-4.3631808239548375,77,17.919,1100
55.79456137920386,-4.229812091001974,156.0,55.81610352786554,-4.330910795148831,78,10.234,896
55.79456137920386,-4.229812091001974,156.0,55.807034270653475,-4.136077366584948,79,10.398,545
55.79456137920386,-4.229812091001974,156.0,55.86778114631985,-4.233612892312959,80,10.871,1036
55.79456137920386,-4.229812091001974,156.0,55.79578956690847,-4.368290459919509,81,20.265,2062
55.79456137920386,-4.229812091001974,156.0,55.897877306124535,-4.077031107370425,82,22.336,1788
55.79456137920386,-4.229812091001974,156.0,55.80721289582252,-4.242612882195534,83,2.589,258
55.79456137920386,-4.229812091001974,156.0,55.92209393969709,-4.157940141970138,84,31.593,1537
55.79456137920386,-4.229812091001974,156.0,55.79188265083702,-4.28147512844989,85,4.511,419
55.79456137920386,-4.229812091001974,156.0,55.88043814367632,-4.104360473798184,86,21.669,1175
55.79456137920386,-4.229812091001974,156.0,55.90345994988174,-4.293652184560058,87,16.358,1458
55.79456137920386,-4.229812091001974,156.0,55.91230525016259,-4.108196424937476,88,25.629,1412
55.79456137920386,-4.229812091001974,156.0,55.90569137930351,-4.3852429216612405,89,23.124,1625
55.79456137920386,-4.229812091001974,156.0,55.824402119970216,-4.298242138123909,90,7.351,781
55.79456137920386,-4.229812091001974,156.0,55.887104625653905,-4.201059285828647,91,14.007,1374
55.79456137920386,-4.229812091001974,156.0,55.92006797200308,-4.195257422106852,92,18.025,1433
55.79456137920386,-4.229812091001974,156.0,55.7944551107823,-4.1683749063061635,93,5.78,799
55.79456137920386,-4.229812091001974,156.0,55.88003873447475,-4.304350182381346,94,14.346,1304
55.79456137920386,-4.229812091001974,156.0,55.88308048053683,-4.2942103285768285,95,13.946,1279
55.79456137920386,-4.229812091001974,156.0,55.80779271908626,-4.3234306371549245,96,8.854,800
55.79456137920386,-4.229812091001974,156.0,55.90123467399992,-4.380968632189907,97,23.43,1755
55.79456137920386,-4.229812091001974,156.0,55.88049231589054,-4.293733205570284,98,13.848,1269
55.79456137920386,-4.229812091001974,156.0,55.84697147961761,-4.334108806216461,99,13.395,1014
55.79456137920386,-4.229812091001974,156.0,55.83067141211495,-4.195633651932574,100,8.914,656
55.79456137920386,-4.229812091001974,156.0,55.89350845984679,-4.099445363541155,101,21.414,1220
55.79456137920386,-4.229812091001974,156.0,55.92592408664018,-4.179171340754611,102,32.934,1620
55.79456137920386,-4.229812091001974,156.0,55.84941827409408,-4.169566750359822,103,10.628,838
55.79456137920386,-4.229812091001974,156.0,55.92413375575165,-4.226670311636797,104,18.394,2197
55.79456137920386,-4.229812091001974,156.0,55.88995713457192,-4.285031242761631,105,14.119,1263
55.79456137920386,-4.229812091001974,156.0,55.90528066541109,-4.131569818675147,106,29.272,1384
55.79456137920386,-4.229812091001974,156.0,55.87850608392288,-4.103517886631066,107,22.0,1208
55.79456137920386,-4.229812091001974,156.0,55.80799405798939,-4.284953473560454,108,6.826,692
55.79456137920386,-4.229812091001974,156.0,55.906815669822045,-4.385279074380807,109,22.435,1540
55.79456137920386,-4.229812091001974,156.0,55.916237634416454,-4.222407816066865,110,16.632,1390
55.79456137920386,-4.229812091001974,156.0,55.915798955837815,-4.088621086891774,111,24.495,1296
55.79456137920386,-4.229812091001974,156.0,55.827538479175395,-4.350653065976025,112,22.124,1063
55.79456137920386,-4.229812091001974,156.0,55.799515288981674,-4.0866627646338864,113,13.403,770
55.79456137920386,-4.229812091001974,156.0,55.831024245961984,-4.244756518165482,114,5.774,517
55.79456137920386,-4.229812091001974,156.0,55.86754360554833,-4.2143078261423845,115,13.101,1222
55.79456137920386,-4.229812091001974,156.0,55.8574985965699,-4.1521224561179935,116,11.507,914
55.79456137920386,-4.229812091001974,156.0,55.88095643501817,-4.32811659177277,117,17.071,1129
55.79456137920386,-4.229812091001974,156.0,55.85240433608213,-4.177570445500026,118,11.56,895
55.79456137920386,-4.229812091001974,156.0,55.91169549549074,-4.359708873069638,119,23.247,1729
55.79456137920386,-4.229812091001974,156.0,55.92640787519779,-4.300990956079843,120,20.341,1544
55.79456137920386,-4.229812091001974,156.0,55.84019197366069,-4.205566157974415,121,9.182,721
55.79456137920386,-4.229812091001974,156.0,55.866619942939494,-4.268153778778456,122,11.869,1169
55.79456137920386,-4.229812091001974,156.0,55.81327411986783,-4.2587495402872255,123,4.022,419
55.79456137920386,-4.229812091001974,156.0,55.86022660117776,-4.154711133590585,124,11.86,945
55.79456137920386,-4.229812091001974,156.0,55.831522729053496,-4.370420634377527,125,13.101,1188
55.79456137920386,-4.229812091001974,156.0,55.84074346341779,-4.172411658039648,126,10.008,765
55.79456137920386,-4.229812091001974,156.0,55.8801412435821,-4.258666277618953,127,13.025,1248
55.79456137920386,-4.229812091001974,156.0,55.8434159429892,-4.1056733307349536,128,12.983,887
55.79456137920386,-4.229812091001974,156.0,55.83522057783537,-4.25736952395694,129,6.769,613
55.79456137920386,-4.229812091001974,156.0,55.86467774065618,-4.2250953414252415,130,12.326,979
55.79456137920386,-4.229812091001974,156.0,55.8953662249987,-4.231143624453162,131,13.819,1202
55.79456137920386,-4.229812091001974,156.0,55.81920459649808,-4.236238450921302,132,5.031,446
55.79456137920386,-4.229812091001974,156.0,55.900795402502105,-4.206009410292495,133,15.986,1397
55.79456137920386,-4.229812091001974,156.0,55.86078490474355,-4.339631469507248,134,15.764,1097
55.79456137920386,-4.229812091001974,156.0,55.924999437053955,-4.191173279124663,135,18.276,1442
55.79456137920386,-4.229812091001974,156.0,55.81549096669224,-4.126910343137958,136,11.455,634
55.79456137920386,-4.229812091001974,156.0,55.90135585493081,-4.207622057499793,137,15.985,1374
55.79456137920386,-4.229812091001974,156.0,55.845816555475636,-4.129576488296543,138,11.724,877
55.79456137920386,-4.229812091001974,156.0,55.80470047644827,-4.291960781118721,139,7.599,735
55.79456137920386,-4.229812091001974,156.0,55.89185394491289,-4.179857587296262,140,15.306,1180
55.79456137920386,-4.229812091001974,156.0,55.91859399996558,-4.3401659608951215,141,22.113,1579
55.79456137920386,-4.229812091001974,156.0,55.90671476836246,-4.3642865107142725,142,22.014,1593
55.79456137920386,-4.229812091001974,156.0,55.81273399651921,-4.167613047894911,143,5.651,383
55.79456137920386,-4.229812091001974,156.0,55.80939871413575,-4.276056954355674,144,6.778,608
55.79456137920386,-4.229812091001974,156.0,55.88312869327199,-4.214542892826467,145,13.39,1229
55.79456137920386,-4.229812091001974,156.0,55.815340374954424,-4.283514492524949,146,6.284,598
55.79456137920386,-4.229812091001974,156.0,55.87864379034378,-4.080636908866371,147,20.957,1078
55.79456137920386,-4.229812091001974,156.0,55.89423440492952,-4.2418874418647645,148,14.382,1286
55.79456137920386,-4.229812091001974,156.0,55.92796852989922,-4.305970400193036,149,20.469,1567
55.79456137920386,-4.229812091001974,156.0,55.92895153496988,-4.082888064137351,150,25.453,1304
55.79456137920386,-4.229812091001974,156.0,55.790766759429424,-4.135285962371055,151,8.205,440
55.79456137920386,-4.229812091001974,156.0,55.80808041573422,-4.184105792933229,152,4.448,287
55.79456137920386,-4.229812091001974,156.0,55.7982747224006,-4.3931924101572655,153,12.341,1077
55.79456137920386,-4.229812091001974,156.0,55.81178474630603,-4.337962602706185,154,9.489,871
55.79456137920386,-4.229812091001974,156.0,55.852972007756,-4.353957895039277,155,14.963,1100
55.79456137920386,-4.229812091001974,156.0,55.797152036890715,-4.311451416173846,156,6.654,614
55.79456137920386,-4.229812091001974,156.0,55.84839482833289,-4.1889265673730645,157,11.28,851
55.79456137920386,-4.229812091001974,156.0,55.86383954752864,-4.387927326091926,158,20.555,1127
55.79456137920386,-4.229812091001974,156.0,55.807182357875575,-4.140487806234959,159,7.481,500
55.79456137920386,-4.229812091001974,156.0,55.8296607577131,-4.218765551358871,160,7.777,570
55.79456137920386,-4.229812091001974,156.0,55.82699494590622,-4.295404959002084,161,7.418,770
55.79456137920386,-4.229812091001974,156.0,55.861248665443505,-4.307186036515638,162,12.849,1003
55.79456137920386,-4.229812091001974,156.0,55.897857165570365,-4.156645648865112,163,16.782,1217
55.79456137920386,-4.229812091001974,156.0,55.877747555317356,-4.342792329217214,164,17.661,1226
55.79456137920386,-4.229812091001974,156.0,55.92259641850896,-4.389236283866068,165,33.917,1690
55.79456137920386,-4.229812091001974,156.0,55.92621339590465,-4.2820478996479165,166,18.793,1444
55.79456137920386,-4.229812091001974,156.0,55.80660612206145,-4.094012410496262,167,19.281,1220
55.79456137920386,-4.229812091001974,156.0,55.84605439624201,-4.09192094471571,168,22.186,1146
55.79456137920386,-4.229812091001974,156.0,55.83961965364386,-4.1201104741133365,169,12.334,785
55.79456137920386,-4.229812091001974,156.0,55.85030951683019,-4.217608837338132,170,10.076,787
55.79456137920386,-4.229812091001974,156.0,55.85971342373431,-4.246748195156407,171,9.409,885
55.79456137920386,-4.229812091001974,156.0,55.815747728441636,-4.150792968910081,172,7.669,598
55.79456137920386,-4.229812091001974,156.0,55.80041195127493,-4.3806303679601495,173,20.639,1040
55.79456137920386,-4.229812091001974,156.0,55.85487415463933,-4.092829020720908,174,16.641,977
55.79456137920386,-4.229812091001974,156.0,55.80456076444065,-4.203157873727267,175,5.323,371
55.79456137920386,-4.229812091001974,156.0,55.84723005082115,-4.330151260440624,176,12.916,958
55.79456137920386,-4.229812091001974,156.0,55.88775631668876,-4.123428423568879,177,24.612,1431
55.79456137920386,-4.229812091001974,156.0,55.82857385936083,-4.129579652409029,178,13.528,808
55.79456137920386,-4.229812091001974,156.0,55.879865395443076,-4.36272007519476,179,18.553,1269
55.79456137920386,-4.229812091001974,156.0,55.87973669437185,-4.215636550296907,180,12.677,1240
55.79456137920386,-4.229812091001974,156.0,55.8162521393249,-4.1868605517933455,181,5.83,407
55.79456137920386,-4.229812091001974,156.0,55.80755514535402,-4.201625161718038,182,5.076,338
55.79456137920386,-4.229812091001974,156.0,55.85565398843102,-4.250533808562208,183,8.448,787
55.79456137920386,-4.229812091001974,156.0,55.929636326069506,-4.381100658166308,184,34.903,1711
55.79456137920386,-4.229812091001974,156.0,55.879581066995904,-4.21986165885879,185,12.318,1220
55.79456137920386,-4.229812091001974,156.0,55.92647877645629,-4.127886630011083,186,25.855,1565
55.79456137920386,-4.229812091001974,156.0,55.82282427264178,-4.371094162561755,187,12.237,1111
55.79456137920386,-4.229812091001974,156.0,55.90291353127043,-4.3414180899754955,188,20.06,1471
55.79456137920386,-4.229812091001974,156.0,55.78437024600116,-4.156926419796477,189,7.549,455
55.79456137920386,-4.229812091001974,156.0,55.8321542449311,-4.1561720476648265,190,8.671,640
55.79456137920386,-4.229812091001974,156.0,55.88310705812362,-4.084862107847263,191,18.118,959
55.79456137920386,-4.229812091001974,156.0,55.85616333886266,-4.110333739241922,192,13.677,1081
55.79456137920386,-4.229812091001974,156.0,55.90185178498145,-4.152652007721208,193,31.222,1916
55.79456137920386,-4.229812091001974,156.0,55.8837118458465,-4.182392741162416,194,17.101,2213
55.79456137920386,-4.229812091001974,156.0,55.83086049774818,-4.312434105301623,195,9.326,871
55.79456137920386,-4.229812091001974,156.0,55.821849459706755,-4.176208567338996,196,7.492,537
55.79456137920386,-4.229812091001974,156.0,55.88009750494633,-4.255964552703097,197,12.711,1227
55.79456137920386,-4.229812091001974,156.0,55.87413911675089,-4.369807111055967,198,16.557,1018
55.79456137920386,-4.229812091001974,156.0,55.86354071984154,-4.093406384811447,199,18.221,1082
55.80069237725046,-4.2953226561737035,157.0,55.8391698042901,-4.214478482526657,0,9.629,909
55.80069237725046,-4.2953226561737035,157.0,55.86553667472969,-4.350500876963486,1,12.983,917
55.80069237725046,-4.2953226561737035,157.0,55.912892829643965,-4.286410947894997,2,16.969,2162
55.80069237725046,-4.2953226561737035,157.0,55.84854019346565,-4.391697428307927,3,11.053,914
55.80069237725046,-4.2953226561737035,157.0,55.79232875093524,-4.310455024670266,4,1.596,144
55.80069237725046,-4.2953226561737035,157.0,55.837143362020576,-4.120043492886959,5,15.095,993
55.80069237725046,-4.2953226561737035,157.0,55.84185129809378,-4.283879851305767,6,5.943,506
55.80069237725046,-4.2953226561737035,157.0,55.90609664927746,-4.311383718964596,7,14.354,1170
55.80069237725046,-4.2953226561737035,157.0,55.7832172019226,-4.31249791159531,8,2.448,157
55.80069237725046,-4.2953226561737035,157.0,55.8177258987159,-4.260489243356555,9,4.142,399
55.80069237725046,-4.2953226561737035,157.0,55.903262790870684,-4.212111703691823,10,16.358,1290
55.80069237725046,-4.2953226561737035,157.0,55.893978813107424,-4.1413270988368325,11,18.098,1297
55.80069237725046,-4.2953226561737035,157.0,55.894884622950286,-4.154349650804189,12,20.483,1196
55.80069237725046,-4.2953226561737035,157.0,55.80680963785043,-4.263605759417426,13,3.698,407
55.80069237725046,-4.2953226561737035,157.0,55.81824312166051,-4.346878846315483,14,6.238,592
55.80069237725046,-4.2953226561737035,157.0,55.84742656229786,-4.269221405976544,15,6.226,526
55.80069237725046,-4.2953226561737035,157.0,55.80730424868546,-4.315177272898423,16,1.945,177
55.80069237725046,-4.2953226561737035,157.0,55.83798278877758,-4.260604018644594,17,5.257,532
55.80069237725046,-4.2953226561737035,157.0,55.89424631095569,-4.343398240721316,18,14.944,1032
55.80069237725046,-4.2953226561737035,157.0,55.83908093533876,-4.223069302141199,19,8.986,963
55.80069237725046,-4.2953226561737035,157.0,55.8357731433788,-4.270556349194068,20,4.38,352
55.80069237725046,-4.2953226561737035,157.0,55.90309627527835,-4.360750370095284,21,16.977,1268
55.80069237725046,-4.2953226561737035,157.0,55.85652103589449,-4.101365743428073,22,20.646,1240
55.80069237725046,-4.2953226561737035,157.0,55.783736419963375,-4.235306054793451,23,6.339,488
55.80069237725046,-4.2953226561737035,157.0,55.92064824587275,-4.2358362157531895,24,17.885,1268
55.80069237725046,-4.2953226561737035,157.0,55.907674892744176,-4.2497703459088045,25,16.235,2315
55.80069237725046,-4.2953226561737035,157.0,55.919604340921964,-4.226208116301384,26,17.407,1282
55.80069237725046,-4.2953226561737035,157.0,55.83219148710444,-4.304581930326681,27,4.938,483
55.80069237725046,-4.2953226561737035,157.0,55.79569701419853,-4.1769099124482585,28,11.862,861
55.80069237725046,-4.2953226561737035,157.0,55.81260197667657,-4.197841211154324,29,11.787,898
55.80069237725046,-4.2953226561737035,157.0,55.826092940761974,-4.176919409292903,30,10.606,1060
55.80069237725046,-4.2953226561737035,157.0,55.828413149208096,-4.109650878166438,31,18.556,1255
55.80069237725046,-4.2953226561737035,157.0,55.8999241737755,-4.257993823533507,32,13.418,1149
55.80069237725046,-4.2953226561737035,157.0,55.892514250678616,-4.340118142906542,33,14.973,1044
55.80069237725046,-4.2953226561737035,157.0,55.855241629670886,-4.269936069312288,34,9.053,741
55.80069237725046,-4.2953226561737035,157.0,55.877364911629314,-4.109701193625618,35,21.047,1341
55.80069237725046,-4.2953226561737035,157.0,55.887053111734645,-4.1280531391159245,36,21.349,1307
55.80069237725046,-4.2953226561737035,157.0,55.89108676863447,-4.105446803942431,37,23.082,1613
55.80069237725046,-4.2953226561737035,157.0,55.842635153466425,-4.334387903339716,38,7.604,683
55.80069237725046,-4.2953226561737035,157.0,55.89197542936556,-4.19614108945253,39,17.356,1141
55.80069237725046,-4.2953226561737035,157.0,55.825849135803445,-4.321179033230789,40,4.917,404
55.80069237725046,-4.2953226561737035,157.0,55.81864602215581,-4.375055705699034,41,6.365,520
55.80069237725046,-4.2953226561737035,157.0,55.92613065482397,-4.212698358862173,42,17.869,1335
55.80069237725046,-4.2953226561737035,157.0,55.874439929608144,-4.279689658904073,43,9.613,799
55.80069237725046,-4.2953226561737035,157.0,55.81998166828728,-4.245455535821837,44,5.078,501
55.80069237725046,-4.2953226561737035,157.0,55.91066980601156,-4.213502644426629,45,16.821,1285
55.80069237725046,-4.2953226561737035,157.0,55.8404807486866,-4.356656090229781,46,7.952,719
55.80069237725046,-4.2953226561737035,157.0,55.88708229912325,-4.079055837843032,47,23.887,1336
55.80069237725046,-4.2953226561737035,157.0,55.84510555179576,-4.178720975321847,48,13.417,1081
55.80069237725046,-4.2953226561737035,157.0,55.84413340760586,-4.085244529493477,49,20.584,1710
55.80069237725046,-4.2953226561737035,157.0,55.83324217210475,-4.157183908594519,50,13.279,1078
55.80069237725046,-4.2953226561737035,157.0,55.895753278756494,-4.323131413571223,51,14.73,1144
55.80069237725046,-4.2953226561737035,157.0,55.88609925330935,-4.38354364327563,52,14.016,985
55.80069237725046,-4.2953226561737035,157.0,55.86596770908397,-4.338853955125049,53,10.799,866
55.80069237725046,-4.2953226561737035,157.0,55.819381988004544,-4.256567679373081,54,4.208,393
55.80069237725046,-4.2953226561737035,157.0,55.919398785577634,-4.298102785445152,55,17.245,1842
55.80069237725046,-4.2953226561737035,157.0,55.81052481551728,-4.0780884232687225,56,21.355,2403
55.80069237725046,-4.2953226561737035,157.0,55.8411814367945,-4.125490362928665,57,16.637,1151
55.80069237725046,-4.2953226561737035,157.0,55.844855881791794,-4.151320272286683,58,14.269,1131
55.80069237725046,-4.2953226561737035,157.0,55.79334532620707,-4.3052187624925375,59,1.191,105
55.80069237725046,-4.2953226561737035,157.0,55.78499644933002,-4.082518262203789,60,18.329,1033
55.80069237725046,-4.2953226561737035,157.0,55.86482365717543,-4.074666870071637,61,22.912,1457
55.80069237725046,-4.2953226561737035,157.0,55.910543969585106,-4.384534109666136,62,18.804,1332
55.80069237725046,-4.2953226561737035,157.0,55.799715679086134,-4.188568421733812,63,9.561,898
55.80069237725046,-4.2953226561737035,157.0,55.90005630083831,-4.294022887833187,64,13.426,1123
55.80069237725046,-4.2953226561737035,157.0,55.82573931186619,-4.210157383495828,65,8.106,797
55.80069237725046,-4.2953226561737035,157.0,55.88010014610652,-4.288014027401103,66,12.147,1092
55.80069237725046,-4.2953226561737035,157.0,55.8836463272421,-4.377148406451105,67,13.786,1063
55.80069237725046,-4.2953226561737035,157.0,55.80511293548626,-4.195982430231648,68,11.044,847
55.80069237725046,-4.2953226561737035,157.0,55.9265186267864,-4.256321117900257,69,16.783,1256
55.80069237725046,-4.2953226561737035,157.0,55.90353118048908,-4.119171950823842,70,22.245,1549
55.80069237725046,-4.2953226561737035,157.0,55.81502357146685,-4.260984914919316,71,3.853,376
55.80069237725046,-4.2953226561737035,157.0,55.894355058439295,-4.293143876300353,72,12.716,1071
55.80069237725046,-4.2953226561737035,157.0,55.80246488546192,-4.242274834364847,73,7.469,625
55.80069237725046,-4.2953226561737035,157.0,55.887581813102464,-4.2985753032369685,74,12.328,1067
55.80069237725046,-4.2953226561737035,157.0,55.928290955083554,-4.295962301582311,75,17.667,1256
55.80069237725046,-4.2953226561737035,157.0,55.81096058143004,-4.368797105646974,76,5.53,494
55.80069237725046,-4.2953226561737035,157.0,55.84818750128869,-4.3631808239548375,77,10.395,865
55.80069237725046,-4.2953226561737035,157.0,55.81610352786554,-4.330910795148831,78,3.439,308
55.80069237725046,-4.2953226561737035,157.0,55.807034270653475,-4.136077366584948,79,16.61,1041
55.80069237725046,-4.2953226561737035,157.0,55.86778114631985,-4.233612892312959,80,11.932,952
55.80069237725046,-4.2953226561737035,157.0,55.79578956690847,-4.368290459919509,81,9.346,1617
55.80069237725046,-4.2953226561737035,157.0,55.897877306124535,-4.077031107370425,82,26.246,2081
55.80069237725046,-4.2953226561737035,157.0,55.80721289582252,-4.242612882195534,83,7.846,652
55.80069237725046,-4.2953226561737035,157.0,55.92209393969709,-4.157940141970138,84,22.016,1347
55.80069237725046,-4.2953226561737035,157.0,55.79188265083702,-4.28147512844989,85,2.053,160
55.80069237725046,-4.2953226561737035,157.0,55.88043814367632,-4.104360473798184,86,20.859,1300
55.80069237725046,-4.2953226561737035,157.0,55.90345994988174,-4.293652184560058,87,13.895,1168
55.80069237725046,-4.2953226561737035,157.0,55.91230525016259,-4.108196424937476,88,23.513,1494
55.80069237725046,-4.2953226561737035,157.0,55.90569137930351,-4.3852429216612405,89,18.839,1355
55.80069237725046,-4.2953226561737035,157.0,55.824402119970216,-4.298242138123909,90,3.305,324
55.80069237725046,-4.2953226561737035,157.0,55.887104625653905,-4.201059285828647,91,15.068,1290
55.80069237725046,-4.2953226561737035,157.0,55.92006797200308,-4.195257422106852,92,18.715,1313
55.80069237725046,-4.2953226561737035,157.0,55.7944551107823,-4.1683749063061635,93,11.992,1295
55.80069237725046,-4.2953226561737035,157.0,55.88003873447475,-4.304350182381346,94,11.883,1014
55.80069237725046,-4.2953226561737035,157.0,55.88308048053683,-4.2942103285768285,95,11.483,989
55.80069237725046,-4.2953226561737035,157.0,55.80779271908626,-4.3234306371549245,96,2.545,245
55.80069237725046,-4.2953226561737035,157.0,55.90123467399992,-4.380968632189907,97,19.169,1477
55.80069237725046,-4.2953226561737035,157.0,55.88049231589054,-4.293733205570284,98,11.385,979
55.80069237725046,-4.2953226561737035,157.0,55.84697147961761,-4.334108806216461,99,7.915,759
55.80069237725046,-4.2953226561737035,157.0,55.83067141211495,-4.195633651932574,100,10.562,944
55.80069237725046,-4.2953226561737035,157.0,55.89350845984679,-4.099445363541155,101,25.324,1513
55.80069237725046,-4.2953226561737035,157.0,55.92592408664018,-4.179171340754611,102,23.357,1430
55.80069237725046,-4.2953226561737035,157.0,55.84941827409408,-4.169566750359822,103,14.122,1147
55.80069237725046,-4.2953226561737035,157.0,55.92413375575165,-4.226670311636797,104,19.084,2077
55.80069237725046,-4.2953226561737035,157.0,55.88995713457192,-4.285031242761631,105,11.656,973
55.80069237725046,-4.2953226561737035,157.0,55.90528066541109,-4.131569818675147,106,19.695,1194
55.80069237725046,-4.2953226561737035,157.0,55.87850608392288,-4.103517886631066,107,21.19,1334
55.80069237725046,-4.2953226561737035,157.0,55.80799405798939,-4.284953473560454,108,1.367,187
55.80069237725046,-4.2953226561737035,157.0,55.906815669822045,-4.385279074380807,109,18.15,1270
55.80069237725046,-4.2953226561737035,157.0,55.916237634416454,-4.222407816066865,110,17.322,1270
55.80069237725046,-4.2953226561737035,157.0,55.915798955837815,-4.088621086891774,111,26.597,1525
55.80069237725046,-4.2953226561737035,157.0,55.827538479175395,-4.350653065976025,112,6.177,530
55.80069237725046,-4.2953226561737035,157.0,55.799515288981674,-4.0866627646338864,113,19.096,1177
55.80069237725046,-4.2953226561737035,157.0,55.831024245961984,-4.244756518165482,114,6.405,623
55.80069237725046,-4.2953226561737035,157.0,55.86754360554833,-4.2143078261423845,115,13.272,1068
55.80069237725046,-4.2953226561737035,157.0,55.8574985965699,-4.1521224561179935,116,15.425,1257
55.80069237725046,-4.2953226561737035,157.0,55.88095643501817,-4.32811659177277,117,12.786,859
55.80069237725046,-4.2953226561737035,157.0,55.85240433608213,-4.177570445500026,118,14.286,1198
55.80069237725046,-4.2953226561737035,157.0,55.91169549549074,-4.359708873069638,119,18.962,1459
55.80069237725046,-4.2953226561737035,157.0,55.92640787519779,-4.300990956079843,120,18.115,1305
55.80069237725046,-4.2953226561737035,157.0,55.84019197366069,-4.205566157974415,121,10.115,1025
55.80069237725046,-4.2953226561737035,157.0,55.866619942939494,-4.268153778778456,122,9.406,879
55.80069237725046,-4.2953226561737035,157.0,55.81327411986783,-4.2587495402872255,123,4.532,447
55.80069237725046,-4.2953226561737035,157.0,55.86022660117776,-4.154711133590585,124,17.773,1211
55.80069237725046,-4.2953226561737035,157.0,55.831522729053496,-4.370420634377527,125,7.928,712
55.80069237725046,-4.2953226561737035,157.0,55.84074346341779,-4.172411658039648,126,12.49,1000
55.80069237725046,-4.2953226561737035,157.0,55.8801412435821,-4.258666277618953,127,11.255,964
55.80069237725046,-4.2953226561737035,157.0,55.8434159429892,-4.1056733307349536,128,16.893,1180
55.80069237725046,-4.2953226561737035,157.0,55.83522057783537,-4.25736952395694,129,5.309,518
55.80069237725046,-4.2953226561737035,157.0,55.86467774065618,-4.2250953414252415,130,12.056,904
55.80069237725046,-4.2953226561737035,157.0,55.8953662249987,-4.231143624453162,131,14.509,1082
55.80069237725046,-4.2953226561737035,157.0,55.81920459649808,-4.236238450921302,132,5.662,552
55.80069237725046,-4.2953226561737035,157.0,55.900795402502105,-4.206009410292495,133,16.676,1277
55.80069237725046,-4.2953226561737035,157.0,55.86078490474355,-4.339631469507248,134,11.334,961
55.80069237725046,-4.2953226561737035,157.0,55.924999437053955,-4.191173279124663,135,18.966,1322
55.80069237725046,-4.2953226561737035,157.0,55.81549096669224,-4.126910343137958,136,17.667,1130
55.80069237725046,-4.2953226561737035,157.0,55.90135585493081,-4.207622057499793,137,16.675,1254
55.80069237725046,-4.2953226561737035,157.0,55.845816555475636,-4.129576488296543,138,15.642,1221
55.80069237725046,-4.2953226561737035,157.0,55.80470047644827,-4.291960781118721,139,0.925,143
55.80069237725046,-4.2953226561737035,157.0,55.89185394491289,-4.179857587296262,140,16.26,1065
55.80069237725046,-4.2953226561737035,157.0,55.91859399996558,-4.3401659608951215,141,17.828,1309
55.80069237725046,-4.2953226561737035,157.0,55.90671476836246,-4.3642865107142725,142,17.729,1323
55.80069237725046,-4.2953226561737035,157.0,55.81273399651921,-4.167613047894911,143,11.863,879
55.80069237725046,-4.2953226561737035,157.0,55.80939871413575,-4.276056954355674,144,2.242,232
55.80069237725046,-4.2953226561737035,157.0,55.88312869327199,-4.214542892826467,145,14.08,1108
55.80069237725046,-4.2953226561737035,157.0,55.815340374954424,-4.283514492524949,146,2.162,187
55.80069237725046,-4.2953226561737035,157.0,55.87864379034378,-4.080636908866371,147,24.867,1371
55.80069237725046,-4.2953226561737035,157.0,55.89423440492952,-4.2418874418647645,148,15.072,1166
55.80069237725046,-4.2953226561737035,157.0,55.92796852989922,-4.305970400193036,149,18.243,1328
55.80069237725046,-4.2953226561737035,157.0,55.92895153496988,-4.082888064137351,150,26.967,1474
55.80069237725046,-4.2953226561737035,157.0,55.790766759429424,-4.135285962371055,151,14.417,936
55.80069237725046,-4.2953226561737035,157.0,55.80808041573422,-4.184105792933229,152,10.66,783
55.80069237725046,-4.2953226561737035,157.0,55.7982747224006,-4.3931924101572655,153,7.168,602
55.80069237725046,-4.2953226561737035,157.0,55.81178474630603,-4.337962602706185,154,3.854,351
55.80069237725046,-4.2953226561737035,157.0,55.852972007756,-4.353957895039277,155,9.283,910
55.80069237725046,-4.2953226561737035,157.0,55.797152036890715,-4.311451416173846,156,1.481,138
55.80069237725046,-4.2953226561737035,157.0,55.84839482833289,-4.1889265673730645,157,14.068,1115
55.80069237725046,-4.2953226561737035,157.0,55.86383954752864,-4.387927326091926,158,13.667,1001
55.80069237725046,-4.2953226561737035,157.0,55.807182357875575,-4.140487806234959,159,13.693,996
55.80069237725046,-4.2953226561737035,157.0,55.8296607577131,-4.218765551358871,160,8.04,799
55.80069237725046,-4.2953226561737035,157.0,55.82699494590622,-4.295404959002084,161,3.372,313
55.80069237725046,-4.2953226561737035,157.0,55.861248665443505,-4.307186036515638,162,8.178,784
55.80069237725046,-4.2953226561737035,157.0,55.897857165570365,-4.156645648865112,163,17.736,1102
55.80069237725046,-4.2953226561737035,157.0,55.877747555317356,-4.342792329217214,164,13.384,965
55.80069237725046,-4.2953226561737035,157.0,55.92259641850896,-4.389236283866068,165,29.487,1554
55.80069237725046,-4.2953226561737035,157.0,55.92621339590465,-4.2820478996479165,166,16.567,1205
55.80069237725046,-4.2953226561737035,157.0,55.80660612206145,-4.094012410496262,167,20.94,1468
55.80069237725046,-4.2953226561737035,157.0,55.84605439624201,-4.09192094471571,168,22.073,1217
55.80069237725046,-4.2953226561737035,157.0,55.83961965364386,-4.1201104741133365,169,16.244,1078
55.80069237725046,-4.2953226561737035,157.0,55.85030951683019,-4.217608837338132,170,9.535,998
55.80069237725046,-4.2953226561737035,157.0,55.85971342373431,-4.246748195156407,171,8.713,894
55.80069237725046,-4.2953226561737035,157.0,55.815747728441636,-4.150792968910081,172,13.881,1094
55.80069237725046,-4.2953226561737035,157.0,55.80041195127493,-4.3806303679601495,173,9.346,565
55.80069237725046,-4.2953226561737035,157.0,55.85487415463933,-4.092829020720908,174,21.883,1218
55.80069237725046,-4.2953226561737035,157.0,55.80456076444065,-4.203157873727267,175,11.535,867
55.80069237725046,-4.2953226561737035,157.0,55.84723005082115,-4.330151260440624,176,7.803,728
55.80069237725046,-4.2953226561737035,157.0,55.88775631668876,-4.123428423568879,177,21.484,1313
55.80069237725046,-4.2953226561737035,157.0,55.82857385936083,-4.129579652409029,178,19.74,1304
55.80069237725046,-4.2953226561737035,157.0,55.879865395443076,-4.36272007519476,179,14.292,991
55.80069237725046,-4.2953226561737035,157.0,55.87973669437185,-4.215636550296907,180,13.367,1120
55.80069237725046,-4.2953226561737035,157.0,55.8162521393249,-4.1868605517933455,181,12.042,903
55.80069237725046,-4.2953226561737035,157.0,55.80755514535402,-4.201625161718038,182,11.288,834
55.80069237725046,-4.2953226561737035,157.0,55.85565398843102,-4.250533808562208,183,7.239,747
55.80069237725046,-4.2953226561737035,157.0,55.929636326069506,-4.381100658166308,184,20.889,1475
55.80069237725046,-4.2953226561737035,157.0,55.879581066995904,-4.21986165885879,185,13.008,1100
55.80069237725046,-4.2953226561737035,157.0,55.92647877645629,-4.127886630011083,186,23.098,1433
55.80069237725046,-4.2953226561737035,157.0,55.82282427264178,-4.371094162561755,187,7.064,635
55.80069237725046,-4.2953226561737035,157.0,55.90291353127043,-4.3414180899754955,188,15.775,1201
55.80069237725046,-4.2953226561737035,157.0,55.78437024600116,-4.156926419796477,189,14.307,914
55.80069237725046,-4.2953226561737035,157.0,55.8321542449311,-4.1561720476648265,190,13.319,1092
55.80069237725046,-4.2953226561737035,157.0,55.88310705812362,-4.084862107847263,191,22.028,1252
55.80069237725046,-4.2953226561737035,157.0,55.85616333886266,-4.110333739241922,192,20.684,1262
55.80069237725046,-4.2953226561737035,157.0,55.90185178498145,-4.152652007721208,193,21.645,1726
55.80069237725046,-4.2953226561737035,157.0,55.8837118458465,-4.182392741162416,194,17.924,2074
55.80069237725046,-4.2953226561737035,157.0,55.83086049774818,-4.312434105301623,195,4.522,385
55.80069237725046,-4.2953226561737035,157.0,55.821849459706755,-4.176208567338996,196,13.28,1025
55.80069237725046,-4.2953226561737035,157.0,55.88009750494633,-4.255964552703097,197,10.941,943
55.80069237725046,-4.2953226561737035,157.0,55.87413911675089,-4.369807111055967,198,12.127,882
55.80069237725046,-4.2953226561737035,157.0,55.86354071984154,-4.093406384811447,199,21.3,1315
55.84023854072682,-4.200256689168573,158.0,55.8391698042901,-4.214478482526657,0,0.923,210
55.84023854072682,-4.200256689168573,158.0,55.86553667472969,-4.350500876963486,1,16.138,942
55.84023854072682,-4.200256689168573,158.0,55.912892829643965,-4.286410947894997,2,14.412,2147
55.84023854072682,-4.200256689168573,158.0,55.84854019346565,-4.391697428307927,3,15.569,1163
55.84023854072682,-4.200256689168573,158.0,55.79232875093524,-4.310455024670266,4,18.034,1141
55.84023854072682,-4.200256689168573,158.0,55.837143362020576,-4.120043492886959,5,7.101,459
55.84023854072682,-4.200256689168573,158.0,55.84185129809378,-4.283879851305767,6,6.022,812
55.84023854072682,-4.200256689168573,158.0,55.90609664927746,-4.311383718964596,7,13.342,1317
55.84023854072682,-4.200256689168573,158.0,55.7832172019226,-4.31249791159531,8,12.005,1179
55.84023854072682,-4.200256689168573,158.0,55.8177258987159,-4.260489243356555,9,5.927,679
55.84023854072682,-4.200256689168573,158.0,55.903262790870684,-4.212111703691823,10,10.885,1156
55.84023854072682,-4.200256689168573,158.0,55.893978813107424,-4.1413270988368325,11,9.502,1041
55.84023854072682,-4.200256689168573,158.0,55.894884622950286,-4.154349650804189,12,12.397,970
55.84023854072682,-4.200256689168573,158.0,55.80680963785043,-4.263605759417426,13,8.365,946
55.84023854072682,-4.200256689168573,158.0,55.81824312166051,-4.346878846315483,14,15.197,1055
55.84023854072682,-4.200256689168573,158.0,55.84742656229786,-4.269221405976544,15,5.489,725
55.84023854072682,-4.200256689168573,158.0,55.80730424868546,-4.315177272898423,16,14.903,1040
55.84023854072682,-4.200256689168573,158.0,55.83798278877758,-4.260604018644594,17,4.493,626
55.84023854072682,-4.200256689168573,158.0,55.89424631095569,-4.343398240721316,18,17.954,1192
55.84023854072682,-4.200256689168573,158.0,55.83908093533876,-4.223069302141199,19,1.953,340
55.84023854072682,-4.200256689168573,158.0,55.8357731433788,-4.270556349194068,20,5.177,676
55.84023854072682,-4.200256689168573,158.0,55.90309627527835,-4.360750370095284,21,19.987,1427
55.84023854072682,-4.200256689168573,158.0,55.85652103589449,-4.101365743428073,22,12.034,782
55.84023854072682,-4.200256689168573,158.0,55.783736419963375,-4.235306054793451,23,10.069,801
55.84023854072682,-4.200256689168573,158.0,55.92064824587275,-4.2358362157531895,24,12.01,1136
55.84023854072682,-4.200256689168573,158.0,55.907674892744176,-4.2497703459088045,25,10.762,2181
55.84023854072682,-4.200256689168573,158.0,55.919604340921964,-4.226208116301384,26,11.934,1148
55.84023854072682,-4.200256689168573,158.0,55.83219148710444,-4.304581930326681,27,14.075,1081
55.84023854072682,-4.200256689168573,158.0,55.79569701419853,-4.1769099124482585,28,6.59,589
55.84023854072682,-4.200256689168573,158.0,55.81260197667657,-4.197841211154324,29,4.001,456
55.84023854072682,-4.200256689168573,158.0,55.826092940761974,-4.176919409292903,30,3.775,514
55.84023854072682,-4.200256689168573,158.0,55.828413149208096,-4.109650878166438,31,10.562,721
55.84023854072682,-4.200256689168573,158.0,55.8999241737755,-4.257993823533507,32,10.861,1126
55.84023854072682,-4.200256689168573,158.0,55.892514250678616,-4.340118142906542,33,17.983,1203
55.84023854072682,-4.200256689168573,158.0,55.855241629670886,-4.269936069312288,34,9.194,827
55.84023854072682,-4.200256689168573,158.0,55.877364911629314,-4.109701193625618,35,18.275,994
55.84023854072682,-4.200256689168573,158.0,55.887053111734645,-4.1280531391159245,36,13.263,1082
55.84023854072682,-4.200256689168573,158.0,55.89108676863447,-4.105446803942431,37,18.263,1209
55.84023854072682,-4.200256689168573,158.0,55.842635153466425,-4.334387903339716,38,12.006,870
55.84023854072682,-4.200256689168573,158.0,55.89197542936556,-4.19614108945253,39,9.27,915
55.84023854072682,-4.200256689168573,158.0,55.825849135803445,-4.321179033230789,40,12.253,982
55.84023854072682,-4.200256689168573,158.0,55.81864602215581,-4.375055705699034,41,16.226,1064
55.84023854072682,-4.200256689168573,158.0,55.92613065482397,-4.212698358862173,42,12.396,1201
55.84023854072682,-4.200256689168573,158.0,55.874439929608144,-4.279689658904073,43,9.035,949
55.84023854072682,-4.200256689168573,158.0,55.81998166828728,-4.245455535821837,44,5.219,563
55.84023854072682,-4.200256689168573,158.0,55.91066980601156,-4.213502644426629,45,11.348,1151
55.84023854072682,-4.200256689168573,158.0,55.8404807486866,-4.356656090229781,46,15.658,1137
55.84023854072682,-4.200256689168573,158.0,55.88708229912325,-4.079055837843032,47,15.893,802
55.84023854072682,-4.200256689168573,158.0,55.84510555179576,-4.178720975321847,48,5.423,547
55.84023854072682,-4.200256689168573,158.0,55.84413340760586,-4.085244529493477,49,12.59,1176
55.84023854072682,-4.200256689168573,158.0,55.83324217210475,-4.157183908594519,50,5.285,544
55.84023854072682,-4.200256689168573,158.0,55.895753278756494,-4.323131413571223,51,17.74,1303
55.84023854072682,-4.200256689168573,158.0,55.88609925330935,-4.38354364327563,52,17.171,1010
55.84023854072682,-4.200256689168573,158.0,55.86596770908397,-4.338853955125049,53,13.954,891
55.84023854072682,-4.200256689168573,158.0,55.819381988004544,-4.256567679373081,54,6.836,734
55.84023854072682,-4.200256689168573,158.0,55.919398785577634,-4.298102785445152,55,14.688,1826
55.84023854072682,-4.200256689168573,158.0,55.81052481551728,-4.0780884232687225,56,13.361,1869
55.84023854072682,-4.200256689168573,158.0,55.8411814367945,-4.125490362928665,57,8.643,617
55.84023854072682,-4.200256689168573,158.0,55.844855881791794,-4.151320272286683,58,6.275,597
55.84023854072682,-4.200256689168573,158.0,55.79334532620707,-4.3052187624925375,59,10.748,1127
55.84023854072682,-4.200256689168573,158.0,55.78499644933002,-4.082518262203789,60,13.784,878
55.84023854072682,-4.200256689168573,158.0,55.86482365717543,-4.074666870071637,61,13.586,976
55.84023854072682,-4.200256689168573,158.0,55.910543969585106,-4.384534109666136,62,21.814,1491
55.84023854072682,-4.200256689168573,158.0,55.799715679086134,-4.188568421733812,63,6.572,747
55.84023854072682,-4.200256689168573,158.0,55.90005630083831,-4.294022887833187,64,12.414,1270
55.84023854072682,-4.200256689168573,158.0,55.82573931186619,-4.210157383495828,65,2.058,271
55.84023854072682,-4.200256689168573,158.0,55.88010014610652,-4.288014027401103,66,11.135,1239
55.84023854072682,-4.200256689168573,158.0,55.8836463272421,-4.377148406451105,67,16.941,1088
55.84023854072682,-4.200256689168573,158.0,55.80511293548626,-4.195982430231648,68,4.981,531
55.84023854072682,-4.200256689168573,158.0,55.9265186267864,-4.256321117900257,69,14.226,1241
55.84023854072682,-4.200256689168573,158.0,55.90353118048908,-4.119171950823842,70,18.865,1269
55.84023854072682,-4.200256689168573,158.0,55.81502357146685,-4.260984914919316,71,6.284,713
55.84023854072682,-4.200256689168573,158.0,55.894355058439295,-4.293143876300353,72,11.704,1218
55.84023854072682,-4.200256689168573,158.0,55.80246488546192,-4.242274834364847,73,6.721,734
55.84023854072682,-4.200256689168573,158.0,55.887581813102464,-4.2985753032369685,74,11.316,1214
55.84023854072682,-4.200256689168573,158.0,55.928290955083554,-4.295962301582311,75,15.11,1241
55.84023854072682,-4.200256689168573,158.0,55.81096058143004,-4.368797105646974,76,17.883,1146
55.84023854072682,-4.200256689168573,158.0,55.84818750128869,-4.3631808239548375,77,16.644,989
55.84023854072682,-4.200256689168573,158.0,55.81610352786554,-4.330910795148831,78,14.222,895
55.84023854072682,-4.200256689168573,158.0,55.807034270653475,-4.136077366584948,79,11.338,769
55.84023854072682,-4.200256689168573,158.0,55.86778114631985,-4.233612892312959,80,5.992,791
55.84023854072682,-4.200256689168573,158.0,55.79578956690847,-4.368290459919509,81,22.967,2340
55.84023854072682,-4.200256689168573,158.0,55.897877306124535,-4.077031107370425,82,18.252,1547
55.84023854072682,-4.200256689168573,158.0,55.80721289582252,-4.242612882195534,83,6.06,695
55.84023854072682,-4.200256689168573,158.0,55.92209393969709,-4.157940141970138,84,13.93,1121
55.84023854072682,-4.200256689168573,158.0,55.79188265083702,-4.28147512844989,85,9.738,1005
55.84023854072682,-4.200256689168573,158.0,55.88043814367632,-4.104360473798184,86,17.585,934
55.84023854072682,-4.200256689168573,158.0,55.90345994988174,-4.293652184560058,87,13.885,1283
55.84023854072682,-4.200256689168573,158.0,55.91230525016259,-4.108196424937476,88,21.545,1171
55.84023854072682,-4.200256689168573,158.0,55.90569137930351,-4.3852429216612405,89,21.849,1515
55.84023854072682,-4.200256689168573,158.0,55.824402119970216,-4.298242138123909,90,12.689,903
55.84023854072682,-4.200256689168573,158.0,55.887104625653905,-4.201059285828647,91,7.513,1052
55.84023854072682,-4.200256689168573,158.0,55.92006797200308,-4.195257422106852,92,16.0,1167
55.84023854072682,-4.200256689168573,158.0,55.7944551107823,-4.1683749063061635,93,6.72,1023
55.84023854072682,-4.200256689168573,158.0,55.88003873447475,-4.304350182381346,94,10.649,1121
55.84023854072682,-4.200256689168573,158.0,55.88308048053683,-4.2942103285768285,95,10.249,1096
55.84023854072682,-4.200256689168573,158.0,55.80779271908626,-4.3234306371549245,96,15.493,1027
55.84023854072682,-4.200256689168573,158.0,55.90123467399992,-4.380968632189907,97,17.593,1620
55.84023854072682,-4.200256689168573,158.0,55.88049231589054,-4.293733205570284,98,10.151,1086
55.84023854072682,-4.200256689168573,158.0,55.84697147961761,-4.334108806216461,99,12.12,903
55.84023854072682,-4.200256689168573,158.0,55.83067141211495,-4.195633651932574,100,2.393,345
55.84023854072682,-4.200256689168573,158.0,55.89350845984679,-4.099445363541155,101,17.33,979
55.84023854072682,-4.200256689168573,158.0,55.92592408664018,-4.179171340754611,102,15.271,1205
55.84023854072682,-4.200256689168573,158.0,55.84941827409408,-4.169566750359822,103,6.128,613
55.84023854072682,-4.200256689168573,158.0,55.92413375575165,-4.226670311636797,104,13.611,1943
55.84023854072682,-4.200256689168573,158.0,55.88995713457192,-4.285031242761631,105,10.644,1120
55.84023854072682,-4.200256689168573,158.0,55.90528066541109,-4.131569818675147,106,11.609,969
55.84023854072682,-4.200256689168573,158.0,55.87850608392288,-4.103517886631066,107,17.916,967
55.84023854072682,-4.200256689168573,158.0,55.80799405798939,-4.284953473560454,108,8.151,950
55.84023854072682,-4.200256689168573,158.0,55.906815669822045,-4.385279074380807,109,21.16,1429
55.84023854072682,-4.200256689168573,158.0,55.916237634416454,-4.222407816066865,110,11.849,1136
55.84023854072682,-4.200256689168573,158.0,55.915798955837815,-4.088621086891774,111,20.411,1055
55.84023854072682,-4.200256689168573,158.0,55.827538479175395,-4.350653065976025,112,14.566,986
55.84023854072682,-4.200256689168573,158.0,55.799515288981674,-4.0866627646338864,113,14.343,995
55.84023854072682,-4.200256689168573,158.0,55.831024245961984,-4.244756518165482,114,3.933,531
55.84023854072682,-4.200256689168573,158.0,55.86754360554833,-4.2143078261423845,115,5.328,827
55.84023854072682,-4.200256689168573,158.0,55.8574985965699,-4.1521224561179935,116,7.431,723
55.84023854072682,-4.200256689168573,158.0,55.88095643501817,-4.32811659177277,117,15.796,1019
55.84023854072682,-4.200256689168573,158.0,55.85240433608213,-4.177570445500026,118,4.792,567
55.84023854072682,-4.200256689168573,158.0,55.91169549549074,-4.359708873069638,119,16.8,1600
55.84023854072682,-4.200256689168573,158.0,55.92640787519779,-4.300990956079843,120,15.558,1290
55.84023854072682,-4.200256689168573,158.0,55.84019197366069,-4.205566157974415,121,0.172,63
55.84023854072682,-4.200256689168573,158.0,55.866619942939494,-4.268153778778456,122,8.112,930
55.84023854072682,-4.200256689168573,158.0,55.81327411986783,-4.2587495402872255,123,6.263,723
55.84023854072682,-4.200256689168573,158.0,55.86022660117776,-4.154711133590585,124,7.784,754
55.84023854072682,-4.200256689168573,158.0,55.831522729053496,-4.370420634377527,125,16.62,1156
55.84023854072682,-4.200256689168573,158.0,55.84074346341779,-4.172411658039648,126,4.496,467
55.84023854072682,-4.200256689168573,158.0,55.8801412435821,-4.258666277618953,127,8.388,944
55.84023854072682,-4.200256689168573,158.0,55.8434159429892,-4.1056733307349536,128,8.899,646
55.84023854072682,-4.200256689168573,158.0,55.83522057783537,-4.25736952395694,129,4.467,628
55.84023854072682,-4.200256689168573,158.0,55.86467774065618,-4.2250953414252415,130,4.553,583
55.84023854072682,-4.200256689168573,158.0,55.8953662249987,-4.231143624453162,131,9.036,948
55.84023854072682,-4.200256689168573,158.0,55.81920459649808,-4.236238450921302,132,4.635,513
55.84023854072682,-4.200256689168573,158.0,55.900795402502105,-4.206009410292495,133,10.671,1082
55.84023854072682,-4.200256689168573,158.0,55.86078490474355,-4.339631469507248,134,14.489,986
55.84023854072682,-4.200256689168573,158.0,55.924999437053955,-4.191173279124663,135,15.749,1157
55.84023854072682,-4.200256689168573,158.0,55.81549096669224,-4.126910343137958,136,8.0,812
55.84023854072682,-4.200256689168573,158.0,55.90135585493081,-4.207622057499793,137,10.67,1059
55.84023854072682,-4.200256689168573,158.0,55.845816555475636,-4.129576488296543,138,7.648,687
55.84023854072682,-4.200256689168573,158.0,55.80470047644827,-4.291960781118721,139,9.202,1055
55.84023854072682,-4.200256689168573,158.0,55.89185394491289,-4.179857587296262,140,8.174,840
55.84023854072682,-4.200256689168573,158.0,55.91859399996558,-4.3401659608951215,141,18.319,1500
55.84023854072682,-4.200256689168573,158.0,55.90671476836246,-4.3642865107142725,142,20.739,1482
55.84023854072682,-4.200256689168573,158.0,55.81273399651921,-4.167613047894911,143,5.978,560
55.84023854072682,-4.200256689168573,158.0,55.80939871413575,-4.276056954355674,144,7.439,838
55.84023854072682,-4.200256689168573,158.0,55.88312869327199,-4.214542892826467,145,8.607,974
55.84023854072682,-4.200256689168573,158.0,55.815340374954424,-4.283514492524949,146,7.609,856
55.84023854072682,-4.200256689168573,158.0,55.87864379034378,-4.080636908866371,147,16.873,837
55.84023854072682,-4.200256689168573,158.0,55.89423440492952,-4.2418874418647645,148,9.599,1032
55.84023854072682,-4.200256689168573,158.0,55.92796852989922,-4.305970400193036,149,15.686,1313
55.84023854072682,-4.200256689168573,158.0,55.92895153496988,-4.082888064137351,150,21.369,1063
55.84023854072682,-4.200256689168573,158.0,55.790766759429424,-4.135285962371055,151,9.145,664
55.84023854072682,-4.200256689168573,158.0,55.80808041573422,-4.184105792933229,152,4.775,462
55.84023854072682,-4.200256689168573,158.0,55.7982747224006,-4.3931924101572655,153,18.691,1240
55.84023854072682,-4.200256689168573,158.0,55.81178474630603,-4.337962602706185,154,15.289,1001
55.84023854072682,-4.200256689168573,158.0,55.852972007756,-4.353957895039277,155,13.688,989
55.84023854072682,-4.200256689168573,158.0,55.797152036890715,-4.311451416173846,156,17.261,1075
55.84023854072682,-4.200256689168573,158.0,55.84839482833289,-4.1889265673730645,157,3.703,529
55.84023854072682,-4.200256689168573,158.0,55.86383954752864,-4.387927326091926,158,19.28,1016
55.84023854072682,-4.200256689168573,158.0,55.807182357875575,-4.140487806234959,159,8.014,727
55.84023854072682,-4.200256689168573,158.0,55.8296607577131,-4.218765551358871,160,2.399,362
55.84023854072682,-4.200256689168573,158.0,55.82699494590622,-4.295404959002084,161,12.725,879
55.84023854072682,-4.200256689168573,158.0,55.861248665443505,-4.307186036515638,162,11.574,892
55.84023854072682,-4.200256689168573,158.0,55.897857165570365,-4.156645648865112,163,9.65,876
55.84023854072682,-4.200256689168573,158.0,55.877747555317356,-4.342792329217214,164,16.386,1115
55.84023854072682,-4.200256689168573,158.0,55.92259641850896,-4.389236283866068,165,32.642,1580
55.84023854072682,-4.200256689168573,158.0,55.92621339590465,-4.2820478996479165,166,14.01,1190
55.84023854072682,-4.200256689168573,158.0,55.80660612206145,-4.094012410496262,167,12.946,934
55.84023854072682,-4.200256689168573,158.0,55.84605439624201,-4.09192094471571,168,18.102,905
55.84023854072682,-4.200256689168573,158.0,55.83961965364386,-4.1201104741133365,169,8.25,544
55.84023854072682,-4.200256689168573,158.0,55.85030951683019,-4.217608837338132,170,2.303,391
55.84023854072682,-4.200256689168573,158.0,55.85971342373431,-4.246748195156407,171,4.626,631
55.84023854072682,-4.200256689168573,158.0,55.815747728441636,-4.150792968910081,172,5.556,637
55.84023854072682,-4.200256689168573,158.0,55.80041195127493,-4.3806303679601495,173,18.107,1193
55.84023854072682,-4.200256689168573,158.0,55.85487415463933,-4.092829020720908,174,12.557,736
55.84023854072682,-4.200256689168573,158.0,55.80456076444065,-4.203157873727267,175,5.0,532
55.84023854072682,-4.200256689168573,158.0,55.84723005082115,-4.330151260440624,176,11.641,847
55.84023854072682,-4.200256689168573,158.0,55.88775631668876,-4.123428423568879,177,13.398,1088
55.84023854072682,-4.200256689168573,158.0,55.82857385936083,-4.129579652409029,178,8.078,824
55.84023854072682,-4.200256689168573,158.0,55.879865395443076,-4.36272007519476,179,12.716,1134
55.84023854072682,-4.200256689168573,158.0,55.87973669437185,-4.215636550296907,180,6.401,953
55.84023854072682,-4.200256689168573,158.0,55.8162521393249,-4.1868605517933455,181,4.142,444
55.84023854072682,-4.200256689168573,158.0,55.80755514535402,-4.201625161718038,182,4.753,499
55.84023854072682,-4.200256689168573,158.0,55.85565398843102,-4.250533808562208,183,4.506,627
55.84023854072682,-4.200256689168573,158.0,55.929636326069506,-4.381100658166308,184,33.628,1601
55.84023854072682,-4.200256689168573,158.0,55.879581066995904,-4.21986165885879,185,7.535,966
55.84023854072682,-4.200256689168573,158.0,55.92647877645629,-4.127886630011083,186,15.012,1207
55.84023854072682,-4.200256689168573,158.0,55.82282427264178,-4.371094162561755,187,15.756,1079
55.84023854072682,-4.200256689168573,158.0,55.90291353127043,-4.3414180899754955,188,18.785,1360
55.84023854072682,-4.200256689168573,158.0,55.78437024600116,-4.156926419796477,189,8.489,679
55.84023854072682,-4.200256689168573,158.0,55.8321542449311,-4.1561720476648265,190,5.325,558
55.84023854072682,-4.200256689168573,158.0,55.88310705812362,-4.084862107847263,191,14.034,718
55.84023854072682,-4.200256689168573,158.0,55.85616333886266,-4.110333739241922,192,12.677,833
55.84023854072682,-4.200256689168573,158.0,55.90185178498145,-4.152652007721208,193,13.559,1501
55.84023854072682,-4.200256689168573,158.0,55.8837118458465,-4.182392741162416,194,9.328,1818
55.84023854072682,-4.200256689168573,158.0,55.83086049774818,-4.312434105301623,195,13.659,984
55.84023854072682,-4.200256689168573,158.0,55.821849459706755,-4.176208567338996,196,4.186,511
55.84023854072682,-4.200256689168573,158.0,55.88009750494633,-4.255964552703097,197,8.074,922
55.84023854072682,-4.200256689168573,158.0,55.87413911675089,-4.369807111055967,198,15.282,907
55.84023854072682,-4.200256689168573,158.0,55.86354071984154,-4.093406384811447,199,14.137,841
55.80816247594803,-4.156953571473067,159.0,55.8391698042901,-4.214478482526657,0,6.595,545
55.80816247594803,-4.156953571473067,159.0,55.86553667472969,-4.350500876963486,1,18.984,1061
55.80816247594803,-4.156953571473067,159.0,55.912892829643965,-4.286410947894997,2,20.084,2482
55.80816247594803,-4.156953571473067,159.0,55.84854019346565,-4.391697428307927,3,18.415,1282
55.80816247594803,-4.156953571473067,159.0,55.79232875093524,-4.310455024670266,4,12.124,951
55.80816247594803,-4.156953571473067,159.0,55.837143362020576,-4.120043492886959,5,7.306,458
55.80816247594803,-4.156953571473067,159.0,55.84185129809378,-4.283879851305767,6,10.854,935
55.80816247594803,-4.156953571473067,159.0,55.90609664927746,-4.311383718964596,7,23.129,1550
55.80816247594803,-4.156953571473067,159.0,55.7832172019226,-4.31249791159531,8,12.454,928
55.80816247594803,-4.156953571473067,159.0,55.8177258987159,-4.260489243356555,9,8.023,686
55.80816247594803,-4.156953571473067,159.0,55.903262790870684,-4.212111703691823,10,23.247,1422
55.80816247594803,-4.156953571473067,159.0,55.893978813107424,-4.1413270988368325,11,20.748,1216
55.80816247594803,-4.156953571473067,159.0,55.894884622950286,-4.154349650804189,12,25.613,1117
55.80816247594803,-4.156953571473067,159.0,55.80680963785043,-4.263605759417426,13,12.005,1010
55.80816247594803,-4.156953571473067,159.0,55.81824312166051,-4.346878846315483,14,18.043,1174
55.80816247594803,-4.156953571473067,159.0,55.84742656229786,-4.269221405976544,15,11.219,953
55.80816247594803,-4.156953571473067,159.0,55.80730424868546,-4.315177272898423,16,13.761,1084
55.80816247594803,-4.156953571473067,159.0,55.83798278877758,-4.260604018644594,17,9.325,749
55.80816247594803,-4.156953571473067,159.0,55.89424631095569,-4.343398240721316,18,20.8,1310
55.80816247594803,-4.156953571473067,159.0,55.83908093533876,-4.223069302141199,19,7.625,675
55.80816247594803,-4.156953571473067,159.0,55.8357731433788,-4.270556349194068,20,10.009,799
55.80816247594803,-4.156953571473067,159.0,55.90309627527835,-4.360750370095284,21,22.833,1546
55.80816247594803,-4.156953571473067,159.0,55.85652103589449,-4.101365743428073,22,12.239,781
55.80816247594803,-4.156953571473067,159.0,55.783736419963375,-4.235306054793451,23,6.503,467
55.80816247594803,-4.156953571473067,159.0,55.92064824587275,-4.2358362157531895,24,17.682,1471
55.80816247594803,-4.156953571473067,159.0,55.907674892744176,-4.2497703459088045,25,16.434,2516
55.80816247594803,-4.156953571473067,159.0,55.919604340921964,-4.226208116301384,26,32.405,1528
55.80816247594803,-4.156953571473067,159.0,55.83219148710444,-4.304581930326681,27,16.921,1200
55.80816247594803,-4.156953571473067,159.0,55.79569701419853,-4.1769099124482585,28,2.678,210
55.80816247594803,-4.156953571473067,159.0,55.81260197667657,-4.197841211154324,29,3.474,341
55.80816247594803,-4.156953571473067,159.0,55.826092940761974,-4.176919409292903,30,5.099,515
55.80816247594803,-4.156953571473067,159.0,55.828413149208096,-4.109650878166438,31,7.881,583
55.80816247594803,-4.156953571473067,159.0,55.8999241737755,-4.257993823533507,32,16.533,1461
55.80816247594803,-4.156953571473067,159.0,55.892514250678616,-4.340118142906542,33,20.829,1322
55.80816247594803,-4.156953571473067,159.0,55.855241629670886,-4.269936069312288,34,24.546,1152
55.80816247594803,-4.156953571473067,159.0,55.877364911629314,-4.109701193625618,35,18.48,993
55.80816247594803,-4.156953571473067,159.0,55.887053111734645,-4.1280531391159245,36,24.127,1197
55.80816247594803,-4.156953571473067,159.0,55.89108676863447,-4.105446803942431,37,18.468,1208
55.80816247594803,-4.156953571473067,159.0,55.842635153466425,-4.334387903339716,38,14.852,989
55.80816247594803,-4.156953571473067,159.0,55.89197542936556,-4.19614108945253,39,21.031,1146
55.80816247594803,-4.156953571473067,159.0,55.825849135803445,-4.321179033230789,40,15.099,1100
55.80816247594803,-4.156953571473067,159.0,55.81864602215581,-4.375055705699034,41,19.072,1182
55.80816247594803,-4.156953571473067,159.0,55.92613065482397,-4.212698358862173,42,31.779,1523
55.80816247594803,-4.156953571473067,159.0,55.874439929608144,-4.279689658904073,43,18.636,1225
55.80816247594803,-4.156953571473067,159.0,55.81998166828728,-4.245455535821837,44,6.883,552
55.80816247594803,-4.156953571473067,159.0,55.91066980601156,-4.213502644426629,45,32.761,1577
55.80816247594803,-4.156953571473067,159.0,55.8404807486866,-4.356656090229781,46,18.504,1256
55.80816247594803,-4.156953571473067,159.0,55.88708229912325,-4.079055837843032,47,16.098,801
55.80816247594803,-4.156953571473067,159.0,55.84510555179576,-4.178720975321847,48,6.64,573
55.80816247594803,-4.156953571473067,159.0,55.84413340760586,-4.085244529493477,49,12.795,1175
55.80816247594803,-4.156953571473067,159.0,55.83324217210475,-4.157183908594519,50,4.752,385
55.80816247594803,-4.156953571473067,159.0,55.895753278756494,-4.323131413571223,51,20.586,1422
55.80816247594803,-4.156953571473067,159.0,55.88609925330935,-4.38354364327563,52,20.017,1129
55.80816247594803,-4.156953571473067,159.0,55.86596770908397,-4.338853955125049,53,16.8,1010
55.80816247594803,-4.156953571473067,159.0,55.819381988004544,-4.256567679373081,54,8.932,747
55.80816247594803,-4.156953571473067,159.0,55.919398785577634,-4.298102785445152,55,20.36,2161
55.80816247594803,-4.156953571473067,159.0,55.81052481551728,-4.0780884232687225,56,12.514,1881
55.80816247594803,-4.156953571473067,159.0,55.8411814367945,-4.125490362928665,57,7.176,589
55.80816247594803,-4.156953571473067,159.0,55.844855881791794,-4.151320272286683,58,6.472,547
55.80816247594803,-4.156953571473067,159.0,55.79334532620707,-4.3052187624925375,59,11.719,912
55.80816247594803,-4.156953571473067,159.0,55.78499644933002,-4.082518262203789,60,9.872,498
55.80816247594803,-4.156953571473067,159.0,55.86482365717543,-4.074666870071637,61,13.791,975
55.80816247594803,-4.156953571473067,159.0,55.910543969585106,-4.384534109666136,62,24.66,1610
55.80816247594803,-4.156953571473067,159.0,55.799715679086134,-4.188568421733812,63,3.006,400
55.80816247594803,-4.156953571473067,159.0,55.90005630083831,-4.294022887833187,64,22.004,1532
55.80816247594803,-4.156953571473067,159.0,55.82573931186619,-4.210157383495828,65,4.764,385
55.80816247594803,-4.156953571473067,159.0,55.88010014610652,-4.288014027401103,66,20.725,1501
55.80816247594803,-4.156953571473067,159.0,55.8836463272421,-4.377148406451105,67,19.787,1207
55.80816247594803,-4.156953571473067,159.0,55.80511293548626,-4.195982430231648,68,3.163,288
55.80816247594803,-4.156953571473067,159.0,55.9265186267864,-4.256321117900257,69,19.898,1576
55.80816247594803,-4.156953571473067,159.0,55.90353118048908,-4.119171950823842,70,19.07,1268
55.80816247594803,-4.156953571473067,159.0,55.81502357146685,-4.260984914919316,71,8.38,720
55.80816247594803,-4.156953571473067,159.0,55.894355058439295,-4.293143876300353,72,21.294,1480
55.80816247594803,-4.156953571473067,159.0,55.80246488546192,-4.242274834364847,73,7.91,595
55.80816247594803,-4.156953571473067,159.0,55.887581813102464,-4.2985753032369685,74,20.906,1476
55.80816247594803,-4.156953571473067,159.0,55.928290955083554,-4.295962301582311,75,20.782,1576
55.80816247594803,-4.156953571473067,159.0,55.81096058143004,-4.368797105646974,76,16.058,1301
55.80816247594803,-4.156953571473067,159.0,55.84818750128869,-4.3631808239548375,77,19.49,1108
55.80816247594803,-4.156953571473067,159.0,55.81610352786554,-4.330910795148831,78,17.068,1014
55.80816247594803,-4.156953571473067,159.0,55.807034270653475,-4.136077366584948,79,1.908,172
55.80816247594803,-4.156953571473067,159.0,55.86778114631985,-4.233612892312959,80,21.517,1137
55.80816247594803,-4.156953571473067,159.0,55.79578956690847,-4.368290459919509,81,25.62,2393
55.80816247594803,-4.156953571473067,159.0,55.897877306124535,-4.077031107370425,82,18.457,1546
55.80816247594803,-4.156953571473067,159.0,55.80721289582252,-4.242612882195534,83,8.3,628
55.80816247594803,-4.156953571473067,159.0,55.92209393969709,-4.157940141970138,84,27.714,1295
55.80816247594803,-4.156953571473067,159.0,55.79188265083702,-4.28147512844989,85,9.866,750
55.80816247594803,-4.156953571473067,159.0,55.88043814367632,-4.104360473798184,86,17.79,933
55.80816247594803,-4.156953571473067,159.0,55.90345994988174,-4.293652184560058,87,22.473,1577
55.80816247594803,-4.156953571473067,159.0,55.91230525016259,-4.108196424937476,88,21.75,1170
55.80816247594803,-4.156953571473067,159.0,55.90569137930351,-4.3852429216612405,89,24.695,1633
55.80816247594803,-4.156953571473067,159.0,55.824402119970216,-4.298242138123909,90,15.535,1021
55.80816247594803,-4.156953571473067,159.0,55.887104625653905,-4.201059285828647,91,20.805,1221
55.80816247594803,-4.156953571473067,159.0,55.92006797200308,-4.195257422106852,92,29.784,1340
55.80816247594803,-4.156953571473067,159.0,55.7944551107823,-4.1683749063061635,93,2.808,644
55.80816247594803,-4.156953571473067,159.0,55.88003873447475,-4.304350182381346,94,20.465,1381
55.80816247594803,-4.156953571473067,159.0,55.88308048053683,-4.2942103285768285,95,20.065,1355
55.80816247594803,-4.156953571473067,159.0,55.80779271908626,-4.3234306371549245,96,14.209,1131
55.80816247594803,-4.156953571473067,159.0,55.90123467399992,-4.380968632189907,97,25.001,1763
55.80816247594803,-4.156953571473067,159.0,55.88049231589054,-4.293733205570284,98,19.967,1345
55.80816247594803,-4.156953571473067,159.0,55.84697147961761,-4.334108806216461,99,14.966,1022
55.80816247594803,-4.156953571473067,159.0,55.83067141211495,-4.195633651932574,100,5.796,556
55.80816247594803,-4.156953571473067,159.0,55.89350845984679,-4.099445363541155,101,17.535,978
55.80816247594803,-4.156953571473067,159.0,55.92592408664018,-4.179171340754611,102,29.055,1378
55.80816247594803,-4.156953571473067,159.0,55.84941827409408,-4.169566750359822,103,6.749,596
55.80816247594803,-4.156953571473067,159.0,55.92413375575165,-4.226670311636797,104,32.994,2265
55.80816247594803,-4.156953571473067,159.0,55.88995713457192,-4.285031242761631,105,20.234,1382
55.80816247594803,-4.156953571473067,159.0,55.90528066541109,-4.131569818675147,106,25.393,1142
55.80816247594803,-4.156953571473067,159.0,55.87850608392288,-4.103517886631066,107,18.121,966
55.80816247594803,-4.156953571473067,159.0,55.80799405798939,-4.284953473560454,108,10.247,957
55.80816247594803,-4.156953571473067,159.0,55.906815669822045,-4.385279074380807,109,24.006,1548
55.80816247594803,-4.156953571473067,159.0,55.916237634416454,-4.222407816066865,110,32.32,1516
55.80816247594803,-4.156953571473067,159.0,55.915798955837815,-4.088621086891774,111,20.616,1054
55.80816247594803,-4.156953571473067,159.0,55.827538479175395,-4.350653065976025,112,17.412,1105
55.80816247594803,-4.156953571473067,159.0,55.799515288981674,-4.0866627646338864,113,6.151,471
55.80816247594803,-4.156953571473067,159.0,55.831024245961984,-4.244756518165482,114,8.765,654
55.80816247594803,-4.156953571473067,159.0,55.86754360554833,-4.2143078261423845,115,20.19,1123
55.80816247594803,-4.156953571473067,159.0,55.8574985965699,-4.1521224561179935,116,7.628,672
55.80816247594803,-4.156953571473067,159.0,55.88095643501817,-4.32811659177277,117,18.642,1137
55.80816247594803,-4.156953571473067,159.0,55.85240433608213,-4.177570445500026,118,7.681,653
55.80816247594803,-4.156953571473067,159.0,55.91169549549074,-4.359708873069638,119,24.818,1737
55.80816247594803,-4.156953571473067,159.0,55.92640787519779,-4.300990956079843,120,21.23,1625
55.80816247594803,-4.156953571473067,159.0,55.84019197366069,-4.205566157974415,121,7.081,660
55.80816247594803,-4.156953571473067,159.0,55.866619942939494,-4.268153778778456,122,23.464,1254
55.80816247594803,-4.156953571473067,159.0,55.81327411986783,-4.2587495402872255,123,8.359,730
55.80816247594803,-4.156953571473067,159.0,55.86022660117776,-4.154711133590585,124,7.981,703
55.80816247594803,-4.156953571473067,159.0,55.831522729053496,-4.370420634377527,125,19.466,1275
55.80816247594803,-4.156953571473067,159.0,55.84074346341779,-4.172411658039648,126,6.129,523
55.80816247594803,-4.156953571473067,159.0,55.8801412435821,-4.258666277618953,127,23.74,1269
55.80816247594803,-4.156953571473067,159.0,55.8434159429892,-4.1056733307349536,128,9.104,645
55.80816247594803,-4.156953571473067,159.0,55.83522057783537,-4.25736952395694,129,9.299,751
55.80816247594803,-4.156953571473067,159.0,55.86467774065618,-4.2250953414252415,130,10.225,918
55.80816247594803,-4.156953571473067,159.0,55.8953662249987,-4.231143624453162,131,14.708,1283
55.80816247594803,-4.156953571473067,159.0,55.81920459649808,-4.236238450921302,132,6.299,502
55.80816247594803,-4.156953571473067,159.0,55.900795402502105,-4.206009410292495,133,22.432,1313
55.80816247594803,-4.156953571473067,159.0,55.86078490474355,-4.339631469507248,134,17.335,1105
55.80816247594803,-4.156953571473067,159.0,55.924999437053955,-4.191173279124663,135,29.533,1331
55.80816247594803,-4.156953571473067,159.0,55.81549096669224,-4.126910343137958,136,4.203,335
55.80816247594803,-4.156953571473067,159.0,55.90135585493081,-4.207622057499793,137,22.431,1290
55.80816247594803,-4.156953571473067,159.0,55.845816555475636,-4.129576488296543,138,7.845,635
55.80816247594803,-4.156953571473067,159.0,55.80470047644827,-4.291960781118721,139,12.954,1066
55.80816247594803,-4.156953571473067,159.0,55.89185394491289,-4.179857587296262,140,21.635,1090
55.80816247594803,-4.156953571473067,159.0,55.91859399996558,-4.3401659608951215,141,23.684,1587
55.80816247594803,-4.156953571473067,159.0,55.90671476836246,-4.3642865107142725,142,23.585,1601
55.80816247594803,-4.156953571473067,159.0,55.81273399651921,-4.167613047894911,143,1.772,141
55.80816247594803,-4.156953571473067,159.0,55.80939871413575,-4.276056954355674,144,9.535,845
55.80816247594803,-4.156953571473067,159.0,55.88312869327199,-4.214542892826467,145,20.432,1191
55.80816247594803,-4.156953571473067,159.0,55.815340374954424,-4.283514492524949,146,9.705,862
55.80816247594803,-4.156953571473067,159.0,55.87864379034378,-4.080636908866371,147,17.078,836
55.80816247594803,-4.156953571473067,159.0,55.89423440492952,-4.2418874418647645,148,15.271,1366
55.80816247594803,-4.156953571473067,159.0,55.92796852989922,-4.305970400193036,149,21.358,1648
55.80816247594803,-4.156953571473067,159.0,55.92895153496988,-4.082888064137351,150,21.574,1062
55.80816247594803,-4.156953571473067,159.0,55.790766759429424,-4.135285962371055,151,3.989,258
55.80816247594803,-4.156953571473067,159.0,55.80808041573422,-4.184105792933229,152,2.315,196
55.80816247594803,-4.156953571473067,159.0,55.7982747224006,-4.3931924101572655,153,17.696,1408
55.80816247594803,-4.156953571473067,159.0,55.81178474630603,-4.337962602706185,154,18.135,1120
55.80816247594803,-4.156953571473067,159.0,55.852972007756,-4.353957895039277,155,16.534,1108
55.80816247594803,-4.156953571473067,159.0,55.797152036890715,-4.311451416173846,156,12.009,945
55.80816247594803,-4.156953571473067,159.0,55.84839482833289,-4.1889265673730645,157,7.401,609
55.80816247594803,-4.156953571473067,159.0,55.86383954752864,-4.387927326091926,158,22.126,1135
55.80816247594803,-4.156953571473067,159.0,55.807182357875575,-4.140487806234959,159,1.585,148
55.80816247594803,-4.156953571473067,159.0,55.8296607577131,-4.218765551358871,160,5.676,509
55.80816247594803,-4.156953571473067,159.0,55.82699494590622,-4.295404959002084,161,15.571,998
55.80816247594803,-4.156953571473067,159.0,55.861248665443505,-4.307186036515638,162,14.42,1011
55.80816247594803,-4.156953571473067,159.0,55.897857165570365,-4.156645648865112,163,23.111,1126
55.80816247594803,-4.156953571473067,159.0,55.877747555317356,-4.342792329217214,164,19.232,1234
55.80816247594803,-4.156953571473067,159.0,55.92259641850896,-4.389236283866068,165,35.488,1698
55.80816247594803,-4.156953571473067,159.0,55.92621339590465,-4.2820478996479165,166,19.682,1524
55.80816247594803,-4.156953571473067,159.0,55.80660612206145,-4.094012410496262,167,12.029,921
55.80816247594803,-4.156953571473067,159.0,55.84605439624201,-4.09192094471571,168,18.307,904
55.80816247594803,-4.156953571473067,159.0,55.83961965364386,-4.1201104741133365,169,8.455,543
55.80816247594803,-4.156953571473067,159.0,55.85030951683019,-4.217608837338132,170,7.975,726
55.80816247594803,-4.156953571473067,159.0,55.85971342373431,-4.246748195156407,171,10.298,966
55.80816247594803,-4.156953571473067,159.0,55.815747728441636,-4.150792968910081,172,1.684,260
55.80816247594803,-4.156953571473067,159.0,55.80041195127493,-4.3806303679601495,173,25.994,1371
55.80816247594803,-4.156953571473067,159.0,55.85487415463933,-4.092829020720908,174,12.762,735
55.80816247594803,-4.156953571473067,159.0,55.80456076444065,-4.203157873727267,175,3.654,308
55.80816247594803,-4.156953571473067,159.0,55.84723005082115,-4.330151260440624,176,14.487,966
55.80816247594803,-4.156953571473067,159.0,55.88775631668876,-4.123428423568879,177,20.733,1189
55.80816247594803,-4.156953571473067,159.0,55.82857385936083,-4.129579652409029,178,6.276,509
55.80816247594803,-4.156953571473067,159.0,55.879865395443076,-4.36272007519476,179,20.124,1277
55.80816247594803,-4.156953571473067,159.0,55.87973669437185,-4.215636550296907,180,12.073,1288
55.80816247594803,-4.156953571473067,159.0,55.8162521393249,-4.1868605517933455,181,2.958,312
55.80816247594803,-4.156953571473067,159.0,55.80755514535402,-4.201625161718038,182,3.407,275
55.80816247594803,-4.156953571473067,159.0,55.85565398843102,-4.250533808562208,183,10.978,937
55.80816247594803,-4.156953571473067,159.0,55.929636326069506,-4.381100658166308,184,36.474,1719
55.80816247594803,-4.156953571473067,159.0,55.879581066995904,-4.21986165885879,185,13.207,1301
55.80816247594803,-4.156953571473067,159.0,55.92647877645629,-4.127886630011083,186,21.976,1323
55.80816247594803,-4.156953571473067,159.0,55.82282427264178,-4.371094162561755,187,18.602,1198
55.80816247594803,-4.156953571473067,159.0,55.90291353127043,-4.3414180899754955,188,21.631,1479
55.80816247594803,-4.156953571473067,159.0,55.78437024600116,-4.156926419796477,189,4.577,302
55.80816247594803,-4.156953571473067,159.0,55.8321542449311,-4.1561720476648265,190,4.792,398
55.80816247594803,-4.156953571473067,159.0,55.88310705812362,-4.084862107847263,191,14.239,717
55.80816247594803,-4.156953571473067,159.0,55.85616333886266,-4.110333739241922,192,9.798,839
55.80816247594803,-4.156953571473067,159.0,55.90185178498145,-4.152652007721208,193,27.343,1674
55.80816247594803,-4.156953571473067,159.0,55.8837118458465,-4.182392741162416,194,21.002,1973
55.80816247594803,-4.156953571473067,159.0,55.83086049774818,-4.312434105301623,195,16.505,1103
55.80816247594803,-4.156953571473067,159.0,55.821849459706755,-4.176208567338996,196,3.189,286
55.80816247594803,-4.156953571473067,159.0,55.88009750494633,-4.255964552703097,197,23.426,1247
55.80816247594803,-4.156953571473067,159.0,55.87413911675089,-4.369807111055967,198,18.128,1026
55.80816247594803,-4.156953571473067,159.0,55.86354071984154,-4.093406384811447,199,14.342,840
55.909022660248546,-4.308472980602831,160.0,55.8391698042901,-4.214478482526657,0,15.795,1133
55.909022660248546,-4.308472980602831,160.0,55.86553667472969,-4.350500876963486,1,8.364,802
55.909022660248546,-4.308472980602831,160.0,55.912892829643965,-4.286410947894997,2,5.618,1320
55.909022660248546,-4.308472980602831,160.0,55.84854019346565,-4.391697428307927,3,12.449,1154
55.909022660248546,-4.308472980602831,160.0,55.79232875093524,-4.310455024670266,4,18.909,1265
55.909022660248546,-4.308472980602831,160.0,55.837143362020576,-4.120043492886959,5,19.494,1145
55.909022660248546,-4.308472980602831,160.0,55.84185129809378,-4.283879851305767,6,13.589,1015
55.909022660248546,-4.308472980602831,160.0,55.90609664927746,-4.311383718964596,7,0.851,151
55.909022660248546,-4.308472980602831,160.0,55.7832172019226,-4.31249791159531,8,20.497,1322
55.909022660248546,-4.308472980602831,160.0,55.8177258987159,-4.260489243356555,9,14.466,1195
55.909022660248546,-4.308472980602831,160.0,55.903262790870684,-4.212111703691823,10,11.259,832
55.909022660248546,-4.308472980602831,160.0,55.893978813107424,-4.1413270988368325,11,17.435,1114
55.909022660248546,-4.308472980602831,160.0,55.894884622950286,-4.154349650804189,12,17.027,983
55.909022660248546,-4.308472980602831,160.0,55.80680963785043,-4.263605759417426,13,16.231,1419
55.909022660248546,-4.308472980602831,160.0,55.81824312166051,-4.346878846315483,14,16.072,1179
55.909022660248546,-4.308472980602831,160.0,55.84742656229786,-4.269221405976544,15,10.065,902
55.909022660248546,-4.308472980602831,160.0,55.80730424868546,-4.315177272898423,16,15.778,1163
55.909022660248546,-4.308472980602831,160.0,55.83798278877758,-4.260604018644594,17,10.847,1012
55.909022660248546,-4.308472980602831,160.0,55.89424631095569,-4.343398240721316,18,4.534,464
55.909022660248546,-4.308472980602831,160.0,55.83908093533876,-4.223069302141199,19,13.386,1164
55.909022660248546,-4.308472980602831,160.0,55.8357731433788,-4.270556349194068,20,10.869,913
55.909022660248546,-4.308472980602831,160.0,55.90309627527835,-4.360750370095284,21,4.072,473
55.909022660248546,-4.308472980602831,160.0,55.85652103589449,-4.101365743428073,22,17.816,1062
55.909022660248546,-4.308472980602831,160.0,55.783736419963375,-4.235306054793451,23,18.526,1486
55.909022660248546,-4.308472980602831,160.0,55.92064824587275,-4.2358362157531895,24,7.97,471
55.909022660248546,-4.308472980602831,160.0,55.907674892744176,-4.2497703459088045,25,11.586,1914
55.909022660248546,-4.308472980602831,160.0,55.919604340921964,-4.226208116301384,26,10.398,673
55.909022660248546,-4.308472980602831,160.0,55.83219148710444,-4.304581930326681,27,14.95,1205
55.909022660248546,-4.308472980602831,160.0,55.79569701419853,-4.1769099124482585,28,20.21,1418
55.909022660248546,-4.308472980602831,160.0,55.81260197667657,-4.197841211154324,29,17.621,1285
55.909022660248546,-4.308472980602831,160.0,55.826092940761974,-4.176919409292903,30,16.151,1218
55.909022660248546,-4.308472980602831,160.0,55.828413149208096,-4.109650878166438,31,24.762,1408
55.909022660248546,-4.308472980602831,160.0,55.8999241737755,-4.257993823533507,32,8.747,586
55.909022660248546,-4.308472980602831,160.0,55.892514250678616,-4.340118142906542,33,4.563,469
55.909022660248546,-4.308472980602831,160.0,55.855241629670886,-4.269936069312288,34,7.909,643
55.909022660248546,-4.308472980602831,160.0,55.877364911629314,-4.109701193625618,35,18.217,1163
55.909022660248546,-4.308472980602831,160.0,55.887053111734645,-4.1280531391159245,36,17.893,1094
55.909022660248546,-4.308472980602831,160.0,55.89108676863447,-4.105446803942431,37,19.626,1400
55.909022660248546,-4.308472980602831,160.0,55.842635153466425,-4.334387903339716,38,10.227,957
55.909022660248546,-4.308472980602831,160.0,55.89197542936556,-4.19614108945253,39,13.517,935
55.909022660248546,-4.308472980602831,160.0,55.825849135803445,-4.321179033230789,40,13.128,1105
55.909022660248546,-4.308472980602831,160.0,55.81864602215581,-4.375055705699034,41,17.101,1187
55.909022660248546,-4.308472980602831,160.0,55.92613065482397,-4.212698358862173,42,11.026,744
55.909022660248546,-4.308472980602831,160.0,55.874439929608144,-4.279689658904073,43,6.089,598
55.909022660248546,-4.308472980602831,160.0,55.81998166828728,-4.245455535821837,44,13.946,1100
55.909022660248546,-4.308472980602831,160.0,55.91066980601156,-4.213502644426629,45,10.098,702
55.909022660248546,-4.308472980602831,160.0,55.8404807486866,-4.356656090229781,46,12.538,1128
55.909022660248546,-4.308472980602831,160.0,55.88708229912325,-4.079055837843032,47,26.222,1334
55.909022660248546,-4.308472980602831,160.0,55.84510555179576,-4.178720975321847,48,14.093,1220
55.909022660248546,-4.308472980602831,160.0,55.84413340760586,-4.085244529493477,49,22.315,1596
55.909022660248546,-4.308472980602831,160.0,55.83324217210475,-4.157183908594519,50,17.678,1231
55.909022660248546,-4.308472980602831,160.0,55.895753278756494,-4.323131413571223,51,3.698,410
55.909022660248546,-4.308472980602831,160.0,55.88609925330935,-4.38354364327563,52,13.229,986
55.909022660248546,-4.308472980602831,160.0,55.86596770908397,-4.338853955125049,53,7.495,725
55.909022660248546,-4.308472980602831,160.0,55.819381988004544,-4.256567679373081,54,15.375,1250
55.909022660248546,-4.308472980602831,160.0,55.919398785577634,-4.298102785445152,55,5.894,1000
55.909022660248546,-4.308472980602831,160.0,55.81052481551728,-4.0780884232687225,56,27.561,2555
55.909022660248546,-4.308472980602831,160.0,55.8411814367945,-4.125490362928665,57,22.843,1303
55.909022660248546,-4.308472980602831,160.0,55.844855881791794,-4.151320272286683,58,18.668,1284
55.909022660248546,-4.308472980602831,160.0,55.79334532620707,-4.3052187624925375,59,19.24,1271
55.909022660248546,-4.308472980602831,160.0,55.78499644933002,-4.082518262203789,60,29.451,1482
55.909022660248546,-4.308472980602831,160.0,55.86482365717543,-4.074666870071637,61,20.082,1280
55.909022660248546,-4.308472980602831,160.0,55.910543969585106,-4.384534109666136,62,5.831,641
55.909022660248546,-4.308472980602831,160.0,55.799715679086134,-4.188568421733812,63,20.192,1576
55.909022660248546,-4.308472980602831,160.0,55.90005630083831,-4.294022887833187,64,2.882,264
55.909022660248546,-4.308472980602831,160.0,55.82573931186619,-4.210157383495828,65,15.678,1100
55.909022660248546,-4.308472980602831,160.0,55.88010014610652,-4.288014027401103,66,4.488,484
55.909022660248546,-4.308472980602831,160.0,55.8836463272421,-4.377148406451105,67,12.999,1063
55.909022660248546,-4.308472980602831,160.0,55.80511293548626,-4.195982430231648,68,18.601,1360
55.909022660248546,-4.308472980602831,160.0,55.9265186267864,-4.256321117900257,69,6.868,458
55.909022660248546,-4.308472980602831,160.0,55.90353118048908,-4.119171950823842,70,18.294,1316
55.909022660248546,-4.308472980602831,160.0,55.81502357146685,-4.260984914919316,71,14.823,1229
55.909022660248546,-4.308472980602831,160.0,55.894355058439295,-4.293143876300353,72,3.323,306
55.909022660248546,-4.308472980602831,160.0,55.80246488546192,-4.242274834364847,73,16.087,1326
55.909022660248546,-4.308472980602831,160.0,55.887581813102464,-4.2985753032369685,74,3.825,395
55.909022660248546,-4.308472980602831,160.0,55.928290955083554,-4.295962301582311,75,2.747,265
55.909022660248546,-4.308472980602831,160.0,55.81096058143004,-4.368797105646974,76,18.758,1269
55.909022660248546,-4.308472980602831,160.0,55.84818750128869,-4.3631808239548375,77,12.702,965
55.909022660248546,-4.308472980602831,160.0,55.81610352786554,-4.330910795148831,78,15.097,1019
55.909022660248546,-4.308472980602831,160.0,55.807034270653475,-4.136077366584948,79,19.385,1469
55.909022660248546,-4.308472980602831,160.0,55.86778114631985,-4.233612892312959,80,9.102,774
55.909022660248546,-4.308472980602831,160.0,55.79578956690847,-4.368290459919509,81,23.842,2464
55.909022660248546,-4.308472980602831,160.0,55.897877306124535,-4.077031107370425,82,21.417,1867
55.909022660248546,-4.308472980602831,160.0,55.80721289582252,-4.242612882195534,83,15.31,1277
55.909022660248546,-4.308472980602831,160.0,55.92209393969709,-4.157940141970138,84,15.08,932
55.909022660248546,-4.308472980602831,160.0,55.79188265083702,-4.28147512844989,85,20.102,1326
55.909022660248546,-4.308472980602831,160.0,55.88043814367632,-4.104360473798184,86,18.029,1123
55.909022660248546,-4.308472980602831,160.0,55.90345994988174,-4.293652184560058,87,2.952,281
55.909022660248546,-4.308472980602831,160.0,55.91230525016259,-4.108196424937476,88,19.318,1225
55.909022660248546,-4.308472980602831,160.0,55.90569137930351,-4.3852429216612405,89,7.304,745
55.909022660248546,-4.308472980602831,160.0,55.824402119970216,-4.298242138123909,90,13.564,1026
55.909022660248546,-4.308472980602831,160.0,55.887104625653905,-4.201059285828647,91,13.718,1035
55.909022660248546,-4.308472980602831,160.0,55.92006797200308,-4.195257422106852,92,10.468,676
55.909022660248546,-4.308472980602831,160.0,55.7944551107823,-4.1683749063061635,93,20.34,1852
55.909022660248546,-4.308472980602831,160.0,55.88003873447475,-4.304350182381346,94,4.799,509
55.909022660248546,-4.308472980602831,160.0,55.88308048053683,-4.2942103285768285,95,4.506,500
55.909022660248546,-4.308472980602831,160.0,55.80779271908626,-4.3234306371549245,96,16.368,1151
55.909022660248546,-4.308472980602831,160.0,55.90123467399992,-4.380968632189907,97,11.716,1059
55.909022660248546,-4.308472980602831,160.0,55.88049231589054,-4.293733205570284,98,5.159,534
55.909022660248546,-4.308472980602831,160.0,55.84697147961761,-4.334108806216461,99,9.817,891
55.909022660248546,-4.308472980602831,160.0,55.83067141211495,-4.195633651932574,100,14.961,1097
55.909022660248546,-4.308472980602831,160.0,55.89350845984679,-4.099445363541155,101,19.441,1232
55.909022660248546,-4.308472980602831,160.0,55.92592408664018,-4.179171340754611,102,12.639,820
55.909022660248546,-4.308472980602831,160.0,55.84941827409408,-4.169566750359822,103,13.879,1205
55.909022660248546,-4.308472980602831,160.0,55.92413375575165,-4.226670311636797,104,12.241,1486
55.909022660248546,-4.308472980602831,160.0,55.88995713457192,-4.285031242761631,105,3.481,308
55.909022660248546,-4.308472980602831,160.0,55.90528066541109,-4.131569818675147,106,15.656,953
55.909022660248546,-4.308472980602831,160.0,55.87850608392288,-4.103517886631066,107,18.36,1156
55.909022660248546,-4.308472980602831,160.0,55.80799405798939,-4.284953473560454,108,14.867,1281
55.909022660248546,-4.308472980602831,160.0,55.906815669822045,-4.385279074380807,109,6.615,660
55.909022660248546,-4.308472980602831,160.0,55.916237634416454,-4.222407816066865,110,10.15,655
55.909022660248546,-4.308472980602831,160.0,55.915798955837815,-4.088621086891774,111,20.036,1260
55.909022660248546,-4.308472980602831,160.0,55.827538479175395,-4.350653065976025,112,15.441,1110
55.909022660248546,-4.308472980602831,160.0,55.799515288981674,-4.0866627646338864,113,29.821,1594
55.909022660248546,-4.308472980602831,160.0,55.831024245961984,-4.244756518165482,114,12.427,1001
55.909022660248546,-4.308472980602831,160.0,55.86754360554833,-4.2143078261423845,115,10.442,890
55.909022660248546,-4.308472980602831,160.0,55.8574985965699,-4.1521224561179935,116,15.726,1106
55.909022660248546,-4.308472980602831,160.0,55.88095643501817,-4.32811659177277,117,4.778,509
55.909022660248546,-4.308472980602831,160.0,55.85240433608213,-4.177570445500026,118,13.164,1077
55.909022660248546,-4.308472980602831,160.0,55.91169549549074,-4.359708873069638,119,4.016,464
55.909022660248546,-4.308472980602831,160.0,55.92640787519779,-4.300990956079843,120,2.555,286
55.909022660248546,-4.308472980602831,160.0,55.84019197366069,-4.205566157974415,121,13.582,1254
55.909022660248546,-4.308472980602831,160.0,55.866619942939494,-4.268153778778456,122,6.927,728
55.909022660248546,-4.308472980602831,160.0,55.81327411986783,-4.2587495402872255,123,14.802,1239
55.909022660248546,-4.308472980602831,160.0,55.86022660117776,-4.154711133590585,124,14.943,1034
55.909022660248546,-4.308472980602831,160.0,55.831522729053496,-4.370420634377527,125,12.543,1135
55.909022660248546,-4.308472980602831,160.0,55.84074346341779,-4.172411658039648,126,16.889,1153
55.909022660248546,-4.308472980602831,160.0,55.8801412435821,-4.258666277618953,127,6.706,594
55.909022660248546,-4.308472980602831,160.0,55.8434159429892,-4.1056733307349536,128,23.099,1332
55.909022660248546,-4.308472980602831,160.0,55.83522057783537,-4.25736952395694,129,11.486,1040
55.909022660248546,-4.308472980602831,160.0,55.86467774065618,-4.2250953414252415,130,9.226,727
55.909022660248546,-4.308472980602831,160.0,55.8953662249987,-4.231143624453162,131,11.512,787
55.909022660248546,-4.308472980602831,160.0,55.81920459649808,-4.236238450921302,132,14.53,1151
55.909022660248546,-4.308472980602831,160.0,55.900795402502105,-4.206009410292495,133,12.072,912
55.909022660248546,-4.308472980602831,160.0,55.86078490474355,-4.339631469507248,134,8.03,820
55.909022660248546,-4.308472980602831,160.0,55.924999437053955,-4.191173279124663,135,10.719,685
55.909022660248546,-4.308472980602831,160.0,55.81549096669224,-4.126910343137958,136,20.376,1516
55.909022660248546,-4.308472980602831,160.0,55.90135585493081,-4.207622057499793,137,11.961,874
55.909022660248546,-4.308472980602831,160.0,55.845816555475636,-4.129576488296543,138,18.916,1275
55.909022660248546,-4.308472980602831,160.0,55.80470047644827,-4.291960781118721,139,14.894,1259
55.909022660248546,-4.308472980602831,160.0,55.89185394491289,-4.179857587296262,140,13.43,888
55.909022660248546,-4.308472980602831,160.0,55.91859399996558,-4.3401659608951215,141,2.882,316
55.909022660248546,-4.308472980602831,160.0,55.90671476836246,-4.3642865107142725,142,4.103,436
55.909022660248546,-4.308472980602831,160.0,55.81273399651921,-4.167613047894911,143,17.434,1279
55.909022660248546,-4.308472980602831,160.0,55.80939871413575,-4.276056954355674,144,14.775,1245
55.909022660248546,-4.308472980602831,160.0,55.88312869327199,-4.214542892826467,145,8.749,896
55.909022660248546,-4.308472980602831,160.0,55.815340374954424,-4.283514492524949,146,13.769,1130
55.909022660248546,-4.308472980602831,160.0,55.87864379034378,-4.080636908866371,147,27.135,1357
55.909022660248546,-4.308472980602831,160.0,55.89423440492952,-4.2418874418647645,148,9.388,699
55.909022660248546,-4.308472980602831,160.0,55.92796852989922,-4.305970400193036,149,2.683,309
55.909022660248546,-4.308472980602831,160.0,55.92895153496988,-4.082888064137351,150,18.604,1192
55.909022660248546,-4.308472980602831,160.0,55.790766759429424,-4.135285962371055,151,22.765,1493
55.909022660248546,-4.308472980602831,160.0,55.80808041573422,-4.184105792933229,152,18.395,1291
55.909022660248546,-4.308472980602831,160.0,55.7982747224006,-4.3931924101572655,153,19.566,1364
55.909022660248546,-4.308472980602831,160.0,55.81178474630603,-4.337962602706185,154,16.164,1125
55.909022660248546,-4.308472980602831,160.0,55.852972007756,-4.353957895039277,155,9.351,919
55.909022660248546,-4.308472980602831,160.0,55.797152036890715,-4.311451416173846,156,18.136,1199
55.909022660248546,-4.308472980602831,160.0,55.84839482833289,-4.1889265673730645,157,12.908,1094
55.909022660248546,-4.308472980602831,160.0,55.86383954752864,-4.387927326091926,158,15.338,991
55.909022660248546,-4.308472980602831,160.0,55.807182357875575,-4.140487806234959,159,19.062,1444
55.909022660248546,-4.308472980602831,160.0,55.8296607577131,-4.218765551358871,160,13.847,1157
55.909022660248546,-4.308472980602831,160.0,55.82699494590622,-4.295404959002084,161,13.6,1003
55.909022660248546,-4.308472980602831,160.0,55.861248665443505,-4.307186036515638,162,8.171,792
55.909022660248546,-4.308472980602831,160.0,55.897857165570365,-4.156645648865112,163,14.906,924
55.909022660248546,-4.308472980602831,160.0,55.877747555317356,-4.342792329217214,164,6.335,716
55.909022660248546,-4.308472980602831,160.0,55.92259641850896,-4.389236283866068,165,6.881,520
55.909022660248546,-4.308472980602831,160.0,55.92621339590465,-4.2820478996479165,166,3.914,310
55.909022660248546,-4.308472980602831,160.0,55.80660612206145,-4.094012410496262,167,27.146,1620
55.909022660248546,-4.308472980602831,160.0,55.84605439624201,-4.09192094471571,168,19.243,1039
55.909022660248546,-4.308472980602831,160.0,55.83961965364386,-4.1201104741133365,169,22.45,1230
55.909022660248546,-4.308472980602831,160.0,55.85030951683019,-4.217608837338132,170,11.658,1011
55.909022660248546,-4.308472980602831,160.0,55.85971342373431,-4.246748195156407,171,9.595,825
55.909022660248546,-4.308472980602831,160.0,55.815747728441636,-4.150792968910081,172,17.932,1341
55.909022660248546,-4.308472980602831,160.0,55.80041195127493,-4.3806303679601495,173,18.982,1317
55.909022660248546,-4.308472980602831,160.0,55.85487415463933,-4.092829020720908,174,19.053,1040
55.909022660248546,-4.308472980602831,160.0,55.80456076444065,-4.203157873727267,175,18.62,1362
55.909022660248546,-4.308472980602831,160.0,55.84723005082115,-4.330151260440624,176,10.007,872
55.909022660248546,-4.308472980602831,160.0,55.88775631668876,-4.123428423568879,177,18.028,1100
55.909022660248546,-4.308472980602831,160.0,55.82857385936083,-4.129579652409029,178,20.454,1528
55.909022660248546,-4.308472980602831,160.0,55.879865395443076,-4.36272007519476,179,6.882,754
55.909022660248546,-4.308472980602831,160.0,55.87973669437185,-4.215636550296907,180,9.664,920
55.909022660248546,-4.308472980602831,160.0,55.8162521393249,-4.1868605517933455,181,16.814,1251
55.909022660248546,-4.308472980602831,160.0,55.80755514535402,-4.201625161718038,182,18.373,1328
55.909022660248546,-4.308472980602831,160.0,55.85565398843102,-4.250533808562208,183,9.073,902
55.909022660248546,-4.308472980602831,160.0,55.929636326069506,-4.381100658166308,184,5.943,480
55.909022660248546,-4.308472980602831,160.0,55.879581066995904,-4.21986165885879,185,8.687,860
55.909022660248546,-4.308472980602831,160.0,55.92647877645629,-4.127886630011083,186,16.884,1141
55.909022660248546,-4.308472980602831,160.0,55.82282427264178,-4.371094162561755,187,13.531,1222
55.909022660248546,-4.308472980602831,160.0,55.90291353127043,-4.3414180899754955,188,5.231,533
55.909022660248546,-4.308472980602831,160.0,55.78437024600116,-4.156926419796477,189,22.109,1508
55.909022660248546,-4.308472980602831,160.0,55.8321542449311,-4.1561720476648265,190,17.718,1244
55.909022660248546,-4.308472980602831,160.0,55.88310705812362,-4.084862107847263,191,23.307,1202
55.909022660248546,-4.308472980602831,160.0,55.85616333886266,-4.110333739241922,192,17.854,1084
55.909022660248546,-4.308472980602831,160.0,55.90185178498145,-4.152652007721208,193,16.698,1376
55.909022660248546,-4.308472980602831,160.0,55.8837118458465,-4.182392741162416,194,15.094,1897
55.909022660248546,-4.308472980602831,160.0,55.83086049774818,-4.312434105301623,195,14.534,1108
55.909022660248546,-4.308472980602831,160.0,55.821849459706755,-4.176208567338996,196,16.562,1215
55.909022660248546,-4.308472980602831,160.0,55.88009750494633,-4.255964552703097,197,6.54,579
55.909022660248546,-4.308472980602831,160.0,55.87413911675089,-4.369807111055967,198,11.34,882
55.909022660248546,-4.308472980602831,160.0,55.86354071984154,-4.093406384811447,199,18.47,1138
55.87180576957573,-4.229541878787759,161.0,55.8391698042901,-4.214478482526657,0,5.741,719
55.87180576957573,-4.229541878787759,161.0,55.86553667472969,-4.350500876963486,1,13.71,816
55.87180576957573,-4.229541878787759,161.0,55.912892829643965,-4.286410947894997,2,9.577,1672
55.87180576957573,-4.229541878787759,161.0,55.84854019346565,-4.391697428307927,3,13.141,1037
55.87180576957573,-4.229541878787759,161.0,55.79232875093524,-4.310455024670266,4,15.632,1016
55.87180576957573,-4.229541878787759,161.0,55.837143362020576,-4.120043492886959,5,16.217,897
55.87180576957573,-4.229541878787759,161.0,55.84185129809378,-4.283879851305767,6,10.312,766
55.87180576957573,-4.229541878787759,161.0,55.90609664927746,-4.311383718964596,7,8.084,869
55.87180576957573,-4.229541878787759,161.0,55.7832172019226,-4.31249791159531,8,17.22,1074
55.87180576957573,-4.229541878787759,161.0,55.8177258987159,-4.260489243356555,9,7.567,902
55.87180576957573,-4.229541878787759,161.0,55.903262790870684,-4.212111703691823,10,6.05,681
55.87180576957573,-4.229541878787759,161.0,55.893978813107424,-4.1413270988368325,11,7.722,692
55.87180576957573,-4.229541878787759,161.0,55.894884622950286,-4.154349650804189,12,10.107,588
55.87180576957573,-4.229541878787759,161.0,55.80680963785043,-4.263605759417426,13,9.408,1162
55.87180576957573,-4.229541878787759,161.0,55.81824312166051,-4.346878846315483,14,12.795,930
55.87180576957573,-4.229541878787759,161.0,55.84742656229786,-4.269221405976544,15,6.788,653
55.87180576957573,-4.229541878787759,161.0,55.80730424868546,-4.315177272898423,16,12.501,915
55.87180576957573,-4.229541878787759,161.0,55.83798278877758,-4.260604018644594,17,4.937,677
55.87180576957573,-4.229541878787759,161.0,55.89424631095569,-4.343398240721316,18,8.641,894
55.87180576957573,-4.229541878787759,161.0,55.83908093533876,-4.223069302141199,19,5.188,745
55.87180576957573,-4.229541878787759,161.0,55.8357731433788,-4.270556349194068,20,7.592,665
55.87180576957573,-4.229541878787759,161.0,55.90309627527835,-4.360750370095284,21,10.674,1099
55.87180576957573,-4.229541878787759,161.0,55.85652103589449,-4.101365743428073,22,10.27,633
55.87180576957573,-4.229541878787759,161.0,55.783736419963375,-4.235306054793451,23,11.627,1193
55.87180576957573,-4.229541878787759,161.0,55.92064824587275,-4.2358362157531895,24,7.175,662
55.87180576957573,-4.229541878787759,161.0,55.907674892744176,-4.2497703459088045,25,5.927,1707
55.87180576957573,-4.229541878787759,161.0,55.919604340921964,-4.226208116301384,26,7.099,673
55.87180576957573,-4.229541878787759,161.0,55.83219148710444,-4.304581930326681,27,11.673,956
55.87180576957573,-4.229541878787759,161.0,55.79569701419853,-4.1769099124482585,28,11.832,1138
55.87180576957573,-4.229541878787759,161.0,55.81260197667657,-4.197841211154324,29,9.243,1005
55.87180576957573,-4.229541878787759,161.0,55.826092940761974,-4.176919409292903,30,12.874,969
55.87180576957573,-4.229541878787759,161.0,55.828413149208096,-4.109650878166438,31,17.216,978
55.87180576957573,-4.229541878787759,161.0,55.8999241737755,-4.257993823533507,32,6.026,651
55.87180576957573,-4.229541878787759,161.0,55.892514250678616,-4.340118142906542,33,8.67,906
55.87180576957573,-4.229541878787759,161.0,55.855241629670886,-4.269936069312288,34,4.632,394
55.87180576957573,-4.229541878787759,161.0,55.877364911629314,-4.109701193625618,35,10.671,733
55.87180576957573,-4.229541878787759,161.0,55.887053111734645,-4.1280531391159245,36,10.973,700
55.87180576957573,-4.229541878787759,161.0,55.89108676863447,-4.105446803942431,37,12.706,1006
55.87180576957573,-4.229541878787759,161.0,55.842635153466425,-4.334387903339716,38,9.578,744
55.87180576957573,-4.229541878787759,161.0,55.89197542936556,-4.19614108945253,39,6.98,533
55.87180576957573,-4.229541878787759,161.0,55.825849135803445,-4.321179033230789,40,9.851,856
55.87180576957573,-4.229541878787759,161.0,55.81864602215581,-4.375055705699034,41,13.824,938
55.87180576957573,-4.229541878787759,161.0,55.92613065482397,-4.212698358862173,42,7.561,726
55.87180576957573,-4.229541878787759,161.0,55.874439929608144,-4.279689658904073,43,4.473,516
55.87180576957573,-4.229541878787759,161.0,55.81998166828728,-4.245455535821837,44,7.047,808
55.87180576957573,-4.229541878787759,161.0,55.91066980601156,-4.213502644426629,45,6.513,677
55.87180576957573,-4.229541878787759,161.0,55.8404807486866,-4.356656090229781,46,13.23,1011
55.87180576957573,-4.229541878787759,161.0,55.88708229912325,-4.079055837843032,47,13.515,866
55.87180576957573,-4.229541878787759,161.0,55.84510555179576,-4.178720975321847,48,6.649,788
55.87180576957573,-4.229541878787759,161.0,55.84413340760586,-4.085244529493477,49,14.769,1166
55.87180576957573,-4.229541878787759,161.0,55.83324217210475,-4.157183908594519,50,17.761,930
55.87180576957573,-4.229541878787759,161.0,55.895753278756494,-4.323131413571223,51,8.412,938
55.87180576957573,-4.229541878787759,161.0,55.88609925330935,-4.38354364327563,52,14.743,884
55.87180576957573,-4.229541878787759,161.0,55.86596770908397,-4.338853955125049,53,11.526,765
55.87180576957573,-4.229541878787759,161.0,55.819381988004544,-4.256567679373081,54,7.297,923
55.87180576957573,-4.229541878787759,161.0,55.919398785577634,-4.298102785445152,55,9.853,1352
55.87180576957573,-4.229541878787759,161.0,55.81052481551728,-4.0780884232687225,56,20.015,2125
55.87180576957573,-4.229541878787759,161.0,55.8411814367945,-4.125490362928665,57,15.297,873
55.87180576957573,-4.229541878787759,161.0,55.844855881791794,-4.151320272286683,58,10.399,891
55.87180576957573,-4.229541878787759,161.0,55.79334532620707,-4.3052187624925375,59,15.963,1022
55.87180576957573,-4.229541878787759,161.0,55.78499644933002,-4.082518262203789,60,21.905,1052
55.87180576957573,-4.229541878787759,161.0,55.86482365717543,-4.074666870071637,61,12.536,850
55.87180576957573,-4.229541878787759,161.0,55.910543969585106,-4.384534109666136,62,12.501,1164
55.87180576957573,-4.229541878787759,161.0,55.799715679086134,-4.188568421733812,63,11.814,1296
55.87180576957573,-4.229541878787759,161.0,55.90005630083831,-4.294022887833187,64,7.156,822
55.87180576957573,-4.229541878787759,161.0,55.82573931186619,-4.210157383495828,65,7.3,820
55.87180576957573,-4.229541878787759,161.0,55.88010014610652,-4.288014027401103,66,5.877,791
55.87180576957573,-4.229541878787759,161.0,55.8836463272421,-4.377148406451105,67,14.513,962
55.87180576957573,-4.229541878787759,161.0,55.80511293548626,-4.195982430231648,68,10.223,1080
55.87180576957573,-4.229541878787759,161.0,55.9265186267864,-4.256321117900257,69,9.391,766
55.87180576957573,-4.229541878787759,161.0,55.90353118048908,-4.119171950823842,70,11.869,942
55.87180576957573,-4.229541878787759,161.0,55.81502357146685,-4.260984914919316,71,7.924,937
55.87180576957573,-4.229541878787759,161.0,55.894355058439295,-4.293143876300353,72,6.446,770
55.87180576957573,-4.229541878787759,161.0,55.80246488546192,-4.242274834364847,73,9.188,1033
55.87180576957573,-4.229541878787759,161.0,55.887581813102464,-4.2985753032369685,74,6.058,766
55.87180576957573,-4.229541878787759,161.0,55.928290955083554,-4.295962301582311,75,10.275,766
55.87180576957573,-4.229541878787759,161.0,55.81096058143004,-4.368797105646974,76,15.481,1020
55.87180576957573,-4.229541878787759,161.0,55.84818750128869,-4.3631808239548375,77,14.216,863
55.87180576957573,-4.229541878787759,161.0,55.81610352786554,-4.330910795148831,78,11.82,770
55.87180576957573,-4.229541878787759,161.0,55.807034270653475,-4.136077366584948,79,21.785,1218
55.87180576957573,-4.229541878787759,161.0,55.86778114631985,-4.233612892312959,80,0.966,243
55.87180576957573,-4.229541878787759,161.0,55.79578956690847,-4.368290459919509,81,20.565,2215
55.87180576957573,-4.229541878787759,161.0,55.897877306124535,-4.077031107370425,82,14.497,1472
55.87180576957573,-4.229541878787759,161.0,55.80721289582252,-4.242612882195534,83,8.411,985
55.87180576957573,-4.229541878787759,161.0,55.92209393969709,-4.157940141970138,84,11.64,739
55.87180576957573,-4.229541878787759,161.0,55.79188265083702,-4.28147512844989,85,16.825,1077
55.87180576957573,-4.229541878787759,161.0,55.88043814367632,-4.104360473798184,86,10.483,693
55.87180576957573,-4.229541878787759,161.0,55.90345994988174,-4.293652184560058,87,9.05,808
55.87180576957573,-4.229541878787759,161.0,55.91230525016259,-4.108196424937476,88,13.137,887
55.87180576957573,-4.229541878787759,161.0,55.90569137930351,-4.3852429216612405,89,12.536,1187
55.87180576957573,-4.229541878787759,161.0,55.824402119970216,-4.298242138123909,90,10.287,778
55.87180576957573,-4.229541878787759,161.0,55.887104625653905,-4.201059285828647,91,3.771,575
55.87180576957573,-4.229541878787759,161.0,55.92006797200308,-4.195257422106852,92,8.407,704
55.87180576957573,-4.229541878787759,161.0,55.7944551107823,-4.1683749063061635,93,11.962,1572
55.87180576957573,-4.229541878787759,161.0,55.88003873447475,-4.304350182381346,94,6.087,689
55.87180576957573,-4.229541878787759,161.0,55.88308048053683,-4.2942103285768285,95,5.687,663
55.87180576957573,-4.229541878787759,161.0,55.80779271908626,-4.3234306371549245,96,13.091,902
55.87180576957573,-4.229541878787759,161.0,55.90123467399992,-4.380968632189907,97,15.689,1363
55.87180576957573,-4.229541878787759,161.0,55.88049231589054,-4.293733205570284,98,5.589,654
55.87180576957573,-4.229541878787759,161.0,55.84697147961761,-4.334108806216461,99,9.692,777
55.87180576957573,-4.229541878787759,161.0,55.83067141211495,-4.195633651932574,100,11.684,848
55.87180576957573,-4.229541878787759,161.0,55.89350845984679,-4.099445363541155,101,12.521,838
55.87180576957573,-4.229541878787759,161.0,55.92592408664018,-4.179171340754611,102,12.981,823
55.87180576957573,-4.229541878787759,161.0,55.84941827409408,-4.169566750359822,103,6.435,773
55.87180576957573,-4.229541878787759,161.0,55.92413375575165,-4.226670311636797,104,8.776,1468
55.87180576957573,-4.229541878787759,161.0,55.88995713457192,-4.285031242761631,105,5.386,672
55.87180576957573,-4.229541878787759,161.0,55.90528066541109,-4.131569818675147,106,9.319,587
55.87180576957573,-4.229541878787759,161.0,55.87850608392288,-4.103517886631066,107,10.814,726
55.87180576957573,-4.229541878787759,161.0,55.80799405798939,-4.284953473560454,108,11.59,1032
55.87180576957573,-4.229541878787759,161.0,55.906815669822045,-4.385279074380807,109,11.847,1102
55.87180576957573,-4.229541878787759,161.0,55.916237634416454,-4.222407816066865,110,7.014,661
55.87180576957573,-4.229541878787759,161.0,55.915798955837815,-4.088621086891774,111,16.221,918
55.87180576957573,-4.229541878787759,161.0,55.827538479175395,-4.350653065976025,112,12.164,861
55.87180576957573,-4.229541878787759,161.0,55.799515288981674,-4.0866627646338864,113,22.275,1165
55.87180576957573,-4.229541878787759,161.0,55.831024245961984,-4.244756518165482,114,5.648,716
55.87180576957573,-4.229541878787759,161.0,55.86754360554833,-4.2143078261423845,115,1.876,397
55.87180576957573,-4.229541878787759,161.0,55.8574985965699,-4.1521224561179935,116,8.18,677
55.87180576957573,-4.229541878787759,161.0,55.88095643501817,-4.32811659177277,117,9.306,746
55.87180576957573,-4.229541878787759,161.0,55.85240433608213,-4.177570445500026,118,5.72,645
55.87180576957573,-4.229541878787759,161.0,55.91169549549074,-4.359708873069638,119,11.542,1171
55.87180576957573,-4.229541878787759,161.0,55.92640787519779,-4.300990956079843,120,10.723,815
55.87180576957573,-4.229541878787759,161.0,55.84019197366069,-4.205566157974415,121,6.227,817
55.87180576957573,-4.229541878787759,161.0,55.866619942939494,-4.268153778778456,122,3.55,497
55.87180576957573,-4.229541878787759,161.0,55.81327411986783,-4.2587495402872255,123,7.903,946
55.87180576957573,-4.229541878787759,161.0,55.86022660117776,-4.154711133590585,124,7.397,604
55.87180576957573,-4.229541878787759,161.0,55.831522729053496,-4.370420634377527,125,14.218,1031
55.87180576957573,-4.229541878787759,161.0,55.84074346341779,-4.172411658039648,126,7.719,835
55.87180576957573,-4.229541878787759,161.0,55.8801412435821,-4.258666277618953,127,3.691,495
55.87180576957573,-4.229541878787759,161.0,55.8434159429892,-4.1056733307349536,128,15.553,902
55.87180576957573,-4.229541878787759,161.0,55.83522057783537,-4.25736952395694,129,4.911,679
55.87180576957573,-4.229541878787759,161.0,55.86467774065618,-4.2250953414252415,130,1.467,251
55.87180576957573,-4.229541878787759,161.0,55.8953662249987,-4.231143624453162,131,4.201,479
55.87180576957573,-4.229541878787759,161.0,55.81920459649808,-4.236238450921302,132,7.631,858
55.87180576957573,-4.229541878787759,161.0,55.900795402502105,-4.206009410292495,133,6.368,668
55.87180576957573,-4.229541878787759,161.0,55.86078490474355,-4.339631469507248,134,12.061,860
55.87180576957573,-4.229541878787759,161.0,55.924999437053955,-4.191173279124663,135,8.658,713
55.87180576957573,-4.229541878787759,161.0,55.81549096669224,-4.126910343137958,136,20.615,1190
55.87180576957573,-4.229541878787759,161.0,55.90135585493081,-4.207622057499793,137,6.367,645
55.87180576957573,-4.229541878787759,161.0,55.845816555475636,-4.129576488296543,138,11.37,845
55.87180576957573,-4.229541878787759,161.0,55.80470047644827,-4.291960781118721,139,11.617,1010
55.87180576957573,-4.229541878787759,161.0,55.89185394491289,-4.179857587296262,140,5.884,458
55.87180576957573,-4.229541878787759,161.0,55.91859399996558,-4.3401659608951215,141,13.484,1026
55.87180576957573,-4.229541878787759,161.0,55.90671476836246,-4.3642865107142725,142,11.629,1143
55.87180576957573,-4.229541878787759,161.0,55.81273399651921,-4.167613047894911,143,14.157,1031
55.87180576957573,-4.229541878787759,161.0,55.80939871413575,-4.276056954355674,144,11.498,996
55.87180576957573,-4.229541878787759,161.0,55.88312869327199,-4.214542892826467,145,3.517,518
55.87180576957573,-4.229541878787759,161.0,55.815340374954424,-4.283514492524949,146,10.492,881
55.87180576957573,-4.229541878787759,161.0,55.87864379034378,-4.080636908866371,147,14.495,900
55.87180576957573,-4.229541878787759,161.0,55.89423440492952,-4.2418874418647645,148,4.764,557
55.87180576957573,-4.229541878787759,161.0,55.92796852989922,-4.305970400193036,149,10.851,838
55.87180576957573,-4.229541878787759,161.0,55.92895153496988,-4.082888064137351,150,16.591,867
55.87180576957573,-4.229541878787759,161.0,55.790766759429424,-4.135285962371055,151,14.387,1213
55.87180576957573,-4.229541878787759,161.0,55.80808041573422,-4.184105792933229,152,10.017,1011
55.87180576957573,-4.229541878787759,161.0,55.7982747224006,-4.3931924101572655,153,16.289,1115
55.87180576957573,-4.229541878787759,161.0,55.81178474630603,-4.337962602706185,154,12.887,876
55.87180576957573,-4.229541878787759,161.0,55.852972007756,-4.353957895039277,155,11.26,863
55.87180576957573,-4.229541878787759,161.0,55.797152036890715,-4.311451416173846,156,14.859,950
55.87180576957573,-4.229541878787759,161.0,55.84839482833289,-4.1889265673730645,157,5.464,662
55.87180576957573,-4.229541878787759,161.0,55.86383954752864,-4.387927326091926,158,16.852,890
55.87180576957573,-4.229541878787759,161.0,55.807182357875575,-4.140487806234959,159,21.462,1193
55.87180576957573,-4.229541878787759,161.0,55.8296607577131,-4.218765551358871,160,6.63,853
55.87180576957573,-4.229541878787759,161.0,55.82699494590622,-4.295404959002084,161,10.323,754
55.87180576957573,-4.229541878787759,161.0,55.861248665443505,-4.307186036515638,162,9.963,789
55.87180576957573,-4.229541878787759,161.0,55.897857165570365,-4.156645648865112,163,7.36,494
55.87180576957573,-4.229541878787759,161.0,55.877747555317356,-4.342792329217214,164,9.904,852
55.87180576957573,-4.229541878787759,161.0,55.92259641850896,-4.389236283866068,165,17.483,1230
55.87180576957573,-4.229541878787759,161.0,55.92621339590465,-4.2820478996479165,166,9.175,715
55.87180576957573,-4.229541878787759,161.0,55.80660612206145,-4.094012410496262,167,19.6,1190
55.87180576957573,-4.229541878787759,161.0,55.84605439624201,-4.09192094471571,168,11.697,609
55.87180576957573,-4.229541878787759,161.0,55.83961965364386,-4.1201104741133365,169,14.904,800
55.87180576957573,-4.229541878787759,161.0,55.85030951683019,-4.217608837338132,170,4.214,579
55.87180576957573,-4.229541878787759,161.0,55.85971342373431,-4.246748195156407,171,2.151,393
55.87180576957573,-4.229541878787759,161.0,55.815747728441636,-4.150792968910081,172,20.332,1090
55.87180576957573,-4.229541878787759,161.0,55.80041195127493,-4.3806303679601495,173,15.705,1068
55.87180576957573,-4.229541878787759,161.0,55.85487415463933,-4.092829020720908,174,11.507,611
55.87180576957573,-4.229541878787759,161.0,55.80456076444065,-4.203157873727267,175,10.242,1081
55.87180576957573,-4.229541878787759,161.0,55.84723005082115,-4.330151260440624,176,9.213,720
55.87180576957573,-4.229541878787759,161.0,55.88775631668876,-4.123428423568879,177,11.108,706
55.87180576957573,-4.229541878787759,161.0,55.82857385936083,-4.129579652409029,178,20.222,1168
55.87180576957573,-4.229541878787759,161.0,55.879865395443076,-4.36272007519476,179,10.812,877
55.87180576957573,-4.229541878787759,161.0,55.87973669437185,-4.215636550296907,180,2.659,477
55.87180576957573,-4.229541878787759,161.0,55.8162521393249,-4.1868605517933455,181,9.384,993
55.87180576957573,-4.229541878787759,161.0,55.80755514535402,-4.201625161718038,182,9.995,1048
55.87180576957573,-4.229541878787759,161.0,55.85565398843102,-4.250533808562208,183,2.965,548
55.87180576957573,-4.229541878787759,161.0,55.929636326069506,-4.381100658166308,184,16.545,1189
55.87180576957573,-4.229541878787759,161.0,55.879581066995904,-4.21986165885879,185,2.7,492
55.87180576957573,-4.229541878787759,161.0,55.92647877645629,-4.127886630011083,186,12.722,825
55.87180576957573,-4.229541878787759,161.0,55.82282427264178,-4.371094162561755,187,13.354,954
55.87180576957573,-4.229541878787759,161.0,55.90291353127043,-4.3414180899754955,188,9.472,1033
55.87180576957573,-4.229541878787759,161.0,55.78437024600116,-4.156926419796477,189,13.731,1228
55.87180576957573,-4.229541878787759,161.0,55.8321542449311,-4.1561720476648265,190,17.801,944
55.87180576957573,-4.229541878787759,161.0,55.88310705812362,-4.084862107847263,191,15.761,773
55.87180576957573,-4.229541878787759,161.0,55.85616333886266,-4.110333739241922,192,10.308,654
55.87180576957573,-4.229541878787759,161.0,55.90185178498145,-4.152652007721208,193,11.269,1119
55.87180576957573,-4.229541878787759,161.0,55.8837118458465,-4.182392741162416,194,7.548,1467
55.87180576957573,-4.229541878787759,161.0,55.83086049774818,-4.312434105301623,195,11.257,859
55.87180576957573,-4.229541878787759,161.0,55.821849459706755,-4.176208567338996,196,13.285,966
55.87180576957573,-4.229541878787759,161.0,55.88009750494633,-4.255964552703097,197,3.377,474
55.87180576957573,-4.229541878787759,161.0,55.87413911675089,-4.369807111055967,198,12.854,781
55.87180576957573,-4.229541878787759,161.0,55.86354071984154,-4.093406384811447,199,10.924,708
55.81068978884828,-4.1454049181364185,162.0,55.8391698042901,-4.214478482526657,0,5.826,542
55.81068978884828,-4.1454049181364185,162.0,55.86553667472969,-4.350500876963486,1,18.18,1011
55.81068978884828,-4.1454049181364185,162.0,55.912892829643965,-4.286410947894997,2,20.092,2396
55.81068978884828,-4.1454049181364185,162.0,55.84854019346565,-4.391697428307927,3,17.611,1232
55.81068978884828,-4.1454049181364185,162.0,55.79232875093524,-4.310455024670266,4,13.51,1103
55.81068978884828,-4.1454049181364185,162.0,55.837143362020576,-4.120043492886959,5,6.122,354
55.81068978884828,-4.1454049181364185,162.0,55.84185129809378,-4.283879851305767,6,10.05,884
55.81068978884828,-4.1454049181364185,162.0,55.90609664927746,-4.311383718964596,7,22.325,1500
55.81068978884828,-4.1454049181364185,162.0,55.7832172019226,-4.31249791159531,8,13.84,1080
55.81068978884828,-4.1454049181364185,162.0,55.8177258987159,-4.260489243356555,9,10.0,797
55.81068978884828,-4.1454049181364185,162.0,55.903262790870684,-4.212111703691823,10,22.063,1319
55.81068978884828,-4.1454049181364185,162.0,55.893978813107424,-4.1413270988368325,11,19.564,1113
55.81068978884828,-4.1454049181364185,162.0,55.894884622950286,-4.154349650804189,12,24.429,1014
55.81068978884828,-4.1454049181364185,162.0,55.80680963785043,-4.263605759417426,13,12.438,1064
55.81068978884828,-4.1454049181364185,162.0,55.81824312166051,-4.346878846315483,14,17.239,1123
55.81068978884828,-4.1454049181364185,162.0,55.84742656229786,-4.269221405976544,15,10.415,903
55.81068978884828,-4.1454049181364185,162.0,55.80730424868546,-4.315177272898423,16,16.945,1108
55.81068978884828,-4.1454049181364185,162.0,55.83798278877758,-4.260604018644594,17,8.521,698
55.81068978884828,-4.1454049181364185,162.0,55.89424631095569,-4.343398240721316,18,19.996,1260
55.81068978884828,-4.1454049181364185,162.0,55.83908093533876,-4.223069302141199,19,6.856,672
55.81068978884828,-4.1454049181364185,162.0,55.8357731433788,-4.270556349194068,20,9.205,749
55.81068978884828,-4.1454049181364185,162.0,55.90309627527835,-4.360750370095284,21,22.029,1495
55.81068978884828,-4.1454049181364185,162.0,55.85652103589449,-4.101365743428073,22,11.055,678
55.81068978884828,-4.1454049181364185,162.0,55.783736419963375,-4.235306054793451,23,7.889,605
55.81068978884828,-4.1454049181364185,162.0,55.92064824587275,-4.2358362157531895,24,17.69,1386
55.81068978884828,-4.1454049181364185,162.0,55.907674892744176,-4.2497703459088045,25,16.442,2431
55.81068978884828,-4.1454049181364185,162.0,55.919604340921964,-4.226208116301384,26,31.221,1424
55.81068978884828,-4.1454049181364185,162.0,55.83219148710444,-4.304581930326681,27,16.117,1150
55.81068978884828,-4.1454049181364185,162.0,55.79569701419853,-4.1769099124482585,28,4.064,361
55.81068978884828,-4.1454049181364185,162.0,55.81260197667657,-4.197841211154324,29,5.112,488
55.81068978884828,-4.1454049181364185,162.0,55.826092940761974,-4.176919409292903,30,4.295,464
55.81068978884828,-4.1454049181364185,162.0,55.828413149208096,-4.109650878166438,31,5.644,494
55.81068978884828,-4.1454049181364185,162.0,55.8999241737755,-4.257993823533507,32,16.541,1376
55.81068978884828,-4.1454049181364185,162.0,55.892514250678616,-4.340118142906542,33,20.025,1272
55.81068978884828,-4.1454049181364185,162.0,55.855241629670886,-4.269936069312288,34,23.362,1048
55.81068978884828,-4.1454049181364185,162.0,55.877364911629314,-4.109701193625618,35,17.296,889
55.81068978884828,-4.1454049181364185,162.0,55.887053111734645,-4.1280531391159245,36,22.943,1094
55.81068978884828,-4.1454049181364185,162.0,55.89108676863447,-4.105446803942431,37,17.284,1105
55.81068978884828,-4.1454049181364185,162.0,55.842635153466425,-4.334387903339716,38,14.048,938
55.81068978884828,-4.1454049181364185,162.0,55.89197542936556,-4.19614108945253,39,19.847,1043
55.81068978884828,-4.1454049181364185,162.0,55.825849135803445,-4.321179033230789,40,14.295,1050
55.81068978884828,-4.1454049181364185,162.0,55.81864602215581,-4.375055705699034,41,18.268,1132
55.81068978884828,-4.1454049181364185,162.0,55.92613065482397,-4.212698358862173,42,30.595,1420
55.81068978884828,-4.1454049181364185,162.0,55.874439929608144,-4.279689658904073,43,23.203,1170
55.81068978884828,-4.1454049181364185,162.0,55.81998166828728,-4.245455535821837,44,9.48,702
55.81068978884828,-4.1454049181364185,162.0,55.91066980601156,-4.213502644426629,45,31.577,1474
55.81068978884828,-4.1454049181364185,162.0,55.8404807486866,-4.356656090229781,46,17.7,1206
55.81068978884828,-4.1454049181364185,162.0,55.88708229912325,-4.079055837843032,47,14.914,698
55.81068978884828,-4.1454049181364185,162.0,55.84510555179576,-4.178720975321847,48,5.456,470
55.81068978884828,-4.1454049181364185,162.0,55.84413340760586,-4.085244529493477,49,11.611,1072
55.81068978884828,-4.1454049181364185,162.0,55.83324217210475,-4.157183908594519,50,3.568,282
55.81068978884828,-4.1454049181364185,162.0,55.895753278756494,-4.323131413571223,51,19.782,1371
55.81068978884828,-4.1454049181364185,162.0,55.88609925330935,-4.38354364327563,52,19.213,1079
55.81068978884828,-4.1454049181364185,162.0,55.86596770908397,-4.338853955125049,53,15.996,959
55.81068978884828,-4.1454049181364185,162.0,55.819381988004544,-4.256567679373081,54,10.909,852
55.81068978884828,-4.1454049181364185,162.0,55.919398785577634,-4.298102785445152,55,20.368,2076
55.81068978884828,-4.1454049181364185,162.0,55.81052481551728,-4.0780884232687225,56,12.382,1764
55.81068978884828,-4.1454049181364185,162.0,55.8411814367945,-4.125490362928665,57,5.992,485
55.81068978884828,-4.1454049181364185,162.0,55.844855881791794,-4.151320272286683,58,5.288,443
55.81068978884828,-4.1454049181364185,162.0,55.79334532620707,-4.3052187624925375,59,13.105,1063
55.81068978884828,-4.1454049181364185,162.0,55.78499644933002,-4.082518262203789,60,6.678,506
55.81068978884828,-4.1454049181364185,162.0,55.86482365717543,-4.074666870071637,61,12.607,871
55.81068978884828,-4.1454049181364185,162.0,55.910543969585106,-4.384534109666136,62,23.856,1560
55.81068978884828,-4.1454049181364185,162.0,55.799715679086134,-4.188568421733812,63,4.392,552
55.81068978884828,-4.1454049181364185,162.0,55.90005630083831,-4.294022887833187,64,26.582,1492
55.81068978884828,-4.1454049181364185,162.0,55.82573931186619,-4.210157383495828,65,5.036,438
55.81068978884828,-4.1454049181364185,162.0,55.88010014610652,-4.288014027401103,66,25.303,1460
55.81068978884828,-4.1454049181364185,162.0,55.8836463272421,-4.377148406451105,67,18.983,1156
55.81068978884828,-4.1454049181364185,162.0,55.80511293548626,-4.195982430231648,68,4.549,440
55.81068978884828,-4.1454049181364185,162.0,55.9265186267864,-4.256321117900257,69,19.906,1490
55.81068978884828,-4.1454049181364185,162.0,55.90353118048908,-4.119171950823842,70,17.886,1165
55.81068978884828,-4.1454049181364185,162.0,55.81502357146685,-4.260984914919316,71,10.357,831
55.81068978884828,-4.1454049181364185,162.0,55.894355058439295,-4.293143876300353,72,25.872,1439
55.81068978884828,-4.1454049181364185,162.0,55.80246488546192,-4.242274834364847,73,9.296,747
55.81068978884828,-4.1454049181364185,162.0,55.887581813102464,-4.2985753032369685,74,25.484,1436
55.81068978884828,-4.1454049181364185,162.0,55.928290955083554,-4.295962301582311,75,20.79,1491
55.81068978884828,-4.1454049181364185,162.0,55.81096058143004,-4.368797105646974,76,19.925,1214
55.81068978884828,-4.1454049181364185,162.0,55.84818750128869,-4.3631808239548375,77,18.686,1058
55.81068978884828,-4.1454049181364185,162.0,55.81610352786554,-4.330910795148831,78,16.264,963
55.81068978884828,-4.1454049181364185,162.0,55.807034270653475,-4.136077366584948,79,0.96,106
55.81068978884828,-4.1454049181364185,162.0,55.86778114631985,-4.233612892312959,80,20.333,1034
55.81068978884828,-4.1454049181364185,162.0,55.79578956690847,-4.368290459919509,81,25.009,2409
55.81068978884828,-4.1454049181364185,162.0,55.897877306124535,-4.077031107370425,82,17.273,1443
55.81068978884828,-4.1454049181364185,162.0,55.80721289582252,-4.242612882195534,83,9.686,779
55.81068978884828,-4.1454049181364185,162.0,55.92209393969709,-4.157940141970138,84,26.53,1192
55.81068978884828,-4.1454049181364185,162.0,55.79188265083702,-4.28147512844989,85,11.252,901
55.81068978884828,-4.1454049181364185,162.0,55.88043814367632,-4.104360473798184,86,16.606,829
55.81068978884828,-4.1454049181364185,162.0,55.90345994988174,-4.293652184560058,87,19.565,1532
55.81068978884828,-4.1454049181364185,162.0,55.91230525016259,-4.108196424937476,88,20.566,1067
55.81068978884828,-4.1454049181364185,162.0,55.90569137930351,-4.3852429216612405,89,23.891,1583
55.81068978884828,-4.1454049181364185,162.0,55.824402119970216,-4.298242138123909,90,14.731,971
55.81068978884828,-4.1454049181364185,162.0,55.887104625653905,-4.201059285828647,91,19.621,1118
55.81068978884828,-4.1454049181364185,162.0,55.92006797200308,-4.195257422106852,92,28.6,1237
55.81068978884828,-4.1454049181364185,162.0,55.7944551107823,-4.1683749063061635,93,4.194,796
55.81068978884828,-4.1454049181364185,162.0,55.88003873447475,-4.304350182381346,94,24.817,1343
55.81068978884828,-4.1454049181364185,162.0,55.88308048053683,-4.2942103285768285,95,24.417,1318
55.81068978884828,-4.1454049181364185,162.0,55.80779271908626,-4.3234306371549245,96,17.535,1096
55.81068978884828,-4.1454049181364185,162.0,55.90123467399992,-4.380968632189907,97,24.197,1712
55.81068978884828,-4.1454049181364185,162.0,55.88049231589054,-4.293733205570284,98,24.319,1308
55.81068978884828,-4.1454049181364185,162.0,55.84697147961761,-4.334108806216461,99,14.162,972
55.81068978884828,-4.1454049181364185,162.0,55.83067141211495,-4.195633651932574,100,4.992,506
55.81068978884828,-4.1454049181364185,162.0,55.89350845984679,-4.099445363541155,101,16.351,875
55.81068978884828,-4.1454049181364185,162.0,55.92592408664018,-4.179171340754611,102,27.871,1275
55.81068978884828,-4.1454049181364185,162.0,55.84941827409408,-4.169566750359822,103,5.565,493
55.81068978884828,-4.1454049181364185,162.0,55.92413375575165,-4.226670311636797,104,31.81,2162
55.81068978884828,-4.1454049181364185,162.0,55.88995713457192,-4.285031242761631,105,24.812,1342
55.81068978884828,-4.1454049181364185,162.0,55.90528066541109,-4.131569818675147,106,24.209,1039
55.81068978884828,-4.1454049181364185,162.0,55.87850608392288,-4.103517886631066,107,16.937,862
55.81068978884828,-4.1454049181364185,162.0,55.80799405798939,-4.284953473560454,108,12.224,1068
55.81068978884828,-4.1454049181364185,162.0,55.906815669822045,-4.385279074380807,109,23.202,1498
55.81068978884828,-4.1454049181364185,162.0,55.916237634416454,-4.222407816066865,110,31.136,1413
55.81068978884828,-4.1454049181364185,162.0,55.915798955837815,-4.088621086891774,111,19.432,951
55.81068978884828,-4.1454049181364185,162.0,55.827538479175395,-4.350653065976025,112,16.608,1054
55.81068978884828,-4.1454049181364185,162.0,55.799515288981674,-4.0866627646338864,113,5.06,405
55.81068978884828,-4.1454049181364185,162.0,55.831024245961984,-4.244756518165482,114,7.961,603
55.81068978884828,-4.1454049181364185,162.0,55.86754360554833,-4.2143078261423845,115,19.006,1020
55.81068978884828,-4.1454049181364185,162.0,55.8574985965699,-4.1521224561179935,116,6.444,569
55.81068978884828,-4.1454049181364185,162.0,55.88095643501817,-4.32811659177277,117,17.838,1087
55.81068978884828,-4.1454049181364185,162.0,55.85240433608213,-4.177570445500026,118,6.497,550
55.81068978884828,-4.1454049181364185,162.0,55.91169549549074,-4.359708873069638,119,24.014,1686
55.81068978884828,-4.1454049181364185,162.0,55.92640787519779,-4.300990956079843,120,21.238,1540
55.81068978884828,-4.1454049181364185,162.0,55.84019197366069,-4.205566157974415,121,6.312,657
55.81068978884828,-4.1454049181364185,162.0,55.866619942939494,-4.268153778778456,122,22.28,1151
55.81068978884828,-4.1454049181364185,162.0,55.81327411986783,-4.2587495402872255,123,10.336,841
55.81068978884828,-4.1454049181364185,162.0,55.86022660117776,-4.154711133590585,124,6.797,600
55.81068978884828,-4.1454049181364185,162.0,55.831522729053496,-4.370420634377527,125,18.662,1225
55.81068978884828,-4.1454049181364185,162.0,55.84074346341779,-4.172411658039648,126,4.945,419
55.81068978884828,-4.1454049181364185,162.0,55.8801412435821,-4.258666277618953,127,22.556,1165
55.81068978884828,-4.1454049181364185,162.0,55.8434159429892,-4.1056733307349536,128,7.92,541
55.81068978884828,-4.1454049181364185,162.0,55.83522057783537,-4.25736952395694,129,8.495,700
55.81068978884828,-4.1454049181364185,162.0,55.86467774065618,-4.2250953414252415,130,10.129,836
55.81068978884828,-4.1454049181364185,162.0,55.8953662249987,-4.231143624453162,131,14.716,1197
55.81068978884828,-4.1454049181364185,162.0,55.81920459649808,-4.236238450921302,132,7.685,653
55.81068978884828,-4.1454049181364185,162.0,55.900795402502105,-4.206009410292495,133,21.248,1210
55.81068978884828,-4.1454049181364185,162.0,55.86078490474355,-4.339631469507248,134,16.531,1054
55.81068978884828,-4.1454049181364185,162.0,55.924999437053955,-4.191173279124663,135,28.349,1228
55.81068978884828,-4.1454049181364185,162.0,55.81549096669224,-4.126910343137958,136,2.309,220
55.81068978884828,-4.1454049181364185,162.0,55.90135585493081,-4.207622057499793,137,21.247,1187
55.81068978884828,-4.1454049181364185,162.0,55.845816555475636,-4.129576488296543,138,6.661,531
55.81068978884828,-4.1454049181364185,162.0,55.80470047644827,-4.291960781118721,139,13.23,1127
55.81068978884828,-4.1454049181364185,162.0,55.89185394491289,-4.179857587296262,140,20.451,986
55.81068978884828,-4.1454049181364185,162.0,55.91859399996558,-4.3401659608951215,141,22.88,1537
55.81068978884828,-4.1454049181364185,162.0,55.90671476836246,-4.3642865107142725,142,22.781,1551
55.81068978884828,-4.1454049181364185,162.0,55.81273399651921,-4.167613047894911,143,2.474,215
55.81068978884828,-4.1454049181364185,162.0,55.80939871413575,-4.276056954355674,144,11.512,956
55.81068978884828,-4.1454049181364185,162.0,55.88312869327199,-4.214542892826467,145,19.248,1088
55.81068978884828,-4.1454049181364185,162.0,55.815340374954424,-4.283514492524949,146,11.682,974
55.81068978884828,-4.1454049181364185,162.0,55.87864379034378,-4.080636908866371,147,15.894,732
55.81068978884828,-4.1454049181364185,162.0,55.89423440492952,-4.2418874418647645,148,15.279,1281
55.81068978884828,-4.1454049181364185,162.0,55.92796852989922,-4.305970400193036,149,21.366,1563
55.81068978884828,-4.1454049181364185,162.0,55.92895153496988,-4.082888064137351,150,20.39,959
55.81068978884828,-4.1454049181364185,162.0,55.790766759429424,-4.135285962371055,151,3.041,192
55.81068978884828,-4.1454049181364185,162.0,55.80808041573422,-4.184105792933229,152,3.953,331
55.81068978884828,-4.1454049181364185,162.0,55.7982747224006,-4.3931924101572655,153,20.733,1309
55.81068978884828,-4.1454049181364185,162.0,55.81178474630603,-4.337962602706185,154,17.331,1069
55.81068978884828,-4.1454049181364185,162.0,55.852972007756,-4.353957895039277,155,15.73,1057
55.81068978884828,-4.1454049181364185,162.0,55.797152036890715,-4.311451416173846,156,13.395,1096
55.81068978884828,-4.1454049181364185,162.0,55.84839482833289,-4.1889265673730645,157,6.217,506
55.81068978884828,-4.1454049181364185,162.0,55.86383954752864,-4.387927326091926,158,21.322,1085
55.81068978884828,-4.1454049181364185,162.0,55.807182357875575,-4.140487806234959,159,0.637,82
55.81068978884828,-4.1454049181364185,162.0,55.8296607577131,-4.218765551358871,160,5.377,530
55.81068978884828,-4.1454049181364185,162.0,55.82699494590622,-4.295404959002084,161,14.767,947
55.81068978884828,-4.1454049181364185,162.0,55.861248665443505,-4.307186036515638,162,13.616,961
55.81068978884828,-4.1454049181364185,162.0,55.897857165570365,-4.156645648865112,163,21.927,1023
55.81068978884828,-4.1454049181364185,162.0,55.877747555317356,-4.342792329217214,164,18.428,1184
55.81068978884828,-4.1454049181364185,162.0,55.92259641850896,-4.389236283866068,165,34.684,1648
55.81068978884828,-4.1454049181364185,162.0,55.92621339590465,-4.2820478996479165,166,19.69,1439
55.81068978884828,-4.1454049181364185,162.0,55.80660612206145,-4.094012410496262,167,9.792,832
55.81068978884828,-4.1454049181364185,162.0,55.84605439624201,-4.09192094471571,168,17.123,801
55.81068978884828,-4.1454049181364185,162.0,55.83961965364386,-4.1201104741133365,169,7.271,440
55.81068978884828,-4.1454049181364185,162.0,55.85030951683019,-4.217608837338132,170,7.879,645
55.81068978884828,-4.1454049181364185,162.0,55.85971342373431,-4.246748195156407,171,10.306,881
55.81068978884828,-4.1454049181364185,162.0,55.815747728441636,-4.150792968910081,172,0.769,105
55.81068978884828,-4.1454049181364185,162.0,55.80041195127493,-4.3806303679601495,173,20.149,1261
55.81068978884828,-4.1454049181364185,162.0,55.85487415463933,-4.092829020720908,174,11.578,632
55.81068978884828,-4.1454049181364185,162.0,55.80456076444065,-4.203157873727267,175,5.04,460
55.81068978884828,-4.1454049181364185,162.0,55.84723005082115,-4.330151260440624,176,13.683,915
55.81068978884828,-4.1454049181364185,162.0,55.88775631668876,-4.123428423568879,177,19.549,1085
55.81068978884828,-4.1454049181364185,162.0,55.82857385936083,-4.129579652409029,178,3.318,346
55.81068978884828,-4.1454049181364185,162.0,55.879865395443076,-4.36272007519476,179,19.32,1226
55.81068978884828,-4.1454049181364185,162.0,55.87973669437185,-4.215636550296907,180,19.964,1185
55.81068978884828,-4.1454049181364185,162.0,55.8162521393249,-4.1868605517933455,181,3.209,351
55.81068978884828,-4.1454049181364185,162.0,55.80755514535402,-4.201625161718038,182,4.793,427
55.81068978884828,-4.1454049181364185,162.0,55.85565398843102,-4.250533808562208,183,10.174,887
55.81068978884828,-4.1454049181364185,162.0,55.929636326069506,-4.381100658166308,184,35.67,1669
55.81068978884828,-4.1454049181364185,162.0,55.879581066995904,-4.21986165885879,185,13.215,1216
55.81068978884828,-4.1454049181364185,162.0,55.92647877645629,-4.127886630011083,186,20.792,1220
55.81068978884828,-4.1454049181364185,162.0,55.82282427264178,-4.371094162561755,187,17.798,1148
55.81068978884828,-4.1454049181364185,162.0,55.90291353127043,-4.3414180899754955,188,20.827,1429
55.81068978884828,-4.1454049181364185,162.0,55.78437024600116,-4.156926419796477,189,6.198,420
55.81068978884828,-4.1454049181364185,162.0,55.8321542449311,-4.1561720476648265,190,3.608,295
55.81068978884828,-4.1454049181364185,162.0,55.88310705812362,-4.084862107847263,191,13.055,614
55.81068978884828,-4.1454049181364185,162.0,55.85616333886266,-4.110333739241922,192,8.614,736
55.81068978884828,-4.1454049181364185,162.0,55.90185178498145,-4.152652007721208,193,26.159,1571
55.81068978884828,-4.1454049181364185,162.0,55.8837118458465,-4.182392741162416,194,19.818,1870
55.81068978884828,-4.1454049181364185,162.0,55.83086049774818,-4.312434105301623,195,15.701,1052
55.81068978884828,-4.1454049181364185,162.0,55.821849459706755,-4.176208567338996,196,2.385,236
55.81068978884828,-4.1454049181364185,162.0,55.88009750494633,-4.255964552703097,197,22.242,1144
55.81068978884828,-4.1454049181364185,162.0,55.87413911675089,-4.369807111055967,198,17.324,975
55.81068978884828,-4.1454049181364185,162.0,55.86354071984154,-4.093406384811447,199,13.158,736
55.835729814109314,-4.078511096974945,163.0,55.8391698042901,-4.214478482526657,0,11.418,731
55.835729814109314,-4.078511096974945,163.0,55.86553667472969,-4.350500876963486,1,23.755,1160
55.835729814109314,-4.078511096974945,163.0,55.912892829643965,-4.286410947894997,2,23.347,2185
55.835729814109314,-4.078511096974945,163.0,55.84854019346565,-4.391697428307927,3,23.186,1381
55.835729814109314,-4.078511096974945,163.0,55.79232875093524,-4.310455024670266,4,25.651,1358
55.835729814109314,-4.078511096974945,163.0,55.837143362020576,-4.120043492886959,5,9.648,550
55.835729814109314,-4.078511096974945,163.0,55.84185129809378,-4.283879851305767,6,15.625,1033
55.835729814109314,-4.078511096974945,163.0,55.90609664927746,-4.311383718964596,7,22.031,1294
55.835729814109314,-4.078511096974945,163.0,55.7832172019226,-4.31249791159531,8,21.608,1400
55.835729814109314,-4.078511096974945,163.0,55.8177258987159,-4.260489243356555,9,15.575,946
55.835729814109314,-4.078511096974945,163.0,55.903262790870684,-4.212111703691823,10,16.584,1074
55.835729814109314,-4.078511096974945,163.0,55.893978813107424,-4.1413270988368325,11,14.513,848
55.835729814109314,-4.078511096974945,163.0,55.894884622950286,-4.154349650804189,12,19.845,819
55.835729814109314,-4.078511096974945,163.0,55.80680963785043,-4.263605759417426,13,18.013,1213
55.835729814109314,-4.078511096974945,163.0,55.81824312166051,-4.346878846315483,14,22.814,1272
55.835729814109314,-4.078511096974945,163.0,55.84742656229786,-4.269221405976544,15,15.99,1052
55.835729814109314,-4.078511096974945,163.0,55.80730424868546,-4.315177272898423,16,22.52,1257
55.835729814109314,-4.078511096974945,163.0,55.83798278877758,-4.260604018644594,17,14.096,847
55.835729814109314,-4.078511096974945,163.0,55.89424631095569,-4.343398240721316,18,21.892,1274
55.835729814109314,-4.078511096974945,163.0,55.83908093533876,-4.223069302141199,19,12.448,861
55.835729814109314,-4.078511096974945,163.0,55.8357731433788,-4.270556349194068,20,14.78,898
55.835729814109314,-4.078511096974945,163.0,55.90309627527835,-4.360750370095284,21,23.925,1509
55.835729814109314,-4.078511096974945,163.0,55.85652103589449,-4.101365743428073,22,5.867,436
55.835729814109314,-4.078511096974945,163.0,55.783736419963375,-4.235306054793451,23,18.074,1160
55.835729814109314,-4.078511096974945,163.0,55.92064824587275,-4.2358362157531895,24,20.945,1174
55.835729814109314,-4.078511096974945,163.0,55.907674892744176,-4.2497703459088045,25,19.697,2219
55.835729814109314,-4.078511096974945,163.0,55.919604340921964,-4.226208116301384,26,18.791,1135
55.835729814109314,-4.078511096974945,163.0,55.83219148710444,-4.304581930326681,27,21.692,1299
55.835729814109314,-4.078511096974945,163.0,55.79569701419853,-4.1769099124482585,28,12.917,874
55.835729814109314,-4.078511096974945,163.0,55.81260197667657,-4.197841211154324,29,13.283,866
55.835729814109314,-4.078511096974945,163.0,55.826092940761974,-4.176919409292903,30,9.566,692
55.835729814109314,-4.078511096974945,163.0,55.828413149208096,-4.109650878166438,31,3.347,362
55.835729814109314,-4.078511096974945,163.0,55.8999241737755,-4.257993823533507,32,19.796,1164
55.835729814109314,-4.078511096974945,163.0,55.892514250678616,-4.340118142906542,33,21.921,1285
55.835729814109314,-4.078511096974945,163.0,55.855241629670886,-4.269936069312288,34,17.883,804
55.835729814109314,-4.078511096974945,163.0,55.877364911629314,-4.109701193625618,35,9.163,555
55.835729814109314,-4.078511096974945,163.0,55.887053111734645,-4.1280531391159245,36,12.722,860
55.835729814109314,-4.078511096974945,163.0,55.89108676863447,-4.105446803942431,37,10.592,885
55.835729814109314,-4.078511096974945,163.0,55.842635153466425,-4.334387903339716,38,19.623,1087
55.835729814109314,-4.078511096974945,163.0,55.89197542936556,-4.19614108945253,39,14.368,798
55.835729814109314,-4.078511096974945,163.0,55.825849135803445,-4.321179033230789,40,19.87,1199
55.835729814109314,-4.078511096974945,163.0,55.81864602215581,-4.375055705699034,41,23.843,1281
55.835729814109314,-4.078511096974945,163.0,55.92613065482397,-4.212698358862173,42,26.011,1225
55.835729814109314,-4.078511096974945,163.0,55.874439929608144,-4.279689658904073,43,17.724,925
55.835729814109314,-4.078511096974945,163.0,55.81998166828728,-4.245455535821837,44,15.055,851
55.835729814109314,-4.078511096974945,163.0,55.91066980601156,-4.213502644426629,45,18.286,1150
55.835729814109314,-4.078511096974945,163.0,55.8404807486866,-4.356656090229781,46,23.275,1355
55.835729814109314,-4.078511096974945,163.0,55.88708229912325,-4.079055837843032,47,10.33,503
55.835729814109314,-4.078511096974945,163.0,55.84510555179576,-4.178720975321847,48,8.299,665
55.835729814109314,-4.078511096974945,163.0,55.84413340760586,-4.085244529493477,49,1.873,568
55.835729814109314,-4.078511096974945,163.0,55.83324217210475,-4.157183908594519,50,7.663,540
55.835729814109314,-4.078511096974945,163.0,55.895753278756494,-4.323131413571223,51,21.663,1347
55.835729814109314,-4.078511096974945,163.0,55.88609925330935,-4.38354364327563,52,24.788,1228
55.835729814109314,-4.078511096974945,163.0,55.86596770908397,-4.338853955125049,53,21.571,1108
55.835729814109314,-4.078511096974945,163.0,55.819381988004544,-4.256567679373081,54,16.484,1001
55.835729814109314,-4.078511096974945,163.0,55.919398785577634,-4.298102785445152,55,23.623,1864
55.835729814109314,-4.078511096974945,163.0,55.81052481551728,-4.0780884232687225,56,5.093,1448
55.835729814109314,-4.078511096974945,163.0,55.8411814367945,-4.125490362928665,57,4.852,422
55.835729814109314,-4.078511096974945,163.0,55.844855881791794,-4.151320272286683,58,8.131,638
55.835729814109314,-4.078511096974945,163.0,55.79334532620707,-4.3052187624925375,59,20.351,1348
55.835729814109314,-4.078511096974945,163.0,55.78499644933002,-4.082518262203789,60,11.564,615
55.835729814109314,-4.078511096974945,163.0,55.86482365717543,-4.074666870071637,61,4.468,489
55.835729814109314,-4.078511096974945,163.0,55.910543969585106,-4.384534109666136,62,25.752,1574
55.835729814109314,-4.078511096974945,163.0,55.799715679086134,-4.188568421733812,63,14.577,1107
55.835729814109314,-4.078511096974945,163.0,55.90005630083831,-4.294022887833187,64,21.103,1247
55.835729814109314,-4.078511096974945,163.0,55.82573931186619,-4.210157383495828,65,11.34,680
55.835729814109314,-4.078511096974945,163.0,55.88010014610652,-4.288014027401103,66,19.824,1216
55.835729814109314,-4.078511096974945,163.0,55.8836463272421,-4.377148406451105,67,24.558,1305
55.835729814109314,-4.078511096974945,163.0,55.80511293548626,-4.195982430231648,68,14.263,940
55.835729814109314,-4.078511096974945,163.0,55.9265186267864,-4.256321117900257,69,23.161,1279
55.835729814109314,-4.078511096974945,163.0,55.90353118048908,-4.119171950823842,70,11.194,946
55.835729814109314,-4.078511096974945,163.0,55.81502357146685,-4.260984914919316,71,15.932,980
55.835729814109314,-4.078511096974945,163.0,55.894355058439295,-4.293143876300353,72,20.393,1195
55.835729814109314,-4.078511096974945,163.0,55.80246488546192,-4.242274834364847,73,17.196,1077
55.835729814109314,-4.078511096974945,163.0,55.887581813102464,-4.2985753032369685,74,20.005,1191
55.835729814109314,-4.078511096974945,163.0,55.928290955083554,-4.295962301582311,75,24.045,1279
55.835729814109314,-4.078511096974945,163.0,55.81096058143004,-4.368797105646974,76,25.5,1363
55.835729814109314,-4.078511096974945,163.0,55.84818750128869,-4.3631808239548375,77,24.261,1207
55.835729814109314,-4.078511096974945,163.0,55.81610352786554,-4.330910795148831,78,21.839,1112
55.835729814109314,-4.078511096974945,163.0,55.807034270653475,-4.136077366584948,79,8.802,664
55.835729814109314,-4.078511096974945,163.0,55.86778114631985,-4.233612892312959,80,14.854,790
55.835729814109314,-4.078511096974945,163.0,55.79578956690847,-4.368290459919509,81,30.584,2558
55.835729814109314,-4.078511096974945,163.0,55.897877306124535,-4.077031107370425,82,10.581,1224
55.835729814109314,-4.078511096974945,163.0,55.80721289582252,-4.242612882195534,83,16.419,1028
55.835729814109314,-4.078511096974945,163.0,55.92209393969709,-4.157940141970138,84,15.157,963
55.835729814109314,-4.078511096974945,163.0,55.79188265083702,-4.28147512844989,85,19.386,1272
55.835729814109314,-4.078511096974945,163.0,55.88043814367632,-4.104360473798184,86,8.473,495
55.835729814109314,-4.078511096974945,163.0,55.90345994988174,-4.293652184560058,87,22.82,1321
55.835729814109314,-4.078511096974945,163.0,55.91230525016259,-4.108196424937476,88,11.988,854
55.835729814109314,-4.078511096974945,163.0,55.90569137930351,-4.3852429216612405,89,25.787,1597
55.835729814109314,-4.078511096974945,163.0,55.824402119970216,-4.298242138123909,90,20.306,1120
55.835729814109314,-4.078511096974945,163.0,55.887104625653905,-4.201059285828647,91,14.142,873
55.835729814109314,-4.078511096974945,163.0,55.92006797200308,-4.195257422106852,92,24.016,1042
55.835729814109314,-4.078511096974945,163.0,55.7944551107823,-4.1683749063061635,93,13.18,1304
55.835729814109314,-4.078511096974945,163.0,55.88003873447475,-4.304350182381346,94,19.338,1098
55.835729814109314,-4.078511096974945,163.0,55.88308048053683,-4.2942103285768285,95,18.938,1073
55.835729814109314,-4.078511096974945,163.0,55.80779271908626,-4.3234306371549245,96,23.11,1245
55.835729814109314,-4.078511096974945,163.0,55.90123467399992,-4.380968632189907,97,28.94,1773
55.835729814109314,-4.078511096974945,163.0,55.88049231589054,-4.293733205570284,98,18.84,1063
55.835729814109314,-4.078511096974945,163.0,55.84697147961761,-4.334108806216461,99,19.737,1121
55.835729814109314,-4.078511096974945,163.0,55.83067141211495,-4.195633651932574,100,10.584,694
55.835729814109314,-4.078511096974945,163.0,55.89350845984679,-4.099445363541155,101,9.659,656
55.835729814109314,-4.078511096974945,163.0,55.92592408664018,-4.179171340754611,102,23.287,1081
55.835729814109314,-4.078511096974945,163.0,55.84941827409408,-4.169566750359822,103,8.408,687
55.835729814109314,-4.078511096974945,163.0,55.92413375575165,-4.226670311636797,104,27.226,1967
55.835729814109314,-4.078511096974945,163.0,55.88995713457192,-4.285031242761631,105,19.333,1097
55.835729814109314,-4.078511096974945,163.0,55.90528066541109,-4.131569818675147,106,19.625,845
55.835729814109314,-4.078511096974945,163.0,55.87850608392288,-4.103517886631066,107,8.804,528
55.835729814109314,-4.078511096974945,163.0,55.80799405798939,-4.284953473560454,108,17.799,1217
55.835729814109314,-4.078511096974945,163.0,55.906815669822045,-4.385279074380807,109,25.098,1512
55.835729814109314,-4.078511096974945,163.0,55.916237634416454,-4.222407816066865,110,18.706,1123
55.835729814109314,-4.078511096974945,163.0,55.915798955837815,-4.088621086891774,111,14.848,756
55.835729814109314,-4.078511096974945,163.0,55.827538479175395,-4.350653065976025,112,22.183,1203
55.835729814109314,-4.078511096974945,163.0,55.799515288981674,-4.0866627646338864,113,7.662,634
55.835729814109314,-4.078511096974945,163.0,55.831024245961984,-4.244756518165482,114,13.536,752
55.835729814109314,-4.078511096974945,163.0,55.86754360554833,-4.2143078261423845,115,13.527,775
55.835729814109314,-4.078511096974945,163.0,55.8574985965699,-4.1521224561179935,116,9.605,626
55.835729814109314,-4.078511096974945,163.0,55.88095643501817,-4.32811659177277,117,22.557,1155
55.835729814109314,-4.078511096974945,163.0,55.85240433608213,-4.177570445500026,118,9.928,738
55.835729814109314,-4.078511096974945,163.0,55.91169549549074,-4.359708873069638,119,25.489,1577
55.835729814109314,-4.078511096974945,163.0,55.92640787519779,-4.300990956079843,120,24.493,1328
55.835729814109314,-4.078511096974945,163.0,55.84019197366069,-4.205566157974415,121,11.904,846
55.835729814109314,-4.078511096974945,163.0,55.866619942939494,-4.268153778778456,122,16.801,906
55.835729814109314,-4.078511096974945,163.0,55.81327411986783,-4.2587495402872255,123,15.911,990
55.835729814109314,-4.078511096974945,163.0,55.86022660117776,-4.154711133590585,124,9.856,555
55.835729814109314,-4.078511096974945,163.0,55.831522729053496,-4.370420634377527,125,24.237,1374
55.835729814109314,-4.078511096974945,163.0,55.84074346341779,-4.172411658039648,126,8.644,584
55.835729814109314,-4.078511096974945,163.0,55.8801412435821,-4.258666277618953,127,17.077,921
55.835729814109314,-4.078511096974945,163.0,55.8434159429892,-4.1056733307349536,128,5.108,450
55.835729814109314,-4.078511096974945,163.0,55.83522057783537,-4.25736952395694,129,14.07,849
55.835729814109314,-4.078511096974945,163.0,55.86467774065618,-4.2250953414252415,130,14.747,693
55.835729814109314,-4.078511096974945,163.0,55.8953662249987,-4.231143624453162,131,17.971,986
55.835729814109314,-4.078511096974945,163.0,55.81920459649808,-4.236238450921302,132,15.639,902
55.835729814109314,-4.078511096974945,163.0,55.900795402502105,-4.206009410292495,133,15.769,965
55.835729814109314,-4.078511096974945,163.0,55.86078490474355,-4.339631469507248,134,22.106,1203
55.835729814109314,-4.078511096974945,163.0,55.924999437053955,-4.191173279124663,135,23.765,1033
55.835729814109314,-4.078511096974945,163.0,55.81549096669224,-4.126910343137958,136,6.746,573
55.835729814109314,-4.078511096974945,163.0,55.90135585493081,-4.207622057499793,137,15.768,942
55.835729814109314,-4.078511096974945,163.0,55.845816555475636,-4.129576488296543,138,7.444,528
55.835729814109314,-4.078511096974945,163.0,55.80470047644827,-4.291960781118721,139,18.805,1276
55.835729814109314,-4.078511096974945,163.0,55.89185394491289,-4.179857587296262,140,14.972,742
55.835729814109314,-4.078511096974945,163.0,55.91859399996558,-4.3401659608951215,141,24.355,1427
55.835729814109314,-4.078511096974945,163.0,55.90671476836246,-4.3642865107142725,142,25.576,1549
55.835729814109314,-4.078511096974945,163.0,55.81273399651921,-4.167613047894911,143,10.12,681
55.835729814109314,-4.078511096974945,163.0,55.80939871413575,-4.276056954355674,144,17.087,1105
55.835729814109314,-4.078511096974945,163.0,55.88312869327199,-4.214542892826467,145,13.769,843
55.835729814109314,-4.078511096974945,163.0,55.815340374954424,-4.283514492524949,146,17.257,1123
55.835729814109314,-4.078511096974945,163.0,55.87864379034378,-4.080636908866371,147,11.31,538
55.835729814109314,-4.078511096974945,163.0,55.89423440492952,-4.2418874418647645,148,18.534,1069
55.835729814109314,-4.078511096974945,163.0,55.92796852989922,-4.305970400193036,149,24.621,1351
55.835729814109314,-4.078511096974945,163.0,55.92895153496988,-4.082888064137351,150,15.806,764
55.835729814109314,-4.078511096974945,163.0,55.790766759429424,-4.135285962371055,151,9.645,673
55.835729814109314,-4.078511096974945,163.0,55.80808041573422,-4.184105792933229,152,11.599,797
55.835729814109314,-4.078511096974945,163.0,55.7982747224006,-4.3931924101572655,153,26.308,1458
55.835729814109314,-4.078511096974945,163.0,55.81178474630603,-4.337962602706185,154,22.906,1218
55.835729814109314,-4.078511096974945,163.0,55.852972007756,-4.353957895039277,155,21.305,1206
55.835729814109314,-4.078511096974945,163.0,55.797152036890715,-4.311451416173846,156,24.878,1292
55.835729814109314,-4.078511096974945,163.0,55.84839482833289,-4.1889265673730645,157,9.06,700
55.835729814109314,-4.078511096974945,163.0,55.86383954752864,-4.387927326091926,158,26.897,1234
55.835729814109314,-4.078511096974945,163.0,55.807182357875575,-4.140487806234959,159,9.013,662
55.835729814109314,-4.078511096974945,163.0,55.8296607577131,-4.218765551358871,160,11.681,772
55.835729814109314,-4.078511096974945,163.0,55.82699494590622,-4.295404959002084,161,20.342,1096
55.835729814109314,-4.078511096974945,163.0,55.861248665443505,-4.307186036515638,162,19.191,1110
55.835729814109314,-4.078511096974945,163.0,55.897857165570365,-4.156645648865112,163,16.448,778
55.835729814109314,-4.078511096974945,163.0,55.877747555317356,-4.342792329217214,164,23.155,1261
55.835729814109314,-4.078511096974945,163.0,55.92259641850896,-4.389236283866068,165,28.354,1633
55.835729814109314,-4.078511096974945,163.0,55.92621339590465,-4.2820478996479165,166,22.945,1227
55.835729814109314,-4.078511096974945,163.0,55.80660612206145,-4.094012410496262,167,4.678,513
55.835729814109314,-4.078511096974945,163.0,55.84605439624201,-4.09192094471571,168,11.644,556
55.835729814109314,-4.078511096974945,163.0,55.83961965364386,-4.1201104741133365,169,4.459,349
55.835729814109314,-4.078511096974945,163.0,55.85030951683019,-4.217608837338132,170,11.578,810
55.835729814109314,-4.078511096974945,163.0,55.85971342373431,-4.246748195156407,171,15.46,840
55.835729814109314,-4.078511096974945,163.0,55.815747728441636,-4.150792968910081,172,10.234,700
55.835729814109314,-4.078511096974945,163.0,55.80041195127493,-4.3806303679601495,173,25.724,1410
55.835729814109314,-4.078511096974945,163.0,55.85487415463933,-4.092829020720908,174,4.217,258
55.835729814109314,-4.078511096974945,163.0,55.80456076444065,-4.203157873727267,175,14.282,942
55.835729814109314,-4.078511096974945,163.0,55.84723005082115,-4.330151260440624,176,19.258,1064
55.835729814109314,-4.078511096974945,163.0,55.88775631668876,-4.123428423568879,177,12.857,866
55.835729814109314,-4.078511096974945,163.0,55.82857385936083,-4.129579652409029,178,6.353,552
55.835729814109314,-4.078511096974945,163.0,55.879865395443076,-4.36272007519476,179,24.063,1287
55.835729814109314,-4.078511096974945,163.0,55.87973669437185,-4.215636550296907,180,14.485,940
55.835729814109314,-4.078511096974945,163.0,55.8162521393249,-4.1868605517933455,181,10.707,795
55.835729814109314,-4.078511096974945,163.0,55.80755514535402,-4.201625161718038,182,14.035,909
55.835729814109314,-4.078511096974945,163.0,55.85565398843102,-4.250533808562208,183,16.274,995
55.835729814109314,-4.078511096974945,163.0,55.929636326069506,-4.381100658166308,184,27.416,1593
55.835729814109314,-4.078511096974945,163.0,55.879581066995904,-4.21986165885879,185,14.67,974
55.835729814109314,-4.078511096974945,163.0,55.92647877645629,-4.127886630011083,186,14.1,1001
55.835729814109314,-4.078511096974945,163.0,55.82282427264178,-4.371094162561755,187,23.373,1297
55.835729814109314,-4.078511096974945,163.0,55.90291353127043,-4.3414180899754955,188,22.723,1442
55.835729814109314,-4.078511096974945,163.0,55.78437024600116,-4.156926419796477,189,17.163,890
55.835729814109314,-4.078511096974945,163.0,55.8321542449311,-4.1561720476648265,190,7.703,554
55.835729814109314,-4.078511096974945,163.0,55.88310705812362,-4.084862107847263,191,8.471,420
55.835729814109314,-4.078511096974945,163.0,55.85616333886266,-4.110333739241922,192,6.51,487
55.835729814109314,-4.078511096974945,163.0,55.90185178498145,-4.152652007721208,193,21.575,1377
55.835729814109314,-4.078511096974945,163.0,55.8837118458465,-4.182392741162416,194,14.339,1625
55.835729814109314,-4.078511096974945,163.0,55.83086049774818,-4.312434105301623,195,21.276,1201
55.835729814109314,-4.078511096974945,163.0,55.821849459706755,-4.176208567338996,196,9.587,638
55.835729814109314,-4.078511096974945,163.0,55.88009750494633,-4.255964552703097,197,16.763,899
55.835729814109314,-4.078511096974945,163.0,55.87413911675089,-4.369807111055967,198,22.899,1124
55.835729814109314,-4.078511096974945,163.0,55.86354071984154,-4.093406384811447,199,5.019,354
55.90262907018829,-4.297759259631589,164.0,55.8391698042901,-4.214478482526657,0,13.141,1149
55.90262907018829,-4.297759259631589,164.0,55.86553667472969,-4.350500876963486,1,8.555,864
55.90262907018829,-4.297759259631589,164.0,55.912892829643965,-4.286410947894997,2,4.813,1251
55.90262907018829,-4.297759259631589,164.0,55.84854019346565,-4.391697428307927,3,12.64,1217
55.90262907018829,-4.297759259631589,164.0,55.79232875093524,-4.310455024670266,4,17.927,1240
55.90262907018829,-4.297759259631589,164.0,55.837143362020576,-4.120043492886959,5,18.512,1120
55.90262907018829,-4.297759259631589,164.0,55.84185129809378,-4.283879851305767,6,12.607,990
55.90262907018829,-4.297759259631589,164.0,55.90609664927746,-4.311383718964596,7,2.429,277
55.90262907018829,-4.297759259631589,164.0,55.7832172019226,-4.31249791159531,8,19.515,1298
55.90262907018829,-4.297759259631589,164.0,55.8177258987159,-4.260489243356555,9,13.484,1170
55.90262907018829,-4.297759259631589,164.0,55.903262790870684,-4.212111703691823,10,9.018,715
55.90262907018829,-4.297759259631589,164.0,55.893978813107424,-4.1413270988368325,11,16.598,1042
55.90262907018829,-4.297759259631589,164.0,55.894884622950286,-4.154349650804189,12,16.19,911
55.90262907018829,-4.297759259631589,164.0,55.80680963785043,-4.263605759417426,13,15.249,1395
55.90262907018829,-4.297759259631589,164.0,55.81824312166051,-4.346878846315483,14,15.09,1154
55.90262907018829,-4.297759259631589,164.0,55.84742656229786,-4.269221405976544,15,9.083,877
55.90262907018829,-4.297759259631589,164.0,55.80730424868546,-4.315177272898423,16,14.796,1139
55.90262907018829,-4.297759259631589,164.0,55.83798278877758,-4.260604018644594,17,9.865,987
55.90262907018829,-4.297759259631589,164.0,55.89424631095569,-4.343398240721316,18,4.725,527
55.90262907018829,-4.297759259631589,164.0,55.83908093533876,-4.223069302141199,19,12.404,1139
55.90262907018829,-4.297759259631589,164.0,55.8357731433788,-4.270556349194068,20,9.887,888
55.90262907018829,-4.297759259631589,164.0,55.90309627527835,-4.360750370095284,21,5.943,569
55.90262907018829,-4.297759259631589,164.0,55.85652103589449,-4.101365743428073,22,17.861,1056
55.90262907018829,-4.297759259631589,164.0,55.783736419963375,-4.235306054793451,23,17.544,1461
55.90262907018829,-4.297759259631589,164.0,55.92064824587275,-4.2358362157531895,24,5.729,353
55.90262907018829,-4.297759259631589,164.0,55.907674892744176,-4.2497703459088045,25,9.345,1796
55.90262907018829,-4.297759259631589,164.0,55.919604340921964,-4.226208116301384,26,8.157,556
55.90262907018829,-4.297759259631589,164.0,55.83219148710444,-4.304581930326681,27,13.968,1180
55.90262907018829,-4.297759259631589,164.0,55.79569701419853,-4.1769099124482585,28,19.228,1393
55.90262907018829,-4.297759259631589,164.0,55.81260197667657,-4.197841211154324,29,16.639,1260
55.90262907018829,-4.297759259631589,164.0,55.826092940761974,-4.176919409292903,30,15.169,1193
55.90262907018829,-4.297759259631589,164.0,55.828413149208096,-4.109650878166438,31,24.807,1401
55.90262907018829,-4.297759259631589,164.0,55.8999241737755,-4.257993823533507,32,4.916,412
55.90262907018829,-4.297759259631589,164.0,55.892514250678616,-4.340118142906542,33,4.754,532
55.90262907018829,-4.297759259631589,164.0,55.855241629670886,-4.269936069312288,34,6.927,618
55.90262907018829,-4.297759259631589,164.0,55.877364911629314,-4.109701193625618,35,18.262,1157
55.90262907018829,-4.297759259631589,164.0,55.887053111734645,-4.1280531391159245,36,17.056,1022
55.90262907018829,-4.297759259631589,164.0,55.89108676863447,-4.105446803942431,37,18.789,1329
55.90262907018829,-4.297759259631589,164.0,55.842635153466425,-4.334387903339716,38,11.873,968
55.90262907018829,-4.297759259631589,164.0,55.89197542936556,-4.19614108945253,39,11.276,818
55.90262907018829,-4.297759259631589,164.0,55.825849135803445,-4.321179033230789,40,12.146,1080
55.90262907018829,-4.297759259631589,164.0,55.81864602215581,-4.375055705699034,41,16.119,1162
55.90262907018829,-4.297759259631589,164.0,55.92613065482397,-4.212698358862173,42,8.785,627
55.90262907018829,-4.297759259631589,164.0,55.874439929608144,-4.279689658904073,43,5.039,558
55.90262907018829,-4.297759259631589,164.0,55.81998166828728,-4.245455535821837,44,12.964,1075
55.90262907018829,-4.297759259631589,164.0,55.91066980601156,-4.213502644426629,45,7.857,585
55.90262907018829,-4.297759259631589,164.0,55.8404807486866,-4.356656090229781,46,12.729,1191
55.90262907018829,-4.297759259631589,164.0,55.88708229912325,-4.079055837843032,47,25.385,1262
55.90262907018829,-4.297759259631589,164.0,55.84510555179576,-4.178720975321847,48,14.138,1213
55.90262907018829,-4.297759259631589,164.0,55.84413340760586,-4.085244529493477,49,22.36,1589
55.90262907018829,-4.297759259631589,164.0,55.83324217210475,-4.157183908594519,50,16.696,1206
55.90262907018829,-4.297759259631589,164.0,55.895753278756494,-4.323131413571223,51,3.889,473
55.90262907018829,-4.297759259631589,164.0,55.88609925330935,-4.38354364327563,52,13.42,1048
55.90262907018829,-4.297759259631589,164.0,55.86596770908397,-4.338853955125049,53,7.686,788
55.90262907018829,-4.297759259631589,164.0,55.819381988004544,-4.256567679373081,54,14.393,1225
55.90262907018829,-4.297759259631589,164.0,55.919398785577634,-4.298102785445152,55,5.089,931
55.90262907018829,-4.297759259631589,164.0,55.81052481551728,-4.0780884232687225,56,27.606,2548
55.90262907018829,-4.297759259631589,164.0,55.8411814367945,-4.125490362928665,57,22.888,1297
55.90262907018829,-4.297759259631589,164.0,55.844855881791794,-4.151320272286683,58,17.686,1259
55.90262907018829,-4.297759259631589,164.0,55.79334532620707,-4.3052187624925375,59,18.258,1246
55.90262907018829,-4.297759259631589,164.0,55.78499644933002,-4.082518262203789,60,29.496,1475
55.90262907018829,-4.297759259631589,164.0,55.86482365717543,-4.074666870071637,61,20.127,1273
55.90262907018829,-4.297759259631589,164.0,55.910543969585106,-4.384534109666136,62,7.702,737
55.90262907018829,-4.297759259631589,164.0,55.799715679086134,-4.188568421733812,63,19.21,1552
55.90262907018829,-4.297759259631589,164.0,55.90005630083831,-4.294022887833187,64,0.807,112
55.90262907018829,-4.297759259631589,164.0,55.82573931186619,-4.210157383495828,65,14.696,1075
55.90262907018829,-4.297759259631589,164.0,55.88010014610652,-4.288014027401103,66,3.506,441
55.90262907018829,-4.297759259631589,164.0,55.8836463272421,-4.377148406451105,67,13.19,1126
55.90262907018829,-4.297759259631589,164.0,55.80511293548626,-4.195982430231648,68,17.619,1335
55.90262907018829,-4.297759259631589,164.0,55.9265186267864,-4.256321117900257,69,4.627,344
55.90262907018829,-4.297759259631589,164.0,55.90353118048908,-4.119171950823842,70,17.457,1244
55.90262907018829,-4.297759259631589,164.0,55.81502357146685,-4.260984914919316,71,13.841,1205
55.90262907018829,-4.297759259631589,164.0,55.894355058439295,-4.293143876300353,72,1.805,202
55.90262907018829,-4.297759259631589,164.0,55.80246488546192,-4.242274834364847,73,15.105,1301
55.90262907018829,-4.297759259631589,164.0,55.887581813102464,-4.2985753032369685,74,2.843,351
55.90262907018829,-4.297759259631589,164.0,55.928290955083554,-4.295962301582311,75,5.511,342
55.90262907018829,-4.297759259631589,164.0,55.81096058143004,-4.368797105646974,76,17.776,1244
55.90262907018829,-4.297759259631589,164.0,55.84818750128869,-4.3631808239548375,77,12.893,1027
55.90262907018829,-4.297759259631589,164.0,55.81610352786554,-4.330910795148831,78,14.115,994
55.90262907018829,-4.297759259631589,164.0,55.807034270653475,-4.136077366584948,79,18.403,1444
55.90262907018829,-4.297759259631589,164.0,55.86778114631985,-4.233612892312959,80,9.147,768
55.90262907018829,-4.297759259631589,164.0,55.79578956690847,-4.368290459919509,81,22.86,2439
55.90262907018829,-4.297759259631589,164.0,55.897877306124535,-4.077031107370425,82,20.58,1795
55.90262907018829,-4.297759259631589,164.0,55.80721289582252,-4.242612882195534,83,14.328,1253
55.90262907018829,-4.297759259631589,164.0,55.92209393969709,-4.157940141970138,84,14.243,861
55.90262907018829,-4.297759259631589,164.0,55.79188265083702,-4.28147512844989,85,19.12,1301
55.90262907018829,-4.297759259631589,164.0,55.88043814367632,-4.104360473798184,86,18.074,1116
55.90262907018829,-4.297759259631589,164.0,55.90345994988174,-4.293652184560058,87,0.324,70
55.90262907018829,-4.297759259631589,164.0,55.91230525016259,-4.108196424937476,88,18.481,1153
55.90262907018829,-4.297759259631589,164.0,55.90569137930351,-4.3852429216612405,89,9.175,841
55.90262907018829,-4.297759259631589,164.0,55.824402119970216,-4.298242138123909,90,12.582,1001
55.90262907018829,-4.297759259631589,164.0,55.887104625653905,-4.201059285828647,91,11.477,918
55.90262907018829,-4.297759259631589,164.0,55.92006797200308,-4.195257422106852,92,9.631,604
55.90262907018829,-4.297759259631589,164.0,55.7944551107823,-4.1683749063061635,93,19.358,1828
55.90262907018829,-4.297759259631589,164.0,55.88003873447475,-4.304350182381346,94,3.817,466
55.90262907018829,-4.297759259631589,164.0,55.88308048053683,-4.2942103285768285,95,3.524,456
55.90262907018829,-4.297759259631589,164.0,55.80779271908626,-4.3234306371549245,96,15.386,1126
55.90262907018829,-4.297759259631589,164.0,55.90123467399992,-4.380968632189907,97,13.587,1155
55.90262907018829,-4.297759259631589,164.0,55.88049231589054,-4.293733205570284,98,4.177,491
55.90262907018829,-4.297759259631589,164.0,55.84697147961761,-4.334108806216461,99,10.008,954
55.90262907018829,-4.297759259631589,164.0,55.83067141211495,-4.195633651932574,100,13.979,1072
55.90262907018829,-4.297759259631589,164.0,55.89350845984679,-4.099445363541155,101,18.604,1160
55.90262907018829,-4.297759259631589,164.0,55.92592408664018,-4.179171340754611,102,11.802,748
55.90262907018829,-4.297759259631589,164.0,55.84941827409408,-4.169566750359822,103,13.924,1199
55.90262907018829,-4.297759259631589,164.0,55.92413375575165,-4.226670311636797,104,10.0,1369
55.90262907018829,-4.297759259631589,164.0,55.88995713457192,-4.285031242761631,105,2.499,264
55.90262907018829,-4.297759259631589,164.0,55.90528066541109,-4.131569818675147,106,14.819,881
55.90262907018829,-4.297759259631589,164.0,55.87850608392288,-4.103517886631066,107,18.405,1150
55.90262907018829,-4.297759259631589,164.0,55.80799405798939,-4.284953473560454,108,13.885,1256
55.90262907018829,-4.297759259631589,164.0,55.906815669822045,-4.385279074380807,109,8.486,756
55.90262907018829,-4.297759259631589,164.0,55.916237634416454,-4.222407816066865,110,7.909,538
55.90262907018829,-4.297759259631589,164.0,55.915798955837815,-4.088621086891774,111,19.199,1188
55.90262907018829,-4.297759259631589,164.0,55.827538479175395,-4.350653065976025,112,14.459,1085
55.90262907018829,-4.297759259631589,164.0,55.799515288981674,-4.0866627646338864,113,29.866,1588
55.90262907018829,-4.297759259631589,164.0,55.831024245961984,-4.244756518165482,114,11.445,976
55.90262907018829,-4.297759259631589,164.0,55.86754360554833,-4.2143078261423845,115,10.487,884
55.90262907018829,-4.297759259631589,164.0,55.8574985965699,-4.1521224561179935,116,15.771,1100
55.90262907018829,-4.297759259631589,164.0,55.88095643501817,-4.32811659177277,117,4.969,571
55.90262907018829,-4.297759259631589,164.0,55.85240433608213,-4.177570445500026,118,13.209,1070
55.90262907018829,-4.297759259631589,164.0,55.91169549549074,-4.359708873069638,119,5.887,560
55.90262907018829,-4.297759259631589,164.0,55.92640787519779,-4.300990956079843,120,5.959,391
55.90262907018829,-4.297759259631589,164.0,55.84019197366069,-4.205566157974415,121,13.627,1247
55.90262907018829,-4.297759259631589,164.0,55.866619942939494,-4.268153778778456,122,5.945,704
55.90262907018829,-4.297759259631589,164.0,55.81327411986783,-4.2587495402872255,123,13.82,1214
55.90262907018829,-4.297759259631589,164.0,55.86022660117776,-4.154711133590585,124,14.988,1027
55.90262907018829,-4.297759259631589,164.0,55.831522729053496,-4.370420634377527,125,12.734,1198
55.90262907018829,-4.297759259631589,164.0,55.84074346341779,-4.172411658039648,126,15.907,1128
55.90262907018829,-4.297759259631589,164.0,55.8801412435821,-4.258666277618953,127,6.021,498
55.90262907018829,-4.297759259631589,164.0,55.8434159429892,-4.1056733307349536,128,23.144,1325
55.90262907018829,-4.297759259631589,164.0,55.83522057783537,-4.25736952395694,129,10.504,1015
55.90262907018829,-4.297759259631589,164.0,55.86467774065618,-4.2250953414252415,130,9.271,720
55.90262907018829,-4.297759259631589,164.0,55.8953662249987,-4.231143624453162,131,9.271,670
55.90262907018829,-4.297759259631589,164.0,55.81920459649808,-4.236238450921302,132,13.548,1126
55.90262907018829,-4.297759259631589,164.0,55.900795402502105,-4.206009410292495,133,9.831,795
55.90262907018829,-4.297759259631589,164.0,55.86078490474355,-4.339631469507248,134,8.221,883
55.90262907018829,-4.297759259631589,164.0,55.924999437053955,-4.191173279124663,135,9.882,614
55.90262907018829,-4.297759259631589,164.0,55.81549096669224,-4.126910343137958,136,19.394,1491
55.90262907018829,-4.297759259631589,164.0,55.90135585493081,-4.207622057499793,137,9.72,757
55.90262907018829,-4.297759259631589,164.0,55.845816555475636,-4.129576488296543,138,18.961,1269
55.90262907018829,-4.297759259631589,164.0,55.80470047644827,-4.291960781118721,139,13.912,1234
55.90262907018829,-4.297759259631589,164.0,55.89185394491289,-4.179857587296262,140,12.791,881
55.90262907018829,-4.297759259631589,164.0,55.91859399996558,-4.3401659608951215,141,4.753,410
55.90262907018829,-4.297759259631589,164.0,55.90671476836246,-4.3642865107142725,142,5.974,532
55.90262907018829,-4.297759259631589,164.0,55.81273399651921,-4.167613047894911,143,16.452,1255
55.90262907018829,-4.297759259631589,164.0,55.80939871413575,-4.276056954355674,144,13.793,1220
55.90262907018829,-4.297759259631589,164.0,55.88312869327199,-4.214542892826467,145,8.064,809
55.90262907018829,-4.297759259631589,164.0,55.815340374954424,-4.283514492524949,146,12.787,1105
55.90262907018829,-4.297759259631589,164.0,55.87864379034378,-4.080636908866371,147,26.298,1285
55.90262907018829,-4.297759259631589,164.0,55.89423440492952,-4.2418874418647645,148,5.557,526
55.90262907018829,-4.297759259631589,164.0,55.92796852989922,-4.305970400193036,149,6.087,414
55.90262907018829,-4.297759259631589,164.0,55.92895153496988,-4.082888064137351,150,18.363,1130
55.90262907018829,-4.297759259631589,164.0,55.790766759429424,-4.135285962371055,151,21.783,1469
55.90262907018829,-4.297759259631589,164.0,55.80808041573422,-4.184105792933229,152,17.413,1266
55.90262907018829,-4.297759259631589,164.0,55.7982747224006,-4.3931924101572655,153,18.584,1339
55.90262907018829,-4.297759259631589,164.0,55.81178474630603,-4.337962602706185,154,15.182,1100
55.90262907018829,-4.297759259631589,164.0,55.852972007756,-4.353957895039277,155,9.542,982
55.90262907018829,-4.297759259631589,164.0,55.797152036890715,-4.311451416173846,156,17.154,1174
55.90262907018829,-4.297759259631589,164.0,55.84839482833289,-4.1889265673730645,157,12.953,1088
55.90262907018829,-4.297759259631589,164.0,55.86383954752864,-4.387927326091926,158,15.529,1054
55.90262907018829,-4.297759259631589,164.0,55.807182357875575,-4.140487806234959,159,18.08,1419
55.90262907018829,-4.297759259631589,164.0,55.8296607577131,-4.218765551358871,160,12.865,1133
55.90262907018829,-4.297759259631589,164.0,55.82699494590622,-4.295404959002084,161,12.618,978
55.90262907018829,-4.297759259631589,164.0,55.861248665443505,-4.307186036515638,162,8.362,854
55.90262907018829,-4.297759259631589,164.0,55.897857165570365,-4.156645648865112,163,14.951,918
55.90262907018829,-4.297759259631589,164.0,55.877747555317356,-4.342792329217214,164,6.526,779
55.90262907018829,-4.297759259631589,164.0,55.92259641850896,-4.389236283866068,165,8.752,616
55.90262907018829,-4.297759259631589,164.0,55.92621339590465,-4.2820478996479165,166,4.411,294
55.90262907018829,-4.297759259631589,164.0,55.80660612206145,-4.094012410496262,167,27.191,1613
55.90262907018829,-4.297759259631589,164.0,55.84605439624201,-4.09192094471571,168,19.288,1033
55.90262907018829,-4.297759259631589,164.0,55.83961965364386,-4.1201104741133365,169,22.495,1224
55.90262907018829,-4.297759259631589,164.0,55.85030951683019,-4.217608837338132,170,11.703,1005
55.90262907018829,-4.297759259631589,164.0,55.85971342373431,-4.246748195156407,171,9.64,818
55.90262907018829,-4.297759259631589,164.0,55.815747728441636,-4.150792968910081,172,16.95,1316
55.90262907018829,-4.297759259631589,164.0,55.80041195127493,-4.3806303679601495,173,18.0,1292
55.90262907018829,-4.297759259631589,164.0,55.85487415463933,-4.092829020720908,174,19.098,1034
55.90262907018829,-4.297759259631589,164.0,55.80456076444065,-4.203157873727267,175,17.638,1337
55.90262907018829,-4.297759259631589,164.0,55.84723005082115,-4.330151260440624,176,10.198,935
55.90262907018829,-4.297759259631589,164.0,55.88775631668876,-4.123428423568879,177,17.191,1029
55.90262907018829,-4.297759259631589,164.0,55.82857385936083,-4.129579652409029,178,19.472,1503
55.90262907018829,-4.297759259631589,164.0,55.879865395443076,-4.36272007519476,179,7.073,817
55.90262907018829,-4.297759259631589,164.0,55.87973669437185,-4.215636550296907,180,8.979,834
55.90262907018829,-4.297759259631589,164.0,55.8162521393249,-4.1868605517933455,181,15.832,1226
55.90262907018829,-4.297759259631589,164.0,55.80755514535402,-4.201625161718038,182,17.391,1303
55.90262907018829,-4.297759259631589,164.0,55.85565398843102,-4.250533808562208,183,8.091,877
55.90262907018829,-4.297759259631589,164.0,55.929636326069506,-4.381100658166308,184,7.814,576
55.90262907018829,-4.297759259631589,164.0,55.879581066995904,-4.21986165885879,185,8.002,773
55.90262907018829,-4.297759259631589,164.0,55.92647877645629,-4.127886630011083,186,16.047,1070
55.90262907018829,-4.297759259631589,164.0,55.82282427264178,-4.371094162561755,187,15.649,1178
55.90262907018829,-4.297759259631589,164.0,55.90291353127043,-4.3414180899754955,188,5.422,595
55.90262907018829,-4.297759259631589,164.0,55.78437024600116,-4.156926419796477,189,21.127,1483
55.90262907018829,-4.297759259631589,164.0,55.8321542449311,-4.1561720476648265,190,16.736,1219
55.90262907018829,-4.297759259631589,164.0,55.88310705812362,-4.084862107847263,191,23.352,1196
55.90262907018829,-4.297759259631589,164.0,55.85616333886266,-4.110333739241922,192,17.899,1078
55.90262907018829,-4.297759259631589,164.0,55.90185178498145,-4.152652007721208,193,13.6,1270
55.90262907018829,-4.297759259631589,164.0,55.8837118458465,-4.182392741162416,194,15.139,1890
55.90262907018829,-4.297759259631589,164.0,55.83086049774818,-4.312434105301623,195,13.552,1083
55.90262907018829,-4.297759259631589,164.0,55.821849459706755,-4.176208567338996,196,15.58,1190
55.90262907018829,-4.297759259631589,164.0,55.88009750494633,-4.255964552703097,197,5.917,492
55.90262907018829,-4.297759259631589,164.0,55.87413911675089,-4.369807111055967,198,11.531,945
55.90262907018829,-4.297759259631589,164.0,55.86354071984154,-4.093406384811447,199,18.515,1131
55.86708969549367,-4.114838295354572,165.0,55.8391698042901,-4.214478482526657,0,15.137,826
55.86708969549367,-4.114838295354572,165.0,55.86553667472969,-4.350500876963486,1,21.3,1063
55.86708969549367,-4.114838295354572,165.0,55.912892829643965,-4.286410947894997,2,17.686,2022
55.86708969549367,-4.114838295354572,165.0,55.84854019346565,-4.391697428307927,3,20.731,1284
55.86708969549367,-4.114838295354572,165.0,55.79232875093524,-4.310455024670266,4,23.222,1262
55.86708969549367,-4.114838295354572,165.0,55.837143362020576,-4.120043492886959,5,13.367,645
55.86708969549367,-4.114838295354572,165.0,55.84185129809378,-4.283879851305767,6,17.902,1013
55.86708969549367,-4.114838295354572,165.0,55.90609664927746,-4.311383718964596,7,16.37,1131
55.86708969549367,-4.114838295354572,165.0,55.7832172019226,-4.31249791159531,8,24.81,1320
55.86708969549367,-4.114838295354572,165.0,55.8177258987159,-4.260489243356555,9,19.294,1041
55.86708969549367,-4.114838295354572,165.0,55.903262790870684,-4.212111703691823,10,10.923,912
55.86708969549367,-4.114838295354572,165.0,55.893978813107424,-4.1413270988368325,11,8.852,685
55.86708969549367,-4.114838295354572,165.0,55.894884622950286,-4.154349650804189,12,11.438,732
55.86708969549367,-4.114838295354572,165.0,55.80680963785043,-4.263605759417426,13,21.732,1308
55.86708969549367,-4.114838295354572,165.0,55.81824312166051,-4.346878846315483,14,20.385,1176
55.86708969549367,-4.114838295354572,165.0,55.84742656229786,-4.269221405976544,15,14.378,900
55.86708969549367,-4.114838295354572,165.0,55.80730424868546,-4.315177272898423,16,20.091,1161
55.86708969549367,-4.114838295354572,165.0,55.83798278877758,-4.260604018644594,17,17.815,943
55.86708969549367,-4.114838295354572,165.0,55.89424631095569,-4.343398240721316,18,16.231,1111
55.86708969549367,-4.114838295354572,165.0,55.83908093533876,-4.223069302141199,19,10.373,919
55.86708969549367,-4.114838295354572,165.0,55.8357731433788,-4.270556349194068,20,15.182,911
55.86708969549367,-4.114838295354572,165.0,55.90309627527835,-4.360750370095284,21,18.264,1346
55.86708969549367,-4.114838295354572,165.0,55.85652103589449,-4.101365743428073,22,1.876,223
55.86708969549367,-4.114838295354572,165.0,55.783736419963375,-4.235306054793451,23,20.205,1219
55.86708969549367,-4.114838295354572,165.0,55.92064824587275,-4.2358362157531895,24,15.284,1011
55.86708969549367,-4.114838295354572,165.0,55.907674892744176,-4.2497703459088045,25,14.036,2056
55.86708969549367,-4.114838295354572,165.0,55.919604340921964,-4.226208116301384,26,13.13,972
55.86708969549367,-4.114838295354572,165.0,55.83219148710444,-4.304581930326681,27,19.263,1203
55.86708969549367,-4.114838295354572,165.0,55.79569701419853,-4.1769099124482585,28,16.38,974
55.86708969549367,-4.114838295354572,165.0,55.81260197667657,-4.197841211154324,29,17.002,961
55.86708969549367,-4.114838295354572,165.0,55.826092940761974,-4.176919409292903,30,13.285,787
55.86708969549367,-4.114838295354572,165.0,55.828413149208096,-4.109650878166438,31,10.837,683
55.86708969549367,-4.114838295354572,165.0,55.8999241737755,-4.257993823533507,32,14.135,1001
55.86708969549367,-4.114838295354572,165.0,55.892514250678616,-4.340118142906542,33,16.26,1122
55.86708969549367,-4.114838295354572,165.0,55.855241629670886,-4.269936069312288,34,12.222,641
55.86708969549367,-4.114838295354572,165.0,55.877364911629314,-4.109701193625618,35,4.539,350
55.86708969549367,-4.114838295354572,165.0,55.887053111734645,-4.1280531391159245,36,10.357,745
55.86708969549367,-4.114838295354572,165.0,55.89108676863447,-4.105446803942431,37,8.227,771
55.86708969549367,-4.114838295354572,165.0,55.842635153466425,-4.334387903339716,38,17.168,991
55.86708969549367,-4.114838295354572,165.0,55.89197542936556,-4.19614108945253,39,8.707,636
55.86708969549367,-4.114838295354572,165.0,55.825849135803445,-4.321179033230789,40,17.441,1103
55.86708969549367,-4.114838295354572,165.0,55.81864602215581,-4.375055705699034,41,21.414,1185
55.86708969549367,-4.114838295354572,165.0,55.92613065482397,-4.212698358862173,42,12.994,994
55.86708969549367,-4.114838295354572,165.0,55.874439929608144,-4.279689658904073,43,12.063,763
55.86708969549367,-4.114838295354572,165.0,55.81998166828728,-4.245455535821837,44,18.774,946
55.86708969549367,-4.114838295354572,165.0,55.91066980601156,-4.213502644426629,45,12.625,987
55.86708969549367,-4.114838295354572,165.0,55.8404807486866,-4.356656090229781,46,20.82,1258
55.86708969549367,-4.114838295354572,165.0,55.88708229912325,-4.079055837843032,47,6.556,428
55.86708969549367,-4.114838295354572,165.0,55.84510555179576,-4.178720975321847,48,6.833,689
55.86708969549367,-4.114838295354572,165.0,55.84413340760586,-4.085244529493477,49,8.39,870
55.86708969549367,-4.114838295354572,165.0,55.83324217210475,-4.157183908594519,50,11.382,635
55.86708969549367,-4.114838295354572,165.0,55.895753278756494,-4.323131413571223,51,16.002,1185
55.86708969549367,-4.114838295354572,165.0,55.88609925330935,-4.38354364327563,52,22.333,1131
55.86708969549367,-4.114838295354572,165.0,55.86596770908397,-4.338853955125049,53,19.116,1011
55.86708969549367,-4.114838295354572,165.0,55.819381988004544,-4.256567679373081,54,20.203,1096
55.86708969549367,-4.114838295354572,165.0,55.919398785577634,-4.298102785445152,55,17.962,1702
55.86708969549367,-4.114838295354572,165.0,55.81052481551728,-4.0780884232687225,56,13.636,1830
55.86708969549367,-4.114838295354572,165.0,55.8411814367945,-4.125490362928665,57,5.609,526
55.86708969549367,-4.114838295354572,165.0,55.844855881791794,-4.151320272286683,58,6.235,623
55.86708969549367,-4.114838295354572,165.0,55.79334532620707,-4.3052187624925375,59,23.553,1269
55.86708969549367,-4.114838295354572,165.0,55.78499644933002,-4.082518262203789,60,15.526,756
55.86708969549367,-4.114838295354572,165.0,55.86482365717543,-4.074666870071637,61,4.769,476
55.86708969549367,-4.114838295354572,165.0,55.910543969585106,-4.384534109666136,62,20.091,1411
55.86708969549367,-4.114838295354572,165.0,55.799715679086134,-4.188568421733812,63,16.708,1165
55.86708969549367,-4.114838295354572,165.0,55.90005630083831,-4.294022887833187,64,15.442,1084
55.86708969549367,-4.114838295354572,165.0,55.82573931186619,-4.210157383495828,65,15.059,775
55.86708969549367,-4.114838295354572,165.0,55.88010014610652,-4.288014027401103,66,14.163,1053
55.86708969549367,-4.114838295354572,165.0,55.8836463272421,-4.377148406451105,67,22.103,1208
55.86708969549367,-4.114838295354572,165.0,55.80511293548626,-4.195982430231648,68,17.982,1035
55.86708969549367,-4.114838295354572,165.0,55.9265186267864,-4.256321117900257,69,17.5,1116
55.86708969549367,-4.114838295354572,165.0,55.90353118048908,-4.119171950823842,70,8.829,831
55.86708969549367,-4.114838295354572,165.0,55.81502357146685,-4.260984914919316,71,19.651,1075
55.86708969549367,-4.114838295354572,165.0,55.894355058439295,-4.293143876300353,72,14.732,1032
55.86708969549367,-4.114838295354572,165.0,55.80246488546192,-4.242274834364847,73,20.915,1172
55.86708969549367,-4.114838295354572,165.0,55.887581813102464,-4.2985753032369685,74,14.344,1028
55.86708969549367,-4.114838295354572,165.0,55.928290955083554,-4.295962301582311,75,18.384,1116
55.86708969549367,-4.114838295354572,165.0,55.81096058143004,-4.368797105646974,76,23.071,1267
55.86708969549367,-4.114838295354572,165.0,55.84818750128869,-4.3631808239548375,77,21.806,1110
55.86708969549367,-4.114838295354572,165.0,55.81610352786554,-4.330910795148831,78,19.41,1017
55.86708969549367,-4.114838295354572,165.0,55.807034270653475,-4.136077366584948,79,15.406,923
55.86708969549367,-4.114838295354572,165.0,55.86778114631985,-4.233612892312959,80,9.193,627
55.86708969549367,-4.114838295354572,165.0,55.79578956690847,-4.368290459919509,81,28.155,2462
55.86708969549367,-4.114838295354572,165.0,55.897877306124535,-4.077031107370425,82,8.216,1109
55.86708969549367,-4.114838295354572,165.0,55.80721289582252,-4.242612882195534,83,20.138,1123
55.86708969549367,-4.114838295354572,165.0,55.92209393969709,-4.157940141970138,84,12.792,849
55.86708969549367,-4.114838295354572,165.0,55.79188265083702,-4.28147512844989,85,24.415,1324
55.86708969549367,-4.114838295354572,165.0,55.88043814367632,-4.104360473798184,86,4.351,310
55.86708969549367,-4.114838295354572,165.0,55.90345994988174,-4.293652184560058,87,17.159,1158
55.86708969549367,-4.114838295354572,165.0,55.91230525016259,-4.108196424937476,88,9.623,740
55.86708969549367,-4.114838295354572,165.0,55.90569137930351,-4.3852429216612405,89,20.126,1434
55.86708969549367,-4.114838295354572,165.0,55.824402119970216,-4.298242138123909,90,17.877,1024
55.86708969549367,-4.114838295354572,165.0,55.887104625653905,-4.201059285828647,91,8.481,710
55.86708969549367,-4.114838295354572,165.0,55.92006797200308,-4.195257422106852,92,13.782,857
55.86708969549367,-4.114838295354572,165.0,55.7944551107823,-4.1683749063061635,93,16.51,1409
55.86708969549367,-4.114838295354572,165.0,55.88003873447475,-4.304350182381346,94,13.677,936
55.86708969549367,-4.114838295354572,165.0,55.88308048053683,-4.2942103285768285,95,13.277,910
55.86708969549367,-4.114838295354572,165.0,55.80779271908626,-4.3234306371549245,96,20.681,1149
55.86708969549367,-4.114838295354572,165.0,55.90123467399992,-4.380968632189907,97,23.279,1610
55.86708969549367,-4.114838295354572,165.0,55.88049231589054,-4.293733205570284,98,13.179,900
55.86708969549367,-4.114838295354572,165.0,55.84697147961761,-4.334108806216461,99,17.282,1024
55.86708969549367,-4.114838295354572,165.0,55.83067141211495,-4.195633651932574,100,14.303,790
55.86708969549367,-4.114838295354572,165.0,55.89350845984679,-4.099445363541155,101,7.294,541
55.86708969549367,-4.114838295354572,165.0,55.92592408664018,-4.179171340754611,102,13.053,895
55.86708969549367,-4.114838295354572,165.0,55.84941827409408,-4.169566750359822,103,5.404,570
55.86708969549367,-4.114838295354572,165.0,55.92413375575165,-4.226670311636797,104,14.209,1736
55.86708969549367,-4.114838295354572,165.0,55.88995713457192,-4.285031242761631,105,13.672,934
55.86708969549367,-4.114838295354572,165.0,55.90528066541109,-4.131569818675147,106,11.164,749
55.86708969549367,-4.114838295354572,165.0,55.87850608392288,-4.103517886631066,107,4.682,343
55.86708969549367,-4.114838295354572,165.0,55.80799405798939,-4.284953473560454,108,19.18,1279
55.86708969549367,-4.114838295354572,165.0,55.906815669822045,-4.385279074380807,109,19.437,1349
55.86708969549367,-4.114838295354572,165.0,55.916237634416454,-4.222407816066865,110,13.045,960
55.86708969549367,-4.114838295354572,165.0,55.915798955837815,-4.088621086891774,111,11.161,693
55.86708969549367,-4.114838295354572,165.0,55.827538479175395,-4.350653065976025,112,19.754,1108
55.86708969549367,-4.114838295354572,165.0,55.799515288981674,-4.0866627646338864,113,15.896,869
55.86708969549367,-4.114838295354572,165.0,55.831024245961984,-4.244756518165482,114,17.255,847
55.86708969549367,-4.114838295354572,165.0,55.86754360554833,-4.2143078261423845,115,7.866,612
55.86708969549367,-4.114838295354572,165.0,55.8574985965699,-4.1521224561179935,116,3.662,375
55.86708969549367,-4.114838295354572,165.0,55.88095643501817,-4.32811659177277,117,16.896,992
55.86708969549367,-4.114838295354572,165.0,55.85240433608213,-4.177570445500026,118,5.682,584
55.86708969549367,-4.114838295354572,165.0,55.91169549549074,-4.359708873069638,119,19.828,1414
55.86708969549367,-4.114838295354572,165.0,55.92640787519779,-4.300990956079843,120,18.832,1165
55.86708969549367,-4.114838295354572,165.0,55.84019197366069,-4.205566157974415,121,15.623,941
55.86708969549367,-4.114838295354572,165.0,55.866619942939494,-4.268153778778456,122,11.14,744
55.86708969549367,-4.114838295354572,165.0,55.81327411986783,-4.2587495402872255,123,19.63,1085
55.86708969549367,-4.114838295354572,165.0,55.86022660117776,-4.154711133590585,124,4.097,386
55.86708969549367,-4.114838295354572,165.0,55.831522729053496,-4.370420634377527,125,21.808,1278
55.86708969549367,-4.114838295354572,165.0,55.84074346341779,-4.172411658039648,126,12.363,679
55.86708969549367,-4.114838295354572,165.0,55.8801412435821,-4.258666277618953,127,11.416,758
55.86708969549367,-4.114838295354572,165.0,55.8434159429892,-4.1056733307349536,128,9.174,607
55.86708969549367,-4.114838295354572,165.0,55.83522057783537,-4.25736952395694,129,17.789,944
55.86708969549367,-4.114838295354572,165.0,55.86467774065618,-4.2250953414252415,130,9.086,530
55.86708969549367,-4.114838295354572,165.0,55.8953662249987,-4.231143624453162,131,12.31,823
55.86708969549367,-4.114838295354572,165.0,55.81920459649808,-4.236238450921302,132,19.358,997
55.86708969549367,-4.114838295354572,165.0,55.900795402502105,-4.206009410292495,133,10.108,802
55.86708969549367,-4.114838295354572,165.0,55.86078490474355,-4.339631469507248,134,19.651,1106
55.86708969549367,-4.114838295354572,165.0,55.924999437053955,-4.191173279124663,135,13.531,848
55.86708969549367,-4.114838295354572,165.0,55.81549096669224,-4.126910343137958,136,14.236,894
55.86708969549367,-4.114838295354572,165.0,55.90135585493081,-4.207622057499793,137,10.107,780
55.86708969549367,-4.114838295354572,165.0,55.845816555475636,-4.129576488296543,138,4.457,445
55.86708969549367,-4.114838295354572,165.0,55.80470047644827,-4.291960781118721,139,19.207,1257
55.86708969549367,-4.114838295354572,165.0,55.89185394491289,-4.179857587296262,140,9.311,579
55.86708969549367,-4.114838295354572,165.0,55.91859399996558,-4.3401659608951215,141,18.694,1264
55.86708969549367,-4.114838295354572,165.0,55.90671476836246,-4.3642865107142725,142,19.915,1386
55.86708969549367,-4.114838295354572,165.0,55.81273399651921,-4.167613047894911,143,13.839,776
55.86708969549367,-4.114838295354572,165.0,55.80939871413575,-4.276056954355674,144,20.806,1200
55.86708969549367,-4.114838295354572,165.0,55.88312869327199,-4.214542892826467,145,8.108,681
55.86708969549367,-4.114838295354572,165.0,55.815340374954424,-4.283514492524949,146,18.082,1128
55.86708969549367,-4.114838295354572,165.0,55.87864379034378,-4.080636908866371,147,7.536,462
55.86708969549367,-4.114838295354572,165.0,55.89423440492952,-4.2418874418647645,148,12.873,907
55.86708969549367,-4.114838295354572,165.0,55.92796852989922,-4.305970400193036,149,18.96,1188
55.86708969549367,-4.114838295354572,165.0,55.92895153496988,-4.082888064137351,150,12.119,701
55.86708969549367,-4.114838295354572,165.0,55.790766759429424,-4.135285962371055,151,17.534,979
55.86708969549367,-4.114838295354572,165.0,55.80808041573422,-4.184105792933229,152,15.318,892
55.86708969549367,-4.114838295354572,165.0,55.7982747224006,-4.3931924101572655,153,23.879,1362
55.86708969549367,-4.114838295354572,165.0,55.81178474630603,-4.337962602706185,154,20.477,1123
55.86708969549367,-4.114838295354572,165.0,55.852972007756,-4.353957895039277,155,18.85,1110
55.86708969549367,-4.114838295354572,165.0,55.797152036890715,-4.311451416173846,156,22.449,1197
55.86708969549367,-4.114838295354572,165.0,55.84839482833289,-4.1889265673730645,157,7.594,725
55.86708969549367,-4.114838295354572,165.0,55.86383954752864,-4.387927326091926,158,24.442,1137
55.86708969549367,-4.114838295354572,165.0,55.807182357875575,-4.140487806234959,159,15.083,898
55.86708969549367,-4.114838295354572,165.0,55.8296607577131,-4.218765551358871,160,15.4,867
55.86708969549367,-4.114838295354572,165.0,55.82699494590622,-4.295404959002084,161,17.913,1001
55.86708969549367,-4.114838295354572,165.0,55.861248665443505,-4.307186036515638,162,17.553,1036
55.86708969549367,-4.114838295354572,165.0,55.897857165570365,-4.156645648865112,163,10.787,615
55.86708969549367,-4.114838295354572,165.0,55.877747555317356,-4.342792329217214,164,17.494,1098
55.86708969549367,-4.114838295354572,165.0,55.92259641850896,-4.389236283866068,165,22.693,1470
55.86708969549367,-4.114838295354572,165.0,55.92621339590465,-4.2820478996479165,166,17.284,1065
55.86708969549367,-4.114838295354572,165.0,55.80660612206145,-4.094012410496262,167,13.221,895
55.86708969549367,-4.114838295354572,165.0,55.84605439624201,-4.09192094471571,168,5.318,314
55.86708969549367,-4.114838295354572,165.0,55.83961965364386,-4.1201104741133365,169,6.063,516
55.86708969549367,-4.114838295354572,165.0,55.85030951683019,-4.217608837338132,170,9.121,789
55.86708969549367,-4.114838295354572,165.0,55.85971342373431,-4.246748195156407,171,9.799,677
55.86708969549367,-4.114838295354572,165.0,55.815747728441636,-4.150792968910081,172,13.953,795
55.86708969549367,-4.114838295354572,165.0,55.80041195127493,-4.3806303679601495,173,23.295,1315
55.86708969549367,-4.114838295354572,165.0,55.85487415463933,-4.092829020720908,174,5.128,315
55.86708969549367,-4.114838295354572,165.0,55.80456076444065,-4.203157873727267,175,18.001,1037
55.86708969549367,-4.114838295354572,165.0,55.84723005082115,-4.330151260440624,176,16.803,967
55.86708969549367,-4.114838295354572,165.0,55.88775631668876,-4.123428423568879,177,10.492,751
55.86708969549367,-4.114838295354572,165.0,55.82857385936083,-4.129579652409029,178,13.843,873
55.86708969549367,-4.114838295354572,165.0,55.879865395443076,-4.36272007519476,179,18.402,1124
55.86708969549367,-4.114838295354572,165.0,55.87973669437185,-4.215636550296907,180,8.824,777
55.86708969549367,-4.114838295354572,165.0,55.8162521393249,-4.1868605517933455,181,14.426,890
55.86708969549367,-4.114838295354572,165.0,55.80755514535402,-4.201625161718038,182,17.754,1004
55.86708969549367,-4.114838295354572,165.0,55.85565398843102,-4.250533808562208,183,10.613,832
55.86708969549367,-4.114838295354572,165.0,55.929636326069506,-4.381100658166308,184,21.755,1430
55.86708969549367,-4.114838295354572,165.0,55.879581066995904,-4.21986165885879,185,9.009,811
55.86708969549367,-4.114838295354572,165.0,55.92647877645629,-4.127886630011083,186,11.735,886
55.86708969549367,-4.114838295354572,165.0,55.82282427264178,-4.371094162561755,187,20.944,1201
55.86708969549367,-4.114838295354572,165.0,55.90291353127043,-4.3414180899754955,188,17.062,1280
55.86708969549367,-4.114838295354572,165.0,55.78437024600116,-4.156926419796477,189,21.125,1032
55.86708969549367,-4.114838295354572,165.0,55.8321542449311,-4.1561720476648265,190,11.422,649
55.86708969549367,-4.114838295354572,165.0,55.88310705812362,-4.084862107847263,191,6.748,443
55.86708969549367,-4.114838295354572,165.0,55.85616333886266,-4.110333739241922,192,1.914,245
55.86708969549367,-4.114838295354572,165.0,55.90185178498145,-4.152652007721208,193,12.58,1259
55.86708969549367,-4.114838295354572,165.0,55.8837118458465,-4.182392741162416,194,8.678,1462
55.86708969549367,-4.114838295354572,165.0,55.83086049774818,-4.312434105301623,195,18.847,1105
55.86708969549367,-4.114838295354572,165.0,55.821849459706755,-4.176208567338996,196,13.306,733
55.86708969549367,-4.114838295354572,165.0,55.88009750494633,-4.255964552703097,197,11.102,737
55.86708969549367,-4.114838295354572,165.0,55.87413911675089,-4.369807111055967,198,20.444,1027
55.86708969549367,-4.114838295354572,165.0,55.86354071984154,-4.093406384811447,199,1.979,247
55.884794375936025,-4.246208759347156,166.0,55.8391698042901,-4.214478482526657,0,8.365,870
55.884794375936025,-4.246208759347156,166.0,55.86553667472969,-4.350500876963486,1,13.583,911
55.884794375936025,-4.246208759347156,166.0,55.912892829643965,-4.286410947894997,2,6.731,1378
55.884794375936025,-4.246208759347156,166.0,55.84854019346565,-4.391697428307927,3,13.014,1132
55.884794375936025,-4.246208759347156,166.0,55.79232875093524,-4.310455024670266,4,15.505,1111
55.884794375936025,-4.246208759347156,166.0,55.837143362020576,-4.120043492886959,5,16.09,992
55.884794375936025,-4.246208759347156,166.0,55.84185129809378,-4.283879851305767,6,10.185,861
55.884794375936025,-4.246208759347156,166.0,55.90609664927746,-4.311383718964596,7,6.668,644
55.884794375936025,-4.246208759347156,166.0,55.7832172019226,-4.31249791159531,8,17.093,1169
55.884794375936025,-4.246208759347156,166.0,55.8177258987159,-4.260489243356555,9,10.191,1053
55.884794375936025,-4.246208759347156,166.0,55.903262790870684,-4.212111703691823,10,4.44,521
55.884794375936025,-4.246208759347156,166.0,55.893978813107424,-4.1413270988368325,11,10.519,862
55.884794375936025,-4.246208759347156,166.0,55.894884622950286,-4.154349650804189,12,10.658,758
55.884794375936025,-4.246208759347156,166.0,55.80680963785043,-4.263605759417426,13,12.827,1266
55.884794375936025,-4.246208759347156,166.0,55.81824312166051,-4.346878846315483,14,12.668,1025
55.884794375936025,-4.246208759347156,166.0,55.84742656229786,-4.269221405976544,15,6.661,748
55.884794375936025,-4.246208759347156,166.0,55.80730424868546,-4.315177272898423,16,12.374,1010
55.884794375936025,-4.246208759347156,166.0,55.83798278877758,-4.260604018644594,17,7.561,828
55.884794375936025,-4.246208759347156,166.0,55.89424631095569,-4.343398240721316,18,8.009,817
55.884794375936025,-4.246208759347156,166.0,55.83908093533876,-4.223069302141199,19,7.812,896
55.884794375936025,-4.246208759347156,166.0,55.8357731433788,-4.270556349194068,20,7.465,760
55.884794375936025,-4.246208759347156,166.0,55.90309627527835,-4.360750370095284,21,10.182,936
55.884794375936025,-4.246208759347156,166.0,55.85652103589449,-4.101365743428073,22,13.067,805
55.884794375936025,-4.246208759347156,166.0,55.783736419963375,-4.235306054793451,23,14.251,1344
55.884794375936025,-4.246208759347156,166.0,55.92064824587275,-4.2358362157531895,24,7.647,484
55.884794375936025,-4.246208759347156,166.0,55.907674892744176,-4.2497703459088045,25,4.317,1547
55.884794375936025,-4.246208759347156,166.0,55.919604340921964,-4.226208116301384,26,5.489,515
55.884794375936025,-4.246208759347156,166.0,55.83219148710444,-4.304581930326681,27,11.546,1051
55.884794375936025,-4.246208759347156,166.0,55.79569701419853,-4.1769099124482585,28,14.456,1289
55.884794375936025,-4.246208759347156,166.0,55.81260197667657,-4.197841211154324,29,11.867,1156
55.884794375936025,-4.246208759347156,166.0,55.826092940761974,-4.176919409292903,30,12.747,1064
55.884794375936025,-4.246208759347156,166.0,55.828413149208096,-4.109650878166438,31,20.013,1150
55.884794375936025,-4.246208759347156,166.0,55.8999241737755,-4.257993823533507,32,3.18,357
55.884794375936025,-4.246208759347156,166.0,55.892514250678616,-4.340118142906542,33,8.038,829
55.884794375936025,-4.246208759347156,166.0,55.855241629670886,-4.269936069312288,34,4.505,489
55.884794375936025,-4.246208759347156,166.0,55.877364911629314,-4.109701193625618,35,13.468,906
55.884794375936025,-4.246208759347156,166.0,55.887053111734645,-4.1280531391159245,36,11.524,869
55.884794375936025,-4.246208759347156,166.0,55.89108676863447,-4.105446803942431,37,13.257,1175
55.884794375936025,-4.246208759347156,166.0,55.842635153466425,-4.334387903339716,38,9.451,839
55.884794375936025,-4.246208759347156,166.0,55.89197542936556,-4.19614108945253,39,5.14,500
55.884794375936025,-4.246208759347156,166.0,55.825849135803445,-4.321179033230789,40,9.724,952
55.884794375936025,-4.246208759347156,166.0,55.81864602215581,-4.375055705699034,41,13.697,1034
55.884794375936025,-4.246208759347156,166.0,55.92613065482397,-4.212698358862173,42,5.951,568
55.884794375936025,-4.246208759347156,166.0,55.874439929608144,-4.279689658904073,43,5.284,597
55.884794375936025,-4.246208759347156,166.0,55.81998166828728,-4.245455535821837,44,9.671,959
55.884794375936025,-4.246208759347156,166.0,55.91066980601156,-4.213502644426629,45,4.903,519
55.884794375936025,-4.246208759347156,166.0,55.8404807486866,-4.356656090229781,46,13.103,1106
55.884794375936025,-4.246208759347156,166.0,55.88708229912325,-4.079055837843032,47,16.312,1038
55.884794375936025,-4.246208759347156,166.0,55.84510555179576,-4.178720975321847,48,9.273,939
55.884794375936025,-4.246208759347156,166.0,55.84413340760586,-4.085244529493477,49,17.566,1338
55.884794375936025,-4.246208759347156,166.0,55.83324217210475,-4.157183908594519,50,11.395,1087
55.884794375936025,-4.246208759347156,166.0,55.895753278756494,-4.323131413571223,51,7.17,765
55.884794375936025,-4.246208759347156,166.0,55.88609925330935,-4.38354364327563,52,14.616,979
55.884794375936025,-4.246208759347156,166.0,55.86596770908397,-4.338853955125049,53,11.399,860
55.884794375936025,-4.246208759347156,166.0,55.819381988004544,-4.256567679373081,54,9.921,1074
55.884794375936025,-4.246208759347156,166.0,55.919398785577634,-4.298102785445152,55,7.007,1057
55.884794375936025,-4.246208759347156,166.0,55.81052481551728,-4.0780884232687225,56,22.812,2298
55.884794375936025,-4.246208759347156,166.0,55.8411814367945,-4.125490362928665,57,18.094,1046
55.884794375936025,-4.246208759347156,166.0,55.844855881791794,-4.151320272286683,58,11.1,1056
55.884794375936025,-4.246208759347156,166.0,55.79334532620707,-4.3052187624925375,59,15.836,1117
55.884794375936025,-4.246208759347156,166.0,55.78499644933002,-4.082518262203789,60,24.702,1224
55.884794375936025,-4.246208759347156,166.0,55.86482365717543,-4.074666870071637,61,15.333,1022
55.884794375936025,-4.246208759347156,166.0,55.910543969585106,-4.384534109666136,62,15.758,1130
55.884794375936025,-4.246208759347156,166.0,55.799715679086134,-4.188568421733812,63,14.438,1447
55.884794375936025,-4.246208759347156,166.0,55.90005630083831,-4.294022887833187,64,6.989,592
55.884794375936025,-4.246208759347156,166.0,55.82573931186619,-4.210157383495828,65,9.924,971
55.884794375936025,-4.246208759347156,166.0,55.88010014610652,-4.288014027401103,66,4.461,578
55.884794375936025,-4.246208759347156,166.0,55.8836463272421,-4.377148406451105,67,14.386,1057
55.884794375936025,-4.246208759347156,166.0,55.80511293548626,-4.195982430231648,68,12.847,1231
55.884794375936025,-4.246208759347156,166.0,55.9265186267864,-4.256321117900257,69,6.545,472
55.884794375936025,-4.246208759347156,166.0,55.90353118048908,-4.119171950823842,70,13.333,1132
55.884794375936025,-4.246208759347156,166.0,55.81502357146685,-4.260984914919316,71,10.548,1088
55.884794375936025,-4.246208759347156,166.0,55.894355058439295,-4.293143876300353,72,5.03,526
55.884794375936025,-4.246208759347156,166.0,55.80246488546192,-4.242274834364847,73,11.812,1184
55.884794375936025,-4.246208759347156,166.0,55.887581813102464,-4.2985753032369685,74,4.642,522
55.884794375936025,-4.246208759347156,166.0,55.928290955083554,-4.295962301582311,75,7.429,472
55.884794375936025,-4.246208759347156,166.0,55.81096058143004,-4.368797105646974,76,15.354,1116
55.884794375936025,-4.246208759347156,166.0,55.84818750128869,-4.3631808239548375,77,14.089,958
55.884794375936025,-4.246208759347156,166.0,55.81610352786554,-4.330910795148831,78,11.693,865
55.884794375936025,-4.246208759347156,166.0,55.807034270653475,-4.136077366584948,79,15.981,1315
55.884794375936025,-4.246208759347156,166.0,55.86778114631985,-4.233612892312959,80,3.625,440
55.884794375936025,-4.246208759347156,166.0,55.79578956690847,-4.368290459919509,81,20.438,2310
55.884794375936025,-4.246208759347156,166.0,55.897877306124535,-4.077031107370425,82,15.048,1642
55.884794375936025,-4.246208759347156,166.0,55.80721289582252,-4.242612882195534,83,11.035,1136
55.884794375936025,-4.246208759347156,166.0,55.92209393969709,-4.157940141970138,84,10.119,749
55.884794375936025,-4.246208759347156,166.0,55.79188265083702,-4.28147512844989,85,16.698,1172
55.884794375936025,-4.246208759347156,166.0,55.88043814367632,-4.104360473798184,86,13.28,866
55.884794375936025,-4.246208759347156,166.0,55.90345994988174,-4.293652184560058,87,6.204,513
55.884794375936025,-4.246208759347156,166.0,55.91230525016259,-4.108196424937476,88,14.357,1041
55.884794375936025,-4.246208759347156,166.0,55.90569137930351,-4.3852429216612405,89,11.904,1140
55.884794375936025,-4.246208759347156,166.0,55.824402119970216,-4.298242138123909,90,10.16,873
55.884794375936025,-4.246208759347156,166.0,55.887104625653905,-4.201059285828647,91,5.341,599
55.884794375936025,-4.246208759347156,166.0,55.92006797200308,-4.195257422106852,92,6.797,546
55.884794375936025,-4.246208759347156,166.0,55.7944551107823,-4.1683749063061635,93,14.586,1723
55.884794375936025,-4.246208759347156,166.0,55.88003873447475,-4.304350182381346,94,5.455,612
55.884794375936025,-4.246208759347156,166.0,55.88308048053683,-4.2942103285768285,95,4.479,562
55.884794375936025,-4.246208759347156,166.0,55.80779271908626,-4.3234306371549245,96,12.964,997
55.884794375936025,-4.246208759347156,166.0,55.90123467399992,-4.380968632189907,97,14.634,1411
55.884794375936025,-4.246208759347156,166.0,55.88049231589054,-4.293733205570284,98,4.957,576
55.884794375936025,-4.246208759347156,166.0,55.84697147961761,-4.334108806216461,99,9.565,872
55.884794375936025,-4.246208759347156,166.0,55.83067141211495,-4.195633651932574,100,11.557,943
55.884794375936025,-4.246208759347156,166.0,55.89350845984679,-4.099445363541155,101,13.072,1007
55.884794375936025,-4.246208759347156,166.0,55.92592408664018,-4.179171340754611,102,8.968,688
55.884794375936025,-4.246208759347156,166.0,55.84941827409408,-4.169566750359822,103,9.059,924
55.884794375936025,-4.246208759347156,166.0,55.92413375575165,-4.226670311636797,104,7.166,1310
55.884794375936025,-4.246208759347156,166.0,55.88995713457192,-4.285031242761631,105,3.97,429
55.884794375936025,-4.246208759347156,166.0,55.90528066541109,-4.131569818675147,106,10.695,769
55.884794375936025,-4.246208759347156,166.0,55.87850608392288,-4.103517886631066,107,13.611,899
55.884794375936025,-4.246208759347156,166.0,55.80799405798939,-4.284953473560454,108,11.463,1127
55.884794375936025,-4.246208759347156,166.0,55.906815669822045,-4.385279074380807,109,11.215,1055
55.884794375936025,-4.246208759347156,166.0,55.916237634416454,-4.222407816066865,110,5.404,503
55.884794375936025,-4.246208759347156,166.0,55.915798955837815,-4.088621086891774,111,15.075,1076
55.884794375936025,-4.246208759347156,166.0,55.827538479175395,-4.350653065976025,112,12.037,956
55.884794375936025,-4.246208759347156,166.0,55.799515288981674,-4.0866627646338864,113,25.072,1337
55.884794375936025,-4.246208759347156,166.0,55.831024245961984,-4.244756518165482,114,8.272,867
55.884794375936025,-4.246208759347156,166.0,55.86754360554833,-4.2143078261423845,115,4.866,599
55.884794375936025,-4.246208759347156,166.0,55.8574985965699,-4.1521224561179935,116,10.977,849
55.884794375936025,-4.246208759347156,166.0,55.88095643501817,-4.32811659177277,117,8.251,793
55.884794375936025,-4.246208759347156,166.0,55.85240433608213,-4.177570445500026,118,8.344,796
55.884794375936025,-4.246208759347156,166.0,55.91169549549074,-4.359708873069638,119,10.126,927
55.884794375936025,-4.246208759347156,166.0,55.92640787519779,-4.300990956079843,120,7.877,521
55.884794375936025,-4.246208759347156,166.0,55.84019197366069,-4.205566157974415,121,8.851,968
55.884794375936025,-4.246208759347156,166.0,55.866619942939494,-4.268153778778456,122,6.174,648
55.884794375936025,-4.246208759347156,166.0,55.81327411986783,-4.2587495402872255,123,10.527,1097
55.884794375936025,-4.246208759347156,166.0,55.86022660117776,-4.154711133590585,124,10.194,776
55.884794375936025,-4.246208759347156,166.0,55.831522729053496,-4.370420634377527,125,14.091,1126
55.884794375936025,-4.246208759347156,166.0,55.84074346341779,-4.172411658039648,126,10.343,986
55.884794375936025,-4.246208759347156,166.0,55.8801412435821,-4.258666277618953,127,1.227,247
55.884794375936025,-4.246208759347156,166.0,55.8434159429892,-4.1056733307349536,128,18.35,1074
55.884794375936025,-4.246208759347156,166.0,55.83522057783537,-4.25736952395694,129,7.535,830
55.884794375936025,-4.246208759347156,166.0,55.86467774065618,-4.2250953414252415,130,4.406,446
55.884794375936025,-4.246208759347156,166.0,55.8953662249987,-4.231143624453162,131,2.591,314
55.884794375936025,-4.246208759347156,166.0,55.81920459649808,-4.236238450921302,132,10.255,1009
55.884794375936025,-4.246208759347156,166.0,55.900795402502105,-4.206009410292495,133,4.758,509
55.884794375936025,-4.246208759347156,166.0,55.86078490474355,-4.339631469507248,134,11.934,955
55.884794375936025,-4.246208759347156,166.0,55.924999437053955,-4.191173279124663,135,7.048,555
55.884794375936025,-4.246208759347156,166.0,55.81549096669224,-4.126910343137958,136,23.412,1362
55.884794375936025,-4.246208759347156,166.0,55.90135585493081,-4.207622057499793,137,4.757,486
55.884794375936025,-4.246208759347156,166.0,55.845816555475636,-4.129576488296543,138,14.167,1018
55.884794375936025,-4.246208759347156,166.0,55.80470047644827,-4.291960781118721,139,11.49,1105
55.884794375936025,-4.246208759347156,166.0,55.89185394491289,-4.179857587296262,140,6.374,611
55.884794375936025,-4.246208759347156,166.0,55.91859399996558,-4.3401659608951215,141,10.638,731
55.884794375936025,-4.246208759347156,166.0,55.90671476836246,-4.3642865107142725,142,10.213,899
55.884794375936025,-4.246208759347156,166.0,55.81273399651921,-4.167613047894911,143,14.03,1126
55.884794375936025,-4.246208759347156,166.0,55.80939871413575,-4.276056954355674,144,11.371,1091
55.884794375936025,-4.246208759347156,166.0,55.88312869327199,-4.214542892826467,145,2.642,452
55.884794375936025,-4.246208759347156,166.0,55.815340374954424,-4.283514492524949,146,10.365,976
55.884794375936025,-4.246208759347156,166.0,55.87864379034378,-4.080636908866371,147,17.292,1073
55.884794375936025,-4.246208759347156,166.0,55.89423440492952,-4.2418874418647645,148,2.243,364
55.884794375936025,-4.246208759347156,166.0,55.92796852989922,-4.305970400193036,149,8.005,544
55.884794375936025,-4.246208759347156,166.0,55.92895153496988,-4.082888064137351,150,17.142,1036
55.884794375936025,-4.246208759347156,166.0,55.790766759429424,-4.135285962371055,151,17.011,1364
55.884794375936025,-4.246208759347156,166.0,55.80808041573422,-4.184105792933229,152,12.641,1162
55.884794375936025,-4.246208759347156,166.0,55.7982747224006,-4.3931924101572655,153,16.162,1210
55.884794375936025,-4.246208759347156,166.0,55.81178474630603,-4.337962602706185,154,12.76,971
55.884794375936025,-4.246208759347156,166.0,55.852972007756,-4.353957895039277,155,11.133,958
55.884794375936025,-4.246208759347156,166.0,55.797152036890715,-4.311451416173846,156,14.732,1045
55.884794375936025,-4.246208759347156,166.0,55.84839482833289,-4.1889265673730645,157,8.088,813
55.884794375936025,-4.246208759347156,166.0,55.86383954752864,-4.387927326091926,158,16.725,985
55.884794375936025,-4.246208759347156,166.0,55.807182357875575,-4.140487806234959,159,15.658,1290
55.884794375936025,-4.246208759347156,166.0,55.8296607577131,-4.218765551358871,160,9.254,1004
55.884794375936025,-4.246208759347156,166.0,55.82699494590622,-4.295404959002084,161,10.196,849
55.884794375936025,-4.246208759347156,166.0,55.861248665443505,-4.307186036515638,162,9.836,884
55.884794375936025,-4.246208759347156,166.0,55.897857165570365,-4.156645648865112,163,7.911,664
55.884794375936025,-4.246208759347156,166.0,55.877747555317356,-4.342792329217214,164,8.849,899
55.884794375936025,-4.246208759347156,166.0,55.92259641850896,-4.389236283866068,165,14.637,935
55.884794375936025,-4.246208759347156,166.0,55.92621339590465,-4.2820478996479165,166,6.329,420
55.884794375936025,-4.246208759347156,166.0,55.80660612206145,-4.094012410496262,167,22.397,1362
55.884794375936025,-4.246208759347156,166.0,55.84605439624201,-4.09192094471571,168,14.494,782
55.884794375936025,-4.246208759347156,166.0,55.83961965364386,-4.1201104741133365,169,17.701,973
55.884794375936025,-4.246208759347156,166.0,55.85030951683019,-4.217608837338132,170,6.838,730
55.884794375936025,-4.246208759347156,166.0,55.85971342373431,-4.246748195156407,171,4.775,544
55.884794375936025,-4.246208759347156,166.0,55.815747728441636,-4.150792968910081,172,14.528,1187
55.884794375936025,-4.246208759347156,166.0,55.80041195127493,-4.3806303679601495,173,15.578,1163
55.884794375936025,-4.246208759347156,166.0,55.85487415463933,-4.092829020720908,174,14.304,783
55.884794375936025,-4.246208759347156,166.0,55.80456076444065,-4.203157873727267,175,12.866,1232
55.884794375936025,-4.246208759347156,166.0,55.84723005082115,-4.330151260440624,176,9.086,816
55.884794375936025,-4.246208759347156,166.0,55.88775631668876,-4.123428423568879,177,11.659,875
55.884794375936025,-4.246208759347156,166.0,55.82857385936083,-4.129579652409029,178,23.019,1341
55.884794375936025,-4.246208759347156,166.0,55.879865395443076,-4.36272007519476,179,9.757,925
55.884794375936025,-4.246208759347156,166.0,55.87973669437185,-4.215636550296907,180,3.557,477
55.884794375936025,-4.246208759347156,166.0,55.8162521393249,-4.1868605517933455,181,12.008,1144
55.884794375936025,-4.246208759347156,166.0,55.80755514535402,-4.201625161718038,182,12.619,1199
55.884794375936025,-4.246208759347156,166.0,55.85565398843102,-4.250533808562208,183,5.589,699
55.884794375936025,-4.246208759347156,166.0,55.929636326069506,-4.381100658166308,184,13.699,895
55.884794375936025,-4.246208759347156,166.0,55.879581066995904,-4.21986165885879,185,2.58,416
55.884794375936025,-4.246208759347156,166.0,55.92647877645629,-4.127886630011083,186,11.923,958
55.884794375936025,-4.246208759347156,166.0,55.82282427264178,-4.371094162561755,187,13.227,1049
55.884794375936025,-4.246208759347156,166.0,55.90291353127043,-4.3414180899754955,188,8.703,888
55.884794375936025,-4.246208759347156,166.0,55.78437024600116,-4.156926419796477,189,16.355,1379
55.884794375936025,-4.246208759347156,166.0,55.8321542449311,-4.1561720476648265,190,11.435,1100
55.884794375936025,-4.246208759347156,166.0,55.88310705812362,-4.084862107847263,191,18.558,945
55.884794375936025,-4.246208759347156,166.0,55.85616333886266,-4.110333739241922,192,13.105,827
55.884794375936025,-4.246208759347156,166.0,55.90185178498145,-4.152652007721208,193,8.455,1063
55.884794375936025,-4.246208759347156,166.0,55.8837118458465,-4.182392741162416,194,10.345,1639
55.884794375936025,-4.246208759347156,166.0,55.83086049774818,-4.312434105301623,195,11.13,954
55.884794375936025,-4.246208759347156,166.0,55.821849459706755,-4.176208567338996,196,13.158,1061
55.884794375936025,-4.246208759347156,166.0,55.88009750494633,-4.255964552703097,197,1.123,241
55.884794375936025,-4.246208759347156,166.0,55.87413911675089,-4.369807111055967,198,12.727,876
55.884794375936025,-4.246208759347156,166.0,55.86354071984154,-4.093406384811447,199,13.721,880
55.92125295964436,-4.246162397824483,167.0,55.8391698042901,-4.214478482526657,0,13.514,1038
55.92125295964436,-4.246162397824483,167.0,55.86553667472969,-4.350500876963486,1,14.483,1037
55.92125295964436,-4.246162397824483,167.0,55.912892829643965,-4.286410947894997,2,3.596,1091
55.92125295964436,-4.246162397824483,167.0,55.84854019346565,-4.391697428307927,3,18.181,1272
55.92125295964436,-4.246162397824483,167.0,55.79232875093524,-4.310455024670266,4,20.672,1250
55.92125295964436,-4.246162397824483,167.0,55.837143362020576,-4.120043492886959,5,21.257,1131
55.92125295964436,-4.246162397824483,167.0,55.84185129809378,-4.283879851305767,6,15.352,1001
55.92125295964436,-4.246162397824483,167.0,55.90609664927746,-4.311383718964596,7,7.528,436
55.92125295964436,-4.246162397824483,167.0,55.7832172019226,-4.31249791159531,8,22.26,1308
55.92125295964436,-4.246162397824483,167.0,55.8177258987159,-4.260489243356555,9,16.229,1181
55.92125295964436,-4.246162397824483,167.0,55.903262790870684,-4.212111703691823,10,4.151,401
55.92125295964436,-4.246162397824483,167.0,55.893978813107424,-4.1413270988368325,11,11.731,729
55.92125295964436,-4.246162397824483,167.0,55.894884622950286,-4.154349650804189,12,11.323,598
55.92125295964436,-4.246162397824483,167.0,55.80680963785043,-4.263605759417426,13,17.994,1405
55.92125295964436,-4.246162397824483,167.0,55.81824312166051,-4.346878846315483,14,17.835,1164
55.92125295964436,-4.246162397824483,167.0,55.84742656229786,-4.269221405976544,15,11.828,888
55.92125295964436,-4.246162397824483,167.0,55.80730424868546,-4.315177272898423,16,17.541,1149
55.92125295964436,-4.246162397824483,167.0,55.83798278877758,-4.260604018644594,17,12.799,991
55.92125295964436,-4.246162397824483,167.0,55.89424631095569,-4.343398240721316,18,10.653,700
55.92125295964436,-4.246162397824483,167.0,55.83908093533876,-4.223069302141199,19,13.05,1059
55.92125295964436,-4.246162397824483,167.0,55.8357731433788,-4.270556349194068,20,12.632,899
55.92125295964436,-4.246162397824483,167.0,55.90309627527835,-4.360750370095284,21,10.191,708
55.92125295964436,-4.246162397824483,167.0,55.85652103589449,-4.101365743428073,22,18.234,945
55.92125295964436,-4.246162397824483,167.0,55.783736419963375,-4.235306054793451,23,20.289,1472
55.92125295964436,-4.246162397824483,167.0,55.92064824587275,-4.2358362157531895,24,0.862,40
55.92125295964436,-4.246162397824483,167.0,55.907674892744176,-4.2497703459088045,25,4.478,1483
55.92125295964436,-4.246162397824483,167.0,55.919604340921964,-4.226208116301384,26,3.29,242
55.92125295964436,-4.246162397824483,167.0,55.83219148710444,-4.304581930326681,27,16.713,1191
55.92125295964436,-4.246162397824483,167.0,55.79569701419853,-4.1769099124482585,28,21.973,1404
55.92125295964436,-4.246162397824483,167.0,55.81260197667657,-4.197841211154324,29,19.384,1271
55.92125295964436,-4.246162397824483,167.0,55.826092940761974,-4.176919409292903,30,17.914,1204
55.92125295964436,-4.246162397824483,167.0,55.828413149208096,-4.109650878166438,31,25.18,1290
55.92125295964436,-4.246162397824483,167.0,55.8999241737755,-4.257993823533507,32,5.289,301
55.92125295964436,-4.246162397824483,167.0,55.892514250678616,-4.340118142906542,33,10.682,705
55.92125295964436,-4.246162397824483,167.0,55.855241629670886,-4.269936069312288,34,9.672,629
55.92125295964436,-4.246162397824483,167.0,55.877364911629314,-4.109701193625618,35,17.711,1088
55.92125295964436,-4.246162397824483,167.0,55.887053111734645,-4.1280531391159245,36,12.189,709
55.92125295964436,-4.246162397824483,167.0,55.89108676863447,-4.105446803942431,37,13.922,1015
55.92125295964436,-4.246162397824483,167.0,55.842635153466425,-4.334387903339716,38,14.618,978
55.92125295964436,-4.246162397824483,167.0,55.89197542936556,-4.19614108945253,39,6.409,505
55.92125295964436,-4.246162397824483,167.0,55.825849135803445,-4.321179033230789,40,14.891,1091
55.92125295964436,-4.246162397824483,167.0,55.81864602215581,-4.375055705699034,41,18.864,1173
55.92125295964436,-4.246162397824483,167.0,55.92613065482397,-4.212698358862173,42,3.918,313
55.92125295964436,-4.246162397824483,167.0,55.874439929608144,-4.279689658904073,43,9.227,702
55.92125295964436,-4.246162397824483,167.0,55.81998166828728,-4.245455535821837,44,15.709,1086
55.92125295964436,-4.246162397824483,167.0,55.91066980601156,-4.213502644426629,45,2.99,271
55.92125295964436,-4.246162397824483,167.0,55.8404807486866,-4.356656090229781,46,18.27,1246
55.92125295964436,-4.246162397824483,167.0,55.88708229912325,-4.079055837843032,47,20.518,949
55.92125295964436,-4.246162397824483,167.0,55.84510555179576,-4.178720975321847,48,14.511,1102
55.92125295964436,-4.246162397824483,167.0,55.84413340760586,-4.085244529493477,49,22.733,1478
55.92125295964436,-4.246162397824483,167.0,55.83324217210475,-4.157183908594519,50,25.725,1242
55.92125295964436,-4.246162397824483,167.0,55.895753278756494,-4.323131413571223,51,9.817,646
55.92125295964436,-4.246162397824483,167.0,55.88609925330935,-4.38354364327563,52,19.783,1119
55.92125295964436,-4.246162397824483,167.0,55.86596770908397,-4.338853955125049,53,13.614,961
55.92125295964436,-4.246162397824483,167.0,55.819381988004544,-4.256567679373081,54,15.159,1237
55.92125295964436,-4.246162397824483,167.0,55.919398785577634,-4.298102785445152,55,3.872,771
55.92125295964436,-4.246162397824483,167.0,55.81052481551728,-4.0780884232687225,56,27.979,2437
55.92125295964436,-4.246162397824483,167.0,55.8411814367945,-4.125490362928665,57,23.261,1185
55.92125295964436,-4.246162397824483,167.0,55.844855881791794,-4.151320272286683,58,18.363,1203
55.92125295964436,-4.246162397824483,167.0,55.79334532620707,-4.3052187624925375,59,21.003,1257
55.92125295964436,-4.246162397824483,167.0,55.78499644933002,-4.082518262203789,60,29.869,1364
55.92125295964436,-4.246162397824483,167.0,55.86482365717543,-4.074666870071637,61,20.5,1162
55.92125295964436,-4.246162397824483,167.0,55.910543969585106,-4.384534109666136,62,12.623,844
55.92125295964436,-4.246162397824483,167.0,55.799715679086134,-4.188568421733812,63,21.955,1562
55.92125295964436,-4.246162397824483,167.0,55.90005630083831,-4.294022887833187,64,5.444,362
55.92125295964436,-4.246162397824483,167.0,55.82573931186619,-4.210157383495828,65,17.441,1086
55.92125295964436,-4.246162397824483,167.0,55.88010014610652,-4.288014027401103,66,7.765,606
55.92125295964436,-4.246162397824483,167.0,55.8836463272421,-4.377148406451105,67,19.553,1196
55.92125295964436,-4.246162397824483,167.0,55.80511293548626,-4.195982430231648,68,20.364,1346
55.92125295964436,-4.246162397824483,167.0,55.9265186267864,-4.256321117900257,69,1.364,90
55.92125295964436,-4.246162397824483,167.0,55.90353118048908,-4.119171950823842,70,12.59,931
55.92125295964436,-4.246162397824483,167.0,55.81502357146685,-4.260984914919316,71,16.586,1215
55.92125295964436,-4.246162397824483,167.0,55.894355058439295,-4.293143876300353,72,6.492,447
55.92125295964436,-4.246162397824483,167.0,55.80246488546192,-4.242274834364847,73,17.85,1312
55.92125295964436,-4.246162397824483,167.0,55.887581813102464,-4.2985753032369685,74,7.102,516
55.92125295964436,-4.246162397824483,167.0,55.928290955083554,-4.295962301582311,75,4.294,186
55.92125295964436,-4.246162397824483,167.0,55.81096058143004,-4.368797105646974,76,20.521,1255
55.92125295964436,-4.246162397824483,167.0,55.84818750128869,-4.3631808239548375,77,19.256,1098
55.92125295964436,-4.246162397824483,167.0,55.81610352786554,-4.330910795148831,78,16.86,1005
55.92125295964436,-4.246162397824483,167.0,55.807034270653475,-4.136077366584948,79,21.148,1455
55.92125295964436,-4.246162397824483,167.0,55.86778114631985,-4.233612892312959,80,7.767,627
55.92125295964436,-4.246162397824483,167.0,55.79578956690847,-4.368290459919509,81,25.605,2450
55.92125295964436,-4.246162397824483,167.0,55.897877306124535,-4.077031107370425,82,15.713,1482
55.92125295964436,-4.246162397824483,167.0,55.80721289582252,-4.242612882195534,83,17.073,1263
55.92125295964436,-4.246162397824483,167.0,55.92209393969709,-4.157940141970138,84,9.376,547
55.92125295964436,-4.246162397824483,167.0,55.79188265083702,-4.28147512844989,85,21.865,1312
55.92125295964436,-4.246162397824483,167.0,55.88043814367632,-4.104360473798184,86,17.021,1028
55.92125295964436,-4.246162397824483,167.0,55.90345994988174,-4.293652184560058,87,4.659,283
55.92125295964436,-4.246162397824483,167.0,55.91230525016259,-4.108196424937476,88,13.614,840
55.92125295964436,-4.246162397824483,167.0,55.90569137930351,-4.3852429216612405,89,13.559,919
55.92125295964436,-4.246162397824483,167.0,55.824402119970216,-4.298242138123909,90,15.327,1012
55.92125295964436,-4.246162397824483,167.0,55.887104625653905,-4.201059285828647,91,6.61,604
55.92125295964436,-4.246162397824483,167.0,55.92006797200308,-4.195257422106852,92,4.764,291
55.92125295964436,-4.246162397824483,167.0,55.7944551107823,-4.1683749063061635,93,22.103,1838
55.92125295964436,-4.246162397824483,167.0,55.88003873447475,-4.304350182381346,94,9.398,717
55.92125295964436,-4.246162397824483,167.0,55.88308048053683,-4.2942103285768285,95,7.783,621
55.92125295964436,-4.246162397824483,167.0,55.80779271908626,-4.3234306371549245,96,18.131,1137
55.92125295964436,-4.246162397824483,167.0,55.90123467399992,-4.380968632189907,97,16.337,1187
55.92125295964436,-4.246162397824483,167.0,55.88049231589054,-4.293733205570284,98,8.9,682
55.92125295964436,-4.246162397824483,167.0,55.84697147961761,-4.334108806216461,99,14.732,1012
55.92125295964436,-4.246162397824483,167.0,55.83067141211495,-4.195633651932574,100,16.724,1083
55.92125295964436,-4.246162397824483,167.0,55.89350845984679,-4.099445363541155,101,13.737,847
55.92125295964436,-4.246162397824483,167.0,55.92592408664018,-4.179171340754611,102,6.935,435
55.92125295964436,-4.246162397824483,167.0,55.84941827409408,-4.169566750359822,103,14.297,1087
55.92125295964436,-4.246162397824483,167.0,55.92413375575165,-4.226670311636797,104,5.133,1055
55.92125295964436,-4.246162397824483,167.0,55.88995713457192,-4.285031242761631,105,6.758,429
55.92125295964436,-4.246162397824483,167.0,55.90528066541109,-4.131569818675147,106,9.952,568
55.92125295964436,-4.246162397824483,167.0,55.87850608392288,-4.103517886631066,107,17.352,1061
55.92125295964436,-4.246162397824483,167.0,55.80799405798939,-4.284953473560454,108,16.63,1267
55.92125295964436,-4.246162397824483,167.0,55.906815669822045,-4.385279074380807,109,13.34,873
55.92125295964436,-4.246162397824483,167.0,55.916237634416454,-4.222407816066865,110,3.042,225
55.92125295964436,-4.246162397824483,167.0,55.915798955837815,-4.088621086891774,111,14.332,875
55.92125295964436,-4.246162397824483,167.0,55.827538479175395,-4.350653065976025,112,17.204,1095
55.92125295964436,-4.246162397824483,167.0,55.799515288981674,-4.0866627646338864,113,30.239,1477
55.92125295964436,-4.246162397824483,167.0,55.831024245961984,-4.244756518165482,114,14.19,987
55.92125295964436,-4.246162397824483,167.0,55.86754360554833,-4.2143078261423845,115,10.86,772
55.92125295964436,-4.246162397824483,167.0,55.8574985965699,-4.1521224561179935,116,16.144,988
55.92125295964436,-4.246162397824483,167.0,55.88095643501817,-4.32811659177277,117,10.897,745
55.92125295964436,-4.246162397824483,167.0,55.85240433608213,-4.177570445500026,118,13.582,959
55.92125295964436,-4.246162397824483,167.0,55.91169549549074,-4.359708873069638,119,10.135,700
55.92125295964436,-4.246162397824483,167.0,55.92640787519779,-4.300990956079843,120,4.742,235
55.92125295964436,-4.246162397824483,167.0,55.84019197366069,-4.205566157974415,121,14.0,1136
55.92125295964436,-4.246162397824483,167.0,55.866619942939494,-4.268153778778456,122,8.861,766
55.92125295964436,-4.246162397824483,167.0,55.81327411986783,-4.2587495402872255,123,16.565,1225
55.92125295964436,-4.246162397824483,167.0,55.86022660117776,-4.154711133590585,124,15.361,916
55.92125295964436,-4.246162397824483,167.0,55.831522729053496,-4.370420634377527,125,19.258,1266
55.92125295964436,-4.246162397824483,167.0,55.84074346341779,-4.172411658039648,126,15.581,1149
55.92125295964436,-4.246162397824483,167.0,55.8801412435821,-4.258666277618953,127,6.394,394
55.92125295964436,-4.246162397824483,167.0,55.8434159429892,-4.1056733307349536,128,23.517,1214
55.92125295964436,-4.246162397824483,167.0,55.83522057783537,-4.25736952395694,129,12.773,993
55.92125295964436,-4.246162397824483,167.0,55.86467774065618,-4.2250953414252415,130,9.644,609
55.92125295964436,-4.246162397824483,167.0,55.8953662249987,-4.231143624453162,131,4.404,357
55.92125295964436,-4.246162397824483,167.0,55.81920459649808,-4.236238450921302,132,16.293,1137
55.92125295964436,-4.246162397824483,167.0,55.900795402502105,-4.206009410292495,133,4.964,481
55.92125295964436,-4.246162397824483,167.0,55.86078490474355,-4.339631469507248,134,14.149,1056
55.92125295964436,-4.246162397824483,167.0,55.924999437053955,-4.191173279124663,135,5.015,300
55.92125295964436,-4.246162397824483,167.0,55.81549096669224,-4.126910343137958,136,28.579,1501
55.92125295964436,-4.246162397824483,167.0,55.90135585493081,-4.207622057499793,137,4.853,444
55.92125295964436,-4.246162397824483,167.0,55.845816555475636,-4.129576488296543,138,19.334,1157
55.92125295964436,-4.246162397824483,167.0,55.80470047644827,-4.291960781118721,139,16.657,1245
55.92125295964436,-4.246162397824483,167.0,55.89185394491289,-4.179857587296262,140,7.924,568
55.92125295964436,-4.246162397824483,167.0,55.91859399996558,-4.3401659608951215,141,7.503,445
55.92125295964436,-4.246162397824483,167.0,55.90671476836246,-4.3642865107142725,142,10.222,672
55.92125295964436,-4.246162397824483,167.0,55.81273399651921,-4.167613047894911,143,19.197,1265
55.92125295964436,-4.246162397824483,167.0,55.80939871413575,-4.276056954355674,144,16.538,1231
55.92125295964436,-4.246162397824483,167.0,55.88312869327199,-4.214542892826467,145,7.433,642
55.92125295964436,-4.246162397824483,167.0,55.815340374954424,-4.283514492524949,146,15.532,1116
55.92125295964436,-4.246162397824483,167.0,55.87864379034378,-4.080636908866371,147,21.431,972
55.92125295964436,-4.246162397824483,167.0,55.89423440492952,-4.2418874418647645,148,5.93,414
55.92125295964436,-4.246162397824483,167.0,55.92796852989922,-4.305970400193036,149,4.87,258
55.92125295964436,-4.246162397824483,167.0,55.92895153496988,-4.082888064137351,150,13.496,817
55.92125295964436,-4.246162397824483,167.0,55.790766759429424,-4.135285962371055,151,24.528,1479
55.92125295964436,-4.246162397824483,167.0,55.80808041573422,-4.184105792933229,152,20.158,1277
55.92125295964436,-4.246162397824483,167.0,55.7982747224006,-4.3931924101572655,153,21.329,1350
55.92125295964436,-4.246162397824483,167.0,55.81178474630603,-4.337962602706185,154,17.927,1111
55.92125295964436,-4.246162397824483,167.0,55.852972007756,-4.353957895039277,155,16.3,1097
55.92125295964436,-4.246162397824483,167.0,55.797152036890715,-4.311451416173846,156,19.899,1185
55.92125295964436,-4.246162397824483,167.0,55.84839482833289,-4.1889265673730645,157,13.326,977
55.92125295964436,-4.246162397824483,167.0,55.86383954752864,-4.387927326091926,158,21.892,1125
55.92125295964436,-4.246162397824483,167.0,55.807182357875575,-4.140487806234959,159,20.825,1430
55.92125295964436,-4.246162397824483,167.0,55.8296607577131,-4.218765551358871,160,15.61,1143
55.92125295964436,-4.246162397824483,167.0,55.82699494590622,-4.295404959002084,161,15.363,989
55.92125295964436,-4.246162397824483,167.0,55.861248665443505,-4.307186036515638,162,14.29,1027
55.92125295964436,-4.246162397824483,167.0,55.897857165570365,-4.156645648865112,163,9.461,620
55.92125295964436,-4.246162397824483,167.0,55.877747555317356,-4.342792329217214,164,12.454,952
55.92125295964436,-4.246162397824483,167.0,55.92259641850896,-4.389236283866068,165,11.502,649
55.92125295964436,-4.246162397824483,167.0,55.92621339590465,-4.2820478996479165,166,3.194,134
55.92125295964436,-4.246162397824483,167.0,55.80660612206145,-4.094012410496262,167,27.564,1502
55.92125295964436,-4.246162397824483,167.0,55.84605439624201,-4.09192094471571,168,19.661,921
55.92125295964436,-4.246162397824483,167.0,55.83961965364386,-4.1201104741133365,169,22.868,1112
55.92125295964436,-4.246162397824483,167.0,55.85030951683019,-4.217608837338132,170,12.076,893
55.92125295964436,-4.246162397824483,167.0,55.85971342373431,-4.246748195156407,171,10.013,707
55.92125295964436,-4.246162397824483,167.0,55.815747728441636,-4.150792968910081,172,19.695,1327
55.92125295964436,-4.246162397824483,167.0,55.80041195127493,-4.3806303679601495,173,20.745,1302
55.92125295964436,-4.246162397824483,167.0,55.85487415463933,-4.092829020720908,174,19.471,922
55.92125295964436,-4.246162397824483,167.0,55.80456076444065,-4.203157873727267,175,20.383,1347
55.92125295964436,-4.246162397824483,167.0,55.84723005082115,-4.330151260440624,176,14.253,955
55.92125295964436,-4.246162397824483,167.0,55.88775631668876,-4.123428423568879,177,12.324,715
55.92125295964436,-4.246162397824483,167.0,55.82857385936083,-4.129579652409029,178,28.186,1480
55.92125295964436,-4.246162397824483,167.0,55.879865395443076,-4.36272007519476,179,13.001,990
55.92125295964436,-4.246162397824483,167.0,55.87973669437185,-4.215636550296907,180,7.699,674
55.92125295964436,-4.246162397824483,167.0,55.8162521393249,-4.1868605517933455,181,18.577,1237
55.92125295964436,-4.246162397824483,167.0,55.80755514535402,-4.201625161718038,182,20.136,1314
55.92125295964436,-4.246162397824483,167.0,55.85565398843102,-4.250533808562208,183,10.827,862
55.92125295964436,-4.246162397824483,167.0,55.929636326069506,-4.381100658166308,184,10.564,608
55.92125295964436,-4.246162397824483,167.0,55.879581066995904,-4.21986165885879,185,6.797,617
55.92125295964436,-4.246162397824483,167.0,55.92647877645629,-4.127886630011083,186,11.18,756
55.92125295964436,-4.246162397824483,167.0,55.82282427264178,-4.371094162561755,187,18.394,1189
55.92125295964436,-4.246162397824483,167.0,55.90291353127043,-4.3414180899754955,188,11.35,769
55.92125295964436,-4.246162397824483,167.0,55.78437024600116,-4.156926419796477,189,23.872,1494
55.92125295964436,-4.246162397824483,167.0,55.8321542449311,-4.1561720476648265,190,25.765,1256
55.92125295964436,-4.246162397824483,167.0,55.88310705812362,-4.084862107847263,191,23.725,1084
55.92125295964436,-4.246162397824483,167.0,55.85616333886266,-4.110333739241922,192,18.272,966
55.92125295964436,-4.246162397824483,167.0,55.90185178498145,-4.152652007721208,193,8.733,956
55.92125295964436,-4.246162397824483,167.0,55.8837118458465,-4.182392741162416,194,14.599,1731
55.92125295964436,-4.246162397824483,167.0,55.83086049774818,-4.312434105301623,195,16.297,1093
55.92125295964436,-4.246162397824483,167.0,55.821849459706755,-4.176208567338996,196,18.325,1201
55.92125295964436,-4.246162397824483,167.0,55.88009750494633,-4.255964552703097,197,6.29,388
55.92125295964436,-4.246162397824483,167.0,55.87413911675089,-4.369807111055967,198,17.894,1015
55.92125295964436,-4.246162397824483,167.0,55.86354071984154,-4.093406384811447,199,18.888,1020
55.83760243231273,-4.235713875022592,168.0,55.8391698042901,-4.214478482526657,0,2.042,272
55.83760243231273,-4.235713875022592,168.0,55.86553667472969,-4.350500876963486,1,11.589,632
55.83760243231273,-4.235713875022592,168.0,55.912892829643965,-4.286410947894997,2,13.58,1974
55.83760243231273,-4.235713875022592,168.0,55.84854019346565,-4.391697428307927,3,11.02,853
55.83760243231273,-4.235713875022592,168.0,55.79232875093524,-4.310455024670266,4,8.598,809
55.83760243231273,-4.235713875022592,168.0,55.837143362020576,-4.120043492886959,5,8.435,356
55.83760243231273,-4.235713875022592,168.0,55.84185129809378,-4.283879851305767,6,3.467,455
55.83760243231273,-4.235713875022592,168.0,55.90609664927746,-4.311383718964596,7,15.734,1121
55.83760243231273,-4.235713875022592,168.0,55.7832172019226,-4.31249791159531,8,9.45,821
55.83760243231273,-4.235713875022592,168.0,55.8177258987159,-4.260489243356555,9,3.417,367
55.83760243231273,-4.235713875022592,168.0,55.903262790870684,-4.212111703691823,10,10.053,983
55.83760243231273,-4.235713875022592,168.0,55.893978813107424,-4.1413270988368325,11,9.471,962
55.83760243231273,-4.235713875022592,168.0,55.894884622950286,-4.154349650804189,12,12.366,892
55.83760243231273,-4.235713875022592,168.0,55.80680963785043,-4.263605759417426,13,5.855,634
55.83760243231273,-4.235713875022592,168.0,55.81824312166051,-4.346878846315483,14,10.648,744
55.83760243231273,-4.235713875022592,168.0,55.84742656229786,-4.269221405976544,15,3.193,439
55.83760243231273,-4.235713875022592,168.0,55.80730424868546,-4.315177272898423,16,7.227,714
55.83760243231273,-4.235713875022592,168.0,55.83798278877758,-4.260604018644594,17,1.938,269
55.83760243231273,-4.235713875022592,168.0,55.89424631095569,-4.343398240721316,18,13.405,881
55.83760243231273,-4.235713875022592,168.0,55.83908093533876,-4.223069302141199,19,1.723,278
55.83760243231273,-4.235713875022592,168.0,55.8357731433788,-4.270556349194068,20,2.622,319
55.83760243231273,-4.235713875022592,168.0,55.90309627527835,-4.360750370095284,21,15.438,1116
55.83760243231273,-4.235713875022592,168.0,55.85652103589449,-4.101365743428073,22,13.368,680
55.83760243231273,-4.235713875022592,168.0,55.783736419963375,-4.235306054793451,23,7.477,658
55.83760243231273,-4.235713875022592,168.0,55.92064824587275,-4.2358362157531895,24,11.178,964
55.83760243231273,-4.235713875022592,168.0,55.907674892744176,-4.2497703459088045,25,9.93,2009
55.83760243231273,-4.235713875022592,168.0,55.919604340921964,-4.226208116301384,26,11.102,975
55.83760243231273,-4.235713875022592,168.0,55.83219148710444,-4.304581930326681,27,6.399,755
55.83760243231273,-4.235713875022592,168.0,55.79569701419853,-4.1769099124482585,28,7.137,601
55.83760243231273,-4.235713875022592,168.0,55.81260197667657,-4.197841211154324,29,4.639,470
55.83760243231273,-4.235713875022592,168.0,55.826092940761974,-4.176919409292903,30,5.092,429
55.83760243231273,-4.235713875022592,168.0,55.828413149208096,-4.109650878166438,31,11.896,619
55.83760243231273,-4.235713875022592,168.0,55.8999241737755,-4.257993823533507,32,10.029,953
55.83760243231273,-4.235713875022592,168.0,55.892514250678616,-4.340118142906542,33,13.434,893
55.83760243231273,-4.235713875022592,168.0,55.855241629670886,-4.269936069312288,34,5.896,560
55.83760243231273,-4.235713875022592,168.0,55.877364911629314,-4.109701193625618,35,19.609,891
55.83760243231273,-4.235713875022592,168.0,55.887053111734645,-4.1280531391159245,36,13.232,1003
55.83760243231273,-4.235713875022592,168.0,55.89108676863447,-4.105446803942431,37,19.597,1106
55.83760243231273,-4.235713875022592,168.0,55.842635153466425,-4.334387903339716,38,7.457,560
55.83760243231273,-4.235713875022592,168.0,55.89197542936556,-4.19614108945253,39,9.239,837
55.83760243231273,-4.235713875022592,168.0,55.825849135803445,-4.321179033230789,40,6.378,677
55.83760243231273,-4.235713875022592,168.0,55.81864602215581,-4.375055705699034,41,11.677,753
55.83760243231273,-4.235713875022592,168.0,55.92613065482397,-4.212698358862173,42,11.564,1028
55.83760243231273,-4.235713875022592,168.0,55.874439929608144,-4.279689658904073,43,6.651,724
55.83760243231273,-4.235713875022592,168.0,55.81998166828728,-4.245455535821837,44,2.897,280
55.83760243231273,-4.235713875022592,168.0,55.91066980601156,-4.213502644426629,45,10.516,979
55.83760243231273,-4.235713875022592,168.0,55.8404807486866,-4.356656090229781,46,11.109,827
55.83760243231273,-4.235713875022592,168.0,55.88708229912325,-4.079055837843032,47,17.227,699
55.83760243231273,-4.235713875022592,168.0,55.84510555179576,-4.178720975321847,48,6.757,444
55.83760243231273,-4.235713875022592,168.0,55.84413340760586,-4.085244529493477,49,13.924,1074
55.83760243231273,-4.235713875022592,168.0,55.83324217210475,-4.157183908594519,50,6.619,441
55.83760243231273,-4.235713875022592,168.0,55.895753278756494,-4.323131413571223,51,13.191,992
55.83760243231273,-4.235713875022592,168.0,55.88609925330935,-4.38354364327563,52,12.622,700
55.83760243231273,-4.235713875022592,168.0,55.86596770908397,-4.338853955125049,53,9.405,580
55.83760243231273,-4.235713875022592,168.0,55.819381988004544,-4.256567679373081,54,4.326,422
55.83760243231273,-4.235713875022592,168.0,55.919398785577634,-4.298102785445152,55,13.856,1654
55.83760243231273,-4.235713875022592,168.0,55.81052481551728,-4.0780884232687225,56,14.695,1766
55.83760243231273,-4.235713875022592,168.0,55.8411814367945,-4.125490362928665,57,9.977,514
55.83760243231273,-4.235713875022592,168.0,55.844855881791794,-4.151320272286683,58,7.609,495
55.83760243231273,-4.235713875022592,168.0,55.79334532620707,-4.3052187624925375,59,8.193,769
55.83760243231273,-4.235713875022592,168.0,55.78499644933002,-4.082518262203789,60,18.418,765
55.83760243231273,-4.235713875022592,168.0,55.86482365717543,-4.074666870071637,61,14.92,873
55.83760243231273,-4.235713875022592,168.0,55.910543969585106,-4.384534109666136,62,17.265,1181
55.83760243231273,-4.235713875022592,168.0,55.799715679086134,-4.188568421733812,63,7.119,759
55.83760243231273,-4.235713875022592,168.0,55.90005630083831,-4.294022887833187,64,10.464,1048
55.83760243231273,-4.235713875022592,168.0,55.82573931186619,-4.210157383495828,65,2.55,283
55.83760243231273,-4.235713875022592,168.0,55.88010014610652,-4.288014027401103,66,9.185,1017
55.83760243231273,-4.235713875022592,168.0,55.8836463272421,-4.377148406451105,67,12.392,777
55.83760243231273,-4.235713875022592,168.0,55.80511293548626,-4.195982430231648,68,5.364,503
55.83760243231273,-4.235713875022592,168.0,55.9265186267864,-4.256321117900257,69,13.394,1068
55.83760243231273,-4.235713875022592,168.0,55.90353118048908,-4.119171950823842,70,20.199,1167
55.83760243231273,-4.235713875022592,168.0,55.81502357146685,-4.260984914919316,71,3.774,401
55.83760243231273,-4.235713875022592,168.0,55.894355058439295,-4.293143876300353,72,9.754,996
55.83760243231273,-4.235713875022592,168.0,55.80246488546192,-4.242274834364847,73,5.038,498
55.83760243231273,-4.235713875022592,168.0,55.887581813102464,-4.2985753032369685,74,9.366,992
55.83760243231273,-4.235713875022592,168.0,55.928290955083554,-4.295962301582311,75,14.278,1068
55.83760243231273,-4.235713875022592,168.0,55.81096058143004,-4.368797105646974,76,13.334,835
55.83760243231273,-4.235713875022592,168.0,55.84818750128869,-4.3631808239548375,77,12.095,679
55.83760243231273,-4.235713875022592,168.0,55.81610352786554,-4.330910795148831,78,9.673,585
55.83760243231273,-4.235713875022592,168.0,55.807034270653475,-4.136077366584948,79,8.326,680
55.83760243231273,-4.235713875022592,168.0,55.86778114631985,-4.233612892312959,80,5.256,609
55.83760243231273,-4.235713875022592,168.0,55.79578956690847,-4.368290459919509,81,18.418,2030
55.83760243231273,-4.235713875022592,168.0,55.897877306124535,-4.077031107370425,82,19.586,1445
55.83760243231273,-4.235713875022592,168.0,55.80721289582252,-4.242612882195534,83,4.261,449
55.83760243231273,-4.235713875022592,168.0,55.92209393969709,-4.157940141970138,84,13.899,1043
55.83760243231273,-4.235713875022592,168.0,55.79188265083702,-4.28147512844989,85,7.228,693
55.83760243231273,-4.235713875022592,168.0,55.88043814367632,-4.104360473798184,86,18.919,831
55.83760243231273,-4.235713875022592,168.0,55.90345994988174,-4.293652184560058,87,13.053,1110
55.83760243231273,-4.235713875022592,168.0,55.91230525016259,-4.108196424937476,88,22.879,1069
55.83760243231273,-4.235713875022592,168.0,55.90569137930351,-4.3852429216612405,89,17.3,1204
55.83760243231273,-4.235713875022592,168.0,55.824402119970216,-4.298242138123909,90,5.013,577
55.83760243231273,-4.235713875022592,168.0,55.887104625653905,-4.201059285828647,91,7.482,973
55.83760243231273,-4.235713875022592,168.0,55.92006797200308,-4.195257422106852,92,12.41,1006
55.83760243231273,-4.235713875022592,168.0,55.7944551107823,-4.1683749063061635,93,7.267,1035
55.83760243231273,-4.235713875022592,168.0,55.88003873447475,-4.304350182381346,94,13.07,951
55.83760243231273,-4.235713875022592,168.0,55.88308048053683,-4.2942103285768285,95,12.67,926
55.83760243231273,-4.235713875022592,168.0,55.80779271908626,-4.3234306371549245,96,10.944,717
55.83760243231273,-4.235713875022592,168.0,55.90123467399992,-4.380968632189907,97,17.606,1333
55.83760243231273,-4.235713875022592,168.0,55.88049231589054,-4.293733205570284,98,12.572,916
55.83760243231273,-4.235713875022592,168.0,55.84697147961761,-4.334108806216461,99,7.571,593
55.83760243231273,-4.235713875022592,168.0,55.83067141211495,-4.195633651932574,100,3.902,308
55.83760243231273,-4.235713875022592,168.0,55.89350845984679,-4.099445363541155,101,18.664,877
55.83760243231273,-4.235713875022592,168.0,55.92592408664018,-4.179171340754611,102,15.24,1126
55.83760243231273,-4.235713875022592,168.0,55.84941827409408,-4.169566750359822,103,7.462,510
55.83760243231273,-4.235713875022592,168.0,55.92413375575165,-4.226670311636797,104,12.779,1770
55.83760243231273,-4.235713875022592,168.0,55.88995713457192,-4.285031242761631,105,8.694,898
55.83760243231273,-4.235713875022592,168.0,55.90528066541109,-4.131569818675147,106,11.578,890
55.83760243231273,-4.235713875022592,168.0,55.87850608392288,-4.103517886631066,107,19.25,864
55.83760243231273,-4.235713875022592,168.0,55.80799405798939,-4.284953473560454,108,5.641,638
55.83760243231273,-4.235713875022592,168.0,55.906815669822045,-4.385279074380807,109,16.611,1119
55.83760243231273,-4.235713875022592,168.0,55.916237634416454,-4.222407816066865,110,11.017,963
55.83760243231273,-4.235713875022592,168.0,55.915798955837815,-4.088621086891774,111,21.745,952
55.83760243231273,-4.235713875022592,168.0,55.827538479175395,-4.350653065976025,112,10.017,675
55.83760243231273,-4.235713875022592,168.0,55.799515288981674,-4.0866627646338864,113,18.788,878
55.83760243231273,-4.235713875022592,168.0,55.831024245961984,-4.244756518165482,114,1.378,173
55.83760243231273,-4.235713875022592,168.0,55.86754360554833,-4.2143078261423845,115,5.297,748
55.83760243231273,-4.235713875022592,168.0,55.8574985965699,-4.1521224561179935,116,8.765,620
55.83760243231273,-4.235713875022592,168.0,55.88095643501817,-4.32811659177277,117,11.247,708
55.83760243231273,-4.235713875022592,168.0,55.85240433608213,-4.177570445500026,118,5.031,514
55.83760243231273,-4.235713875022592,168.0,55.91169549549074,-4.359708873069638,119,17.423,1308
55.83760243231273,-4.235713875022592,168.0,55.92640787519779,-4.300990956079843,120,14.726,1117
55.83760243231273,-4.235713875022592,168.0,55.84019197366069,-4.205566157974415,121,2.528,370
55.83760243231273,-4.235713875022592,168.0,55.866619942939494,-4.268153778778456,122,6.249,699
55.83760243231273,-4.235713875022592,168.0,55.81327411986783,-4.2587495402872255,123,3.753,411
55.83760243231273,-4.235713875022592,168.0,55.86022660117776,-4.154711133590585,124,9.118,651
55.83760243231273,-4.235713875022592,168.0,55.831522729053496,-4.370420634377527,125,12.071,846
55.83760243231273,-4.235713875022592,168.0,55.84074346341779,-4.172411658039648,126,5.83,364
55.83760243231273,-4.235713875022592,168.0,55.8801412435821,-4.258666277618953,127,7.41,821
55.83760243231273,-4.235713875022592,168.0,55.8434159429892,-4.1056733307349536,128,10.233,543
55.83760243231273,-4.235713875022592,168.0,55.83522057783537,-4.25736952395694,129,1.912,270
55.83760243231273,-4.235713875022592,168.0,55.86467774065618,-4.2250953414252415,130,4.522,504
55.83760243231273,-4.235713875022592,168.0,55.8953662249987,-4.231143624453162,131,8.204,775
55.83760243231273,-4.235713875022592,168.0,55.81920459649808,-4.236238450921302,132,3.481,331
55.83760243231273,-4.235713875022592,168.0,55.900795402502105,-4.206009410292495,133,10.371,970
55.83760243231273,-4.235713875022592,168.0,55.86078490474355,-4.339631469507248,134,9.94,675
55.83760243231273,-4.235713875022592,168.0,55.924999437053955,-4.191173279124663,135,12.661,1015
55.83760243231273,-4.235713875022592,168.0,55.81549096669224,-4.126910343137958,136,9.317,726
55.83760243231273,-4.235713875022592,168.0,55.90135585493081,-4.207622057499793,137,10.37,947
55.83760243231273,-4.235713875022592,168.0,55.845816555475636,-4.129576488296543,138,8.982,585
55.83760243231273,-4.235713875022592,168.0,55.80470047644827,-4.291960781118721,139,6.647,698
55.83760243231273,-4.235713875022592,168.0,55.89185394491289,-4.179857587296262,140,8.143,761
55.83760243231273,-4.235713875022592,168.0,55.91859399996558,-4.3401659608951215,141,16.289,1158
55.83760243231273,-4.235713875022592,168.0,55.90671476836246,-4.3642865107142725,142,16.19,1172
55.83760243231273,-4.235713875022592,168.0,55.81273399651921,-4.167613047894911,143,6.375,490
55.83760243231273,-4.235713875022592,168.0,55.80939871413575,-4.276056954355674,144,4.929,526
55.83760243231273,-4.235713875022592,168.0,55.88312869327199,-4.214542892826467,145,7.775,802
55.83760243231273,-4.235713875022592,168.0,55.815340374954424,-4.283514492524949,146,5.099,544
55.83760243231273,-4.235713875022592,168.0,55.87864379034378,-4.080636908866371,147,18.207,734
55.83760243231273,-4.235713875022592,168.0,55.89423440492952,-4.2418874418647645,148,8.767,859
55.83760243231273,-4.235713875022592,168.0,55.92796852989922,-4.305970400193036,149,14.854,1140
55.83760243231273,-4.235713875022592,168.0,55.92895153496988,-4.082888064137351,150,22.703,960
55.83760243231273,-4.235713875022592,168.0,55.790766759429424,-4.135285962371055,151,9.692,676
55.83760243231273,-4.235713875022592,168.0,55.80808041573422,-4.184105792933229,152,5.267,474
55.83760243231273,-4.235713875022592,168.0,55.7982747224006,-4.3931924101572655,153,14.142,930
55.83760243231273,-4.235713875022592,168.0,55.81178474630603,-4.337962602706185,154,10.74,690
55.83760243231273,-4.235713875022592,168.0,55.852972007756,-4.353957895039277,155,9.139,679
55.83760243231273,-4.235713875022592,168.0,55.797152036890715,-4.311451416173846,156,12.712,765
55.83760243231273,-4.235713875022592,168.0,55.84839482833289,-4.1889265673730645,157,3.942,476
55.83760243231273,-4.235713875022592,168.0,55.86383954752864,-4.387927326091926,158,14.731,706
55.83760243231273,-4.235713875022592,168.0,55.807182357875575,-4.140487806234959,159,8.003,655
55.83760243231273,-4.235713875022592,168.0,55.8296607577131,-4.218765551358871,160,2.184,271
55.83760243231273,-4.235713875022592,168.0,55.82699494590622,-4.295404959002084,161,4.84,541
55.83760243231273,-4.235713875022592,168.0,55.861248665443505,-4.307186036515638,162,7.025,582
55.83760243231273,-4.235713875022592,168.0,55.897857165570365,-4.156645648865112,163,9.619,798
55.83760243231273,-4.235713875022592,168.0,55.877747555317356,-4.342792329217214,164,11.837,805
55.83760243231273,-4.235713875022592,168.0,55.92259641850896,-4.389236283866068,165,28.093,1269
55.83760243231273,-4.235713875022592,168.0,55.92621339590465,-4.2820478996479165,166,13.178,1017
55.83760243231273,-4.235713875022592,168.0,55.80660612206145,-4.094012410496262,167,14.28,831
55.83760243231273,-4.235713875022592,168.0,55.84605439624201,-4.09192094471571,168,19.436,803
55.83760243231273,-4.235713875022592,168.0,55.83961965364386,-4.1201104741133365,169,9.584,441
55.83760243231273,-4.235713875022592,168.0,55.85030951683019,-4.217608837338132,170,2.272,313
55.83760243231273,-4.235713875022592,168.0,55.85971342373431,-4.246748195156407,171,3.794,458
55.83760243231273,-4.235713875022592,168.0,55.815747728441636,-4.150792968910081,172,6.873,551
55.83760243231273,-4.235713875022592,168.0,55.80041195127493,-4.3806303679601495,173,13.558,882
55.83760243231273,-4.235713875022592,168.0,55.85487415463933,-4.092829020720908,174,13.891,634
55.83760243231273,-4.235713875022592,168.0,55.80456076444065,-4.203157873727267,175,5.383,504
55.83760243231273,-4.235713875022592,168.0,55.84723005082115,-4.330151260440624,176,7.092,536
55.83760243231273,-4.235713875022592,168.0,55.88775631668876,-4.123428423568879,177,13.367,1009
55.83760243231273,-4.235713875022592,168.0,55.82857385936083,-4.129579652409029,178,9.395,739
55.83760243231273,-4.235713875022592,168.0,55.879865395443076,-4.36272007519476,179,12.729,847
55.83760243231273,-4.235713875022592,168.0,55.87973669437185,-4.215636550296907,180,7.062,813
55.83760243231273,-4.235713875022592,168.0,55.8162521393249,-4.1868605517933455,181,4.634,456
55.83760243231273,-4.235713875022592,168.0,55.80755514535402,-4.201625161718038,182,4.618,452
55.83760243231273,-4.235713875022592,168.0,55.85565398843102,-4.250533808562208,183,3.12,414
55.83760243231273,-4.235713875022592,168.0,55.929636326069506,-4.381100658166308,184,29.079,1290
55.83760243231273,-4.235713875022592,168.0,55.879581066995904,-4.21986165885879,185,6.703,794
55.83760243231273,-4.235713875022592,168.0,55.92647877645629,-4.127886630011083,186,14.981,1129
55.83760243231273,-4.235713875022592,168.0,55.82282427264178,-4.371094162561755,187,11.207,769
55.83760243231273,-4.235713875022592,168.0,55.90291353127043,-4.3414180899754955,188,14.236,1050
55.83760243231273,-4.235713875022592,168.0,55.78437024600116,-4.156926419796477,189,9.036,691
55.83760243231273,-4.235713875022592,168.0,55.8321542449311,-4.1561720476648265,190,6.659,455
55.83760243231273,-4.235713875022592,168.0,55.88310705812362,-4.084862107847263,191,15.368,616
55.83760243231273,-4.235713875022592,168.0,55.85616333886266,-4.110333739241922,192,14.011,731
55.83760243231273,-4.235713875022592,168.0,55.90185178498145,-4.152652007721208,193,13.528,1422
55.83760243231273,-4.235713875022592,168.0,55.8837118458465,-4.182392741162416,194,9.297,1739
55.83760243231273,-4.235713875022592,168.0,55.83086049774818,-4.312434105301623,195,5.983,658
55.83760243231273,-4.235713875022592,168.0,55.821849459706755,-4.176208567338996,196,5.503,425
55.83760243231273,-4.235713875022592,168.0,55.88009750494633,-4.255964552703097,197,7.096,800
55.83760243231273,-4.235713875022592,168.0,55.87413911675089,-4.369807111055967,198,10.733,596
55.83760243231273,-4.235713875022592,168.0,55.86354071984154,-4.093406384811447,199,15.471,738
55.88470721177777,-4.3359152247323465,169.0,55.8391698042901,-4.214478482526657,0,14.374,1006
55.88470721177777,-4.3359152247323465,169.0,55.86553667472969,-4.350500876963486,1,4.754,567
55.88470721177777,-4.3359152247323465,169.0,55.912892829643965,-4.286410947894997,2,9.417,1707
55.88470721177777,-4.3359152247323465,169.0,55.84854019346565,-4.391697428307927,3,8.839,920
55.88470721177777,-4.3359152247323465,169.0,55.79232875093524,-4.310455024670266,4,17.488,1138
55.88470721177777,-4.3359152247323465,169.0,55.837143362020576,-4.120043492886959,5,18.073,1019
55.88470721177777,-4.3359152247323465,169.0,55.84185129809378,-4.283879851305767,6,9.232,880
55.88470721177777,-4.3359152247323465,169.0,55.90609664927746,-4.311383718964596,7,4.729,572
55.88470721177777,-4.3359152247323465,169.0,55.7832172019226,-4.31249791159531,8,19.076,1196
55.88470721177777,-4.3359152247323465,169.0,55.8177258987159,-4.260489243356555,9,13.045,1068
55.88470721177777,-4.3359152247323465,169.0,55.903262790870684,-4.212111703691823,10,15.058,1218
55.88470721177777,-4.3359152247323465,169.0,55.893978813107424,-4.1413270988368325,11,16.262,1147
55.88470721177777,-4.3359152247323465,169.0,55.894884622950286,-4.154349650804189,12,18.647,1046
55.88470721177777,-4.3359152247323465,169.0,55.80680963785043,-4.263605759417426,13,14.81,1293
55.88470721177777,-4.3359152247323465,169.0,55.81824312166051,-4.346878846315483,14,14.651,1052
55.88470721177777,-4.3359152247323465,169.0,55.84742656229786,-4.269221405976544,15,8.644,775
55.88470721177777,-4.3359152247323465,169.0,55.80730424868546,-4.315177272898423,16,14.357,1037
55.88470721177777,-4.3359152247323465,169.0,55.83798278877758,-4.260604018644594,17,9.426,885
55.88470721177777,-4.3359152247323465,169.0,55.89424631095569,-4.343398240721316,18,2.4,332
55.88470721177777,-4.3359152247323465,169.0,55.83908093533876,-4.223069302141199,19,11.965,1037
55.88470721177777,-4.3359152247323465,169.0,55.8357731433788,-4.270556349194068,20,9.448,787
55.88470721177777,-4.3359152247323465,169.0,55.90309627527835,-4.360750370095284,21,4.433,567
55.88470721177777,-4.3359152247323465,169.0,55.85652103589449,-4.101365743428073,22,18.81,1090
55.88470721177777,-4.3359152247323465,169.0,55.783736419963375,-4.235306054793451,23,17.105,1359
55.88470721177777,-4.3359152247323465,169.0,55.92064824587275,-4.2358362157531895,24,11.769,857
55.88470721177777,-4.3359152247323465,169.0,55.907674892744176,-4.2497703459088045,25,14.399,2165
55.88470721177777,-4.3359152247323465,169.0,55.919604340921964,-4.226208116301384,26,14.197,1059
55.88470721177777,-4.3359152247323465,169.0,55.83219148710444,-4.304581930326681,27,13.529,1078
55.88470721177777,-4.3359152247323465,169.0,55.79569701419853,-4.1769099124482585,28,18.789,1291
55.88470721177777,-4.3359152247323465,169.0,55.81260197667657,-4.197841211154324,29,16.2,1158
55.88470721177777,-4.3359152247323465,169.0,55.826092940761974,-4.176919409292903,30,14.73,1091
55.88470721177777,-4.3359152247323465,169.0,55.828413149208096,-4.109650878166438,31,21.534,1281
55.88470721177777,-4.3359152247323465,169.0,55.8999241737755,-4.257993823533507,32,12.546,972
55.88470721177777,-4.3359152247323465,169.0,55.892514250678616,-4.340118142906542,33,1.442,309
55.88470721177777,-4.3359152247323465,169.0,55.855241629670886,-4.269936069312288,34,6.488,516
55.88470721177777,-4.3359152247323465,169.0,55.877364911629314,-4.109701193625618,35,19.211,1191
55.88470721177777,-4.3359152247323465,169.0,55.887053111734645,-4.1280531391159245,36,19.513,1157
55.88470721177777,-4.3359152247323465,169.0,55.89108676863447,-4.105446803942431,37,21.246,1463
55.88470721177777,-4.3359152247323465,169.0,55.842635153466425,-4.334387903339716,38,6.617,723
55.88470721177777,-4.3359152247323465,169.0,55.89197542936556,-4.19614108945253,39,15.52,990
55.88470721177777,-4.3359152247323465,169.0,55.825849135803445,-4.321179033230789,40,11.707,979
55.88470721177777,-4.3359152247323465,169.0,55.81864602215581,-4.375055705699034,41,10.619,1006
55.88470721177777,-4.3359152247323465,169.0,55.92613065482397,-4.212698358862173,42,14.825,1130
55.88470721177777,-4.3359152247323465,169.0,55.874439929608144,-4.279689658904073,43,5.068,687
55.88470721177777,-4.3359152247323465,169.0,55.81998166828728,-4.245455535821837,44,12.525,974
55.88470721177777,-4.3359152247323465,169.0,55.91066980601156,-4.213502644426629,45,13.897,1088
55.88470721177777,-4.3359152247323465,169.0,55.8404807486866,-4.356656090229781,46,8.928,894
55.88470721177777,-4.3359152247323465,169.0,55.88708229912325,-4.079055837843032,47,22.055,1323
55.88470721177777,-4.3359152247323465,169.0,55.84510555179576,-4.178720975321847,48,16.395,1107
55.88470721177777,-4.3359152247323465,169.0,55.84413340760586,-4.085244529493477,49,23.309,1623
55.88470721177777,-4.3359152247323465,169.0,55.83324217210475,-4.157183908594519,50,16.257,1104
55.88470721177777,-4.3359152247323465,169.0,55.895753278756494,-4.323131413571223,51,2.186,443
55.88470721177777,-4.3359152247323465,169.0,55.88609925330935,-4.38354364327563,52,9.619,751
55.88470721177777,-4.3359152247323465,169.0,55.86596770908397,-4.338853955125049,53,3.885,491
55.88470721177777,-4.3359152247323465,169.0,55.819381988004544,-4.256567679373081,54,13.954,1124
55.88470721177777,-4.3359152247323465,169.0,55.919398785577634,-4.298102785445152,55,9.693,1386
55.88470721177777,-4.3359152247323465,169.0,55.81052481551728,-4.0780884232687225,56,24.333,2429
55.88470721177777,-4.3359152247323465,169.0,55.8411814367945,-4.125490362928665,57,19.615,1177
55.88470721177777,-4.3359152247323465,169.0,55.844855881791794,-4.151320272286683,58,17.247,1157
55.88470721177777,-4.3359152247323465,169.0,55.79334532620707,-4.3052187624925375,59,17.819,1144
55.88470721177777,-4.3359152247323465,169.0,55.78499644933002,-4.082518262203789,60,28.056,1428
55.88470721177777,-4.3359152247323465,169.0,55.86482365717543,-4.074666870071637,61,21.076,1307
55.88470721177777,-4.3359152247323465,169.0,55.910543969585106,-4.384534109666136,62,6.26,632
55.88470721177777,-4.3359152247323465,169.0,55.799715679086134,-4.188568421733812,63,18.771,1450
55.88470721177777,-4.3359152247323465,169.0,55.90005630083831,-4.294022887833187,64,4.62,648
55.88470721177777,-4.3359152247323465,169.0,55.82573931186619,-4.210157383495828,65,14.257,973
55.88470721177777,-4.3359152247323465,169.0,55.88010014610652,-4.288014027401103,66,4.341,704
55.88470721177777,-4.3359152247323465,169.0,55.8836463272421,-4.377148406451105,67,9.389,829
55.88470721177777,-4.3359152247323465,169.0,55.80511293548626,-4.195982430231648,68,17.18,1233
55.88470721177777,-4.3359152247323465,169.0,55.9265186267864,-4.256321117900257,69,10.667,844
55.88470721177777,-4.3359152247323465,169.0,55.90353118048908,-4.119171950823842,70,20.409,1399
55.88470721177777,-4.3359152247323465,169.0,55.81502357146685,-4.260984914919316,71,13.402,1103
55.88470721177777,-4.3359152247323465,169.0,55.894355058439295,-4.293143876300353,72,4.469,653
55.88470721177777,-4.3359152247323465,169.0,55.80246488546192,-4.242274834364847,73,14.666,1199
55.88470721177777,-4.3359152247323465,169.0,55.887581813102464,-4.2985753032369685,74,3.706,600
55.88470721177777,-4.3359152247323465,169.0,55.928290955083554,-4.295962301582311,75,6.546,651
55.88470721177777,-4.3359152247323465,169.0,55.81096058143004,-4.368797105646974,76,17.337,1143
55.88470721177777,-4.3359152247323465,169.0,55.84818750128869,-4.3631808239548375,77,9.092,730
55.88470721177777,-4.3359152247323465,169.0,55.81610352786554,-4.330910795148831,78,13.676,892
55.88470721177777,-4.3359152247323465,169.0,55.807034270653475,-4.136077366584948,79,17.964,1342
55.88470721177777,-4.3359152247323465,169.0,55.86778114631985,-4.233612892312959,80,10.096,802
55.88470721177777,-4.3359152247323465,169.0,55.79578956690847,-4.368290459919509,81,14.162,2317
55.88470721177777,-4.3359152247323465,169.0,55.897877306124535,-4.077031107370425,82,23.037,1930
55.88470721177777,-4.3359152247323465,169.0,55.80721289582252,-4.242612882195534,83,13.889,1151
55.88470721177777,-4.3359152247323465,169.0,55.92209393969709,-4.157940141970138,84,20.18,1197
55.88470721177777,-4.3359152247323465,169.0,55.79188265083702,-4.28147512844989,85,18.681,1199
55.88470721177777,-4.3359152247323465,169.0,55.88043814367632,-4.104360473798184,86,19.023,1150
55.88470721177777,-4.3359152247323465,169.0,55.90345994988174,-4.293652184560058,87,5.03,693
55.88470721177777,-4.3359152247323465,169.0,55.91230525016259,-4.108196424937476,88,21.677,1344
55.88470721177777,-4.3359152247323465,169.0,55.90569137930351,-4.3852429216612405,89,6.295,655
55.88470721177777,-4.3359152247323465,169.0,55.824402119970216,-4.298242138123909,90,12.143,900
55.88470721177777,-4.3359152247323465,169.0,55.887104625653905,-4.201059285828647,91,13.232,1140
55.88470721177777,-4.3359152247323465,169.0,55.92006797200308,-4.195257422106852,92,14.267,1062
55.88470721177777,-4.3359152247323465,169.0,55.7944551107823,-4.1683749063061635,93,18.919,1726
55.88470721177777,-4.3359152247323465,169.0,55.88003873447475,-4.304350182381346,94,3.223,525
55.88470721177777,-4.3359152247323465,169.0,55.88308048053683,-4.2942103285768285,95,3.681,545
55.88470721177777,-4.3359152247323465,169.0,55.80779271908626,-4.3234306371549245,96,14.947,1024
55.88470721177777,-4.3359152247323465,169.0,55.90123467399992,-4.380968632189907,97,7.519,949
55.88470721177777,-4.3359152247323465,169.0,55.88049231589054,-4.293733205570284,98,3.583,535
55.88470721177777,-4.3359152247323465,169.0,55.84697147961761,-4.334108806216461,99,6.207,657
55.88470721177777,-4.3359152247323465,169.0,55.83067141211495,-4.195633651932574,100,13.54,970
55.88470721177777,-4.3359152247323465,169.0,55.89350845984679,-4.099445363541155,101,21.061,1295
55.88470721177777,-4.3359152247323465,169.0,55.92592408664018,-4.179171340754611,102,16.438,1206
55.88470721177777,-4.3359152247323465,169.0,55.84941827409408,-4.169566750359822,103,17.1,1173
55.88470721177777,-4.3359152247323465,169.0,55.92413375575165,-4.226670311636797,104,16.04,1872
55.88470721177777,-4.3359152247323465,169.0,55.88995713457192,-4.285031242761631,105,4.627,654
55.88470721177777,-4.3359152247323465,169.0,55.90528066541109,-4.131569818675147,106,17.859,1044
55.88470721177777,-4.3359152247323465,169.0,55.87850608392288,-4.103517886631066,107,19.354,1183
55.88470721177777,-4.3359152247323465,169.0,55.80799405798939,-4.284953473560454,108,13.446,1154
55.88470721177777,-4.3359152247323465,169.0,55.906815669822045,-4.385279074380807,109,5.606,570
55.88470721177777,-4.3359152247323465,169.0,55.916237634416454,-4.222407816066865,110,13.949,1042
55.88470721177777,-4.3359152247323465,169.0,55.915798955837815,-4.088621086891774,111,24.761,1375
55.88470721177777,-4.3359152247323465,169.0,55.827538479175395,-4.350653065976025,112,9.471,972
55.88470721177777,-4.3359152247323465,169.0,55.799515288981674,-4.0866627646338864,113,28.426,1541
55.88470721177777,-4.3359152247323465,169.0,55.831024245961984,-4.244756518165482,114,11.006,875
55.88470721177777,-4.3359152247323465,169.0,55.86754360554833,-4.2143078261423845,115,11.436,917
55.88470721177777,-4.3359152247323465,169.0,55.8574985965699,-4.1521224561179935,116,16.72,1134
55.88470721177777,-4.3359152247323465,169.0,55.88095643501817,-4.32811659177277,117,1.077,265
55.88470721177777,-4.3359152247323465,169.0,55.85240433608213,-4.177570445500026,118,14.158,1104
55.88470721177777,-4.3359152247323465,169.0,55.91169549549074,-4.359708873069638,119,6.418,759
55.88470721177777,-4.3359152247323465,169.0,55.92640787519779,-4.300990956079843,120,6.354,672
55.88470721177777,-4.3359152247323465,169.0,55.84019197366069,-4.205566157974415,121,14.86,1122
55.88470721177777,-4.3359152247323465,169.0,55.866619942939494,-4.268153778778456,122,7.58,790
55.88470721177777,-4.3359152247323465,169.0,55.81327411986783,-4.2587495402872255,123,13.381,1112
55.88470721177777,-4.3359152247323465,169.0,55.86022660117776,-4.154711133590585,124,15.937,1061
55.88470721177777,-4.3359152247323465,169.0,55.831522729053496,-4.370420634377527,125,8.933,901
55.88470721177777,-4.3359152247323465,169.0,55.84074346341779,-4.172411658039648,126,15.468,1026
55.88470721177777,-4.3359152247323465,169.0,55.8801412435821,-4.258666277618953,127,7.621,888
55.88470721177777,-4.3359152247323465,169.0,55.8434159429892,-4.1056733307349536,128,19.871,1206
55.88470721177777,-4.3359152247323465,169.0,55.83522057783537,-4.25736952395694,129,10.065,913
55.88470721177777,-4.3359152247323465,169.0,55.86467774065618,-4.2250953414252415,130,10.22,754
55.88470721177777,-4.3359152247323465,169.0,55.8953662249987,-4.231143624453162,131,12.673,932
55.88470721177777,-4.3359152247323465,169.0,55.81920459649808,-4.236238450921302,132,13.109,1024
55.88470721177777,-4.3359152247323465,169.0,55.900795402502105,-4.206009410292495,133,14.84,1127
55.88470721177777,-4.3359152247323465,169.0,55.86078490474355,-4.339631469507248,134,4.42,586
55.88470721177777,-4.3359152247323465,169.0,55.924999437053955,-4.191173279124663,135,14.518,1072
55.88470721177777,-4.3359152247323465,169.0,55.81549096669224,-4.126910343137958,136,18.955,1389
55.88470721177777,-4.3359152247323465,169.0,55.90135585493081,-4.207622057499793,137,14.839,1104
55.88470721177777,-4.3359152247323465,169.0,55.845816555475636,-4.129576488296543,138,18.62,1247
55.88470721177777,-4.3359152247323465,169.0,55.80470047644827,-4.291960781118721,139,13.473,1132
55.88470721177777,-4.3359152247323465,169.0,55.89185394491289,-4.179857587296262,140,14.424,915
55.88470721177777,-4.3359152247323465,169.0,55.91859399996558,-4.3401659608951215,141,5.284,609
55.88470721177777,-4.3359152247323465,169.0,55.90671476836246,-4.3642865107142725,142,5.185,623
55.88470721177777,-4.3359152247323465,169.0,55.81273399651921,-4.167613047894911,143,16.013,1153
55.88470721177777,-4.3359152247323465,169.0,55.80939871413575,-4.276056954355674,144,13.354,1118
55.88470721177777,-4.3359152247323465,169.0,55.88312869327199,-4.214542892826467,145,12.244,958
55.88470721177777,-4.3359152247323465,169.0,55.815340374954424,-4.283514492524949,146,12.348,1003
55.88470721177777,-4.3359152247323465,169.0,55.87864379034378,-4.080636908866371,147,23.035,1357
55.88470721177777,-4.3359152247323465,169.0,55.89423440492952,-4.2418874418647645,148,8.713,1028
55.88470721177777,-4.3359152247323465,169.0,55.92796852989922,-4.305970400193036,149,6.482,695
55.88470721177777,-4.3359152247323465,169.0,55.92895153496988,-4.082888064137351,150,25.131,1324
55.88470721177777,-4.3359152247323465,169.0,55.790766759429424,-4.135285962371055,151,21.344,1367
55.88470721177777,-4.3359152247323465,169.0,55.80808041573422,-4.184105792933229,152,16.974,1164
55.88470721177777,-4.3359152247323465,169.0,55.7982747224006,-4.3931924101572655,153,13.084,1183
55.88470721177777,-4.3359152247323465,169.0,55.81178474630603,-4.337962602706185,154,14.743,998
55.88470721177777,-4.3359152247323465,169.0,55.852972007756,-4.353957895039277,155,5.741,685
55.88470721177777,-4.3359152247323465,169.0,55.797152036890715,-4.311451416173846,156,16.715,1072
55.88470721177777,-4.3359152247323465,169.0,55.84839482833289,-4.1889265673730645,157,17.046,1141
55.88470721177777,-4.3359152247323465,169.0,55.86383954752864,-4.387927326091926,158,11.728,757
55.88470721177777,-4.3359152247323465,169.0,55.807182357875575,-4.140487806234959,159,17.641,1317
55.88470721177777,-4.3359152247323465,169.0,55.8296607577131,-4.218765551358871,160,12.426,1031
55.88470721177777,-4.3359152247323465,169.0,55.82699494590622,-4.295404959002084,161,12.179,876
55.88470721177777,-4.3359152247323465,169.0,55.861248665443505,-4.307186036515638,162,4.561,557
55.88470721177777,-4.3359152247323465,169.0,55.897857165570365,-4.156645648865112,163,15.9,952
55.88470721177777,-4.3359152247323465,169.0,55.877747555317356,-4.342792329217214,164,1.574,357
55.88470721177777,-4.3359152247323465,169.0,55.92259641850896,-4.389236283866068,165,9.283,815
55.88470721177777,-4.3359152247323465,169.0,55.92621339590465,-4.2820478996479165,166,7.713,696
55.88470721177777,-4.3359152247323465,169.0,55.80660612206145,-4.094012410496262,167,23.918,1494
55.88470721177777,-4.3359152247323465,169.0,55.84605439624201,-4.09192094471571,168,20.237,1067
55.88470721177777,-4.3359152247323465,169.0,55.83961965364386,-4.1201104741133365,169,19.222,1104
55.88470721177777,-4.3359152247323465,169.0,55.85030951683019,-4.217608837338132,170,12.652,1038
55.88470721177777,-4.3359152247323465,169.0,55.85971342373431,-4.246748195156407,171,10.589,852
55.88470721177777,-4.3359152247323465,169.0,55.815747728441636,-4.150792968910081,172,16.511,1214
55.88470721177777,-4.3359152247323465,169.0,55.80041195127493,-4.3806303679601495,173,12.5,1136
55.88470721177777,-4.3359152247323465,169.0,55.85487415463933,-4.092829020720908,174,20.047,1068
55.88470721177777,-4.3359152247323465,169.0,55.80456076444065,-4.203157873727267,175,17.199,1235
55.88470721177777,-4.3359152247323465,169.0,55.84723005082115,-4.330151260440624,176,6.397,638
55.88470721177777,-4.3359152247323465,169.0,55.88775631668876,-4.123428423568879,177,19.648,1163
55.88470721177777,-4.3359152247323465,169.0,55.82857385936083,-4.129579652409029,178,19.033,1401
55.88470721177777,-4.3359152247323465,169.0,55.879865395443076,-4.36272007519476,179,3.202,446
55.88470721177777,-4.3359152247323465,169.0,55.87973669437185,-4.215636550296907,180,11.531,970
55.88470721177777,-4.3359152247323465,169.0,55.8162521393249,-4.1868605517933455,181,15.393,1124
55.88470721177777,-4.3359152247323465,169.0,55.80755514535402,-4.201625161718038,182,16.952,1202
55.88470721177777,-4.3359152247323465,169.0,55.85565398843102,-4.250533808562208,183,7.625,776
55.88470721177777,-4.3359152247323465,169.0,55.929636326069506,-4.381100658166308,184,8.345,775
55.88470721177777,-4.3359152247323465,169.0,55.879581066995904,-4.21986165885879,185,11.172,950
55.88470721177777,-4.3359152247323465,169.0,55.92647877645629,-4.127886630011083,186,21.262,1282
55.88470721177777,-4.3359152247323465,169.0,55.82282427264178,-4.371094162561755,187,9.921,988
55.88470721177777,-4.3359152247323465,169.0,55.90291353127043,-4.3414180899754955,188,3.231,501
55.88470721177777,-4.3359152247323465,169.0,55.78437024600116,-4.156926419796477,189,20.688,1381
55.88470721177777,-4.3359152247323465,169.0,55.8321542449311,-4.1561720476648265,190,16.297,1118
55.88470721177777,-4.3359152247323465,169.0,55.88310705812362,-4.084862107847263,191,24.301,1230
55.88470721177777,-4.3359152247323465,169.0,55.85616333886266,-4.110333739241922,192,18.848,1112
55.88470721177777,-4.3359152247323465,169.0,55.90185178498145,-4.152652007721208,193,19.809,1576
55.88470721177777,-4.3359152247323465,169.0,55.8837118458465,-4.182392741162416,194,16.088,1924
55.88470721177777,-4.3359152247323465,169.0,55.83086049774818,-4.312434105301623,195,13.113,981
55.88470721177777,-4.3359152247323465,169.0,55.821849459706755,-4.176208567338996,196,15.141,1088
55.88470721177777,-4.3359152247323465,169.0,55.88009750494633,-4.255964552703097,197,9.128,846
55.88470721177777,-4.3359152247323465,169.0,55.87413911675089,-4.369807111055967,198,7.73,648
55.88470721177777,-4.3359152247323465,169.0,55.86354071984154,-4.093406384811447,199,19.464,1165
55.792273823484315,-4.261076103389648,170.0,55.8391698042901,-4.214478482526657,0,8.625,1211
55.792273823484315,-4.261076103389648,170.0,55.86553667472969,-4.350500876963486,1,17.205,1502
55.792273823484315,-4.261076103389648,170.0,55.912892829643965,-4.286410947894997,2,18.987,2850
55.792273823484315,-4.261076103389648,170.0,55.84854019346565,-4.391697428307927,3,16.636,1724
55.792273823484315,-4.261076103389648,170.0,55.79232875093524,-4.310455024670266,4,8.018,1161
55.792273823484315,-4.261076103389648,170.0,55.837143362020576,-4.120043492886959,5,14.256,1336
55.792273823484315,-4.261076103389648,170.0,55.84185129809378,-4.283879851305767,6,8.116,1247
55.792273823484315,-4.261076103389648,170.0,55.90609664927746,-4.311383718964596,7,16.609,1909
55.792273823484315,-4.261076103389648,170.0,55.7832172019226,-4.31249791159531,8,8.348,1138
55.792273823484315,-4.261076103389648,170.0,55.8177258987159,-4.260489243356555,9,4.394,871
55.792273823484315,-4.261076103389648,170.0,55.903262790870684,-4.212111703691823,10,15.46,1859
55.792273823484315,-4.261076103389648,170.0,55.893978813107424,-4.1413270988368325,11,16.936,1861
55.792273823484315,-4.261076103389648,170.0,55.894884622950286,-4.154349650804189,12,19.321,1760
55.792273823484315,-4.261076103389648,170.0,55.80680963785043,-4.263605759417426,13,6.832,1138
55.792273823484315,-4.261076103389648,170.0,55.81824312166051,-4.346878846315483,14,11.404,1534
55.792273823484315,-4.261076103389648,170.0,55.84742656229786,-4.269221405976544,15,8.313,1261
55.792273823484315,-4.261076103389648,170.0,55.80730424868546,-4.315177272898423,16,9.655,1295
55.792273823484315,-4.261076103389648,170.0,55.83798278877758,-4.260604018644594,17,6.587,1069
55.792273823484315,-4.261076103389648,170.0,55.89424631095569,-4.343398240721316,18,19.021,1752
55.792273823484315,-4.261076103389648,170.0,55.83908093533876,-4.223069302141199,19,8.147,1307
55.792273823484315,-4.261076103389648,170.0,55.8357731433788,-4.270556349194068,20,7.271,1111
55.792273823484315,-4.261076103389648,170.0,55.90309627527835,-4.360750370095284,21,21.054,1987
55.792273823484315,-4.261076103389648,170.0,55.85652103589449,-4.101365743428073,22,19.189,1659
55.792273823484315,-4.261076103389648,170.0,55.783736419963375,-4.235306054793451,23,3.227,751
55.792273823484315,-4.261076103389648,170.0,55.92064824587275,-4.2358362157531895,24,16.585,1840
55.792273823484315,-4.261076103389648,170.0,55.907674892744176,-4.2497703459088045,25,15.337,2885
55.792273823484315,-4.261076103389648,170.0,55.919604340921964,-4.226208116301384,26,16.509,1851
55.792273823484315,-4.261076103389648,170.0,55.83219148710444,-4.304581930326681,27,9.534,1418
55.792273823484315,-4.261076103389648,170.0,55.79569701419853,-4.1769099124482585,28,8.111,1032
55.792273823484315,-4.261076103389648,170.0,55.81260197667657,-4.197841211154324,29,6.134,1053
55.792273823484315,-4.261076103389648,170.0,55.826092940761974,-4.176919409292903,30,8.621,1316
55.792273823484315,-4.261076103389648,170.0,55.828413149208096,-4.109650878166438,31,17.594,1549
55.792273823484315,-4.261076103389648,170.0,55.8999241737755,-4.257993823533507,32,15.436,1830
55.792273823484315,-4.261076103389648,170.0,55.892514250678616,-4.340118142906542,33,19.05,1763
55.792273823484315,-4.261076103389648,170.0,55.855241629670886,-4.269936069312288,34,11.308,1480
55.792273823484315,-4.261076103389648,170.0,55.877364911629314,-4.109701193625618,35,25.43,1871
55.792273823484315,-4.261076103389648,170.0,55.887053111734645,-4.1280531391159245,36,20.187,1871
55.792273823484315,-4.261076103389648,170.0,55.89108676863447,-4.105446803942431,37,25.418,2086
55.792273823484315,-4.261076103389648,170.0,55.842635153466425,-4.334387903339716,38,13.073,1430
55.792273823484315,-4.261076103389648,170.0,55.89197542936556,-4.19614108945253,39,16.194,1705
55.792273823484315,-4.261076103389648,170.0,55.825849135803445,-4.321179033230789,40,9.513,1339
55.792273823484315,-4.261076103389648,170.0,55.81864602215581,-4.375055705699034,41,12.787,1537
55.792273823484315,-4.261076103389648,170.0,55.92613065482397,-4.212698358862173,42,16.971,1904
55.792273823484315,-4.261076103389648,170.0,55.874439929608144,-4.279689658904073,43,11.868,1538
55.792273823484315,-4.261076103389648,170.0,55.81998166828728,-4.245455535821837,44,4.239,844
55.792273823484315,-4.261076103389648,170.0,55.91066980601156,-4.213502644426629,45,15.923,1855
55.792273823484315,-4.261076103389648,170.0,55.8404807486866,-4.356656090229781,46,12.548,1654
55.792273823484315,-4.261076103389648,170.0,55.88708229912325,-4.079055837843032,47,23.048,1679
55.792273823484315,-4.261076103389648,170.0,55.84510555179576,-4.178720975321847,48,12.578,1424
55.792273823484315,-4.261076103389648,170.0,55.84413340760586,-4.085244529493477,49,19.745,2054
55.792273823484315,-4.261076103389648,170.0,55.83324217210475,-4.157183908594519,50,11.092,1294
55.792273823484315,-4.261076103389648,170.0,55.895753278756494,-4.323131413571223,51,18.807,1863
55.792273823484315,-4.261076103389648,170.0,55.88609925330935,-4.38354364327563,52,18.238,1571
55.792273823484315,-4.261076103389648,170.0,55.86596770908397,-4.338853955125049,53,15.021,1451
55.792273823484315,-4.261076103389648,170.0,55.819381988004544,-4.256567679373081,54,5.668,977
55.792273823484315,-4.261076103389648,170.0,55.919398785577634,-4.298102785445152,55,19.263,2530
55.792273823484315,-4.261076103389648,170.0,55.81052481551728,-4.0780884232687225,56,20.516,2746
55.792273823484315,-4.261076103389648,170.0,55.8411814367945,-4.125490362928665,57,13.516,1498
55.792273823484315,-4.261076103389648,170.0,55.844855881791794,-4.151320272286683,58,12.812,1455
55.792273823484315,-4.261076103389648,170.0,55.79334532620707,-4.3052187624925375,59,7.613,1122
55.792273823484315,-4.261076103389648,170.0,55.78499644933002,-4.082518262203789,60,15.305,1320
55.792273823484315,-4.261076103389648,170.0,55.86482365717543,-4.074666870071637,61,20.741,1853
55.792273823484315,-4.261076103389648,170.0,55.910543969585106,-4.384534109666136,62,22.881,2052
55.792273823484315,-4.261076103389648,170.0,55.799715679086134,-4.188568421733812,63,5.81,1068
55.792273823484315,-4.261076103389648,170.0,55.90005630083831,-4.294022887833187,64,15.681,1863
55.792273823484315,-4.261076103389648,170.0,55.82573931186619,-4.210157383495828,65,6.794,1051
55.792273823484315,-4.261076103389648,170.0,55.88010014610652,-4.288014027401103,66,14.402,1831
55.792273823484315,-4.261076103389648,170.0,55.8836463272421,-4.377148406451105,67,18.008,1648
55.792273823484315,-4.261076103389648,170.0,55.80511293548626,-4.195982430231648,68,7.293,1031
55.792273823484315,-4.261076103389648,170.0,55.9265186267864,-4.256321117900257,69,18.801,1944
55.792273823484315,-4.261076103389648,170.0,55.90353118048908,-4.119171950823842,70,26.02,2147
55.792273823484315,-4.261076103389648,170.0,55.81502357146685,-4.260984914919316,71,4.751,905
55.792273823484315,-4.261076103389648,170.0,55.894355058439295,-4.293143876300353,72,14.971,1810
55.792273823484315,-4.261076103389648,170.0,55.80246488546192,-4.242274834364847,73,2.376,715
55.792273823484315,-4.261076103389648,170.0,55.887581813102464,-4.2985753032369685,74,14.583,1806
55.792273823484315,-4.261076103389648,170.0,55.928290955083554,-4.295962301582311,75,19.685,1945
55.792273823484315,-4.261076103389648,170.0,55.81096058143004,-4.368797105646974,76,11.952,1511
55.792273823484315,-4.261076103389648,170.0,55.84818750128869,-4.3631808239548375,77,17.711,1550
55.792273823484315,-4.261076103389648,170.0,55.81610352786554,-4.330910795148831,78,9.634,1291
55.792273823484315,-4.261076103389648,170.0,55.807034270653475,-4.136077366584948,79,12.859,1212
55.792273823484315,-4.261076103389648,170.0,55.86778114631985,-4.233612892312959,80,10.663,1486
55.792273823484315,-4.261076103389648,170.0,55.79578956690847,-4.368290459919509,81,21.514,2603
55.792273823484315,-4.261076103389648,170.0,55.897877306124535,-4.077031107370425,82,25.407,2425
55.792273823484315,-4.261076103389648,170.0,55.80721289582252,-4.242612882195534,83,2.381,707
55.792273823484315,-4.261076103389648,170.0,55.92209393969709,-4.157940141970138,84,20.854,1911
55.792273823484315,-4.261076103389648,170.0,55.79188265083702,-4.28147512844989,85,5.76,960
55.792273823484315,-4.261076103389648,170.0,55.88043814367632,-4.104360473798184,86,24.74,1811
55.792273823484315,-4.261076103389648,170.0,55.90345994988174,-4.293652184560058,87,16.15,1908
55.792273823484315,-4.261076103389648,170.0,55.91230525016259,-4.108196424937476,88,28.7,2049
55.792273823484315,-4.261076103389648,170.0,55.90569137930351,-4.3852429216612405,89,22.916,2075
55.792273823484315,-4.261076103389648,170.0,55.824402119970216,-4.298242138123909,90,7.143,1230
55.792273823484315,-4.261076103389648,170.0,55.887104625653905,-4.201059285828647,91,13.799,1823
55.792273823484315,-4.261076103389648,170.0,55.92006797200308,-4.195257422106852,92,17.817,1882
55.792273823484315,-4.261076103389648,170.0,55.7944551107823,-4.1683749063061635,93,8.241,1466
55.792273823484315,-4.261076103389648,170.0,55.88003873447475,-4.304350182381346,94,14.138,1754
55.792273823484315,-4.261076103389648,170.0,55.88308048053683,-4.2942103285768285,95,13.738,1728
55.792273823484315,-4.261076103389648,170.0,55.80779271908626,-4.3234306371549245,96,10.103,1341
55.792273823484315,-4.261076103389648,170.0,55.90123467399992,-4.380968632189907,97,23.222,2204
55.792273823484315,-4.261076103389648,170.0,55.88049231589054,-4.293733205570284,98,13.64,1718
55.792273823484315,-4.261076103389648,170.0,55.84697147961761,-4.334108806216461,99,13.187,1463
55.792273823484315,-4.261076103389648,170.0,55.83067141211495,-4.195633651932574,100,8.843,1260
55.792273823484315,-4.261076103389648,170.0,55.89350845984679,-4.099445363541155,101,24.485,1857
55.792273823484315,-4.261076103389648,170.0,55.92592408664018,-4.179171340754611,102,22.195,1994
55.792273823484315,-4.261076103389648,170.0,55.84941827409408,-4.169566750359822,103,13.283,1490
55.792273823484315,-4.261076103389648,170.0,55.92413375575165,-4.226670311636797,104,18.186,2646
55.792273823484315,-4.261076103389648,170.0,55.88995713457192,-4.285031242761631,105,13.911,1713
55.792273823484315,-4.261076103389648,170.0,55.90528066541109,-4.131569818675147,106,18.533,1758
55.792273823484315,-4.261076103389648,170.0,55.87850608392288,-4.103517886631066,107,25.071,1844
55.792273823484315,-4.261076103389648,170.0,55.80799405798939,-4.284953473560454,108,6.618,1142
55.792273823484315,-4.261076103389648,170.0,55.906815669822045,-4.385279074380807,109,22.227,1990
55.792273823484315,-4.261076103389648,170.0,55.916237634416454,-4.222407816066865,110,16.424,1840
55.792273823484315,-4.261076103389648,170.0,55.915798955837815,-4.088621086891774,111,27.566,1932
55.792273823484315,-4.261076103389648,170.0,55.827538479175395,-4.350653065976025,112,10.773,1465
55.792273823484315,-4.261076103389648,170.0,55.799515288981674,-4.0866627646338864,113,15.864,1437
55.792273823484315,-4.261076103389648,170.0,55.831024245961984,-4.244756518165482,114,5.566,967
55.792273823484315,-4.261076103389648,170.0,55.86754360554833,-4.2143078261423845,115,12.11,1632
55.792273823484315,-4.261076103389648,170.0,55.8574985965699,-4.1521224561179935,116,13.968,1581
55.792273823484315,-4.261076103389648,170.0,55.88095643501817,-4.32811659177277,117,16.863,1579
55.792273823484315,-4.261076103389648,170.0,55.85240433608213,-4.177570445500026,118,13.447,1541
55.792273823484315,-4.261076103389648,170.0,55.91169549549074,-4.359708873069638,119,23.039,2178
55.792273823484315,-4.261076103389648,170.0,55.92640787519779,-4.300990956079843,120,20.133,1994
55.792273823484315,-4.261076103389648,170.0,55.84019197366069,-4.205566157974415,121,9.111,1326
55.792273823484315,-4.261076103389648,170.0,55.866619942939494,-4.268153778778456,122,11.661,1619
55.792273823484315,-4.261076103389648,170.0,55.81327411986783,-4.2587495402872255,123,3.814,868
55.792273823484315,-4.261076103389648,170.0,55.86022660117776,-4.154711133590585,124,14.321,1612
55.792273823484315,-4.261076103389648,170.0,55.831522729053496,-4.370420634377527,125,12.827,1635
55.792273823484315,-4.261076103389648,170.0,55.84074346341779,-4.172411658039648,126,11.651,1344
55.792273823484315,-4.261076103389648,170.0,55.8801412435821,-4.258666277618953,127,12.817,1697
55.792273823484315,-4.261076103389648,170.0,55.8434159429892,-4.1056733307349536,128,16.054,1523
55.792273823484315,-4.261076103389648,170.0,55.83522057783537,-4.25736952395694,129,6.561,1070
55.792273823484315,-4.261076103389648,170.0,55.86467774065618,-4.2250953414252415,130,10.468,1397
55.792273823484315,-4.261076103389648,170.0,55.8953662249987,-4.231143624453162,131,13.611,1651
55.792273823484315,-4.261076103389648,170.0,55.81920459649808,-4.236238450921302,132,4.823,895
55.792273823484315,-4.261076103389648,170.0,55.900795402502105,-4.206009410292495,133,15.778,1846
55.792273823484315,-4.261076103389648,170.0,55.86078490474355,-4.339631469507248,134,15.556,1546
55.792273823484315,-4.261076103389648,170.0,55.924999437053955,-4.191173279124663,135,18.068,1891
55.792273823484315,-4.261076103389648,170.0,55.81549096669224,-4.126910343137958,136,13.916,1301
55.792273823484315,-4.261076103389648,170.0,55.90135585493081,-4.207622057499793,137,15.777,1824
55.792273823484315,-4.261076103389648,170.0,55.845816555475636,-4.129576488296543,138,14.185,1543
55.792273823484315,-4.261076103389648,170.0,55.80470047644827,-4.291960781118721,139,8.848,1276
55.792273823484315,-4.261076103389648,170.0,55.89185394491289,-4.179857587296262,140,15.098,1629
55.792273823484315,-4.261076103389648,170.0,55.91859399996558,-4.3401659608951215,141,21.905,2028
55.792273823484315,-4.261076103389648,170.0,55.90671476836246,-4.3642865107142725,142,21.806,2042
55.792273823484315,-4.261076103389648,170.0,55.81273399651921,-4.167613047894911,143,8.112,1050
55.792273823484315,-4.261076103389648,170.0,55.80939871413575,-4.276056954355674,144,5.906,1030
55.792273823484315,-4.261076103389648,170.0,55.88312869327199,-4.214542892826467,145,13.182,1678
55.792273823484315,-4.261076103389648,170.0,55.815340374954424,-4.283514492524949,146,6.076,1047
55.792273823484315,-4.261076103389648,170.0,55.87864379034378,-4.080636908866371,147,24.028,1714
55.792273823484315,-4.261076103389648,170.0,55.89423440492952,-4.2418874418647645,148,14.174,1735
55.792273823484315,-4.261076103389648,170.0,55.92796852989922,-4.305970400193036,149,20.261,2017
55.792273823484315,-4.261076103389648,170.0,55.92895153496988,-4.082888064137351,150,28.524,1940
55.792273823484315,-4.261076103389648,170.0,55.790766759429424,-4.135285962371055,151,10.666,1107
55.792273823484315,-4.261076103389648,170.0,55.80808041573422,-4.184105792933229,152,6.909,968
55.792273823484315,-4.261076103389648,170.0,55.7982747224006,-4.3931924101572655,153,13.59,1619
55.792273823484315,-4.261076103389648,170.0,55.81178474630603,-4.337962602706185,154,10.049,1336
55.792273823484315,-4.261076103389648,170.0,55.852972007756,-4.353957895039277,155,14.755,1549
55.792273823484315,-4.261076103389648,170.0,55.797152036890715,-4.311451416173846,156,7.903,1155
55.792273823484315,-4.261076103389648,170.0,55.84839482833289,-4.1889265673730645,157,13.229,1458
55.792273823484315,-4.261076103389648,170.0,55.86383954752864,-4.387927326091926,158,20.347,1576
55.792273823484315,-4.261076103389648,170.0,55.807182357875575,-4.140487806234959,159,9.942,1167
55.792273823484315,-4.261076103389648,170.0,55.8296607577131,-4.218765551358871,160,6.56,1097
55.792273823484315,-4.261076103389648,170.0,55.82699494590622,-4.295404959002084,161,7.21,1220
55.792273823484315,-4.261076103389648,170.0,55.861248665443505,-4.307186036515638,162,12.641,1452
55.792273823484315,-4.261076103389648,170.0,55.897857165570365,-4.156645648865112,163,16.574,1666
55.792273823484315,-4.261076103389648,170.0,55.877747555317356,-4.342792329217214,164,17.453,1676
55.792273823484315,-4.261076103389648,170.0,55.92259641850896,-4.389236283866068,165,33.709,2140
55.792273823484315,-4.261076103389648,170.0,55.92621339590465,-4.2820478996479165,166,18.585,1893
55.792273823484315,-4.261076103389648,170.0,55.80660612206145,-4.094012410496262,167,20.101,1811
55.792273823484315,-4.261076103389648,170.0,55.84605439624201,-4.09192094471571,168,25.257,1783
55.792273823484315,-4.261076103389648,170.0,55.83961965364386,-4.1201104741133365,169,15.405,1421
55.792273823484315,-4.261076103389648,170.0,55.85030951683019,-4.217608837338132,170,8.696,1341
55.792273823484315,-4.261076103389648,170.0,55.85971342373431,-4.246748195156407,171,9.201,1335
55.792273823484315,-4.261076103389648,170.0,55.815747728441636,-4.150792968910081,172,10.13,1265
55.792273823484315,-4.261076103389648,170.0,55.80041195127493,-4.3806303679601495,173,21.888,1581
55.792273823484315,-4.261076103389648,170.0,55.85487415463933,-4.092829020720908,174,19.712,1614
55.792273823484315,-4.261076103389648,170.0,55.80456076444065,-4.203157873727267,175,7.784,1051
55.792273823484315,-4.261076103389648,170.0,55.84723005082115,-4.330151260440624,176,12.708,1407
55.792273823484315,-4.261076103389648,170.0,55.88775631668876,-4.123428423568879,177,20.322,1877
55.792273823484315,-4.261076103389648,170.0,55.82857385936083,-4.129579652409029,178,15.989,1475
55.792273823484315,-4.261076103389648,170.0,55.879865395443076,-4.36272007519476,179,18.345,1718
55.792273823484315,-4.261076103389648,170.0,55.87973669437185,-4.215636550296907,180,12.469,1689
55.792273823484315,-4.261076103389648,170.0,55.8162521393249,-4.1868605517933455,181,8.291,1074
55.792273823484315,-4.261076103389648,170.0,55.80755514535402,-4.201625161718038,182,5.192,1011
55.792273823484315,-4.261076103389648,170.0,55.85565398843102,-4.250533808562208,183,8.24,1236
55.792273823484315,-4.261076103389648,170.0,55.929636326069506,-4.381100658166308,184,34.695,2161
55.792273823484315,-4.261076103389648,170.0,55.879581066995904,-4.21986165885879,185,12.11,1670
55.792273823484315,-4.261076103389648,170.0,55.92647877645629,-4.127886630011083,186,21.936,1997
55.792273823484315,-4.261076103389648,170.0,55.82282427264178,-4.371094162561755,187,11.963,1558
55.792273823484315,-4.261076103389648,170.0,55.90291353127043,-4.3414180899754955,188,19.852,1920
55.792273823484315,-4.261076103389648,170.0,55.78437024600116,-4.156926419796477,189,10.01,1121
55.792273823484315,-4.261076103389648,170.0,55.8321542449311,-4.1561720476648265,190,11.132,1307
55.792273823484315,-4.261076103389648,170.0,55.88310705812362,-4.084862107847263,191,21.189,1596
55.792273823484315,-4.261076103389648,170.0,55.85616333886266,-4.110333739241922,192,19.832,1711
55.792273823484315,-4.261076103389648,170.0,55.90185178498145,-4.152652007721208,193,20.483,2290
55.792273823484315,-4.261076103389648,170.0,55.8837118458465,-4.182392741162416,194,16.762,2638
55.792273823484315,-4.261076103389648,170.0,55.83086049774818,-4.312434105301623,195,9.118,1320
55.792273823484315,-4.261076103389648,170.0,55.821849459706755,-4.176208567338996,196,9.529,1195
55.792273823484315,-4.261076103389648,170.0,55.88009750494633,-4.255964552703097,197,12.503,1676
55.792273823484315,-4.261076103389648,170.0,55.87413911675089,-4.369807111055967,198,16.349,1467
55.792273823484315,-4.261076103389648,170.0,55.86354071984154,-4.093406384811447,199,21.292,1718
55.88676848056196,-4.385485456547063,171.0,55.8391698042901,-4.214478482526657,0,16.601,895
55.88676848056196,-4.385485456547063,171.0,55.86553667472969,-4.350500876963486,1,3.954,310
55.88676848056196,-4.385485456547063,171.0,55.912892829643965,-4.286410947894997,2,17.456,2093
55.88676848056196,-4.385485456547063,171.0,55.84854019346565,-4.391697428307927,3,6.877,587
55.88676848056196,-4.385485456547063,171.0,55.79232875093524,-4.310455024670266,4,19.353,1062
55.88676848056196,-4.385485456547063,171.0,55.837143362020576,-4.120043492886959,5,20.3,907
55.88676848056196,-4.385485456547063,171.0,55.84185129809378,-4.283879851305767,6,10.031,717
55.88676848056196,-4.385485456547063,171.0,55.90609664927746,-4.311383718964596,7,12.768,959
55.88676848056196,-4.385485456547063,171.0,55.7832172019226,-4.31249791159531,8,20.941,1120
55.88676848056196,-4.385485456547063,171.0,55.8177258987159,-4.260489243356555,9,15.272,957
55.88676848056196,-4.385485456547063,171.0,55.903262790870684,-4.212111703691823,10,19.121,1177
55.88676848056196,-4.385485456547063,171.0,55.893978813107424,-4.1413270988368325,11,20.861,1185
55.88676848056196,-4.385485456547063,171.0,55.894884622950286,-4.154349650804189,12,23.246,1083
55.88676848056196,-4.385485456547063,171.0,55.80680963785043,-4.263605759417426,13,17.71,1224
55.88676848056196,-4.385485456547063,171.0,55.81824312166051,-4.346878846315483,14,10.746,869
55.88676848056196,-4.385485456547063,171.0,55.84742656229786,-4.269221405976544,15,12.1,883
55.88676848056196,-4.385485456547063,171.0,55.80730424868546,-4.315177272898423,16,16.222,961
55.88676848056196,-4.385485456547063,171.0,55.83798278877758,-4.260604018644594,17,13.793,858
55.88676848056196,-4.385485456547063,171.0,55.89424631095569,-4.343398240721316,18,10.439,719
55.88676848056196,-4.385485456547063,171.0,55.83908093533876,-4.223069302141199,19,14.192,926
55.88676848056196,-4.385485456547063,171.0,55.8357731433788,-4.270556349194068,20,14.455,875
55.88676848056196,-4.385485456547063,171.0,55.90309627527835,-4.360750370095284,21,12.472,954
55.88676848056196,-4.385485456547063,171.0,55.85652103589449,-4.101365743428073,22,23.409,1128
55.88676848056196,-4.385485456547063,171.0,55.783736419963375,-4.235306054793451,23,19.332,1247
55.88676848056196,-4.385485456547063,171.0,55.92064824587275,-4.2358362157531895,24,20.246,1158
55.88676848056196,-4.385485456547063,171.0,55.907674892744176,-4.2497703459088045,25,18.998,2203
55.88676848056196,-4.385485456547063,171.0,55.919604340921964,-4.226208116301384,26,20.17,1170
55.88676848056196,-4.385485456547063,171.0,55.83219148710444,-4.304581930326681,27,15.394,1003
55.88676848056196,-4.385485456547063,171.0,55.79569701419853,-4.1769099124482585,28,21.016,1180
55.88676848056196,-4.385485456547063,171.0,55.81260197667657,-4.197841211154324,29,18.427,1047
55.88676848056196,-4.385485456547063,171.0,55.826092940761974,-4.176919409292903,30,16.957,979
55.88676848056196,-4.385485456547063,171.0,55.828413149208096,-4.109650878166438,31,23.761,1170
55.88676848056196,-4.385485456547063,171.0,55.8999241737755,-4.257993823533507,32,16.204,1090
55.88676848056196,-4.385485456547063,171.0,55.892514250678616,-4.340118142906542,33,10.468,731
55.88676848056196,-4.385485456547063,171.0,55.855241629670886,-4.269936069312288,34,12.237,715
55.88676848056196,-4.385485456547063,171.0,55.877364911629314,-4.109701193625618,35,23.81,1228
55.88676848056196,-4.385485456547063,171.0,55.887053111734645,-4.1280531391159245,36,24.112,1195
55.88676848056196,-4.385485456547063,171.0,55.89108676863447,-4.105446803942431,37,25.845,1501
55.88676848056196,-4.385485456547063,171.0,55.842635153466425,-4.334387903339716,38,8.067,575
55.88676848056196,-4.385485456547063,171.0,55.89197542936556,-4.19614108945253,39,20.119,1028
55.88676848056196,-4.385485456547063,171.0,55.825849135803445,-4.321179033230789,40,13.572,903
55.88676848056196,-4.385485456547063,171.0,55.81864602215581,-4.375055705699034,41,9.312,744
55.88676848056196,-4.385485456547063,171.0,55.92613065482397,-4.212698358862173,42,20.632,1222
55.88676848056196,-4.385485456547063,171.0,55.874439929608144,-4.279689658904073,43,12.844,757
55.88676848056196,-4.385485456547063,171.0,55.81998166828728,-4.245455535821837,44,14.752,862
55.88676848056196,-4.385485456547063,171.0,55.91066980601156,-4.213502644426629,45,19.584,1173
55.88676848056196,-4.385485456547063,171.0,55.8404807486866,-4.356656090229781,46,7.621,632
55.88676848056196,-4.385485456547063,171.0,55.88708229912325,-4.079055837843032,47,29.092,1250
55.88676848056196,-4.385485456547063,171.0,55.84510555179576,-4.178720975321847,48,18.622,995
55.88676848056196,-4.385485456547063,171.0,55.84413340760586,-4.085244529493477,49,25.789,1624
55.88676848056196,-4.385485456547063,171.0,55.83324217210475,-4.157183908594519,50,18.484,992
55.88676848056196,-4.385485456547063,171.0,55.895753278756494,-4.323131413571223,51,10.225,830
55.88676848056196,-4.385485456547063,171.0,55.88609925330935,-4.38354364327563,52,0.178,62
55.88676848056196,-4.385485456547063,171.0,55.86596770908397,-4.338853955125049,53,4.823,363
55.88676848056196,-4.385485456547063,171.0,55.819381988004544,-4.256567679373081,54,16.181,1012
55.88676848056196,-4.385485456547063,171.0,55.919398785577634,-4.298102785445152,55,17.732,1773
55.88676848056196,-4.385485456547063,171.0,55.81052481551728,-4.0780884232687225,56,26.56,2317
55.88676848056196,-4.385485456547063,171.0,55.8411814367945,-4.125490362928665,57,21.842,1065
55.88676848056196,-4.385485456547063,171.0,55.844855881791794,-4.151320272286683,58,19.474,1045
55.88676848056196,-4.385485456547063,171.0,55.79334532620707,-4.3052187624925375,59,19.684,1068
55.88676848056196,-4.385485456547063,171.0,55.78499644933002,-4.082518262203789,60,30.283,1316
55.88676848056196,-4.385485456547063,171.0,55.86482365717543,-4.074666870071637,61,25.675,1345
55.88676848056196,-4.385485456547063,171.0,55.910543969585106,-4.384534109666136,62,20.291,965
55.88676848056196,-4.385485456547063,171.0,55.799715679086134,-4.188568421733812,63,20.998,1338
55.88676848056196,-4.385485456547063,171.0,55.90005630083831,-4.294022887833187,64,12.659,1035
55.88676848056196,-4.385485456547063,171.0,55.82573931186619,-4.210157383495828,65,16.484,861
55.88676848056196,-4.385485456547063,171.0,55.88010014610652,-4.288014027401103,66,14.933,1033
55.88676848056196,-4.385485456547063,171.0,55.8836463272421,-4.377148406451105,67,1.062,154
55.88676848056196,-4.385485456547063,171.0,55.80511293548626,-4.195982430231648,68,19.407,1121
55.88676848056196,-4.385485456547063,171.0,55.9265186267864,-4.256321117900257,69,19.569,1197
55.88676848056196,-4.385485456547063,171.0,55.90353118048908,-4.119171950823842,70,25.008,1436
55.88676848056196,-4.385485456547063,171.0,55.81502357146685,-4.260984914919316,71,15.629,991
55.88676848056196,-4.385485456547063,171.0,55.894355058439295,-4.293143876300353,72,15.502,1012
55.88676848056196,-4.385485456547063,171.0,55.80246488546192,-4.242274834364847,73,16.893,1088
55.88676848056196,-4.385485456547063,171.0,55.887581813102464,-4.2985753032369685,74,11.745,987
55.88676848056196,-4.385485456547063,171.0,55.928290955083554,-4.295962301582311,75,14.585,1038
55.88676848056196,-4.385485456547063,171.0,55.81096058143004,-4.368797105646974,76,10.92,931
55.88676848056196,-4.385485456547063,171.0,55.84818750128869,-4.3631808239548375,77,5.321,408
55.88676848056196,-4.385485456547063,171.0,55.81610352786554,-4.330910795148831,78,15.541,816
55.88676848056196,-4.385485456547063,171.0,55.807034270653475,-4.136077366584948,79,20.191,1230
55.88676848056196,-4.385485456547063,171.0,55.86778114631985,-4.233612892312959,80,14.695,840
55.88676848056196,-4.385485456547063,171.0,55.79578956690847,-4.368290459919509,81,12.855,2055
55.88676848056196,-4.385485456547063,171.0,55.897877306124535,-4.077031107370425,82,27.636,1967
55.88676848056196,-4.385485456547063,171.0,55.80721289582252,-4.242612882195534,83,16.116,1039
55.88676848056196,-4.385485456547063,171.0,55.92209393969709,-4.157940141970138,84,24.779,1234
55.88676848056196,-4.385485456547063,171.0,55.79188265083702,-4.28147512844989,85,20.546,1123
55.88676848056196,-4.385485456547063,171.0,55.88043814367632,-4.104360473798184,86,23.622,1188
55.88676848056196,-4.385485456547063,171.0,55.90345994988174,-4.293652184560058,87,13.069,1080
55.88676848056196,-4.385485456547063,171.0,55.91230525016259,-4.108196424937476,88,26.276,1382
55.88676848056196,-4.385485456547063,171.0,55.90569137930351,-4.3852429216612405,89,20.534,1004
55.88676848056196,-4.385485456547063,171.0,55.824402119970216,-4.298242138123909,90,14.008,824
55.88676848056196,-4.385485456547063,171.0,55.887104625653905,-4.201059285828647,91,17.831,1177
55.88676848056196,-4.385485456547063,171.0,55.92006797200308,-4.195257422106852,92,21.478,1200
55.88676848056196,-4.385485456547063,171.0,55.7944551107823,-4.1683749063061635,93,21.146,1614
55.88676848056196,-4.385485456547063,171.0,55.88003873447475,-4.304350182381346,94,9.898,827
55.88676848056196,-4.385485456547063,171.0,55.88308048053683,-4.2942103285768285,95,14.273,887
55.88676848056196,-4.385485456547063,171.0,55.80779271908626,-4.3234306371549245,96,16.812,949
55.88676848056196,-4.385485456547063,171.0,55.90123467399992,-4.380968632189907,97,21.732,1217
55.88676848056196,-4.385485456547063,171.0,55.88049231589054,-4.293733205570284,98,14.175,878
55.88676848056196,-4.385485456547063,171.0,55.84697147961761,-4.334108806216461,99,6.908,573
55.88676848056196,-4.385485456547063,171.0,55.83067141211495,-4.195633651932574,100,15.767,858
55.88676848056196,-4.385485456547063,171.0,55.89350845984679,-4.099445363541155,101,25.66,1333
55.88676848056196,-4.385485456547063,171.0,55.92592408664018,-4.179171340754611,102,26.12,1318
55.88676848056196,-4.385485456547063,171.0,55.84941827409408,-4.169566750359822,103,19.327,1061
55.88676848056196,-4.385485456547063,171.0,55.92413375575165,-4.226670311636797,104,21.847,1965
55.88676848056196,-4.385485456547063,171.0,55.88995713457192,-4.285031242761631,105,14.442,915
55.88676848056196,-4.385485456547063,171.0,55.90528066541109,-4.131569818675147,106,22.458,1082
55.88676848056196,-4.385485456547063,171.0,55.87850608392288,-4.103517886631066,107,23.953,1221
55.88676848056196,-4.385485456547063,171.0,55.80799405798939,-4.284953473560454,108,17.018,1113
55.88676848056196,-4.385485456547063,171.0,55.906815669822045,-4.385279074380807,109,20.315,958
55.88676848056196,-4.385485456547063,171.0,55.916237634416454,-4.222407816066865,110,20.085,1158
55.88676848056196,-4.385485456547063,171.0,55.915798955837815,-4.088621086891774,111,29.36,1413
55.88676848056196,-4.385485456547063,171.0,55.827538479175395,-4.350653065976025,112,8.164,710
55.88676848056196,-4.385485456547063,171.0,55.799515288981674,-4.0866627646338864,113,30.653,1429
55.88676848056196,-4.385485456547063,171.0,55.831024245961984,-4.244756518165482,114,13.233,763
55.88676848056196,-4.385485456547063,171.0,55.86754360554833,-4.2143078261423845,115,16.035,955
55.88676848056196,-4.385485456547063,171.0,55.8574985965699,-4.1521224561179935,116,20.63,1171
55.88676848056196,-4.385485456547063,171.0,55.88095643501817,-4.32811659177277,117,8.281,546
55.88676848056196,-4.385485456547063,171.0,55.85240433608213,-4.177570445500026,118,19.491,1112
55.88676848056196,-4.385485456547063,171.0,55.91169549549074,-4.359708873069638,119,22.843,1183
55.88676848056196,-4.385485456547063,171.0,55.92640787519779,-4.300990956079843,120,14.393,1059
55.88676848056196,-4.385485456547063,171.0,55.84019197366069,-4.205566157974415,121,17.087,1010
55.88676848056196,-4.385485456547063,171.0,55.866619942939494,-4.268153778778456,122,12.997,879
55.88676848056196,-4.385485456547063,171.0,55.81327411986783,-4.2587495402872255,123,15.608,1001
55.88676848056196,-4.385485456547063,171.0,55.86022660117776,-4.154711133590585,124,20.536,1099
55.88676848056196,-4.385485456547063,171.0,55.831522729053496,-4.370420634377527,125,7.626,638
55.88676848056196,-4.385485456547063,171.0,55.84074346341779,-4.172411658039648,126,17.695,915
55.88676848056196,-4.385485456547063,171.0,55.8801412435821,-4.258666277618953,127,14.041,905
55.88676848056196,-4.385485456547063,171.0,55.8434159429892,-4.1056733307349536,128,22.098,1094
55.88676848056196,-4.385485456547063,171.0,55.83522057783537,-4.25736952395694,129,13.767,860
55.88676848056196,-4.385485456547063,171.0,55.86467774065618,-4.2250953414252415,130,14.819,792
55.88676848056196,-4.385485456547063,171.0,55.8953662249987,-4.231143624453162,131,17.272,970
55.88676848056196,-4.385485456547063,171.0,55.81920459649808,-4.236238450921302,132,15.336,912
55.88676848056196,-4.385485456547063,171.0,55.900795402502105,-4.206009410292495,133,19.439,1165
55.88676848056196,-4.385485456547063,171.0,55.86078490474355,-4.339631469507248,134,4.866,419
55.88676848056196,-4.385485456547063,171.0,55.924999437053955,-4.191173279124663,135,21.729,1210
55.88676848056196,-4.385485456547063,171.0,55.81549096669224,-4.126910343137958,136,21.182,1277
55.88676848056196,-4.385485456547063,171.0,55.90135585493081,-4.207622057499793,137,19.438,1142
55.88676848056196,-4.385485456547063,171.0,55.845816555475636,-4.129576488296543,138,20.847,1136
55.88676848056196,-4.385485456547063,171.0,55.80470047644827,-4.291960781118721,139,16.851,1090
55.88676848056196,-4.385485456547063,171.0,55.89185394491289,-4.179857587296262,140,19.023,953
55.88676848056196,-4.385485456547063,171.0,55.91859399996558,-4.3401659608951215,141,13.323,996
55.88676848056196,-4.385485456547063,171.0,55.90671476836246,-4.3642865107142725,142,13.224,1010
55.88676848056196,-4.385485456547063,171.0,55.81273399651921,-4.167613047894911,143,18.24,1041
55.88676848056196,-4.385485456547063,171.0,55.80939871413575,-4.276056954355674,144,16.732,1061
55.88676848056196,-4.385485456547063,171.0,55.88312869327199,-4.214542892826467,145,16.843,996
55.88676848056196,-4.385485456547063,171.0,55.815340374954424,-4.283514492524949,146,15.726,946
55.88676848056196,-4.385485456547063,171.0,55.87864379034378,-4.080636908866371,147,30.072,1285
55.88676848056196,-4.385485456547063,171.0,55.89423440492952,-4.2418874418647645,148,17.835,1053
55.88676848056196,-4.385485456547063,171.0,55.92796852989922,-4.305970400193036,149,14.521,1082
55.88676848056196,-4.385485456547063,171.0,55.92895153496988,-4.082888064137351,150,29.73,1362
55.88676848056196,-4.385485456547063,171.0,55.790766759429424,-4.135285962371055,151,23.571,1255
55.88676848056196,-4.385485456547063,171.0,55.80808041573422,-4.184105792933229,152,19.201,1053
55.88676848056196,-4.385485456547063,171.0,55.7982747224006,-4.3931924101572655,153,12.339,933
55.88676848056196,-4.385485456547063,171.0,55.81178474630603,-4.337962602706185,154,11.611,877
55.88676848056196,-4.385485456547063,171.0,55.852972007756,-4.353957895039277,155,5.402,496
55.88676848056196,-4.385485456547063,171.0,55.797152036890715,-4.311451416173846,156,18.58,996
55.88676848056196,-4.385485456547063,171.0,55.84839482833289,-4.1889265673730645,157,19.273,1029
55.88676848056196,-4.385485456547063,171.0,55.86383954752864,-4.387927326091926,158,4.639,290
55.88676848056196,-4.385485456547063,171.0,55.807182357875575,-4.140487806234959,159,19.868,1205
55.88676848056196,-4.385485456547063,171.0,55.8296607577131,-4.218765551358871,160,14.653,919
55.88676848056196,-4.385485456547063,171.0,55.82699494590622,-4.295404959002084,161,14.044,800
55.88676848056196,-4.385485456547063,171.0,55.861248665443505,-4.307186036515638,162,8.292,552
55.88676848056196,-4.385485456547063,171.0,55.897857165570365,-4.156645648865112,163,20.499,989
55.88676848056196,-4.385485456547063,171.0,55.877747555317356,-4.342792329217214,164,8.871,643
55.88676848056196,-4.385485456547063,171.0,55.92259641850896,-4.389236283866068,165,19.192,964
55.88676848056196,-4.385485456547063,171.0,55.92621339590465,-4.2820478996479165,166,15.752,1083
55.88676848056196,-4.385485456547063,171.0,55.80660612206145,-4.094012410496262,167,26.145,1382
55.88676848056196,-4.385485456547063,171.0,55.84605439624201,-4.09192094471571,168,24.836,1104
55.88676848056196,-4.385485456547063,171.0,55.83961965364386,-4.1201104741133365,169,21.449,992
55.88676848056196,-4.385485456547063,171.0,55.85030951683019,-4.217608837338132,170,14.741,960
55.88676848056196,-4.385485456547063,171.0,55.85971342373431,-4.246748195156407,171,15.188,890
55.88676848056196,-4.385485456547063,171.0,55.815747728441636,-4.150792968910081,172,18.738,1102
55.88676848056196,-4.385485456547063,171.0,55.80041195127493,-4.3806303679601495,173,11.193,873
55.88676848056196,-4.385485456547063,171.0,55.85487415463933,-4.092829020720908,174,24.646,1106
55.88676848056196,-4.385485456547063,171.0,55.80456076444065,-4.203157873727267,175,19.426,1123
55.88676848056196,-4.385485456547063,171.0,55.84723005082115,-4.330151260440624,176,7.702,552
55.88676848056196,-4.385485456547063,171.0,55.88775631668876,-4.123428423568879,177,24.247,1201
55.88676848056196,-4.385485456547063,171.0,55.82857385936083,-4.129579652409029,178,21.26,1290
55.88676848056196,-4.385485456547063,171.0,55.879865395443076,-4.36272007519476,179,9.763,685
55.88676848056196,-4.385485456547063,171.0,55.87973669437185,-4.215636550296907,180,16.13,1008
55.88676848056196,-4.385485456547063,171.0,55.8162521393249,-4.1868605517933455,181,17.62,1012
55.88676848056196,-4.385485456547063,171.0,55.80755514535402,-4.201625161718038,182,19.179,1090
55.88676848056196,-4.385485456547063,171.0,55.85565398843102,-4.250533808562208,183,11.7,810
55.88676848056196,-4.385485456547063,171.0,55.929636326069506,-4.381100658166308,184,20.178,985
55.88676848056196,-4.385485456547063,171.0,55.879581066995904,-4.21986165885879,185,15.771,988
55.88676848056196,-4.385485456547063,171.0,55.92647877645629,-4.127886630011083,186,25.861,1320
55.88676848056196,-4.385485456547063,171.0,55.82282427264178,-4.371094162561755,187,8.614,725
55.88676848056196,-4.385485456547063,171.0,55.90291353127043,-4.3414180899754955,188,11.27,888
55.88676848056196,-4.385485456547063,171.0,55.78437024600116,-4.156926419796477,189,22.915,1269
55.88676848056196,-4.385485456547063,171.0,55.8321542449311,-4.1561720476648265,190,18.524,1006
55.88676848056196,-4.385485456547063,171.0,55.88310705812362,-4.084862107847263,191,27.233,1167
55.88676848056196,-4.385485456547063,171.0,55.85616333886266,-4.110333739241922,192,23.447,1149
55.88676848056196,-4.385485456547063,171.0,55.90185178498145,-4.152652007721208,193,24.408,1614
55.88676848056196,-4.385485456547063,171.0,55.8837118458465,-4.182392741162416,194,20.687,1962
55.88676848056196,-4.385485456547063,171.0,55.83086049774818,-4.312434105301623,195,14.978,905
55.88676848056196,-4.385485456547063,171.0,55.821849459706755,-4.176208567338996,196,17.368,976
55.88676848056196,-4.385485456547063,171.0,55.88009750494633,-4.255964552703097,197,13.727,884
55.88676848056196,-4.385485456547063,171.0,55.87413911675089,-4.369807111055967,198,2.418,218
55.88676848056196,-4.385485456547063,171.0,55.86354071984154,-4.093406384811447,199,24.063,1203
55.84164033771955,-4.344067723870468,172.0,55.8391698042901,-4.214478482526657,0,12.82,878
55.84164033771955,-4.344067723870468,172.0,55.86553667472969,-4.350500876963486,1,3.511,409
55.84164033771955,-4.344067723870468,172.0,55.912892829643965,-4.286410947894997,2,14.616,2050
55.84164033771955,-4.344067723870468,172.0,55.84854019346565,-4.391697428307927,3,3.542,406
55.84164033771955,-4.344067723870468,172.0,55.79232875093524,-4.310455024670266,4,7.871,697
55.84164033771955,-4.344067723870468,172.0,55.837143362020576,-4.120043492886959,5,16.519,891
55.84164033771955,-4.344067723870468,172.0,55.84185129809378,-4.283879851305767,6,4.82,484
55.84164033771955,-4.344067723870468,172.0,55.90609664927746,-4.311383718964596,7,9.928,916
55.84164033771955,-4.344067723870468,172.0,55.7832172019226,-4.31249791159531,8,9.459,755
55.84164033771955,-4.344067723870468,172.0,55.8177258987159,-4.260489243356555,9,8.596,816
55.84164033771955,-4.344067723870468,172.0,55.903262790870684,-4.212111703691823,10,15.354,1162
55.84164033771955,-4.344067723870468,172.0,55.893978813107424,-4.1413270988368325,11,17.094,1169
55.84164033771955,-4.344067723870468,172.0,55.894884622950286,-4.154349650804189,12,19.479,1068
55.84164033771955,-4.344067723870468,172.0,55.80680963785043,-4.263605759417426,13,9.078,893
55.84164033771955,-4.344067723870468,172.0,55.81824312166051,-4.346878846315483,14,3.844,445
55.84164033771955,-4.344067723870468,172.0,55.84742656229786,-4.269221405976544,15,7.392,770
55.84164033771955,-4.344067723870468,172.0,55.80730424868546,-4.315177272898423,16,7.112,618
55.84164033771955,-4.344067723870468,172.0,55.83798278877758,-4.260604018644594,17,6.627,771
55.84164033771955,-4.344067723870468,172.0,55.89424631095569,-4.343398240721316,18,7.599,676
55.84164033771955,-4.344067723870468,172.0,55.83908093533876,-4.223069302141199,19,10.411,909
55.84164033771955,-4.344067723870468,172.0,55.8357731433788,-4.270556349194068,20,5.705,641
55.84164033771955,-4.344067723870468,172.0,55.90309627527835,-4.360750370095284,21,9.632,911
55.84164033771955,-4.344067723870468,172.0,55.85652103589449,-4.101365743428073,22,19.642,1112
55.84164033771955,-4.344067723870468,172.0,55.783736419963375,-4.235306054793451,23,22.413,1126
55.84164033771955,-4.344067723870468,172.0,55.92064824587275,-4.2358362157531895,24,16.479,1143
55.84164033771955,-4.344067723870468,172.0,55.907674892744176,-4.2497703459088045,25,15.231,2188
55.84164033771955,-4.344067723870468,172.0,55.919604340921964,-4.226208116301384,26,16.403,1154
55.84164033771955,-4.344067723870468,172.0,55.83219148710444,-4.304581930326681,27,7.158,705
55.84164033771955,-4.344067723870468,172.0,55.79569701419853,-4.1769099124482585,28,17.235,1163
55.84164033771955,-4.344067723870468,172.0,55.81260197667657,-4.197841211154324,29,14.646,1030
55.84164033771955,-4.344067723870468,172.0,55.826092940761974,-4.176919409292903,30,13.176,963
55.84164033771955,-4.344067723870468,172.0,55.828413149208096,-4.109650878166438,31,19.98,1153
55.84164033771955,-4.344067723870468,172.0,55.8999241737755,-4.257993823533507,32,12.437,1074
55.84164033771955,-4.344067723870468,172.0,55.892514250678616,-4.340118142906542,33,7.628,688
55.84164033771955,-4.344067723870468,172.0,55.855241629670886,-4.269936069312288,34,9.457,690
55.84164033771955,-4.344067723870468,172.0,55.877364911629314,-4.109701193625618,35,20.043,1213
55.84164033771955,-4.344067723870468,172.0,55.887053111734645,-4.1280531391159245,36,20.345,1179
55.84164033771955,-4.344067723870468,172.0,55.89108676863447,-4.105446803942431,37,22.078,1485
55.84164033771955,-4.344067723870468,172.0,55.842635153466425,-4.334387903339716,38,1.154,155
55.84164033771955,-4.344067723870468,172.0,55.89197542936556,-4.19614108945253,39,16.352,1013
55.84164033771955,-4.344067723870468,172.0,55.825849135803445,-4.321179033230789,40,7.137,627
55.84164033771955,-4.344067723870468,172.0,55.81864602215581,-4.375055705699034,41,4.873,454
55.84164033771955,-4.344067723870468,172.0,55.92613065482397,-4.212698358862173,42,16.865,1207
55.84164033771955,-4.344067723870468,172.0,55.874439929608144,-4.279689658904073,43,9.077,741
55.84164033771955,-4.344067723870468,172.0,55.81998166828728,-4.245455535821837,44,10.971,846
55.84164033771955,-4.344067723870468,172.0,55.91066980601156,-4.213502644426629,45,15.817,1158
55.84164033771955,-4.344067723870468,172.0,55.8404807486866,-4.356656090229781,46,3.631,380
55.84164033771955,-4.344067723870468,172.0,55.88708229912325,-4.079055837843032,47,25.311,1234
55.84164033771955,-4.344067723870468,172.0,55.84510555179576,-4.178720975321847,48,14.841,979
55.84164033771955,-4.344067723870468,172.0,55.84413340760586,-4.085244529493477,49,22.008,1608
55.84164033771955,-4.344067723870468,172.0,55.83324217210475,-4.157183908594519,50,14.703,976
55.84164033771955,-4.344067723870468,172.0,55.895753278756494,-4.323131413571223,51,7.385,787
55.84164033771955,-4.344067723870468,172.0,55.88609925330935,-4.38354364327563,52,7.211,540
55.84164033771955,-4.344067723870468,172.0,55.86596770908397,-4.338853955125049,53,3.599,375
55.84164033771955,-4.344067723870468,172.0,55.819381988004544,-4.256567679373081,54,8.662,810
55.84164033771955,-4.344067723870468,172.0,55.919398785577634,-4.298102785445152,55,14.892,1730
55.84164033771955,-4.344067723870468,172.0,55.81052481551728,-4.0780884232687225,56,22.779,2301
55.84164033771955,-4.344067723870468,172.0,55.8411814367945,-4.125490362928665,57,18.061,1049
55.84164033771955,-4.344067723870468,172.0,55.844855881791794,-4.151320272286683,58,15.693,1029
55.84164033771955,-4.344067723870468,172.0,55.79334532620707,-4.3052187624925375,59,8.202,703
55.84164033771955,-4.344067723870468,172.0,55.78499644933002,-4.082518262203789,60,26.502,1300
55.84164033771955,-4.344067723870468,172.0,55.86482365717543,-4.074666870071637,61,21.908,1329
55.84164033771955,-4.344067723870468,172.0,55.910543969585106,-4.384534109666136,62,11.459,976
55.84164033771955,-4.344067723870468,172.0,55.799715679086134,-4.188568421733812,63,17.217,1322
55.84164033771955,-4.344067723870468,172.0,55.90005630083831,-4.294022887833187,64,9.819,992
55.84164033771955,-4.344067723870468,172.0,55.82573931186619,-4.210157383495828,65,12.703,845
55.84164033771955,-4.344067723870468,172.0,55.88010014610652,-4.288014027401103,66,11.166,1017
55.84164033771955,-4.344067723870468,172.0,55.8836463272421,-4.377148406451105,67,6.981,617
55.84164033771955,-4.344067723870468,172.0,55.80511293548626,-4.195982430231648,68,15.626,1105
55.84164033771955,-4.344067723870468,172.0,55.9265186267864,-4.256321117900257,69,15.866,1188
55.84164033771955,-4.344067723870468,172.0,55.90353118048908,-4.119171950823842,70,21.241,1421
55.84164033771955,-4.344067723870468,172.0,55.81502357146685,-4.260984914919316,71,8.307,793
55.84164033771955,-4.344067723870468,172.0,55.894355058439295,-4.293143876300353,72,11.735,996
55.84164033771955,-4.344067723870468,172.0,55.80246488546192,-4.242274834364847,73,13.112,1071
55.84164033771955,-4.344067723870468,172.0,55.887581813102464,-4.2985753032369685,74,8.905,944
55.84164033771955,-4.344067723870468,172.0,55.928290955083554,-4.295962301582311,75,11.745,995
55.84164033771955,-4.344067723870468,172.0,55.81096058143004,-4.368797105646974,76,5.469,623
55.84164033771955,-4.344067723870468,172.0,55.84818750128869,-4.3631808239548375,77,2.781,305
55.84164033771955,-4.344067723870468,172.0,55.81610352786554,-4.330910795148831,78,4.339,447
55.84164033771955,-4.344067723870468,172.0,55.807034270653475,-4.136077366584948,79,16.41,1214
55.84164033771955,-4.344067723870468,172.0,55.86778114631985,-4.233612892312959,80,10.928,824
55.84164033771955,-4.344067723870468,172.0,55.79578956690847,-4.368290459919509,81,8.416,1765
55.84164033771955,-4.344067723870468,172.0,55.897877306124535,-4.077031107370425,82,23.869,1952
55.84164033771955,-4.344067723870468,172.0,55.80721289582252,-4.242612882195534,83,12.335,1023
55.84164033771955,-4.344067723870468,172.0,55.92209393969709,-4.157940141970138,84,21.012,1219
55.84164033771955,-4.344067723870468,172.0,55.79188265083702,-4.28147512844989,85,9.064,758
55.84164033771955,-4.344067723870468,172.0,55.88043814367632,-4.104360473798184,86,19.855,1173
55.84164033771955,-4.344067723870468,172.0,55.90345994988174,-4.293652184560058,87,10.229,1037
55.84164033771955,-4.344067723870468,172.0,55.91230525016259,-4.108196424937476,88,22.509,1366
55.84164033771955,-4.344067723870468,172.0,55.90569137930351,-4.3852429216612405,89,11.494,999
55.84164033771955,-4.344067723870468,172.0,55.824402119970216,-4.298242138123909,90,5.258,590
55.84164033771955,-4.344067723870468,172.0,55.887104625653905,-4.201059285828647,91,14.064,1162
55.84164033771955,-4.344067723870468,172.0,55.92006797200308,-4.195257422106852,92,17.711,1185
55.84164033771955,-4.344067723870468,172.0,55.7944551107823,-4.1683749063061635,93,17.365,1598
55.84164033771955,-4.344067723870468,172.0,55.88003873447475,-4.304350182381346,94,7.058,784
55.84164033771955,-4.344067723870468,172.0,55.88308048053683,-4.2942103285768285,95,10.506,872
55.84164033771955,-4.344067723870468,172.0,55.80779271908626,-4.3234306371549245,96,5.61,579
55.84164033771955,-4.344067723870468,172.0,55.90123467399992,-4.380968632189907,97,11.8,1128
55.84164033771955,-4.344067723870468,172.0,55.88049231589054,-4.293733205570284,98,10.408,862
55.84164033771955,-4.344067723870468,172.0,55.84697147961761,-4.334108806216461,99,1.452,263
55.84164033771955,-4.344067723870468,172.0,55.83067141211495,-4.195633651932574,100,11.986,842
55.84164033771955,-4.344067723870468,172.0,55.89350845984679,-4.099445363541155,101,21.893,1317
55.84164033771955,-4.344067723870468,172.0,55.92592408664018,-4.179171340754611,102,22.353,1302
55.84164033771955,-4.344067723870468,172.0,55.84941827409408,-4.169566750359822,103,15.546,1045
55.84164033771955,-4.344067723870468,172.0,55.92413375575165,-4.226670311636797,104,18.08,1949
55.84164033771955,-4.344067723870468,172.0,55.88995713457192,-4.285031242761631,105,10.675,899
55.84164033771955,-4.344067723870468,172.0,55.90528066541109,-4.131569818675147,106,18.691,1066
55.84164033771955,-4.344067723870468,172.0,55.87850608392288,-4.103517886631066,107,20.186,1206
55.84164033771955,-4.344067723870468,172.0,55.80799405798939,-4.284953473560454,108,7.908,770
55.84164033771955,-4.344067723870468,172.0,55.906815669822045,-4.385279074380807,109,10.805,914
55.84164033771955,-4.344067723870468,172.0,55.916237634416454,-4.222407816066865,110,16.318,1142
55.84164033771955,-4.344067723870468,172.0,55.915798955837815,-4.088621086891774,111,25.593,1397
55.84164033771955,-4.344067723870468,172.0,55.827538479175395,-4.350653065976025,112,3.213,376
55.84164033771955,-4.344067723870468,172.0,55.799515288981674,-4.0866627646338864,113,26.872,1413
55.84164033771955,-4.344067723870468,172.0,55.831024245961984,-4.244756518165482,114,9.452,747
55.84164033771955,-4.344067723870468,172.0,55.86754360554833,-4.2143078261423845,115,12.268,940
55.84164033771955,-4.344067723870468,172.0,55.8574985965699,-4.1521224561179935,116,16.849,1155
55.84164033771955,-4.344067723870468,172.0,55.88095643501817,-4.32811659177277,117,5.441,503
55.84164033771955,-4.344067723870468,172.0,55.85240433608213,-4.177570445500026,118,15.71,1096
55.84164033771955,-4.344067723870468,172.0,55.91169549549074,-4.359708873069638,119,11.617,1102
55.84164033771955,-4.344067723870468,172.0,55.92640787519779,-4.300990956079843,120,11.553,1016
55.84164033771955,-4.344067723870468,172.0,55.84019197366069,-4.205566157974415,121,13.306,994
55.84164033771955,-4.344067723870468,172.0,55.866619942939494,-4.268153778778456,122,9.23,864
55.84164033771955,-4.344067723870468,172.0,55.81327411986783,-4.2587495402872255,123,8.986,864
55.84164033771955,-4.344067723870468,172.0,55.86022660117776,-4.154711133590585,124,16.769,1083
55.84164033771955,-4.344067723870468,172.0,55.831522729053496,-4.370420634377527,125,3.636,387
55.84164033771955,-4.344067723870468,172.0,55.84074346341779,-4.172411658039648,126,13.914,898
55.84164033771955,-4.344067723870468,172.0,55.8801412435821,-4.258666277618953,127,10.274,890
55.84164033771955,-4.344067723870468,172.0,55.8434159429892,-4.1056733307349536,128,18.317,1078
55.84164033771955,-4.344067723870468,172.0,55.83522057783537,-4.25736952395694,129,6.679,758
55.84164033771955,-4.344067723870468,172.0,55.86467774065618,-4.2250953414252415,130,11.052,776
55.84164033771955,-4.344067723870468,172.0,55.8953662249987,-4.231143624453162,131,13.505,954
55.84164033771955,-4.344067723870468,172.0,55.81920459649808,-4.236238450921302,132,11.555,896
55.84164033771955,-4.344067723870468,172.0,55.900795402502105,-4.206009410292495,133,15.672,1149
55.84164033771955,-4.344067723870468,172.0,55.86078490474355,-4.339631469507248,134,3.273,461
55.84164033771955,-4.344067723870468,172.0,55.924999437053955,-4.191173279124663,135,17.962,1194
55.84164033771955,-4.344067723870468,172.0,55.81549096669224,-4.126910343137958,136,17.401,1261
55.84164033771955,-4.344067723870468,172.0,55.90135585493081,-4.207622057499793,137,15.671,1126
55.84164033771955,-4.344067723870468,172.0,55.845816555475636,-4.129576488296543,138,17.066,1119
55.84164033771955,-4.344067723870468,172.0,55.80470047644827,-4.291960781118721,139,7.741,748
55.84164033771955,-4.344067723870468,172.0,55.89185394491289,-4.179857587296262,140,15.256,937
55.84164033771955,-4.344067723870468,172.0,55.91859399996558,-4.3401659608951215,141,10.483,953
55.84164033771955,-4.344067723870468,172.0,55.90671476836246,-4.3642865107142725,142,10.384,967
55.84164033771955,-4.344067723870468,172.0,55.81273399651921,-4.167613047894911,143,14.459,1025
55.84164033771955,-4.344067723870468,172.0,55.80939871413575,-4.276056954355674,144,7.622,718
55.84164033771955,-4.344067723870468,172.0,55.88312869327199,-4.214542892826467,145,13.076,981
55.84164033771955,-4.344067723870468,172.0,55.815340374954424,-4.283514492524949,146,6.616,604
55.84164033771955,-4.344067723870468,172.0,55.87864379034378,-4.080636908866371,147,26.291,1269
55.84164033771955,-4.344067723870468,172.0,55.89423440492952,-4.2418874418647645,148,14.068,1038
55.84164033771955,-4.344067723870468,172.0,55.92796852989922,-4.305970400193036,149,11.681,1039
55.84164033771955,-4.344067723870468,172.0,55.92895153496988,-4.082888064137351,150,25.963,1346
55.84164033771955,-4.344067723870468,172.0,55.790766759429424,-4.135285962371055,151,19.79,1239
55.84164033771955,-4.344067723870468,172.0,55.80808041573422,-4.184105792933229,152,15.42,1036
55.84164033771955,-4.344067723870468,172.0,55.7982747224006,-4.3931924101572655,153,7.338,631
55.84164033771955,-4.344067723870468,172.0,55.81178474630603,-4.337962602706185,154,5.406,553
55.84164033771955,-4.344067723870468,172.0,55.852972007756,-4.353957895039277,155,1.845,329
55.84164033771955,-4.344067723870468,172.0,55.797152036890715,-4.311451416173846,156,7.098,631
55.84164033771955,-4.344067723870468,172.0,55.84839482833289,-4.1889265673730645,157,15.492,1013
55.84164033771955,-4.344067723870468,172.0,55.86383954752864,-4.387927326091926,158,6.93,499
55.84164033771955,-4.344067723870468,172.0,55.807182357875575,-4.140487806234959,159,16.087,1189
55.84164033771955,-4.344067723870468,172.0,55.8296607577131,-4.218765551358871,160,10.872,903
55.84164033771955,-4.344067723870468,172.0,55.82699494590622,-4.295404959002084,161,5.294,567
55.84164033771955,-4.344067723870468,172.0,55.861248665443505,-4.307186036515638,162,4.321,494
55.84164033771955,-4.344067723870468,172.0,55.897857165570365,-4.156645648865112,163,16.732,974
55.84164033771955,-4.344067723870468,172.0,55.877747555317356,-4.342792329217214,164,6.031,600
55.84164033771955,-4.344067723870468,172.0,55.92259641850896,-4.389236283866068,165,22.682,1109
55.84164033771955,-4.344067723870468,172.0,55.92621339590465,-4.2820478996479165,166,12.912,1040
55.84164033771955,-4.344067723870468,172.0,55.80660612206145,-4.094012410496262,167,22.364,1366
55.84164033771955,-4.344067723870468,172.0,55.84605439624201,-4.09192094471571,168,21.069,1089
55.84164033771955,-4.344067723870468,172.0,55.83961965364386,-4.1201104741133365,169,17.668,976
55.84164033771955,-4.344067723870468,172.0,55.85030951683019,-4.217608837338132,170,10.96,944
55.84164033771955,-4.344067723870468,172.0,55.85971342373431,-4.246748195156407,171,11.421,875
55.84164033771955,-4.344067723870468,172.0,55.815747728441636,-4.150792968910081,172,14.957,1086
55.84164033771955,-4.344067723870468,172.0,55.80041195127493,-4.3806303679601495,173,6.754,583
55.84164033771955,-4.344067723870468,172.0,55.85487415463933,-4.092829020720908,174,20.879,1090
55.84164033771955,-4.344067723870468,172.0,55.80456076444065,-4.203157873727267,175,15.645,1107
55.84164033771955,-4.344067723870468,172.0,55.84723005082115,-4.330151260440624,176,1.642,244
55.84164033771955,-4.344067723870468,172.0,55.88775631668876,-4.123428423568879,177,20.48,1185
55.84164033771955,-4.344067723870468,172.0,55.82857385936083,-4.129579652409029,178,17.479,1273
55.84164033771955,-4.344067723870468,172.0,55.879865395443076,-4.36272007519476,179,6.923,642
55.84164033771955,-4.344067723870468,172.0,55.87973669437185,-4.215636550296907,180,12.363,992
55.84164033771955,-4.344067723870468,172.0,55.8162521393249,-4.1868605517933455,181,13.839,996
55.84164033771955,-4.344067723870468,172.0,55.80755514535402,-4.201625161718038,182,15.398,1074
55.84164033771955,-4.344067723870468,172.0,55.85565398843102,-4.250533808562208,183,7.919,794
55.84164033771955,-4.344067723870468,172.0,55.929636326069506,-4.381100658166308,184,23.668,1130
55.84164033771955,-4.344067723870468,172.0,55.879581066995904,-4.21986165885879,185,12.004,973
55.84164033771955,-4.344067723870468,172.0,55.92647877645629,-4.127886630011083,186,22.094,1305
55.84164033771955,-4.344067723870468,172.0,55.82282427264178,-4.371094162561755,187,4.624,473
55.84164033771955,-4.344067723870468,172.0,55.90291353127043,-4.3414180899754955,188,8.43,845
55.84164033771955,-4.344067723870468,172.0,55.78437024600116,-4.156926419796477,189,19.134,1253
55.84164033771955,-4.344067723870468,172.0,55.8321542449311,-4.1561720476648265,190,14.743,990
55.84164033771955,-4.344067723870468,172.0,55.88310705812362,-4.084862107847263,191,23.452,1150
55.84164033771955,-4.344067723870468,172.0,55.85616333886266,-4.110333739241922,192,19.68,1134
55.84164033771955,-4.344067723870468,172.0,55.90185178498145,-4.152652007721208,193,20.641,1598
55.84164033771955,-4.344067723870468,172.0,55.8837118458465,-4.182392741162416,194,16.92,1946
55.84164033771955,-4.344067723870468,172.0,55.83086049774818,-4.312434105301623,195,6.742,608
55.84164033771955,-4.344067723870468,172.0,55.821849459706755,-4.176208567338996,196,13.587,960
55.84164033771955,-4.344067723870468,172.0,55.88009750494633,-4.255964552703097,197,9.96,869
55.84164033771955,-4.344067723870468,172.0,55.87413911675089,-4.369807111055967,198,5.322,436
55.84164033771955,-4.344067723870468,172.0,55.86354071984154,-4.093406384811447,199,20.296,1188
55.82249315788541,-4.223805777957686,173.0,55.8391698042901,-4.214478482526657,0,3.092,411
55.82249315788541,-4.223805777957686,173.0,55.86553667472969,-4.350500876963486,1,14.196,967
55.82249315788541,-4.223805777957686,173.0,55.912892829643965,-4.286410947894997,2,15.44,2233
55.82249315788541,-4.223805777957686,173.0,55.84854019346565,-4.391697428307927,3,13.627,1188
55.82249315788541,-4.223805777957686,173.0,55.79232875093524,-4.310455024670266,4,8.276,877
55.82249315788541,-4.223805777957686,173.0,55.837143362020576,-4.120043492886959,5,8.018,574
55.82249315788541,-4.223805777957686,173.0,55.84185129809378,-4.283879851305767,6,5.137,702
55.82249315788541,-4.223805777957686,173.0,55.90609664927746,-4.311383718964596,7,13.63,1364
55.82249315788541,-4.223805777957686,173.0,55.7832172019226,-4.31249791159531,8,9.128,890
55.82249315788541,-4.223805777957686,173.0,55.8177258987159,-4.260489243356555,9,2.836,390
55.82249315788541,-4.223805777957686,173.0,55.903262790870684,-4.212111703691823,10,11.913,1241
55.82249315788541,-4.223805777957686,173.0,55.893978813107424,-4.1413270988368325,11,11.331,1221
55.82249315788541,-4.223805777957686,173.0,55.894884622950286,-4.154349650804189,12,14.226,1150
55.82249315788541,-4.223805777957686,173.0,55.80680963785043,-4.263605759417426,13,5.274,658
55.82249315788541,-4.223805777957686,173.0,55.81824312166051,-4.346878846315483,14,9.846,1054
55.82249315788541,-4.223805777957686,173.0,55.84742656229786,-4.269221405976544,15,5.334,715
55.82249315788541,-4.223805777957686,173.0,55.80730424868546,-4.315177272898423,16,7.331,821
55.82249315788541,-4.223805777957686,173.0,55.83798278877758,-4.260604018644594,17,3.608,516
55.82249315788541,-4.223805777957686,173.0,55.89424631095569,-4.343398240721316,18,16.012,1217
55.82249315788541,-4.223805777957686,173.0,55.83908093533876,-4.223069302141199,19,3.583,537
55.82249315788541,-4.223805777957686,173.0,55.8357731433788,-4.270556349194068,20,4.292,566
55.82249315788541,-4.223805777957686,173.0,55.90309627527835,-4.360750370095284,21,18.045,1452
55.82249315788541,-4.223805777957686,173.0,55.85652103589449,-4.101365743428073,22,12.951,898
55.82249315788541,-4.223805777957686,173.0,55.783736419963375,-4.235306054793451,23,6.896,681
55.82249315788541,-4.223805777957686,173.0,55.92064824587275,-4.2358362157531895,24,13.038,1222
55.82249315788541,-4.223805777957686,173.0,55.907674892744176,-4.2497703459088045,25,11.79,2267
55.82249315788541,-4.223805777957686,173.0,55.919604340921964,-4.226208116301384,26,12.962,1234
55.82249315788541,-4.223805777957686,173.0,55.83219148710444,-4.304581930326681,27,7.435,947
55.82249315788541,-4.223805777957686,173.0,55.79569701419853,-4.1769099124482585,28,5.769,547
55.82249315788541,-4.223805777957686,173.0,55.81260197667657,-4.197841211154324,29,3.271,414
55.82249315788541,-4.223805777957686,173.0,55.826092940761974,-4.176919409292903,30,4.069,562
55.82249315788541,-4.223805777957686,173.0,55.828413149208096,-4.109650878166438,31,11.479,837
55.82249315788541,-4.223805777957686,173.0,55.8999241737755,-4.257993823533507,32,11.889,1212
55.82249315788541,-4.223805777957686,173.0,55.892514250678616,-4.340118142906542,33,16.041,1228
55.82249315788541,-4.223805777957686,173.0,55.855241629670886,-4.269936069312288,34,10.076,927
55.82249315788541,-4.223805777957686,173.0,55.877364911629314,-4.109701193625618,35,19.192,1110
55.82249315788541,-4.223805777957686,173.0,55.887053111734645,-4.1280531391159245,36,24.839,1314
55.82249315788541,-4.223805777957686,173.0,55.89108676863447,-4.105446803942431,37,19.18,1325
55.82249315788541,-4.223805777957686,173.0,55.842635153466425,-4.334387903339716,38,10.064,895
55.82249315788541,-4.223805777957686,173.0,55.89197542936556,-4.19614108945253,39,11.099,1095
55.82249315788541,-4.223805777957686,173.0,55.825849135803445,-4.321179033230789,40,7.414,869
55.82249315788541,-4.223805777957686,173.0,55.81864602215581,-4.375055705699034,41,10.875,1063
55.82249315788541,-4.223805777957686,173.0,55.92613065482397,-4.212698358862173,42,13.424,1286
55.82249315788541,-4.223805777957686,173.0,55.874439929608144,-4.279689658904073,43,8.889,993
55.82249315788541,-4.223805777957686,173.0,55.81998166828728,-4.245455535821837,44,1.696,232
55.82249315788541,-4.223805777957686,173.0,55.91066980601156,-4.213502644426629,45,12.376,1237
55.82249315788541,-4.223805777957686,173.0,55.8404807486866,-4.356656090229781,46,13.716,1163
55.82249315788541,-4.223805777957686,173.0,55.88708229912325,-4.079055837843032,47,16.81,918
55.82249315788541,-4.223805777957686,173.0,55.84510555179576,-4.178720975321847,48,6.34,663
55.82249315788541,-4.223805777957686,173.0,55.84413340760586,-4.085244529493477,49,13.507,1292
55.82249315788541,-4.223805777957686,173.0,55.83324217210475,-4.157183908594519,50,6.202,660
55.82249315788541,-4.223805777957686,173.0,55.895753278756494,-4.323131413571223,51,15.798,1328
55.82249315788541,-4.223805777957686,173.0,55.88609925330935,-4.38354364327563,52,15.229,1036
55.82249315788541,-4.223805777957686,173.0,55.86596770908397,-4.338853955125049,53,12.012,916
55.82249315788541,-4.223805777957686,173.0,55.819381988004544,-4.256567679373081,54,3.745,451
55.82249315788541,-4.223805777957686,173.0,55.919398785577634,-4.298102785445152,55,15.716,1912
55.82249315788541,-4.223805777957686,173.0,55.81052481551728,-4.0780884232687225,56,14.278,1985
55.82249315788541,-4.223805777957686,173.0,55.8411814367945,-4.125490362928665,57,9.56,733
55.82249315788541,-4.223805777957686,173.0,55.844855881791794,-4.151320272286683,58,7.192,713
55.82249315788541,-4.223805777957686,173.0,55.79334532620707,-4.3052187624925375,59,7.871,838
55.82249315788541,-4.223805777957686,173.0,55.78499644933002,-4.082518262203789,60,12.963,836
55.82249315788541,-4.223805777957686,173.0,55.86482365717543,-4.074666870071637,61,14.503,1091
55.82249315788541,-4.223805777957686,173.0,55.910543969585106,-4.384534109666136,62,19.872,1517
55.82249315788541,-4.223805777957686,173.0,55.799715679086134,-4.188568421733812,63,5.751,706
55.82249315788541,-4.223805777957686,173.0,55.90005630083831,-4.294022887833187,64,12.702,1317
55.82249315788541,-4.223805777957686,173.0,55.82573931186619,-4.210157383495828,65,1.869,312
55.82249315788541,-4.223805777957686,173.0,55.88010014610652,-4.288014027401103,66,11.423,1286
55.82249315788541,-4.223805777957686,173.0,55.8836463272421,-4.377148406451105,67,14.999,1113
55.82249315788541,-4.223805777957686,173.0,55.80511293548626,-4.195982430231648,68,3.996,447
55.82249315788541,-4.223805777957686,173.0,55.9265186267864,-4.256321117900257,69,15.254,1327
55.82249315788541,-4.223805777957686,173.0,55.90353118048908,-4.119171950823842,70,19.782,1385
55.82249315788541,-4.223805777957686,173.0,55.81502357146685,-4.260984914919316,71,3.193,425
55.82249315788541,-4.223805777957686,173.0,55.894355058439295,-4.293143876300353,72,11.992,1265
55.82249315788541,-4.223805777957686,173.0,55.80246488546192,-4.242274834364847,73,4.457,521
55.82249315788541,-4.223805777957686,173.0,55.887581813102464,-4.2985753032369685,74,11.604,1261
55.82249315788541,-4.223805777957686,173.0,55.928290955083554,-4.295962301582311,75,16.138,1327
55.82249315788541,-4.223805777957686,173.0,55.81096058143004,-4.368797105646974,76,10.978,1123
55.82249315788541,-4.223805777957686,173.0,55.84818750128869,-4.3631808239548375,77,14.702,1014
55.82249315788541,-4.223805777957686,173.0,55.81610352786554,-4.330910795148831,78,8.076,811
55.82249315788541,-4.223805777957686,173.0,55.807034270653475,-4.136077366584948,79,10.517,728
55.82249315788541,-4.223805777957686,173.0,55.86778114631985,-4.233612892312959,80,7.116,868
55.82249315788541,-4.223805777957686,173.0,55.79578956690847,-4.368290459919509,81,21.025,2365
55.82249315788541,-4.223805777957686,173.0,55.897877306124535,-4.077031107370425,82,19.169,1663
55.82249315788541,-4.223805777957686,173.0,55.80721289582252,-4.242612882195534,83,3.68,473
55.82249315788541,-4.223805777957686,173.0,55.92209393969709,-4.157940141970138,84,15.759,1301
55.82249315788541,-4.223805777957686,173.0,55.79188265083702,-4.28147512844989,85,6.647,716
55.82249315788541,-4.223805777957686,173.0,55.88043814367632,-4.104360473798184,86,18.502,1050
55.82249315788541,-4.223805777957686,173.0,55.90345994988174,-4.293652184560058,87,14.913,1369
55.82249315788541,-4.223805777957686,173.0,55.91230525016259,-4.108196424937476,88,22.462,1287
55.82249315788541,-4.223805777957686,173.0,55.90569137930351,-4.3852429216612405,89,19.907,1540
55.82249315788541,-4.223805777957686,173.0,55.824402119970216,-4.298242138123909,90,5.585,750
55.82249315788541,-4.223805777957686,173.0,55.887104625653905,-4.201059285828647,91,9.342,1232
55.82249315788541,-4.223805777957686,173.0,55.92006797200308,-4.195257422106852,92,14.27,1264
55.82249315788541,-4.223805777957686,173.0,55.7944551107823,-4.1683749063061635,93,5.899,982
55.82249315788541,-4.223805777957686,173.0,55.88003873447475,-4.304350182381346,94,11.159,1208
55.82249315788541,-4.223805777957686,173.0,55.88308048053683,-4.2942103285768285,95,10.759,1183
55.82249315788541,-4.223805777957686,173.0,55.80779271908626,-4.3234306371549245,96,7.931,890
55.82249315788541,-4.223805777957686,173.0,55.90123467399992,-4.380968632189907,97,20.213,1669
55.82249315788541,-4.223805777957686,173.0,55.88049231589054,-4.293733205570284,98,10.661,1173
55.82249315788541,-4.223805777957686,173.0,55.84697147961761,-4.334108806216461,99,10.178,928
55.82249315788541,-4.223805777957686,173.0,55.83067141211495,-4.195633651932574,100,3.31,461
55.82249315788541,-4.223805777957686,173.0,55.89350845984679,-4.099445363541155,101,18.247,1095
55.82249315788541,-4.223805777957686,173.0,55.92592408664018,-4.179171340754611,102,17.1,1385
55.82249315788541,-4.223805777957686,173.0,55.84941827409408,-4.169566750359822,103,7.045,728
55.82249315788541,-4.223805777957686,173.0,55.92413375575165,-4.226670311636797,104,14.639,2029
55.82249315788541,-4.223805777957686,173.0,55.88995713457192,-4.285031242761631,105,10.932,1167
55.82249315788541,-4.223805777957686,173.0,55.90528066541109,-4.131569818675147,106,13.438,1149
55.82249315788541,-4.223805777957686,173.0,55.87850608392288,-4.103517886631066,107,18.833,1083
55.82249315788541,-4.223805777957686,173.0,55.80799405798939,-4.284953473560454,108,5.06,661
55.82249315788541,-4.223805777957686,173.0,55.906815669822045,-4.385279074380807,109,19.218,1455
55.82249315788541,-4.223805777957686,173.0,55.916237634416454,-4.222407816066865,110,12.877,1222
55.82249315788541,-4.223805777957686,173.0,55.915798955837815,-4.088621086891774,111,21.328,1171
55.82249315788541,-4.223805777957686,173.0,55.827538479175395,-4.350653065976025,112,9.215,985
55.82249315788541,-4.223805777957686,173.0,55.799515288981674,-4.0866627646338864,113,13.522,953
55.82249315788541,-4.223805777957686,173.0,55.831024245961984,-4.244756518165482,114,2.587,421
55.82249315788541,-4.223805777957686,173.0,55.86754360554833,-4.2143078261423845,115,7.157,1007
55.82249315788541,-4.223805777957686,173.0,55.8574985965699,-4.1521224561179935,116,8.348,839
55.82249315788541,-4.223805777957686,173.0,55.88095643501817,-4.32811659177277,117,13.854,1044
55.82249315788541,-4.223805777957686,173.0,55.85240433608213,-4.177570445500026,118,6.961,768
55.82249315788541,-4.223805777957686,173.0,55.91169549549074,-4.359708873069638,119,20.03,1643
55.82249315788541,-4.223805777957686,173.0,55.92640787519779,-4.300990956079843,120,16.586,1376
55.82249315788541,-4.223805777957686,173.0,55.84019197366069,-4.205566157974415,121,3.578,527
55.82249315788541,-4.223805777957686,173.0,55.866619942939494,-4.268153778778456,122,8.994,1030
55.82249315788541,-4.223805777957686,173.0,55.81327411986783,-4.2587495402872255,123,3.172,435
55.82249315788541,-4.223805777957686,173.0,55.86022660117776,-4.154711133590585,124,8.701,870
55.82249315788541,-4.223805777957686,173.0,55.831522729053496,-4.370420634377527,125,11.269,1155
55.82249315788541,-4.223805777957686,173.0,55.84074346341779,-4.172411658039648,126,5.413,582
55.82249315788541,-4.223805777957686,173.0,55.8801412435821,-4.258666277618953,127,9.27,1080
55.82249315788541,-4.223805777957686,173.0,55.8434159429892,-4.1056733307349536,128,9.816,761
55.82249315788541,-4.223805777957686,173.0,55.83522057783537,-4.25736952395694,129,3.582,517
55.82249315788541,-4.223805777957686,173.0,55.86467774065618,-4.2250953414252415,130,6.382,763
55.82249315788541,-4.223805777957686,173.0,55.8953662249987,-4.231143624453162,131,10.064,1034
55.82249315788541,-4.223805777957686,173.0,55.81920459649808,-4.236238450921302,132,1.112,182
55.82249315788541,-4.223805777957686,173.0,55.900795402502105,-4.206009410292495,133,12.231,1229
55.82249315788541,-4.223805777957686,173.0,55.86078490474355,-4.339631469507248,134,12.547,1011
55.82249315788541,-4.223805777957686,173.0,55.924999437053955,-4.191173279124663,135,14.521,1274
55.82249315788541,-4.223805777957686,173.0,55.81549096669224,-4.126910343137958,136,11.574,816
55.82249315788541,-4.223805777957686,173.0,55.90135585493081,-4.207622057499793,137,12.23,1206
55.82249315788541,-4.223805777957686,173.0,55.845816555475636,-4.129576488296543,138,8.565,803
55.82249315788541,-4.223805777957686,173.0,55.80470047644827,-4.291960781118721,139,6.325,766
55.82249315788541,-4.223805777957686,173.0,55.89185394491289,-4.179857587296262,140,10.003,1020
55.82249315788541,-4.223805777957686,173.0,55.91859399996558,-4.3401659608951215,141,18.896,1493
55.82249315788541,-4.223805777957686,173.0,55.90671476836246,-4.3642865107142725,142,18.797,1507
55.82249315788541,-4.223805777957686,173.0,55.81273399651921,-4.167613047894911,143,5.5,553
55.82249315788541,-4.223805777957686,173.0,55.80939871413575,-4.276056954355674,144,4.348,550
55.82249315788541,-4.223805777957686,173.0,55.88312869327199,-4.214542892826467,145,9.635,1060
55.82249315788541,-4.223805777957686,173.0,55.815340374954424,-4.283514492524949,146,4.518,567
55.82249315788541,-4.223805777957686,173.0,55.87864379034378,-4.080636908866371,147,17.79,952
55.82249315788541,-4.223805777957686,173.0,55.89423440492952,-4.2418874418647645,148,10.627,1117
55.82249315788541,-4.223805777957686,173.0,55.92796852989922,-4.305970400193036,149,16.714,1399
55.82249315788541,-4.223805777957686,173.0,55.92895153496988,-4.082888064137351,150,22.286,1179
55.82249315788541,-4.223805777957686,173.0,55.790766759429424,-4.135285962371055,151,8.324,623
55.82249315788541,-4.223805777957686,173.0,55.80808041573422,-4.184105792933229,152,4.297,455
55.82249315788541,-4.223805777957686,173.0,55.7982747224006,-4.3931924101572655,153,12.616,1231
55.82249315788541,-4.223805777957686,173.0,55.81178474630603,-4.337962602706185,154,8.491,856
55.82249315788541,-4.223805777957686,173.0,55.852972007756,-4.353957895039277,155,11.746,1014
55.82249315788541,-4.223805777957686,173.0,55.797152036890715,-4.311451416173846,156,8.161,871
55.82249315788541,-4.223805777957686,173.0,55.84839482833289,-4.1889265673730645,157,6.991,697
55.82249315788541,-4.223805777957686,173.0,55.86383954752864,-4.387927326091926,158,17.338,1041
55.82249315788541,-4.223805777957686,173.0,55.807182357875575,-4.140487806234959,159,7.6,682
55.82249315788541,-4.223805777957686,173.0,55.8296607577131,-4.218765551358871,160,1.503,301
55.82249315788541,-4.223805777957686,173.0,55.82699494590622,-4.295404959002084,161,5.876,733
55.82249315788541,-4.223805777957686,173.0,55.861248665443505,-4.307186036515638,162,9.632,917
55.82249315788541,-4.223805777957686,173.0,55.897857165570365,-4.156645648865112,163,11.479,1056
55.82249315788541,-4.223805777957686,173.0,55.877747555317356,-4.342792329217214,164,14.444,1140
55.82249315788541,-4.223805777957686,173.0,55.92259641850896,-4.389236283866068,165,30.7,1605
55.82249315788541,-4.223805777957686,173.0,55.92621339590465,-4.2820478996479165,166,15.038,1275
55.82249315788541,-4.223805777957686,173.0,55.80660612206145,-4.094012410496262,167,13.863,1049
55.82249315788541,-4.223805777957686,173.0,55.84605439624201,-4.09192094471571,168,19.019,1021
55.82249315788541,-4.223805777957686,173.0,55.83961965364386,-4.1201104741133365,169,9.167,660
55.82249315788541,-4.223805777957686,173.0,55.85030951683019,-4.217608837338132,170,4.132,571
55.82249315788541,-4.223805777957686,173.0,55.85971342373431,-4.246748195156407,171,5.654,717
55.82249315788541,-4.223805777957686,173.0,55.815747728441636,-4.150792968910081,172,5.85,684
55.82249315788541,-4.223805777957686,173.0,55.80041195127493,-4.3806303679601495,173,12.032,1183
55.82249315788541,-4.223805777957686,173.0,55.85487415463933,-4.092829020720908,174,13.474,852
55.82249315788541,-4.223805777957686,173.0,55.80456076444065,-4.203157873727267,175,4.015,449
55.82249315788541,-4.223805777957686,173.0,55.84723005082115,-4.330151260440624,176,9.699,872
55.82249315788541,-4.223805777957686,173.0,55.88775631668876,-4.123428423568879,177,21.445,1305
55.82249315788541,-4.223805777957686,173.0,55.82857385936083,-4.129579652409029,178,8.372,872
55.82249315788541,-4.223805777957686,173.0,55.879865395443076,-4.36272007519476,179,15.336,1183
55.82249315788541,-4.223805777957686,173.0,55.87973669437185,-4.215636550296907,180,8.922,1071
55.82249315788541,-4.223805777957686,173.0,55.8162521393249,-4.1868605517933455,181,3.768,445
55.82249315788541,-4.223805777957686,173.0,55.80755514535402,-4.201625161718038,182,3.25,397
55.82249315788541,-4.223805777957686,173.0,55.85565398843102,-4.250533808562208,183,5.261,691
55.82249315788541,-4.223805777957686,173.0,55.929636326069506,-4.381100658166308,184,31.686,1626
55.82249315788541,-4.223805777957686,173.0,55.879581066995904,-4.21986165885879,185,8.563,1052
55.82249315788541,-4.223805777957686,173.0,55.92647877645629,-4.127886630011083,186,22.688,1440
55.82249315788541,-4.223805777957686,173.0,55.82282427264178,-4.371094162561755,187,10.405,1078
55.82249315788541,-4.223805777957686,173.0,55.90291353127043,-4.3414180899754955,188,16.843,1385
55.82249315788541,-4.223805777957686,173.0,55.78437024600116,-4.156926419796477,189,7.668,637
55.82249315788541,-4.223805777957686,173.0,55.8321542449311,-4.1561720476648265,190,6.242,673
55.82249315788541,-4.223805777957686,173.0,55.88310705812362,-4.084862107847263,191,14.951,834
55.82249315788541,-4.223805777957686,173.0,55.85616333886266,-4.110333739241922,192,13.594,949
55.82249315788541,-4.223805777957686,173.0,55.90185178498145,-4.152652007721208,193,15.388,1681
55.82249315788541,-4.223805777957686,173.0,55.8837118458465,-4.182392741162416,194,11.157,1998
55.82249315788541,-4.223805777957686,173.0,55.83086049774818,-4.312434105301623,195,7.019,850
55.82249315788541,-4.223805777957686,173.0,55.821849459706755,-4.176208567338996,196,4.48,558
55.82249315788541,-4.223805777957686,173.0,55.88009750494633,-4.255964552703097,197,8.956,1058
55.82249315788541,-4.223805777957686,173.0,55.87413911675089,-4.369807111055967,198,13.34,932
55.82249315788541,-4.223805777957686,173.0,55.86354071984154,-4.093406384811447,199,15.054,956
55.873889900555746,-4.225216527238822,174.0,55.8391698042901,-4.214478482526657,0,6.521,728
55.873889900555746,-4.225216527238822,174.0,55.86553667472969,-4.350500876963486,1,14.49,825
55.873889900555746,-4.225216527238822,174.0,55.912892829643965,-4.286410947894997,2,8.739,1603
55.873889900555746,-4.225216527238822,174.0,55.84854019346565,-4.391697428307927,3,13.921,1047
55.873889900555746,-4.225216527238822,174.0,55.79232875093524,-4.310455024670266,4,16.412,1025
55.873889900555746,-4.225216527238822,174.0,55.837143362020576,-4.120043492886959,5,16.997,906
55.873889900555746,-4.225216527238822,174.0,55.84185129809378,-4.283879851305767,6,11.092,775
55.873889900555746,-4.225216527238822,174.0,55.90609664927746,-4.311383718964596,7,8.676,869
55.873889900555746,-4.225216527238822,174.0,55.7832172019226,-4.31249791159531,8,18.0,1083
55.873889900555746,-4.225216527238822,174.0,55.8177258987159,-4.260489243356555,9,8.347,912
55.873889900555746,-4.225216527238822,174.0,55.903262790870684,-4.212111703691823,10,5.212,618
55.873889900555746,-4.225216527238822,174.0,55.893978813107424,-4.1413270988368325,11,8.537,745
55.873889900555746,-4.225216527238822,174.0,55.894884622950286,-4.154349650804189,12,10.922,644
55.873889900555746,-4.225216527238822,174.0,55.80680963785043,-4.263605759417426,13,10.188,1172
55.873889900555746,-4.225216527238822,174.0,55.81824312166051,-4.346878846315483,14,13.575,939
55.873889900555746,-4.225216527238822,174.0,55.84742656229786,-4.269221405976544,15,7.568,662
55.873889900555746,-4.225216527238822,174.0,55.80730424868546,-4.315177272898423,16,13.281,924
55.873889900555746,-4.225216527238822,174.0,55.83798278877758,-4.260604018644594,17,5.717,687
55.873889900555746,-4.225216527238822,174.0,55.89424631095569,-4.343398240721316,18,9.421,873
55.873889900555746,-4.225216527238822,174.0,55.83908093533876,-4.223069302141199,19,5.968,754
55.873889900555746,-4.225216527238822,174.0,55.8357731433788,-4.270556349194068,20,8.372,674
55.873889900555746,-4.225216527238822,174.0,55.90309627527835,-4.360750370095284,21,11.454,1109
55.873889900555746,-4.225216527238822,174.0,55.85652103589449,-4.101365743428073,22,11.085,688
55.873889900555746,-4.225216527238822,174.0,55.783736419963375,-4.235306054793451,23,12.407,1203
55.873889900555746,-4.225216527238822,174.0,55.92064824587275,-4.2358362157531895,24,6.337,599
55.873889900555746,-4.225216527238822,174.0,55.907674892744176,-4.2497703459088045,25,5.089,1644
55.873889900555746,-4.225216527238822,174.0,55.919604340921964,-4.226208116301384,26,6.261,610
55.873889900555746,-4.225216527238822,174.0,55.83219148710444,-4.304581930326681,27,12.453,966
55.873889900555746,-4.225216527238822,174.0,55.79569701419853,-4.1769099124482585,28,12.612,1147
55.873889900555746,-4.225216527238822,174.0,55.81260197667657,-4.197841211154324,29,10.023,1015
55.873889900555746,-4.225216527238822,174.0,55.826092940761974,-4.176919409292903,30,13.654,979
55.873889900555746,-4.225216527238822,174.0,55.828413149208096,-4.109650878166438,31,18.031,1033
55.873889900555746,-4.225216527238822,174.0,55.8999241737755,-4.257993823533507,32,5.188,607
55.873889900555746,-4.225216527238822,174.0,55.892514250678616,-4.340118142906542,33,9.45,915
55.873889900555746,-4.225216527238822,174.0,55.855241629670886,-4.269936069312288,34,5.412,403
55.873889900555746,-4.225216527238822,174.0,55.877364911629314,-4.109701193625618,35,11.486,789
55.873889900555746,-4.225216527238822,174.0,55.887053111734645,-4.1280531391159245,36,11.788,755
55.873889900555746,-4.225216527238822,174.0,55.89108676863447,-4.105446803942431,37,13.521,1061
55.873889900555746,-4.225216527238822,174.0,55.842635153466425,-4.334387903339716,38,10.358,753
55.873889900555746,-4.225216527238822,174.0,55.89197542936556,-4.19614108945253,39,4.525,532
55.873889900555746,-4.225216527238822,174.0,55.825849135803445,-4.321179033230789,40,10.631,866
55.873889900555746,-4.225216527238822,174.0,55.81864602215581,-4.375055705699034,41,14.604,948
55.873889900555746,-4.225216527238822,174.0,55.92613065482397,-4.212698358862173,42,6.723,663
55.873889900555746,-4.225216527238822,174.0,55.874439929608144,-4.279689658904073,43,5.253,525
55.873889900555746,-4.225216527238822,174.0,55.81998166828728,-4.245455535821837,44,7.827,817
55.873889900555746,-4.225216527238822,174.0,55.91066980601156,-4.213502644426629,45,5.675,614
55.873889900555746,-4.225216527238822,174.0,55.8404807486866,-4.356656090229781,46,14.01,1021
55.873889900555746,-4.225216527238822,174.0,55.88708229912325,-4.079055837843032,47,14.33,921
55.873889900555746,-4.225216527238822,174.0,55.84510555179576,-4.178720975321847,48,7.429,797
55.873889900555746,-4.225216527238822,174.0,55.84413340760586,-4.085244529493477,49,15.584,1221
55.873889900555746,-4.225216527238822,174.0,55.83324217210475,-4.157183908594519,50,9.551,945
55.873889900555746,-4.225216527238822,174.0,55.895753278756494,-4.323131413571223,51,9.192,947
55.873889900555746,-4.225216527238822,174.0,55.88609925330935,-4.38354364327563,52,15.523,894
55.873889900555746,-4.225216527238822,174.0,55.86596770908397,-4.338853955125049,53,12.306,774
55.873889900555746,-4.225216527238822,174.0,55.819381988004544,-4.256567679373081,54,8.077,933
55.873889900555746,-4.225216527238822,174.0,55.919398785577634,-4.298102785445152,55,9.015,1283
55.873889900555746,-4.225216527238822,174.0,55.81052481551728,-4.0780884232687225,56,20.83,2181
55.873889900555746,-4.225216527238822,174.0,55.8411814367945,-4.125490362928665,57,16.112,929
55.873889900555746,-4.225216527238822,174.0,55.844855881791794,-4.151320272286683,58,9.256,914
55.873889900555746,-4.225216527238822,174.0,55.79334532620707,-4.3052187624925375,59,16.743,1031
55.873889900555746,-4.225216527238822,174.0,55.78499644933002,-4.082518262203789,60,22.72,1107
55.873889900555746,-4.225216527238822,174.0,55.86482365717543,-4.074666870071637,61,13.351,905
55.873889900555746,-4.225216527238822,174.0,55.910543969585106,-4.384534109666136,62,13.281,1173
55.873889900555746,-4.225216527238822,174.0,55.799715679086134,-4.188568421733812,63,12.594,1306
55.873889900555746,-4.225216527238822,174.0,55.90005630083831,-4.294022887833187,64,8.997,818
55.873889900555746,-4.225216527238822,174.0,55.82573931186619,-4.210157383495828,65,8.08,829
55.873889900555746,-4.225216527238822,174.0,55.88010014610652,-4.288014027401103,66,6.469,772
55.873889900555746,-4.225216527238822,174.0,55.8836463272421,-4.377148406451105,67,15.293,971
55.873889900555746,-4.225216527238822,174.0,55.80511293548626,-4.195982430231648,68,11.003,1089
55.873889900555746,-4.225216527238822,174.0,55.9265186267864,-4.256321117900257,69,8.553,697
55.873889900555746,-4.225216527238822,174.0,55.90353118048908,-4.119171950823842,70,12.684,997
55.873889900555746,-4.225216527238822,174.0,55.81502357146685,-4.260984914919316,71,8.704,946
55.873889900555746,-4.225216527238822,174.0,55.894355058439295,-4.293143876300353,72,7.038,751
55.873889900555746,-4.225216527238822,174.0,55.80246488546192,-4.242274834364847,73,9.968,1043
55.873889900555746,-4.225216527238822,174.0,55.887581813102464,-4.2985753032369685,74,6.65,748
55.873889900555746,-4.225216527238822,174.0,55.928290955083554,-4.295962301582311,75,9.437,697
55.873889900555746,-4.225216527238822,174.0,55.81096058143004,-4.368797105646974,76,16.261,1030
55.873889900555746,-4.225216527238822,174.0,55.84818750128869,-4.3631808239548375,77,14.996,873
55.873889900555746,-4.225216527238822,174.0,55.81610352786554,-4.330910795148831,78,12.6,779
55.873889900555746,-4.225216527238822,174.0,55.807034270653475,-4.136077366584948,79,13.575,1233
55.873889900555746,-4.225216527238822,174.0,55.86778114631985,-4.233612892312959,80,1.781,299
55.873889900555746,-4.225216527238822,174.0,55.79578956690847,-4.368290459919509,81,21.345,2224
55.873889900555746,-4.225216527238822,174.0,55.897877306124535,-4.077031107370425,82,15.312,1528
55.873889900555746,-4.225216527238822,174.0,55.80721289582252,-4.242612882195534,83,9.191,994
55.873889900555746,-4.225216527238822,174.0,55.92209393969709,-4.157940141970138,84,12.455,795
55.873889900555746,-4.225216527238822,174.0,55.79188265083702,-4.28147512844989,85,17.605,1086
55.873889900555746,-4.225216527238822,174.0,55.88043814367632,-4.104360473798184,86,11.298,749
55.873889900555746,-4.225216527238822,174.0,55.90345994988174,-4.293652184560058,87,8.212,739
55.873889900555746,-4.225216527238822,174.0,55.91230525016259,-4.108196424937476,88,13.952,942
55.873889900555746,-4.225216527238822,174.0,55.90569137930351,-4.3852429216612405,89,13.316,1196
55.873889900555746,-4.225216527238822,174.0,55.824402119970216,-4.298242138123909,90,11.067,787
55.873889900555746,-4.225216527238822,174.0,55.887104625653905,-4.201059285828647,91,3.036,477
55.873889900555746,-4.225216527238822,174.0,55.92006797200308,-4.195257422106852,92,7.569,641
55.873889900555746,-4.225216527238822,174.0,55.7944551107823,-4.1683749063061635,93,12.742,1582
55.873889900555746,-4.225216527238822,174.0,55.88003873447475,-4.304350182381346,94,6.867,698
55.873889900555746,-4.225216527238822,174.0,55.88308048053683,-4.2942103285768285,95,6.467,673
55.873889900555746,-4.225216527238822,174.0,55.80779271908626,-4.3234306371549245,96,13.871,912
55.873889900555746,-4.225216527238822,174.0,55.90123467399992,-4.380968632189907,97,16.469,1373
55.873889900555746,-4.225216527238822,174.0,55.88049231589054,-4.293733205570284,98,6.369,663
55.873889900555746,-4.225216527238822,174.0,55.84697147961761,-4.334108806216461,99,10.472,786
55.873889900555746,-4.225216527238822,174.0,55.83067141211495,-4.195633651932574,100,12.464,857
55.873889900555746,-4.225216527238822,174.0,55.89350845984679,-4.099445363541155,101,13.336,893
55.873889900555746,-4.225216527238822,174.0,55.92592408664018,-4.179171340754611,102,9.74,785
55.873889900555746,-4.225216527238822,174.0,55.84941827409408,-4.169566750359822,103,7.215,782
55.873889900555746,-4.225216527238822,174.0,55.92413375575165,-4.226670311636797,104,7.938,1405
55.873889900555746,-4.225216527238822,174.0,55.88995713457192,-4.285031242761631,105,5.978,654
55.873889900555746,-4.225216527238822,174.0,55.90528066541109,-4.131569818675147,106,10.134,642
55.873889900555746,-4.225216527238822,174.0,55.87850608392288,-4.103517886631066,107,11.629,782
55.873889900555746,-4.225216527238822,174.0,55.80799405798939,-4.284953473560454,108,12.37,1041
55.873889900555746,-4.225216527238822,174.0,55.906815669822045,-4.385279074380807,109,12.627,1111
55.873889900555746,-4.225216527238822,174.0,55.916237634416454,-4.222407816066865,110,6.176,599
55.873889900555746,-4.225216527238822,174.0,55.915798955837815,-4.088621086891774,111,17.036,973
55.873889900555746,-4.225216527238822,174.0,55.827538479175395,-4.350653065976025,112,12.944,870
55.873889900555746,-4.225216527238822,174.0,55.799515288981674,-4.0866627646338864,113,23.09,1220
55.873889900555746,-4.225216527238822,174.0,55.831024245961984,-4.244756518165482,114,6.428,726
55.873889900555746,-4.225216527238822,174.0,55.86754360554833,-4.2143078261423845,115,3.022,458
55.873889900555746,-4.225216527238822,174.0,55.8574985965699,-4.1521224561179935,116,8.995,732
55.873889900555746,-4.225216527238822,174.0,55.88095643501817,-4.32811659177277,117,10.086,755
55.873889900555746,-4.225216527238822,174.0,55.85240433608213,-4.177570445500026,118,6.5,654
55.873889900555746,-4.225216527238822,174.0,55.91169549549074,-4.359708873069638,119,12.134,1152
55.873889900555746,-4.225216527238822,174.0,55.92640787519779,-4.300990956079843,120,9.885,746
55.873889900555746,-4.225216527238822,174.0,55.84019197366069,-4.205566157974415,121,7.007,826
55.873889900555746,-4.225216527238822,174.0,55.866619942939494,-4.268153778778456,122,4.33,506
55.873889900555746,-4.225216527238822,174.0,55.81327411986783,-4.2587495402872255,123,8.683,956
55.873889900555746,-4.225216527238822,174.0,55.86022660117776,-4.154711133590585,124,8.212,659
55.873889900555746,-4.225216527238822,174.0,55.831522729053496,-4.370420634377527,125,14.998,1041
55.873889900555746,-4.225216527238822,174.0,55.84074346341779,-4.172411658039648,126,8.499,844
55.873889900555746,-4.225216527238822,174.0,55.8801412435821,-4.258666277618953,127,3.252,461
55.873889900555746,-4.225216527238822,174.0,55.8434159429892,-4.1056733307349536,128,16.368,957
55.873889900555746,-4.225216527238822,174.0,55.83522057783537,-4.25736952395694,129,5.691,688
55.873889900555746,-4.225216527238822,174.0,55.86467774065618,-4.2250953414252415,130,2.562,304
55.873889900555746,-4.225216527238822,174.0,55.8953662249987,-4.231143624453162,131,3.363,410
55.873889900555746,-4.225216527238822,174.0,55.81920459649808,-4.236238450921302,132,8.411,868
55.873889900555746,-4.225216527238822,174.0,55.900795402502105,-4.206009410292495,133,5.53,605
55.873889900555746,-4.225216527238822,174.0,55.86078490474355,-4.339631469507248,134,12.841,869
55.873889900555746,-4.225216527238822,174.0,55.924999437053955,-4.191173279124663,135,7.82,650
55.873889900555746,-4.225216527238822,174.0,55.81549096669224,-4.126910343137958,136,21.43,1245
55.873889900555746,-4.225216527238822,174.0,55.90135585493081,-4.207622057499793,137,5.529,583
55.873889900555746,-4.225216527238822,174.0,55.845816555475636,-4.129576488296543,138,12.185,901
55.873889900555746,-4.225216527238822,174.0,55.80470047644827,-4.291960781118721,139,12.397,1020
55.873889900555746,-4.225216527238822,174.0,55.89185394491289,-4.179857587296262,140,6.699,513
55.873889900555746,-4.225216527238822,174.0,55.91859399996558,-4.3401659608951215,141,12.646,957
55.873889900555746,-4.225216527238822,174.0,55.90671476836246,-4.3642865107142725,142,12.221,1124
55.873889900555746,-4.225216527238822,174.0,55.81273399651921,-4.167613047894911,143,14.937,1040
55.873889900555746,-4.225216527238822,174.0,55.80939871413575,-4.276056954355674,144,12.278,1005
55.873889900555746,-4.225216527238822,174.0,55.88312869327199,-4.214542892826467,145,2.089,294
55.873889900555746,-4.225216527238822,174.0,55.815340374954424,-4.283514492524949,146,11.272,891
55.873889900555746,-4.225216527238822,174.0,55.87864379034378,-4.080636908866371,147,15.31,956
55.873889900555746,-4.225216527238822,174.0,55.89423440492952,-4.2418874418647645,148,3.926,494
55.873889900555746,-4.225216527238822,174.0,55.92796852989922,-4.305970400193036,149,10.013,769
55.873889900555746,-4.225216527238822,174.0,55.92895153496988,-4.082888064137351,150,17.406,922
55.873889900555746,-4.225216527238822,174.0,55.790766759429424,-4.135285962371055,151,15.167,1223
55.873889900555746,-4.225216527238822,174.0,55.80808041573422,-4.184105792933229,152,10.797,1021
55.873889900555746,-4.225216527238822,174.0,55.7982747224006,-4.3931924101572655,153,17.069,1125
55.873889900555746,-4.225216527238822,174.0,55.81178474630603,-4.337962602706185,154,13.667,885
55.873889900555746,-4.225216527238822,174.0,55.852972007756,-4.353957895039277,155,12.04,872
55.873889900555746,-4.225216527238822,174.0,55.797152036890715,-4.311451416173846,156,15.639,959
55.873889900555746,-4.225216527238822,174.0,55.84839482833289,-4.1889265673730645,157,6.244,672
55.873889900555746,-4.225216527238822,174.0,55.86383954752864,-4.387927326091926,158,17.632,899
55.873889900555746,-4.225216527238822,174.0,55.807182357875575,-4.140487806234959,159,13.252,1208
55.873889900555746,-4.225216527238822,174.0,55.8296607577131,-4.218765551358871,160,7.41,863
55.873889900555746,-4.225216527238822,174.0,55.82699494590622,-4.295404959002084,161,11.103,763
55.873889900555746,-4.225216527238822,174.0,55.861248665443505,-4.307186036515638,162,10.743,798
55.873889900555746,-4.225216527238822,174.0,55.897857165570365,-4.156645648865112,163,8.175,550
55.873889900555746,-4.225216527238822,174.0,55.877747555317356,-4.342792329217214,164,10.684,861
55.873889900555746,-4.225216527238822,174.0,55.92259641850896,-4.389236283866068,165,16.645,1161
55.873889900555746,-4.225216527238822,174.0,55.92621339590465,-4.2820478996479165,166,8.337,646
55.873889900555746,-4.225216527238822,174.0,55.80660612206145,-4.094012410496262,167,20.415,1245
55.873889900555746,-4.225216527238822,174.0,55.84605439624201,-4.09192094471571,168,12.512,665
55.873889900555746,-4.225216527238822,174.0,55.83961965364386,-4.1201104741133365,169,15.719,856
55.873889900555746,-4.225216527238822,174.0,55.85030951683019,-4.217608837338132,170,4.994,588
55.873889900555746,-4.225216527238822,174.0,55.85971342373431,-4.246748195156407,171,2.931,402
55.873889900555746,-4.225216527238822,174.0,55.815747728441636,-4.150792968910081,172,12.122,1105
55.873889900555746,-4.225216527238822,174.0,55.80041195127493,-4.3806303679601495,173,16.485,1077
55.873889900555746,-4.225216527238822,174.0,55.85487415463933,-4.092829020720908,174,12.322,666
55.873889900555746,-4.225216527238822,174.0,55.80456076444065,-4.203157873727267,175,11.022,1091
55.873889900555746,-4.225216527238822,174.0,55.84723005082115,-4.330151260440624,176,9.993,730
55.873889900555746,-4.225216527238822,174.0,55.88775631668876,-4.123428423568879,177,11.923,761
55.873889900555746,-4.225216527238822,174.0,55.82857385936083,-4.129579652409029,178,21.037,1224
55.873889900555746,-4.225216527238822,174.0,55.879865395443076,-4.36272007519476,179,11.592,887
55.873889900555746,-4.225216527238822,174.0,55.87973669437185,-4.215636550296907,180,1.376,235
55.873889900555746,-4.225216527238822,174.0,55.8162521393249,-4.1868605517933455,181,10.164,1002
55.873889900555746,-4.225216527238822,174.0,55.80755514535402,-4.201625161718038,182,10.775,1058
55.873889900555746,-4.225216527238822,174.0,55.85565398843102,-4.250533808562208,183,3.745,558
55.873889900555746,-4.225216527238822,174.0,55.929636326069506,-4.381100658166308,184,15.707,1120
55.873889900555746,-4.225216527238822,174.0,55.879581066995904,-4.21986165885879,185,1.017,216
55.873889900555746,-4.225216527238822,174.0,55.92647877645629,-4.127886630011083,186,13.537,881
55.873889900555746,-4.225216527238822,174.0,55.82282427264178,-4.371094162561755,187,14.134,964
55.873889900555746,-4.225216527238822,174.0,55.90291353127043,-4.3414180899754955,188,10.252,1042
55.873889900555746,-4.225216527238822,174.0,55.78437024600116,-4.156926419796477,189,14.511,1237
55.873889900555746,-4.225216527238822,174.0,55.8321542449311,-4.1561720476648265,190,9.591,959
55.873889900555746,-4.225216527238822,174.0,55.88310705812362,-4.084862107847263,191,16.576,828
55.873889900555746,-4.225216527238822,174.0,55.85616333886266,-4.110333739241922,192,11.123,710
55.873889900555746,-4.225216527238822,174.0,55.90185178498145,-4.152652007721208,193,9.227,1160
55.873889900555746,-4.225216527238822,174.0,55.8837118458465,-4.182392741162416,194,8.363,1522
55.873889900555746,-4.225216527238822,174.0,55.83086049774818,-4.312434105301623,195,12.037,868
55.873889900555746,-4.225216527238822,174.0,55.821849459706755,-4.176208567338996,196,14.065,975
55.873889900555746,-4.225216527238822,174.0,55.88009750494633,-4.255964552703097,197,2.938,440
55.873889900555746,-4.225216527238822,174.0,55.87413911675089,-4.369807111055967,198,13.634,790
55.873889900555746,-4.225216527238822,174.0,55.86354071984154,-4.093406384811447,199,11.739,764
55.85660235112325,-4.20358837769565,175.0,55.8391698042901,-4.214478482526657,0,3.059,374
55.85660235112325,-4.20358837769565,175.0,55.86553667472969,-4.350500876963486,1,15.896,934
55.85660235112325,-4.20358837769565,175.0,55.912892829643965,-4.286410947894997,2,12.341,1871
55.85660235112325,-4.20358837769565,175.0,55.84854019346565,-4.391697428307927,3,15.327,1155
55.85660235112325,-4.20358837769565,175.0,55.79232875093524,-4.310455024670266,4,17.818,1133
55.85660235112325,-4.20358837769565,175.0,55.837143362020576,-4.120043492886959,5,7.23,534
55.85660235112325,-4.20358837769565,175.0,55.84185129809378,-4.283879851305767,6,7.212,850
55.85660235112325,-4.20358837769565,175.0,55.90609664927746,-4.311383718964596,7,10.966,1002
55.85660235112325,-4.20358837769565,175.0,55.7832172019226,-4.31249791159531,8,19.406,1191
55.85660235112325,-4.20358837769565,175.0,55.8177258987159,-4.260489243356555,9,7.254,810
55.85660235112325,-4.20358837769565,175.0,55.903262790870684,-4.212111703691823,10,8.145,806
55.85660235112325,-4.20358837769565,175.0,55.893978813107424,-4.1413270988368325,11,6.161,655
55.85660235112325,-4.20358837769565,175.0,55.894884622950286,-4.154349650804189,12,9.056,585
55.85660235112325,-4.20358837769565,175.0,55.80680963785043,-4.263605759417426,13,9.692,1077
55.85660235112325,-4.20358837769565,175.0,55.81824312166051,-4.346878846315483,14,14.981,1047
55.85660235112325,-4.20358837769565,175.0,55.84742656229786,-4.269221405976544,15,5.35,709
55.85660235112325,-4.20358837769565,175.0,55.80730424868546,-4.315177272898423,16,14.687,1032
55.85660235112325,-4.20358837769565,175.0,55.83798278877758,-4.260604018644594,17,5.683,664
55.85660235112325,-4.20358837769565,175.0,55.89424631095569,-4.343398240721316,18,10.827,982
55.85660235112325,-4.20358837769565,175.0,55.83908093533876,-4.223069302141199,19,3.235,426
55.85660235112325,-4.20358837769565,175.0,55.8357731433788,-4.270556349194068,20,6.367,714
55.85660235112325,-4.20358837769565,175.0,55.90309627527835,-4.360750370095284,21,12.86,1247
55.85660235112325,-4.20358837769565,175.0,55.85652103589449,-4.101365743428073,22,9.186,636
55.85660235112325,-4.20358837769565,175.0,55.783736419963375,-4.235306054793451,23,12.629,1005
55.85660235112325,-4.20358837769565,175.0,55.92064824587275,-4.2358362157531895,24,9.939,861
55.85660235112325,-4.20358837769565,175.0,55.907674892744176,-4.2497703459088045,25,8.691,1906
55.85660235112325,-4.20358837769565,175.0,55.919604340921964,-4.226208116301384,26,9.863,872
55.85660235112325,-4.20358837769565,175.0,55.83219148710444,-4.304581930326681,27,13.859,1074
55.85660235112325,-4.20358837769565,175.0,55.79569701419853,-4.1769099124482585,28,9.15,793
55.85660235112325,-4.20358837769565,175.0,55.81260197667657,-4.197841211154324,29,6.561,660
55.85660235112325,-4.20358837769565,175.0,55.826092940761974,-4.176919409292903,30,5.895,652
55.85660235112325,-4.20358837769565,175.0,55.828413149208096,-4.109650878166438,31,10.691,797
55.85660235112325,-4.20358837769565,175.0,55.8999241737755,-4.257993823533507,32,8.79,851
55.85660235112325,-4.20358837769565,175.0,55.892514250678616,-4.340118142906542,33,10.856,993
55.85660235112325,-4.20358837769565,175.0,55.855241629670886,-4.269936069312288,34,6.818,512
55.85660235112325,-4.20358837769565,175.0,55.877364911629314,-4.109701193625618,35,9.587,736
55.85660235112325,-4.20358837769565,175.0,55.887053111734645,-4.1280531391159245,36,9.922,696
55.85660235112325,-4.20358837769565,175.0,55.89108676863447,-4.105446803942431,37,11.655,1002
55.85660235112325,-4.20358837769565,175.0,55.842635153466425,-4.334387903339716,38,11.764,861
55.85660235112325,-4.20358837769565,175.0,55.89197542936556,-4.19614108945253,39,5.929,530
55.85660235112325,-4.20358837769565,175.0,55.825849135803445,-4.321179033230789,40,12.037,974
55.85660235112325,-4.20358837769565,175.0,55.81864602215581,-4.375055705699034,41,16.01,1056
55.85660235112325,-4.20358837769565,175.0,55.92613065482397,-4.212698358862173,42,10.325,925
55.85660235112325,-4.20358837769565,175.0,55.874439929608144,-4.279689658904073,43,6.659,633
55.85660235112325,-4.20358837769565,175.0,55.81998166828728,-4.245455535821837,44,6.734,716
55.85660235112325,-4.20358837769565,175.0,55.91066980601156,-4.213502644426629,45,9.277,876
55.85660235112325,-4.20358837769565,175.0,55.8404807486866,-4.356656090229781,46,15.416,1129
55.85660235112325,-4.20358837769565,175.0,55.88708229912325,-4.079055837843032,47,12.891,847
55.85660235112325,-4.20358837769565,175.0,55.84510555179576,-4.178720975321847,48,2.756,376
55.85660235112325,-4.20358837769565,175.0,55.84413340760586,-4.085244529493477,49,13.685,1169
55.85660235112325,-4.20358837769565,175.0,55.83324217210475,-4.157183908594519,50,4.766,545
55.85660235112325,-4.20358837769565,175.0,55.895753278756494,-4.323131413571223,51,10.598,1055
55.85660235112325,-4.20358837769565,175.0,55.88609925330935,-4.38354364327563,52,16.929,1002
55.85660235112325,-4.20358837769565,175.0,55.86596770908397,-4.338853955125049,53,13.712,882
55.85660235112325,-4.20358837769565,175.0,55.819381988004544,-4.256567679373081,54,8.163,866
55.85660235112325,-4.20358837769565,175.0,55.919398785577634,-4.298102785445152,55,12.617,1551
55.85660235112325,-4.20358837769565,175.0,55.81052481551728,-4.0780884232687225,56,13.49,1944
55.85660235112325,-4.20358837769565,175.0,55.8411814367945,-4.125490362928665,57,5.91,584
55.85660235112325,-4.20358837769565,175.0,55.844855881791794,-4.151320272286683,58,4.583,462
55.85660235112325,-4.20358837769565,175.0,55.79334532620707,-4.3052187624925375,59,18.149,1140
55.85660235112325,-4.20358837769565,175.0,55.78499644933002,-4.082518262203789,60,17.213,944
55.85660235112325,-4.20358837769565,175.0,55.86482365717543,-4.074666870071637,61,11.452,853
55.85660235112325,-4.20358837769565,175.0,55.910543969585106,-4.384534109666136,62,14.687,1282
55.85660235112325,-4.20358837769565,175.0,55.799715679086134,-4.188568421733812,63,9.132,951
55.85660235112325,-4.20358837769565,175.0,55.90005630083831,-4.294022887833187,64,10.038,955
55.85660235112325,-4.20358837769565,175.0,55.82573931186619,-4.210157383495828,65,4.618,475
55.85660235112325,-4.20358837769565,175.0,55.88010014610652,-4.288014027401103,66,8.759,924
55.85660235112325,-4.20358837769565,175.0,55.8836463272421,-4.377148406451105,67,16.699,1079
55.85660235112325,-4.20358837769565,175.0,55.80511293548626,-4.195982430231648,68,7.541,735
55.85660235112325,-4.20358837769565,175.0,55.9265186267864,-4.256321117900257,69,12.155,965
55.85660235112325,-4.20358837769565,175.0,55.90353118048908,-4.119171950823842,70,10.818,938
55.85660235112325,-4.20358837769565,175.0,55.81502357146685,-4.260984914919316,71,7.611,845
55.85660235112325,-4.20358837769565,175.0,55.894355058439295,-4.293143876300353,72,9.328,903
55.85660235112325,-4.20358837769565,175.0,55.80246488546192,-4.242274834364847,73,8.875,941
55.85660235112325,-4.20358837769565,175.0,55.887581813102464,-4.2985753032369685,74,8.94,899
55.85660235112325,-4.20358837769565,175.0,55.928290955083554,-4.295962301582311,75,13.039,966
55.85660235112325,-4.20358837769565,175.0,55.81096058143004,-4.368797105646974,76,17.667,1138
55.85660235112325,-4.20358837769565,175.0,55.84818750128869,-4.3631808239548375,77,16.402,981
55.85660235112325,-4.20358837769565,175.0,55.81610352786554,-4.330910795148831,78,14.006,888
55.85660235112325,-4.20358837769565,175.0,55.807034270653475,-4.136077366584948,79,8.79,832
55.85660235112325,-4.20358837769565,175.0,55.86778114631985,-4.233612892312959,80,3.616,476
55.85660235112325,-4.20358837769565,175.0,55.79578956690847,-4.368290459919509,81,22.751,2333
55.85660235112325,-4.20358837769565,175.0,55.897877306124535,-4.077031107370425,82,13.446,1469
55.85660235112325,-4.20358837769565,175.0,55.80721289582252,-4.242612882195534,83,8.098,893
55.85660235112325,-4.20358837769565,175.0,55.92209393969709,-4.157940141970138,84,10.589,736
55.85660235112325,-4.20358837769565,175.0,55.79188265083702,-4.28147512844989,85,11.065,1136
55.85660235112325,-4.20358837769565,175.0,55.88043814367632,-4.104360473798184,86,9.399,696
55.85660235112325,-4.20358837769565,175.0,55.90345994988174,-4.293652184560058,87,11.814,1007
55.85660235112325,-4.20358837769565,175.0,55.91230525016259,-4.108196424937476,88,12.086,883
55.85660235112325,-4.20358837769565,175.0,55.90569137930351,-4.3852429216612405,89,14.722,1305
55.85660235112325,-4.20358837769565,175.0,55.824402119970216,-4.298242138123909,90,12.473,895
55.85660235112325,-4.20358837769565,175.0,55.887104625653905,-4.201059285828647,91,5.79,680
55.85660235112325,-4.20358837769565,175.0,55.92006797200308,-4.195257422106852,92,12.659,781
55.85660235112325,-4.20358837769565,175.0,55.7944551107823,-4.1683749063061635,93,9.28,1227
55.85660235112325,-4.20358837769565,175.0,55.88003873447475,-4.304350182381346,94,8.273,806
55.85660235112325,-4.20358837769565,175.0,55.88308048053683,-4.2942103285768285,95,7.873,781
55.85660235112325,-4.20358837769565,175.0,55.80779271908626,-4.3234306371549245,96,15.277,1020
55.85660235112325,-4.20358837769565,175.0,55.90123467399992,-4.380968632189907,97,17.875,1481
55.85660235112325,-4.20358837769565,175.0,55.88049231589054,-4.293733205570284,98,7.775,771
55.85660235112325,-4.20358837769565,175.0,55.84697147961761,-4.334108806216461,99,11.878,895
55.85660235112325,-4.20358837769565,175.0,55.83067141211495,-4.195633651932574,100,4.953,549
55.85660235112325,-4.20358837769565,175.0,55.89350845984679,-4.099445363541155,101,11.47,834
55.85660235112325,-4.20358837769565,175.0,55.92592408664018,-4.179171340754611,102,11.93,819
55.85660235112325,-4.20358837769565,175.0,55.84941827409408,-4.169566750359822,103,2.542,330
55.85660235112325,-4.20358837769565,175.0,55.92413375575165,-4.226670311636797,104,11.54,1667
55.85660235112325,-4.20358837769565,175.0,55.88995713457192,-4.285031242761631,105,8.268,805
55.85660235112325,-4.20358837769565,175.0,55.90528066541109,-4.131569818675147,106,8.268,583
55.85660235112325,-4.20358837769565,175.0,55.87850608392288,-4.103517886631066,107,9.73,729
55.85660235112325,-4.20358837769565,175.0,55.80799405798939,-4.284953473560454,108,9.478,1081
55.85660235112325,-4.20358837769565,175.0,55.906815669822045,-4.385279074380807,109,14.033,1250
55.85660235112325,-4.20358837769565,175.0,55.916237634416454,-4.222407816066865,110,9.778,861
55.85660235112325,-4.20358837769565,175.0,55.915798955837815,-4.088621086891774,111,15.17,914
55.85660235112325,-4.20358837769565,175.0,55.827538479175395,-4.350653065976025,112,14.35,978
55.85660235112325,-4.20358837769565,175.0,55.799515288981674,-4.0866627646338864,113,12.532,1065
55.85660235112325,-4.20358837769565,175.0,55.831024245961984,-4.244756518165482,114,5.215,616
55.85660235112325,-4.20358837769565,175.0,55.86754360554833,-4.2143078261423845,115,3.388,488
55.85660235112325,-4.20358837769565,175.0,55.8574985965699,-4.1521224561179935,116,4.188,429
55.85660235112325,-4.20358837769565,175.0,55.88095643501817,-4.32811659177277,117,11.492,863
55.85660235112325,-4.20358837769565,175.0,55.85240433608213,-4.177570445500026,118,1.827,202
55.85660235112325,-4.20358837769565,175.0,55.91169549549074,-4.359708873069638,119,14.424,1285
55.85660235112325,-4.20358837769565,175.0,55.92640787519779,-4.300990956079843,120,13.487,1015
55.85660235112325,-4.20358837769565,175.0,55.84019197366069,-4.205566157974415,121,3.545,472
55.85660235112325,-4.20358837769565,175.0,55.866619942939494,-4.268153778778456,122,5.736,615
55.85660235112325,-4.20358837769565,175.0,55.81327411986783,-4.2587495402872255,123,7.59,854
55.85660235112325,-4.20358837769565,175.0,55.86022660117776,-4.154711133590585,124,3.954,446
55.85660235112325,-4.20358837769565,175.0,55.831522729053496,-4.370420634377527,125,16.404,1149
55.85660235112325,-4.20358837769565,175.0,55.84074346341779,-4.172411658039648,126,3.312,423
55.85660235112325,-4.20358837769565,175.0,55.8801412435821,-4.258666277618953,127,6.012,629
55.85660235112325,-4.20358837769565,175.0,55.8434159429892,-4.1056733307349536,128,7.521,701
55.85660235112325,-4.20358837769565,175.0,55.83522057783537,-4.25736952395694,129,5.657,666
55.85660235112325,-4.20358837769565,175.0,55.86467774065618,-4.2250953414252415,130,2.177,268
55.85660235112325,-4.20358837769565,175.0,55.8953662249987,-4.231143624453162,131,6.965,672
55.85660235112325,-4.20358837769565,175.0,55.81920459649808,-4.236238450921302,132,7.195,717
55.85660235112325,-4.20358837769565,175.0,55.900795402502105,-4.206009410292495,133,7.33,696
55.85660235112325,-4.20358837769565,175.0,55.86078490474355,-4.339631469507248,134,14.247,977
55.85660235112325,-4.20358837769565,175.0,55.924999437053955,-4.191173279124663,135,12.408,772
55.85660235112325,-4.20358837769565,175.0,55.81549096669224,-4.126910343137958,136,8.859,829
55.85660235112325,-4.20358837769565,175.0,55.90135585493081,-4.207622057499793,137,7.329,674
55.85660235112325,-4.20358837769565,175.0,55.845816555475636,-4.129576488296543,138,5.348,507
55.85660235112325,-4.20358837769565,175.0,55.80470047644827,-4.291960781118721,139,10.355,1081
55.85660235112325,-4.20358837769565,175.0,55.89185394491289,-4.179857587296262,140,4.833,454
55.85660235112325,-4.20358837769565,175.0,55.91859399996558,-4.3401659608951215,141,13.29,1135
55.85660235112325,-4.20358837769565,175.0,55.90671476836246,-4.3642865107142725,142,14.511,1257
55.85660235112325,-4.20358837769565,175.0,55.81273399651921,-4.167613047894911,143,7.223,686
55.85660235112325,-4.20358837769565,175.0,55.80939871413575,-4.276056954355674,144,8.766,969
55.85660235112325,-4.20358837769565,175.0,55.88312869327199,-4.214542892826467,145,5.417,650
55.85660235112325,-4.20358837769565,175.0,55.815340374954424,-4.283514492524949,146,9.23,952
55.85660235112325,-4.20358837769565,175.0,55.87864379034378,-4.080636908866371,147,13.871,882
55.85660235112325,-4.20358837769565,175.0,55.89423440492952,-4.2418874418647645,148,7.528,756
55.85660235112325,-4.20358837769565,175.0,55.92796852989922,-4.305970400193036,149,13.615,1038
55.85660235112325,-4.20358837769565,175.0,55.92895153496988,-4.082888064137351,150,15.54,863
55.85660235112325,-4.20358837769565,175.0,55.790766759429424,-4.135285962371055,151,11.705,868
55.85660235112325,-4.20358837769565,175.0,55.80808041573422,-4.184105792933229,152,7.335,666
55.85660235112325,-4.20358837769565,175.0,55.7982747224006,-4.3931924101572655,153,18.475,1233
55.85660235112325,-4.20358837769565,175.0,55.81178474630603,-4.337962602706185,154,15.073,994
55.85660235112325,-4.20358837769565,175.0,55.852972007756,-4.353957895039277,155,13.446,980
55.85660235112325,-4.20358837769565,175.0,55.797152036890715,-4.311451416173846,156,17.045,1068
55.85660235112325,-4.20358837769565,175.0,55.84839482833289,-4.1889265673730645,157,1.571,219
55.85660235112325,-4.20358837769565,175.0,55.86383954752864,-4.387927326091926,158,19.038,1008
55.85660235112325,-4.20358837769565,175.0,55.807182357875575,-4.140487806234959,159,8.467,808
55.85660235112325,-4.20358837769565,175.0,55.8296607577131,-4.218765551358871,160,4.959,566
55.85660235112325,-4.20358837769565,175.0,55.82699494590622,-4.295404959002084,161,12.509,872
55.85660235112325,-4.20358837769565,175.0,55.861248665443505,-4.307186036515638,162,12.149,907
55.85660235112325,-4.20358837769565,175.0,55.897857165570365,-4.156645648865112,163,6.309,491
55.85660235112325,-4.20358837769565,175.0,55.877747555317356,-4.342792329217214,164,12.09,969
55.85660235112325,-4.20358837769565,175.0,55.92259641850896,-4.389236283866068,165,17.289,1341
55.85660235112325,-4.20358837769565,175.0,55.92621339590465,-4.2820478996479165,166,11.939,914
55.85660235112325,-4.20358837769565,175.0,55.80660612206145,-4.094012410496262,167,13.075,1009
55.85660235112325,-4.20358837769565,175.0,55.84605439624201,-4.09192094471571,168,10.613,612
55.85660235112325,-4.20358837769565,175.0,55.83961965364386,-4.1201104741133365,169,6.364,574
55.85660235112325,-4.20358837769565,175.0,55.85030951683019,-4.217608837338132,170,2.079,309
55.85660235112325,-4.20358837769565,175.0,55.85971342373431,-4.246748195156407,171,2.897,422
55.85660235112325,-4.20358837769565,175.0,55.815747728441636,-4.150792968910081,172,7.337,704
55.85660235112325,-4.20358837769565,175.0,55.80041195127493,-4.3806303679601495,173,17.891,1185
55.85660235112325,-4.20358837769565,175.0,55.85487415463933,-4.092829020720908,174,10.423,614
55.85660235112325,-4.20358837769565,175.0,55.80456076444065,-4.203157873727267,175,7.56,736
55.85660235112325,-4.20358837769565,175.0,55.84723005082115,-4.330151260440624,176,11.399,838
55.85660235112325,-4.20358837769565,175.0,55.88775631668876,-4.123428423568879,177,10.057,702
55.85660235112325,-4.20358837769565,175.0,55.82857385936083,-4.129579652409029,178,9.209,863
55.85660235112325,-4.20358837769565,175.0,55.879865395443076,-4.36272007519476,179,12.998,995
55.85660235112325,-4.20358837769565,175.0,55.87973669437185,-4.215636550296907,180,4.025,638
55.85660235112325,-4.20358837769565,175.0,55.8162521393249,-4.1868605517933455,181,6.702,648
55.85660235112325,-4.20358837769565,175.0,55.80755514535402,-4.201625161718038,182,7.313,703
55.85660235112325,-4.20358837769565,175.0,55.85565398843102,-4.250533808562208,183,3.711,535
55.85660235112325,-4.20358837769565,175.0,55.929636326069506,-4.381100658166308,184,16.351,1301
55.85660235112325,-4.20358837769565,175.0,55.879581066995904,-4.21986165885879,185,4.21,672
55.85660235112325,-4.20358837769565,175.0,55.92647877645629,-4.127886630011083,186,11.671,822
55.85660235112325,-4.20358837769565,175.0,55.82282427264178,-4.371094162561755,187,15.54,1072
55.85660235112325,-4.20358837769565,175.0,55.90291353127043,-4.3414180899754955,188,11.658,1150
55.85660235112325,-4.20358837769565,175.0,55.78437024600116,-4.156926419796477,189,11.049,883
55.85660235112325,-4.20358837769565,175.0,55.8321542449311,-4.1561720476648265,190,4.806,558
55.85660235112325,-4.20358837769565,175.0,55.88310705812362,-4.084862107847263,191,11.032,764
55.85660235112325,-4.20358837769565,175.0,55.85616333886266,-4.110333739241922,192,9.224,657
55.85660235112325,-4.20358837769565,175.0,55.90185178498145,-4.152652007721208,193,10.218,1115
55.85660235112325,-4.20358837769565,175.0,55.8837118458465,-4.182392741162416,194,5.987,1433
55.85660235112325,-4.20358837769565,175.0,55.83086049774818,-4.312434105301623,195,13.443,976
55.85660235112325,-4.20358837769565,175.0,55.821849459706755,-4.176208567338996,196,6.69,643
55.85660235112325,-4.20358837769565,175.0,55.88009750494633,-4.255964552703097,197,5.698,607
55.85660235112325,-4.20358837769565,175.0,55.87413911675089,-4.369807111055967,198,15.04,898
55.85660235112325,-4.20358837769565,175.0,55.86354071984154,-4.093406384811447,199,9.84,711
55.90132450419848,-4.250862628465117,176.0,55.8391698042901,-4.214478482526657,0,10.156,1040
55.90132450419848,-4.250862628465117,176.0,55.86553667472969,-4.350500876963486,1,18.125,1137
55.90132450419848,-4.250862628465117,176.0,55.912892829643965,-4.286410947894997,2,5.775,1383
55.90132450419848,-4.250862628465117,176.0,55.84854019346565,-4.391697428307927,3,17.556,1358
55.90132450419848,-4.250862628465117,176.0,55.79232875093524,-4.310455024670266,4,20.047,1336
55.90132450419848,-4.250862628465117,176.0,55.837143362020576,-4.120043492886959,5,20.632,1217
55.90132450419848,-4.250862628465117,176.0,55.84185129809378,-4.283879851305767,6,14.727,1087
55.90132450419848,-4.250862628465117,176.0,55.90609664927746,-4.311383718964596,7,9.707,729
55.90132450419848,-4.250862628465117,176.0,55.7832172019226,-4.31249791159531,8,21.635,1394
55.90132450419848,-4.250862628465117,176.0,55.8177258987159,-4.260489243356555,9,11.982,1223
55.90132450419848,-4.250862628465117,176.0,55.903262790870684,-4.212111703691823,10,3.902,541
55.90132450419848,-4.250862628465117,176.0,55.893978813107424,-4.1413270988368325,11,11.936,954
55.90132450419848,-4.250862628465117,176.0,55.894884622950286,-4.154349650804189,12,10.12,781
55.90132450419848,-4.250862628465117,176.0,55.80680963785043,-4.263605759417426,13,13.823,1483
55.90132450419848,-4.250862628465117,176.0,55.81824312166051,-4.346878846315483,14,17.21,1250
55.90132450419848,-4.250862628465117,176.0,55.84742656229786,-4.269221405976544,15,11.203,974
55.90132450419848,-4.250862628465117,176.0,55.80730424868546,-4.315177272898423,16,16.916,1235
55.90132450419848,-4.250862628465117,176.0,55.83798278877758,-4.260604018644594,17,9.352,998
55.90132450419848,-4.250862628465117,176.0,55.89424631095569,-4.343398240721316,18,8.077,916
55.90132450419848,-4.250862628465117,176.0,55.83908093533876,-4.223069302141199,19,9.603,1066
55.90132450419848,-4.250862628465117,176.0,55.8357731433788,-4.270556349194068,20,12.007,985
55.90132450419848,-4.250862628465117,176.0,55.90309627527835,-4.360750370095284,21,12.37,1001
55.90132450419848,-4.250862628465117,176.0,55.85652103589449,-4.101365743428073,22,14.72,999
55.90132450419848,-4.250862628465117,176.0,55.783736419963375,-4.235306054793451,23,16.042,1514
55.90132450419848,-4.250862628465117,176.0,55.92064824587275,-4.2358362157531895,24,6.691,490
55.90132450419848,-4.250862628465117,176.0,55.907674892744176,-4.2497703459088045,25,3.779,1567
55.90132450419848,-4.250862628465117,176.0,55.919604340921964,-4.226208116301384,26,4.951,534
55.90132450419848,-4.250862628465117,176.0,55.83219148710444,-4.304581930326681,27,16.088,1277
55.90132450419848,-4.250862628465117,176.0,55.79569701419853,-4.1769099124482585,28,16.247,1459
55.90132450419848,-4.250862628465117,176.0,55.81260197667657,-4.197841211154324,29,13.658,1326
55.90132450419848,-4.250862628465117,176.0,55.826092940761974,-4.176919409292903,30,17.289,1290
55.90132450419848,-4.250862628465117,176.0,55.828413149208096,-4.109650878166438,31,21.666,1345
55.90132450419848,-4.250862628465117,176.0,55.8999241737755,-4.257993823533507,32,2.096,311
55.90132450419848,-4.250862628465117,176.0,55.892514250678616,-4.340118142906542,33,8.106,921
55.90132450419848,-4.250862628465117,176.0,55.855241629670886,-4.269936069312288,34,9.047,715
55.90132450419848,-4.250862628465117,176.0,55.877364911629314,-4.109701193625618,35,15.121,1100
55.90132450419848,-4.250862628465117,176.0,55.887053111734645,-4.1280531391159245,36,10.986,892
55.90132450419848,-4.250862628465117,176.0,55.89108676863447,-4.105446803942431,37,12.719,1199
55.90132450419848,-4.250862628465117,176.0,55.842635153466425,-4.334387903339716,38,13.993,1065
55.90132450419848,-4.250862628465117,176.0,55.89197542936556,-4.19614108945253,39,4.602,523
55.90132450419848,-4.250862628465117,176.0,55.825849135803445,-4.321179033230789,40,14.266,1177
55.90132450419848,-4.250862628465117,176.0,55.81864602215581,-4.375055705699034,41,18.239,1259
55.90132450419848,-4.250862628465117,176.0,55.92613065482397,-4.212698358862173,42,5.413,587
55.90132450419848,-4.250862628465117,176.0,55.874439929608144,-4.279689658904073,43,6.162,747
55.90132450419848,-4.250862628465117,176.0,55.81998166828728,-4.245455535821837,44,11.462,1128
55.90132450419848,-4.250862628465117,176.0,55.91066980601156,-4.213502644426629,45,4.365,538
55.90132450419848,-4.250862628465117,176.0,55.8404807486866,-4.356656090229781,46,17.645,1332
55.90132450419848,-4.250862628465117,176.0,55.88708229912325,-4.079055837843032,47,19.278,1126
55.90132450419848,-4.250862628465117,176.0,55.84510555179576,-4.178720975321847,48,11.064,1109
55.90132450419848,-4.250862628465117,176.0,55.84413340760586,-4.085244529493477,49,19.219,1533
55.90132450419848,-4.250862628465117,176.0,55.83324217210475,-4.157183908594519,50,13.186,1256
55.90132450419848,-4.250862628465117,176.0,55.895753278756494,-4.323131413571223,51,7.241,862
55.90132450419848,-4.250862628465117,176.0,55.88609925330935,-4.38354364327563,52,19.158,1205
55.90132450419848,-4.250862628465117,176.0,55.86596770908397,-4.338853955125049,53,15.941,1085
55.90132450419848,-4.250862628465117,176.0,55.819381988004544,-4.256567679373081,54,11.712,1244
55.90132450419848,-4.250862628465117,176.0,55.919398785577634,-4.298102785445152,55,6.051,1063
55.90132450419848,-4.250862628465117,176.0,55.81052481551728,-4.0780884232687225,56,24.465,2492
55.90132450419848,-4.250862628465117,176.0,55.8411814367945,-4.125490362928665,57,19.747,1240
55.90132450419848,-4.250862628465117,176.0,55.844855881791794,-4.151320272286683,58,12.891,1226
55.90132450419848,-4.250862628465117,176.0,55.79334532620707,-4.3052187624925375,59,20.378,1343
55.90132450419848,-4.250862628465117,176.0,55.78499644933002,-4.082518262203789,60,26.355,1418
55.90132450419848,-4.250862628465117,176.0,55.86482365717543,-4.074666870071637,61,16.986,1216
55.90132450419848,-4.250862628465117,176.0,55.910543969585106,-4.384534109666136,62,14.802,1136
55.90132450419848,-4.250862628465117,176.0,55.799715679086134,-4.188568421733812,63,16.229,1617
55.90132450419848,-4.250862628465117,176.0,55.90005630083831,-4.294022887833187,64,6.033,598
55.90132450419848,-4.250862628465117,176.0,55.82573931186619,-4.210157383495828,65,11.715,1140
55.90132450419848,-4.250862628465117,176.0,55.88010014610652,-4.288014027401103,66,5.339,728
55.90132450419848,-4.250862628465117,176.0,55.8836463272421,-4.377148406451105,67,18.928,1282
55.90132450419848,-4.250862628465117,176.0,55.80511293548626,-4.195982430231648,68,14.638,1400
55.90132450419848,-4.250862628465117,176.0,55.9265186267864,-4.256321117900257,69,5.589,477
55.90132450419848,-4.250862628465117,176.0,55.90353118048908,-4.119171950823842,70,12.795,1156
55.90132450419848,-4.250862628465117,176.0,55.81502357146685,-4.260984914919316,71,12.339,1257
55.90132450419848,-4.250862628465117,176.0,55.894355058439295,-4.293143876300353,72,4.183,566
55.90132450419848,-4.250862628465117,176.0,55.80246488546192,-4.242274834364847,73,13.603,1354
55.90132450419848,-4.250862628465117,176.0,55.887581813102464,-4.2985753032369685,74,5.037,641
55.90132450419848,-4.250862628465117,176.0,55.928290955083554,-4.295962301582311,75,6.473,478
55.90132450419848,-4.250862628465117,176.0,55.81096058143004,-4.368797105646974,76,19.896,1341
55.90132450419848,-4.250862628465117,176.0,55.84818750128869,-4.3631808239548375,77,18.631,1184
55.90132450419848,-4.250862628465117,176.0,55.81610352786554,-4.330910795148831,78,16.235,1091
55.90132450419848,-4.250862628465117,176.0,55.807034270653475,-4.136077366584948,79,17.21,1544
55.90132450419848,-4.250862628465117,176.0,55.86778114631985,-4.233612892312959,80,5.416,610
55.90132450419848,-4.250862628465117,176.0,55.79578956690847,-4.368290459919509,81,24.98,2536
55.90132450419848,-4.250862628465117,176.0,55.897877306124535,-4.077031107370425,82,14.51,1665
55.90132450419848,-4.250862628465117,176.0,55.80721289582252,-4.242612882195534,83,12.826,1305
55.90132450419848,-4.250862628465117,176.0,55.92209393969709,-4.157940141970138,84,9.581,772
55.90132450419848,-4.250862628465117,176.0,55.79188265083702,-4.28147512844989,85,21.24,1398
55.90132450419848,-4.250862628465117,176.0,55.88043814367632,-4.104360473798184,86,14.933,1060
55.90132450419848,-4.250862628465117,176.0,55.90345994988174,-4.293652184560058,87,5.248,519
55.90132450419848,-4.250862628465117,176.0,55.91230525016259,-4.108196424937476,88,13.819,1065
55.90132450419848,-4.250862628465117,176.0,55.90569137930351,-4.3852429216612405,89,15.738,1212
55.90132450419848,-4.250862628465117,176.0,55.824402119970216,-4.298242138123909,90,14.702,1098
55.90132450419848,-4.250862628465117,176.0,55.887104625653905,-4.201059285828647,91,4.803,623
55.90132450419848,-4.250862628465117,176.0,55.92006797200308,-4.195257422106852,92,6.259,564
55.90132450419848,-4.250862628465117,176.0,55.7944551107823,-4.1683749063061635,93,16.377,1893
55.90132450419848,-4.250862628465117,176.0,55.88003873447475,-4.304350182381346,94,6.333,761
55.90132450419848,-4.250862628465117,176.0,55.88308048053683,-4.2942103285768285,95,5.357,712
55.90132450419848,-4.250862628465117,176.0,55.80779271908626,-4.3234306371549245,96,17.506,1223
55.90132450419848,-4.250862628465117,176.0,55.90123467399992,-4.380968632189907,97,18.516,1479
55.90132450419848,-4.250862628465117,176.0,55.88049231589054,-4.293733205570284,98,5.835,726
55.90132450419848,-4.250862628465117,176.0,55.84697147961761,-4.334108806216461,99,14.107,1098
55.90132450419848,-4.250862628465117,176.0,55.83067141211495,-4.195633651932574,100,16.099,1169
55.90132450419848,-4.250862628465117,176.0,55.89350845984679,-4.099445363541155,101,12.534,1030
55.90132450419848,-4.250862628465117,176.0,55.92592408664018,-4.179171340754611,102,8.43,708
55.90132450419848,-4.250862628465117,176.0,55.84941827409408,-4.169566750359822,103,10.85,1094
55.90132450419848,-4.250862628465117,176.0,55.92413375575165,-4.226670311636797,104,6.628,1329
55.90132450419848,-4.250862628465117,176.0,55.88995713457192,-4.285031242761631,105,4.693,554
55.90132450419848,-4.250862628465117,176.0,55.90528066541109,-4.131569818675147,106,10.157,793
55.90132450419848,-4.250862628465117,176.0,55.87850608392288,-4.103517886631066,107,15.264,1093
55.90132450419848,-4.250862628465117,176.0,55.80799405798939,-4.284953473560454,108,16.005,1353
55.90132450419848,-4.250862628465117,176.0,55.906815669822045,-4.385279074380807,109,15.519,1165
55.90132450419848,-4.250862628465117,176.0,55.916237634416454,-4.222407816066865,110,4.866,523
55.90132450419848,-4.250862628465117,176.0,55.915798955837815,-4.088621086891774,111,14.537,1099
55.90132450419848,-4.250862628465117,176.0,55.827538479175395,-4.350653065976025,112,16.579,1182
55.90132450419848,-4.250862628465117,176.0,55.799515288981674,-4.0866627646338864,113,26.725,1531
55.90132450419848,-4.250862628465117,176.0,55.831024245961984,-4.244756518165482,114,10.063,1037
55.90132450419848,-4.250862628465117,176.0,55.86754360554833,-4.2143078261423845,115,6.657,780
55.90132450419848,-4.250862628465117,176.0,55.8574985965699,-4.1521224561179935,116,12.63,1043
55.90132450419848,-4.250862628465117,176.0,55.88095643501817,-4.32811659177277,117,9.129,943
55.90132450419848,-4.250862628465117,176.0,55.85240433608213,-4.177570445500026,118,10.135,966
55.90132450419848,-4.250862628465117,176.0,55.91169549549074,-4.359708873069638,119,12.314,992
55.90132450419848,-4.250862628465117,176.0,55.92640787519779,-4.300990956079843,120,6.921,527
55.90132450419848,-4.250862628465117,176.0,55.84019197366069,-4.205566157974415,121,10.642,1138
55.90132450419848,-4.250862628465117,176.0,55.866619942939494,-4.268153778778456,122,7.965,818
55.90132450419848,-4.250862628465117,176.0,55.81327411986783,-4.2587495402872255,123,12.318,1267
55.90132450419848,-4.250862628465117,176.0,55.86022660117776,-4.154711133590585,124,11.847,970
55.90132450419848,-4.250862628465117,176.0,55.831522729053496,-4.370420634377527,125,18.633,1352
55.90132450419848,-4.250862628465117,176.0,55.84074346341779,-4.172411658039648,126,12.134,1155
55.90132450419848,-4.250862628465117,176.0,55.8801412435821,-4.258666277618953,127,3.329,438
55.90132450419848,-4.250862628465117,176.0,55.8434159429892,-4.1056733307349536,128,20.003,1269
55.90132450419848,-4.250862628465117,176.0,55.83522057783537,-4.25736952395694,129,9.326,1000
55.90132450419848,-4.250862628465117,176.0,55.86467774065618,-4.2250953414252415,130,6.197,615
55.90132450419848,-4.250862628465117,176.0,55.8953662249987,-4.231143624453162,131,2.053,337
55.90132450419848,-4.250862628465117,176.0,55.81920459649808,-4.236238450921302,132,12.046,1179
55.90132450419848,-4.250862628465117,176.0,55.900795402502105,-4.206009410292495,133,4.22,532
55.90132450419848,-4.250862628465117,176.0,55.86078490474355,-4.339631469507248,134,16.476,1180
55.90132450419848,-4.250862628465117,176.0,55.924999437053955,-4.191173279124663,135,6.51,573
55.90132450419848,-4.250862628465117,176.0,55.81549096669224,-4.126910343137958,136,25.065,1556
55.90132450419848,-4.250862628465117,176.0,55.90135585493081,-4.207622057499793,137,4.219,509
55.90132450419848,-4.250862628465117,176.0,55.845816555475636,-4.129576488296543,138,15.82,1212
55.90132450419848,-4.250862628465117,176.0,55.80470047644827,-4.291960781118721,139,16.032,1331
55.90132450419848,-4.250862628465117,176.0,55.89185394491289,-4.179857587296262,140,5.836,635
55.90132450419848,-4.250862628465117,176.0,55.91859399996558,-4.3401659608951215,141,9.682,737
55.90132450419848,-4.250862628465117,176.0,55.90671476836246,-4.3642865107142725,142,12.401,964
55.90132450419848,-4.250862628465117,176.0,55.81273399651921,-4.167613047894911,143,18.572,1351
55.90132450419848,-4.250862628465117,176.0,55.80939871413575,-4.276056954355674,144,15.913,1317
55.90132450419848,-4.250862628465117,176.0,55.88312869327199,-4.214542892826467,145,4.508,633
55.90132450419848,-4.250862628465117,176.0,55.815340374954424,-4.283514492524949,146,14.907,1202
55.90132450419848,-4.250862628465117,176.0,55.87864379034378,-4.080636908866371,147,20.191,1149
55.90132450419848,-4.250862628465117,176.0,55.89423440492952,-4.2418874418647645,148,1.89,299
55.90132450419848,-4.250862628465117,176.0,55.92796852989922,-4.305970400193036,149,7.049,550
55.90132450419848,-4.250862628465117,176.0,55.92895153496988,-4.082888064137351,150,16.604,1060
55.90132450419848,-4.250862628465117,176.0,55.790766759429424,-4.135285962371055,151,18.802,1534
55.90132450419848,-4.250862628465117,176.0,55.80808041573422,-4.184105792933229,152,14.432,1332
55.90132450419848,-4.250862628465117,176.0,55.7982747224006,-4.3931924101572655,153,20.704,1436
55.90132450419848,-4.250862628465117,176.0,55.81178474630603,-4.337962602706185,154,17.302,1197
55.90132450419848,-4.250862628465117,176.0,55.852972007756,-4.353957895039277,155,15.675,1184
55.90132450419848,-4.250862628465117,176.0,55.797152036890715,-4.311451416173846,156,19.274,1271
55.90132450419848,-4.250862628465117,176.0,55.84839482833289,-4.1889265673730645,157,9.879,983
55.90132450419848,-4.250862628465117,176.0,55.86383954752864,-4.387927326091926,158,21.267,1211
55.90132450419848,-4.250862628465117,176.0,55.807182357875575,-4.140487806234959,159,16.887,1519
55.90132450419848,-4.250862628465117,176.0,55.8296607577131,-4.218765551358871,160,11.045,1174
55.90132450419848,-4.250862628465117,176.0,55.82699494590622,-4.295404959002084,161,14.738,1075
55.90132450419848,-4.250862628465117,176.0,55.861248665443505,-4.307186036515638,162,14.378,1110
55.90132450419848,-4.250862628465117,176.0,55.897857165570365,-4.156645648865112,163,7.373,687
55.90132450419848,-4.250862628465117,176.0,55.877747555317356,-4.342792329217214,164,9.727,1049
55.90132450419848,-4.250862628465117,176.0,55.92259641850896,-4.389236283866068,165,13.681,941
55.90132450419848,-4.250862628465117,176.0,55.92621339590465,-4.2820478996479165,166,5.373,426
55.90132450419848,-4.250862628465117,176.0,55.80660612206145,-4.094012410496262,167,24.05,1557
55.90132450419848,-4.250862628465117,176.0,55.84605439624201,-4.09192094471571,168,16.147,976
55.90132450419848,-4.250862628465117,176.0,55.83961965364386,-4.1201104741133365,169,19.354,1167
55.90132450419848,-4.250862628465117,176.0,55.85030951683019,-4.217608837338132,170,8.629,900
55.90132450419848,-4.250862628465117,176.0,55.85971342373431,-4.246748195156407,171,6.566,714
55.90132450419848,-4.250862628465117,176.0,55.815747728441636,-4.150792968910081,172,15.757,1416
55.90132450419848,-4.250862628465117,176.0,55.80041195127493,-4.3806303679601495,173,20.12,1389
55.90132450419848,-4.250862628465117,176.0,55.85487415463933,-4.092829020720908,174,15.957,977
55.90132450419848,-4.250862628465117,176.0,55.80456076444065,-4.203157873727267,175,14.657,1402
55.90132450419848,-4.250862628465117,176.0,55.84723005082115,-4.330151260440624,176,13.628,1041
55.90132450419848,-4.250862628465117,176.0,55.88775631668876,-4.123428423568879,177,11.121,898
55.90132450419848,-4.250862628465117,176.0,55.82857385936083,-4.129579652409029,178,24.672,1535
55.90132450419848,-4.250862628465117,176.0,55.879865395443076,-4.36272007519476,179,10.635,1075
55.90132450419848,-4.250862628465117,176.0,55.87973669437185,-4.215636550296907,180,5.348,657
55.90132450419848,-4.250862628465117,176.0,55.8162521393249,-4.1868605517933455,181,13.799,1314
55.90132450419848,-4.250862628465117,176.0,55.80755514535402,-4.201625161718038,182,14.41,1369
55.90132450419848,-4.250862628465117,176.0,55.85565398843102,-4.250533808562208,183,7.38,869
55.90132450419848,-4.250862628465117,176.0,55.929636326069506,-4.381100658166308,184,12.743,900
55.90132450419848,-4.250862628465117,176.0,55.879581066995904,-4.21986165885879,185,4.446,597
55.90132450419848,-4.250862628465117,176.0,55.92647877645629,-4.127886630011083,186,11.385,981
55.90132450419848,-4.250862628465117,176.0,55.82282427264178,-4.371094162561755,187,17.769,1275
55.90132450419848,-4.250862628465117,176.0,55.90291353127043,-4.3414180899754955,188,8.774,985
55.90132450419848,-4.250862628465117,176.0,55.78437024600116,-4.156926419796477,189,18.146,1549
55.90132450419848,-4.250862628465117,176.0,55.8321542449311,-4.1561720476648265,190,13.226,1270
55.90132450419848,-4.250862628465117,176.0,55.88310705812362,-4.084862107847263,191,20.211,1139
55.90132450419848,-4.250862628465117,176.0,55.85616333886266,-4.110333739241922,192,14.758,1021
55.90132450419848,-4.250862628465117,176.0,55.90185178498145,-4.152652007721208,193,7.917,1087
55.90132450419848,-4.250862628465117,176.0,55.8837118458465,-4.182392741162416,194,9.78,1788
55.90132450419848,-4.250862628465117,176.0,55.83086049774818,-4.312434105301623,195,15.672,1179
55.90132450419848,-4.250862628465117,176.0,55.821849459706755,-4.176208567338996,196,17.7,1287
55.90132450419848,-4.250862628465117,176.0,55.88009750494633,-4.255964552703097,197,3.225,433
55.90132450419848,-4.250862628465117,176.0,55.87413911675089,-4.369807111055967,198,17.269,1101
55.90132450419848,-4.250862628465117,176.0,55.86354071984154,-4.093406384811447,199,15.374,1075
55.89185375376569,-4.208936379137536,177.0,55.8391698042901,-4.214478482526657,0,10.193,1029
55.89185375376569,-4.208936379137536,177.0,55.86553667472969,-4.350500876963486,1,17.611,1131
55.89185375376569,-4.208936379137536,177.0,55.912892829643965,-4.286410947894997,2,10.468,1670
55.89185375376569,-4.208936379137536,177.0,55.84854019346565,-4.391697428307927,3,17.042,1352
55.89185375376569,-4.208936379137536,177.0,55.79232875093524,-4.310455024670266,4,19.533,1331
55.89185375376569,-4.208936379137536,177.0,55.837143362020576,-4.120043492886959,5,21.965,1087
55.89185375376569,-4.208936379137536,177.0,55.84185129809378,-4.283879851305767,6,14.213,1081
55.89185375376569,-4.208936379137536,177.0,55.90609664927746,-4.311383718964596,7,14.4,1015
55.89185375376569,-4.208936379137536,177.0,55.7832172019226,-4.31249791159531,8,21.121,1389
55.89185375376569,-4.208936379137536,177.0,55.8177258987159,-4.260489243356555,9,11.468,1217
55.89185375376569,-4.208936379137536,177.0,55.903262790870684,-4.212111703691823,10,2.905,399
55.89185375376569,-4.208936379137536,177.0,55.893978813107424,-4.1413270988368325,11,7.996,586
55.89185375376569,-4.208936379137536,177.0,55.894884622950286,-4.154349650804189,12,6.98,441
55.89185375376569,-4.208936379137536,177.0,55.80680963785043,-4.263605759417426,13,13.309,1477
55.89185375376569,-4.208936379137536,177.0,55.81824312166051,-4.346878846315483,14,16.696,1245
55.89185375376569,-4.208936379137536,177.0,55.84742656229786,-4.269221405976544,15,10.689,968
55.89185375376569,-4.208936379137536,177.0,55.80730424868546,-4.315177272898423,16,16.402,1230
55.89185375376569,-4.208936379137536,177.0,55.83798278877758,-4.260604018644594,17,8.838,992
55.89185375376569,-4.208936379137536,177.0,55.89424631095569,-4.343398240721316,18,12.357,1191
55.89185375376569,-4.208936379137536,177.0,55.83908093533876,-4.223069302141199,19,10.369,1077
55.89185375376569,-4.208936379137536,177.0,55.8357731433788,-4.270556349194068,20,11.493,980
55.89185375376569,-4.208936379137536,177.0,55.90309627527835,-4.360750370095284,21,17.063,1288
55.89185375376569,-4.208936379137536,177.0,55.85652103589449,-4.101365743428073,22,12.489,779
55.89185375376569,-4.208936379137536,177.0,55.783736419963375,-4.235306054793451,23,15.528,1508
55.89185375376569,-4.208936379137536,177.0,55.92064824587275,-4.2358362157531895,24,6.01,544
55.89185375376569,-4.208936379137536,177.0,55.907674892744176,-4.2497703459088045,25,4.762,1589
55.89185375376569,-4.208936379137536,177.0,55.919604340921964,-4.226208116301384,26,5.895,538
55.89185375376569,-4.208936379137536,177.0,55.83219148710444,-4.304581930326681,27,15.574,1271
55.89185375376569,-4.208936379137536,177.0,55.79569701419853,-4.1769099124482585,28,24.978,1416
55.89185375376569,-4.208936379137536,177.0,55.81260197667657,-4.197841211154324,29,13.695,1315
55.89185375376569,-4.208936379137536,177.0,55.826092940761974,-4.176919409292903,30,21.883,1229
55.89185375376569,-4.208936379137536,177.0,55.828413149208096,-4.109650878166438,31,19.435,1124
55.89185375376569,-4.208936379137536,177.0,55.8999241737755,-4.257993823533507,32,5.691,719
55.89185375376569,-4.208936379137536,177.0,55.892514250678616,-4.340118142906542,33,12.386,1202
55.89185375376569,-4.208936379137536,177.0,55.855241629670886,-4.269936069312288,34,8.533,709
55.89185375376569,-4.208936379137536,177.0,55.877364911629314,-4.109701193625618,35,12.89,880
55.89185375376569,-4.208936379137536,177.0,55.887053111734645,-4.1280531391159245,36,7.846,552
55.89185375376569,-4.208936379137536,177.0,55.89108676863447,-4.105446803942431,37,9.579,859
55.89185375376569,-4.208936379137536,177.0,55.842635153466425,-4.334387903339716,38,13.479,1059
55.89185375376569,-4.208936379137536,177.0,55.89197542936556,-4.19614108945253,39,1.462,183
55.89185375376569,-4.208936379137536,177.0,55.825849135803445,-4.321179033230789,40,13.752,1172
55.89185375376569,-4.208936379137536,177.0,55.81864602215581,-4.375055705699034,41,17.725,1253
55.89185375376569,-4.208936379137536,177.0,55.92613065482397,-4.212698358862173,42,5.759,560
55.89185375376569,-4.208936379137536,177.0,55.874439929608144,-4.279689658904073,43,8.374,831
55.89185375376569,-4.208936379137536,177.0,55.81998166828728,-4.245455535821837,44,10.948,1123
55.89185375376569,-4.208936379137536,177.0,55.91066980601156,-4.213502644426629,45,5.39,553
55.89185375376569,-4.208936379137536,177.0,55.8404807486866,-4.356656090229781,46,17.131,1326
55.89185375376569,-4.208936379137536,177.0,55.88708229912325,-4.079055837843032,47,16.138,786
55.89185375376569,-4.208936379137536,177.0,55.84510555179576,-4.178720975321847,48,13.216,1104
55.89185375376569,-4.208936379137536,177.0,55.84413340760586,-4.085244529493477,49,16.988,1312
55.89185375376569,-4.208936379137536,177.0,55.83324217210475,-4.157183908594519,50,19.98,1077
55.89185375376569,-4.208936379137536,177.0,55.895753278756494,-4.323131413571223,51,11.518,1139
55.89185375376569,-4.208936379137536,177.0,55.88609925330935,-4.38354364327563,52,18.644,1199
55.89185375376569,-4.208936379137536,177.0,55.86596770908397,-4.338853955125049,53,15.427,1080
55.89185375376569,-4.208936379137536,177.0,55.819381988004544,-4.256567679373081,54,11.198,1238
55.89185375376569,-4.208936379137536,177.0,55.919398785577634,-4.298102785445152,55,10.744,1350
55.89185375376569,-4.208936379137536,177.0,55.81052481551728,-4.0780884232687225,56,22.234,2271
55.89185375376569,-4.208936379137536,177.0,55.8411814367945,-4.125490362928665,57,17.516,1020
55.89185375376569,-4.208936379137536,177.0,55.844855881791794,-4.151320272286683,58,12.618,1038
55.89185375376569,-4.208936379137536,177.0,55.79334532620707,-4.3052187624925375,59,19.864,1337
55.89185375376569,-4.208936379137536,177.0,55.78499644933002,-4.082518262203789,60,24.124,1198
55.89185375376569,-4.208936379137536,177.0,55.86482365717543,-4.074666870071637,61,14.755,996
55.89185375376569,-4.208936379137536,177.0,55.910543969585106,-4.384534109666136,62,19.495,1423
55.89185375376569,-4.208936379137536,177.0,55.799715679086134,-4.188568421733812,63,25.306,1607
55.89185375376569,-4.208936379137536,177.0,55.90005630083831,-4.294022887833187,64,12.316,941
55.89185375376569,-4.208936379137536,177.0,55.82573931186619,-4.210157383495828,65,11.752,1130
55.89185375376569,-4.208936379137536,177.0,55.88010014610652,-4.288014027401103,66,8.809,921
55.89185375376569,-4.208936379137536,177.0,55.8836463272421,-4.377148406451105,67,18.414,1277
55.89185375376569,-4.208936379137536,177.0,55.80511293548626,-4.195982430231648,68,14.675,1390
55.89185375376569,-4.208936379137536,177.0,55.9265186267864,-4.256321117900257,69,8.236,673
55.89185375376569,-4.208936379137536,177.0,55.90353118048908,-4.119171950823842,70,8.742,794
55.89185375376569,-4.208936379137536,177.0,55.81502357146685,-4.260984914919316,71,11.825,1252
55.89185375376569,-4.208936379137536,177.0,55.894355058439295,-4.293143876300353,72,9.378,900
55.89185375376569,-4.208936379137536,177.0,55.80246488546192,-4.242274834364847,73,13.089,1348
55.89185375376569,-4.208936379137536,177.0,55.887581813102464,-4.2985753032369685,74,8.99,896
55.89185375376569,-4.208936379137536,177.0,55.928290955083554,-4.295962301582311,75,11.166,765
55.89185375376569,-4.208936379137536,177.0,55.81096058143004,-4.368797105646974,76,19.382,1335
55.89185375376569,-4.208936379137536,177.0,55.84818750128869,-4.3631808239548375,77,18.117,1178
55.89185375376569,-4.208936379137536,177.0,55.81610352786554,-4.330910795148831,78,15.721,1085
55.89185375376569,-4.208936379137536,177.0,55.807034270653475,-4.136077366584948,79,24.004,1364
55.89185375376569,-4.208936379137536,177.0,55.86778114631985,-4.233612892312959,80,6.399,609
55.89185375376569,-4.208936379137536,177.0,55.79578956690847,-4.368290459919509,81,24.466,2530
55.89185375376569,-4.208936379137536,177.0,55.897877306124535,-4.077031107370425,82,11.37,1325
55.89185375376569,-4.208936379137536,177.0,55.80721289582252,-4.242612882195534,83,12.312,1300
55.89185375376569,-4.208936379137536,177.0,55.92209393969709,-4.157940141970138,84,7.253,526
55.89185375376569,-4.208936379137536,177.0,55.79188265083702,-4.28147512844989,85,20.726,1392
55.89185375376569,-4.208936379137536,177.0,55.88043814367632,-4.104360473798184,86,12.702,839
55.89185375376569,-4.208936379137536,177.0,55.90345994988174,-4.293652184560058,87,11.531,862
55.89185375376569,-4.208936379137536,177.0,55.91230525016259,-4.108196424937476,88,10.01,739
55.89185375376569,-4.208936379137536,177.0,55.90569137930351,-4.3852429216612405,89,20.431,1499
55.89185375376569,-4.208936379137536,177.0,55.824402119970216,-4.298242138123909,90,14.188,1093
55.89185375376569,-4.208936379137536,177.0,55.887104625653905,-4.201059285828647,91,0.886,187
55.89185375376569,-4.208936379137536,177.0,55.92006797200308,-4.195257422106852,92,6.547,423
55.89185375376569,-4.208936379137536,177.0,55.7944551107823,-4.1683749063061635,93,25.108,1850
55.89185375376569,-4.208936379137536,177.0,55.88003873447475,-4.304350182381346,94,9.803,985
55.89185375376569,-4.208936379137536,177.0,55.88308048053683,-4.2942103285768285,95,8.827,936
55.89185375376569,-4.208936379137536,177.0,55.80779271908626,-4.3234306371549245,96,16.992,1217
55.89185375376569,-4.208936379137536,177.0,55.90123467399992,-4.380968632189907,97,19.59,1678
55.89185375376569,-4.208936379137536,177.0,55.88049231589054,-4.293733205570284,98,9.305,950
55.89185375376569,-4.208936379137536,177.0,55.84697147961761,-4.334108806216461,99,13.593,1092
55.89185375376569,-4.208936379137536,177.0,55.83067141211495,-4.195633651932574,100,15.585,1163
55.89185375376569,-4.208936379137536,177.0,55.89350845984679,-4.099445363541155,101,9.394,690
55.89185375376569,-4.208936379137536,177.0,55.92592408664018,-4.179171340754611,102,5.818,462
55.89185375376569,-4.208936379137536,177.0,55.84941827409408,-4.169566750359822,103,11.787,984
55.89185375376569,-4.208936379137536,177.0,55.92413375575165,-4.226670311636797,104,6.974,1302
55.89185375376569,-4.208936379137536,177.0,55.88995713457192,-4.285031242761631,105,8.318,802
55.89185375376569,-4.208936379137536,177.0,55.90528066541109,-4.131569818675147,106,6.192,439
55.89185375376569,-4.208936379137536,177.0,55.87850608392288,-4.103517886631066,107,13.033,873
55.89185375376569,-4.208936379137536,177.0,55.80799405798939,-4.284953473560454,108,15.491,1347
55.89185375376569,-4.208936379137536,177.0,55.906815669822045,-4.385279074380807,109,20.212,1452
55.89185375376569,-4.208936379137536,177.0,55.916237634416454,-4.222407816066865,110,5.81,526
55.89185375376569,-4.208936379137536,177.0,55.915798955837815,-4.088621086891774,111,13.094,770
55.89185375376569,-4.208936379137536,177.0,55.827538479175395,-4.350653065976025,112,16.065,1176
55.89185375376569,-4.208936379137536,177.0,55.799515288981674,-4.0866627646338864,113,24.494,1311
55.89185375376569,-4.208936379137536,177.0,55.831024245961984,-4.244756518165482,114,9.549,1031
55.89185375376569,-4.208936379137536,177.0,55.86754360554833,-4.2143078261423845,115,4.184,689
55.89185375376569,-4.208936379137536,177.0,55.8574985965699,-4.1521224561179935,116,10.399,823
55.89185375376569,-4.208936379137536,177.0,55.88095643501817,-4.32811659177277,117,13.207,1061
55.89185375376569,-4.208936379137536,177.0,55.85240433608213,-4.177570445500026,118,8.903,895
55.89185375376569,-4.208936379137536,177.0,55.91169549549074,-4.359708873069638,119,17.007,1279
55.89185375376569,-4.208936379137536,177.0,55.92640787519779,-4.300990956079843,120,11.614,814
55.89185375376569,-4.208936379137536,177.0,55.84019197366069,-4.205566157974415,121,10.679,1127
55.89185375376569,-4.208936379137536,177.0,55.866619942939494,-4.268153778778456,122,7.451,812
55.89185375376569,-4.208936379137536,177.0,55.81327411986783,-4.2587495402872255,123,11.804,1261
55.89185375376569,-4.208936379137536,177.0,55.86022660117776,-4.154711133590585,124,9.616,750
55.89185375376569,-4.208936379137536,177.0,55.831522729053496,-4.370420634377527,125,18.119,1346
55.89185375376569,-4.208936379137536,177.0,55.84074346341779,-4.172411658039648,126,12.938,1064
55.89185375376569,-4.208936379137536,177.0,55.8801412435821,-4.258666277618953,127,6.799,661
55.89185375376569,-4.208936379137536,177.0,55.8434159429892,-4.1056733307349536,128,17.772,1048
55.89185375376569,-4.208936379137536,177.0,55.83522057783537,-4.25736952395694,129,8.812,994
55.89185375376569,-4.208936379137536,177.0,55.86467774065618,-4.2250953414252415,130,5.683,610
55.89185375376569,-4.208936379137536,177.0,55.8953662249987,-4.231143624453162,131,2.858,331
55.89185375376569,-4.208936379137536,177.0,55.81920459649808,-4.236238450921302,132,11.532,1173
55.89185375376569,-4.208936379137536,177.0,55.900795402502105,-4.206009410292495,133,2.09,289
55.89185375376569,-4.208936379137536,177.0,55.86078490474355,-4.339631469507248,134,15.962,1175
55.89185375376569,-4.208936379137536,177.0,55.924999437053955,-4.191173279124663,135,6.296,414
55.89185375376569,-4.208936379137536,177.0,55.81549096669224,-4.126910343137958,136,22.834,1336
55.89185375376569,-4.208936379137536,177.0,55.90135585493081,-4.207622057499793,137,2.089,267
55.89185375376569,-4.208936379137536,177.0,55.845816555475636,-4.129576488296543,138,13.589,992
55.89185375376569,-4.208936379137536,177.0,55.80470047644827,-4.291960781118721,139,15.518,1325
55.89185375376569,-4.208936379137536,177.0,55.89185394491289,-4.179857587296262,140,2.696,295
55.89185375376569,-4.208936379137536,177.0,55.91859399996558,-4.3401659608951215,141,14.375,1024
55.89185375376569,-4.208936379137536,177.0,55.90671476836246,-4.3642865107142725,142,17.094,1251
55.89185375376569,-4.208936379137536,177.0,55.81273399651921,-4.167613047894911,143,22.437,1218
55.89185375376569,-4.208936379137536,177.0,55.80939871413575,-4.276056954355674,144,15.399,1311
55.89185375376569,-4.208936379137536,177.0,55.88312869327199,-4.214542892826467,145,1.531,248
55.89185375376569,-4.208936379137536,177.0,55.815340374954424,-4.283514492524949,146,14.393,1196
55.89185375376569,-4.208936379137536,177.0,55.87864379034378,-4.080636908866371,147,17.051,809
55.89185375376569,-4.208936379137536,177.0,55.89423440492952,-4.2418874418647645,148,3.599,438
55.89185375376569,-4.208936379137536,177.0,55.92796852989922,-4.305970400193036,149,11.742,837
55.89185375376569,-4.208936379137536,177.0,55.92895153496988,-4.082888064137351,150,13.464,720
55.89185375376569,-4.208936379137536,177.0,55.790766759429424,-4.135285962371055,151,26.132,1421
55.89185375376569,-4.208936379137536,177.0,55.80808041573422,-4.184105792933229,152,14.469,1321
55.89185375376569,-4.208936379137536,177.0,55.7982747224006,-4.3931924101572655,153,20.19,1430
55.89185375376569,-4.208936379137536,177.0,55.81178474630603,-4.337962602706185,154,16.788,1191
55.89185375376569,-4.208936379137536,177.0,55.852972007756,-4.353957895039277,155,15.161,1178
55.89185375376569,-4.208936379137536,177.0,55.797152036890715,-4.311451416173846,156,18.76,1265
55.89185375376569,-4.208936379137536,177.0,55.84839482833289,-4.1889265673730645,157,9.916,975
55.89185375376569,-4.208936379137536,177.0,55.86383954752864,-4.387927326091926,158,20.753,1205
55.89185375376569,-4.208936379137536,177.0,55.807182357875575,-4.140487806234959,159,23.681,1340
55.89185375376569,-4.208936379137536,177.0,55.8296607577131,-4.218765551358871,160,10.531,1168
55.89185375376569,-4.208936379137536,177.0,55.82699494590622,-4.295404959002084,161,14.224,1069
55.89185375376569,-4.208936379137536,177.0,55.861248665443505,-4.307186036515638,162,13.864,1104
55.89185375376569,-4.208936379137536,177.0,55.897857165570365,-4.156645648865112,163,4.233,347
55.89185375376569,-4.208936379137536,177.0,55.877747555317356,-4.342792329217214,164,13.805,1167
55.89185375376569,-4.208936379137536,177.0,55.92259641850896,-4.389236283866068,165,18.374,1228
55.89185375376569,-4.208936379137536,177.0,55.92621339590465,-4.2820478996479165,166,10.066,713
55.89185375376569,-4.208936379137536,177.0,55.80660612206145,-4.094012410496262,167,21.819,1336
55.89185375376569,-4.208936379137536,177.0,55.84605439624201,-4.09192094471571,168,13.916,756
55.89185375376569,-4.208936379137536,177.0,55.83961965364386,-4.1201104741133365,169,17.123,947
55.89185375376569,-4.208936379137536,177.0,55.85030951683019,-4.217608837338132,170,8.115,894
55.89185375376569,-4.208936379137536,177.0,55.85971342373431,-4.246748195156407,171,6.052,708
55.89185375376569,-4.208936379137536,177.0,55.815747728441636,-4.150792968910081,172,22.551,1236
55.89185375376569,-4.208936379137536,177.0,55.80041195127493,-4.3806303679601495,173,19.606,1383
55.89185375376569,-4.208936379137536,177.0,55.85487415463933,-4.092829020720908,174,13.726,757
55.89185375376569,-4.208936379137536,177.0,55.80456076444065,-4.203157873727267,175,14.694,1391
55.89185375376569,-4.208936379137536,177.0,55.84723005082115,-4.330151260440624,176,13.114,1036
55.89185375376569,-4.208936379137536,177.0,55.88775631668876,-4.123428423568879,177,7.981,558
55.89185375376569,-4.208936379137536,177.0,55.82857385936083,-4.129579652409029,178,22.441,1315
55.89185375376569,-4.208936379137536,177.0,55.879865395443076,-4.36272007519476,179,14.713,1192
55.89185375376569,-4.208936379137536,177.0,55.87973669437185,-4.215636550296907,180,2.77,396
55.89185375376569,-4.208936379137536,177.0,55.8162521393249,-4.1868605517933455,181,13.836,1303
55.89185375376569,-4.208936379137536,177.0,55.80755514535402,-4.201625161718038,182,14.447,1358
55.89185375376569,-4.208936379137536,177.0,55.85565398843102,-4.250533808562208,183,6.866,863
55.89185375376569,-4.208936379137536,177.0,55.929636326069506,-4.381100658166308,184,17.436,1187
55.89185375376569,-4.208936379137536,177.0,55.879581066995904,-4.21986165885879,185,3.043,445
55.89185375376569,-4.208936379137536,177.0,55.92647877645629,-4.127886630011083,186,9.595,678
55.89185375376569,-4.208936379137536,177.0,55.82282427264178,-4.371094162561755,187,17.255,1269
55.89185375376569,-4.208936379137536,177.0,55.90291353127043,-4.3414180899754955,188,13.051,1262
55.89185375376569,-4.208936379137536,177.0,55.78437024600116,-4.156926419796477,189,29.723,1474
55.89185375376569,-4.208936379137536,177.0,55.8321542449311,-4.1561720476648265,190,20.02,1090
55.89185375376569,-4.208936379137536,177.0,55.88310705812362,-4.084862107847263,191,17.98,919
55.89185375376569,-4.208936379137536,177.0,55.85616333886266,-4.110333739241922,192,12.527,801
55.89185375376569,-4.208936379137536,177.0,55.90185178498145,-4.152652007721208,193,5.091,818
55.89185375376569,-4.208936379137536,177.0,55.8837118458465,-4.182392741162416,194,6.64,1448
55.89185375376569,-4.208936379137536,177.0,55.83086049774818,-4.312434105301623,195,15.158,1174
55.89185375376569,-4.208936379137536,177.0,55.821849459706755,-4.176208567338996,196,21.904,1175
55.89185375376569,-4.208936379137536,177.0,55.88009750494633,-4.255964552703097,197,6.695,656
55.89185375376569,-4.208936379137536,177.0,55.87413911675089,-4.369807111055967,198,16.755,1096
55.89185375376569,-4.208936379137536,177.0,55.86354071984154,-4.093406384811447,199,13.143,854
55.91375994723898,-4.1252695645754125,178.0,55.8391698042901,-4.214478482526657,0,13.446,968
55.91375994723898,-4.1252695645754125,178.0,55.86553667472969,-4.350500876963486,1,24.01,1078
55.91375994723898,-4.1252695645754125,178.0,55.912892829643965,-4.286410947894997,2,14.517,1700
55.91375994723898,-4.1252695645754125,178.0,55.84854019346565,-4.391697428307927,3,23.441,1299
55.91375994723898,-4.1252695645754125,178.0,55.79232875093524,-4.310455024670266,4,25.932,1277
55.91375994723898,-4.1252695645754125,178.0,55.837143362020576,-4.120043492886959,5,18.302,886
55.91375994723898,-4.1252695645754125,178.0,55.84185129809378,-4.283879851305767,6,20.612,1028
55.91375994723898,-4.1252695645754125,178.0,55.90609664927746,-4.311383718964596,7,16.727,972
55.91375994723898,-4.1252695645754125,178.0,55.7832172019226,-4.31249791159531,8,27.52,1335
55.91375994723898,-4.1252695645754125,178.0,55.8177258987159,-4.260489243356555,9,17.925,1201
55.91375994723898,-4.1252695645754125,178.0,55.903262790870684,-4.212111703691823,10,8.082,552
55.91375994723898,-4.1252695645754125,178.0,55.893978813107424,-4.1413270988368325,11,5.04,314
55.91375994723898,-4.1252695645754125,178.0,55.894884622950286,-4.154349650804189,12,4.407,173
55.91375994723898,-4.1252695645754125,178.0,55.80680963785043,-4.263605759417426,13,23.254,1432
55.91375994723898,-4.1252695645754125,178.0,55.81824312166051,-4.346878846315483,14,23.095,1191
55.91375994723898,-4.1252695645754125,178.0,55.84742656229786,-4.269221405976544,15,17.088,915
55.91375994723898,-4.1252695645754125,178.0,55.80730424868546,-4.315177272898423,16,22.801,1176
55.91375994723898,-4.1252695645754125,178.0,55.83798278877758,-4.260604018644594,17,15.295,976
55.91375994723898,-4.1252695645754125,178.0,55.89424631095569,-4.343398240721316,18,18.941,1126
55.91375994723898,-4.1252695645754125,178.0,55.83908093533876,-4.223069302141199,19,13.622,1017
55.91375994723898,-4.1252695645754125,178.0,55.8357731433788,-4.270556349194068,20,17.892,926
55.91375994723898,-4.1252695645754125,178.0,55.90309627527835,-4.360750370095284,21,19.39,1244
55.91375994723898,-4.1252695645754125,178.0,55.85652103589449,-4.101365743428073,22,11.365,714
55.91375994723898,-4.1252695645754125,178.0,55.783736419963375,-4.235306054793451,23,25.14,1459
55.91375994723898,-4.1252695645754125,178.0,55.92064824587275,-4.2358362157531895,24,9.64,558
55.91375994723898,-4.1252695645754125,178.0,55.907674892744176,-4.2497703459088045,25,10.586,1774
55.91375994723898,-4.1252695645754125,178.0,55.919604340921964,-4.226208116301384,26,8.374,493
55.91375994723898,-4.1252695645754125,178.0,55.83219148710444,-4.304581930326681,27,21.973,1218
55.91375994723898,-4.1252695645754125,178.0,55.79569701419853,-4.1769099124482585,28,21.315,1215
55.91375994723898,-4.1252695645754125,178.0,55.81260197667657,-4.197841211154324,29,21.937,1202
55.91375994723898,-4.1252695645754125,178.0,55.826092940761974,-4.176919409292903,30,18.22,1028
55.91375994723898,-4.1252695645754125,178.0,55.828413149208096,-4.109650878166438,31,15.772,923
55.91375994723898,-4.1252695645754125,178.0,55.8999241737755,-4.257993823533507,32,15.791,894
55.91375994723898,-4.1252695645754125,178.0,55.892514250678616,-4.340118142906542,33,18.97,1137
55.91375994723898,-4.1252695645754125,178.0,55.855241629670886,-4.269936069312288,34,14.932,656
55.91375994723898,-4.1252695645754125,178.0,55.877364911629314,-4.109701193625618,35,7.293,522
55.91375994723898,-4.1252695645754125,178.0,55.887053111734645,-4.1280531391159245,36,5.273,284
55.91375994723898,-4.1252695645754125,178.0,55.89108676863447,-4.105446803942431,37,3.504,449
55.91375994723898,-4.1252695645754125,178.0,55.842635153466425,-4.334387903339716,38,19.878,1006
55.91375994723898,-4.1252695645754125,178.0,55.89197542936556,-4.19614108945253,39,7.515,375
55.91375994723898,-4.1252695645754125,178.0,55.825849135803445,-4.321179033230789,40,20.151,1118
55.91375994723898,-4.1252695645754125,178.0,55.81864602215581,-4.375055705699034,41,24.124,1200
55.91375994723898,-4.1252695645754125,178.0,55.92613065482397,-4.212698358862173,42,7.748,488
55.91375994723898,-4.1252695645754125,178.0,55.874439929608144,-4.279689658904073,43,14.773,778
55.91375994723898,-4.1252695645754125,178.0,55.81998166828728,-4.245455535821837,44,17.405,1106
55.91375994723898,-4.1252695645754125,178.0,55.91066980601156,-4.213502644426629,45,8.73,542
55.91375994723898,-4.1252695645754125,178.0,55.8404807486866,-4.356656090229781,46,23.53,1273
55.91375994723898,-4.1252695645754125,178.0,55.88708229912325,-4.079055837843032,47,5.508,387
55.91375994723898,-4.1252695645754125,178.0,55.84510555179576,-4.178720975321847,48,17.636,1002
55.91375994723898,-4.1252695645754125,178.0,55.84413340760586,-4.085244529493477,49,11.812,1125
55.91375994723898,-4.1252695645754125,178.0,55.83324217210475,-4.157183908594519,50,16.317,876
55.91375994723898,-4.1252695645754125,178.0,55.895753278756494,-4.323131413571223,51,19.016,1182
55.91375994723898,-4.1252695645754125,178.0,55.88609925330935,-4.38354364327563,52,25.043,1146
55.91375994723898,-4.1252695645754125,178.0,55.86596770908397,-4.338853955125049,53,21.826,1026
55.91375994723898,-4.1252695645754125,178.0,55.819381988004544,-4.256567679373081,54,17.655,1222
55.91375994723898,-4.1252695645754125,178.0,55.919398785577634,-4.298102785445152,55,14.793,1380
55.91375994723898,-4.1252695645754125,178.0,55.81052481551728,-4.0780884232687225,56,18.571,2071
55.91375994723898,-4.1252695645754125,178.0,55.8411814367945,-4.125490362928665,57,13.853,819
55.91375994723898,-4.1252695645754125,178.0,55.844855881791794,-4.151320272286683,58,17.468,975
55.91375994723898,-4.1252695645754125,178.0,55.79334532620707,-4.3052187624925375,59,26.263,1284
55.91375994723898,-4.1252695645754125,178.0,55.78499644933002,-4.082518262203789,60,20.461,997
55.91375994723898,-4.1252695645754125,178.0,55.86482365717543,-4.074666870071637,61,8.23,689
55.91375994723898,-4.1252695645754125,178.0,55.910543969585106,-4.384534109666136,62,21.822,1379
55.91375994723898,-4.1252695645754125,178.0,55.799715679086134,-4.188568421733812,63,21.643,1406
55.91375994723898,-4.1252695645754125,178.0,55.90005630083831,-4.294022887833187,64,15.946,955
55.91375994723898,-4.1252695645754125,178.0,55.82573931186619,-4.210157383495828,65,19.994,1016
55.91375994723898,-4.1252695645754125,178.0,55.88010014610652,-4.288014027401103,66,16.873,1068
55.91375994723898,-4.1252695645754125,178.0,55.8836463272421,-4.377148406451105,67,24.813,1223
55.91375994723898,-4.1252695645754125,178.0,55.80511293548626,-4.195982430231648,68,22.917,1276
55.91375994723898,-4.1252695645754125,178.0,55.9265186267864,-4.256321117900257,69,11.866,687
55.91375994723898,-4.1252695645754125,178.0,55.90353118048908,-4.119171950823842,70,2.071,343
55.91375994723898,-4.1252695645754125,178.0,55.81502357146685,-4.260984914919316,71,18.282,1235
55.91375994723898,-4.1252695645754125,178.0,55.894355058439295,-4.293143876300353,72,16.994,1040
55.91375994723898,-4.1252695645754125,178.0,55.80246488546192,-4.242274834364847,73,19.546,1332
55.91375994723898,-4.1252695645754125,178.0,55.887581813102464,-4.2985753032369685,74,17.054,1043
55.91375994723898,-4.1252695645754125,178.0,55.928290955083554,-4.295962301582311,75,13.493,722
55.91375994723898,-4.1252695645754125,178.0,55.81096058143004,-4.368797105646974,76,25.781,1282
55.91375994723898,-4.1252695645754125,178.0,55.84818750128869,-4.3631808239548375,77,24.516,1125
55.91375994723898,-4.1252695645754125,178.0,55.81610352786554,-4.330910795148831,78,22.12,1032
55.91375994723898,-4.1252695645754125,178.0,55.807034270653475,-4.136077366584948,79,20.341,1164
55.91375994723898,-4.1252695645754125,178.0,55.86778114631985,-4.233612892312959,80,11.903,642
55.91375994723898,-4.1252695645754125,178.0,55.79578956690847,-4.368290459919509,81,30.865,2477
55.91375994723898,-4.1252695645754125,178.0,55.897877306124535,-4.077031107370425,82,5.295,916
55.91375994723898,-4.1252695645754125,178.0,55.80721289582252,-4.242612882195534,83,18.769,1283
55.91375994723898,-4.1252695645754125,178.0,55.92209393969709,-4.157940141970138,84,3.099,212
55.91375994723898,-4.1252695645754125,178.0,55.79188265083702,-4.28147512844989,85,27.125,1339
55.91375994723898,-4.1252695645754125,178.0,55.88043814367632,-4.104360473798184,86,6.603,462
55.91375994723898,-4.1252695645754125,178.0,55.90345994988174,-4.293652184560058,87,15.161,876
55.91375994723898,-4.1252695645754125,178.0,55.91230525016259,-4.108196424937476,88,3.095,257
55.91375994723898,-4.1252695645754125,178.0,55.90569137930351,-4.3852429216612405,89,22.758,1455
55.91375994723898,-4.1252695645754125,178.0,55.824402119970216,-4.298242138123909,90,20.587,1039
55.91375994723898,-4.1252695645754125,178.0,55.887104625653905,-4.201059285828647,91,8.575,544
55.91375994723898,-4.1252695645754125,178.0,55.92006797200308,-4.195257422106852,92,5.753,306
55.91375994723898,-4.1252695645754125,178.0,55.7944551107823,-4.1683749063061635,93,21.445,1650
55.91375994723898,-4.1252695645754125,178.0,55.88003873447475,-4.304350182381346,94,16.387,951
55.91375994723898,-4.1252695645754125,178.0,55.88308048053683,-4.2942103285768285,95,15.987,925
55.91375994723898,-4.1252695645754125,178.0,55.80779271908626,-4.3234306371549245,96,23.391,1164
55.91375994723898,-4.1252695645754125,178.0,55.90123467399992,-4.380968632189907,97,25.536,1723
55.91375994723898,-4.1252695645754125,178.0,55.88049231589054,-4.293733205570284,98,15.889,915
55.91375994723898,-4.1252695645754125,178.0,55.84697147961761,-4.334108806216461,99,19.992,1039
55.91375994723898,-4.1252695645754125,178.0,55.83067141211495,-4.195633651932574,100,19.238,1030
55.91375994723898,-4.1252695645754125,178.0,55.89350845984679,-4.099445363541155,101,3.319,281
55.91375994723898,-4.1252695645754125,178.0,55.92592408664018,-4.179171340754611,102,5.024,344
55.91375994723898,-4.1252695645754125,178.0,55.84941827409408,-4.169566750359822,103,15.04,924
55.91375994723898,-4.1252695645754125,178.0,55.92413375575165,-4.226670311636797,104,8.963,1230
55.91375994723898,-4.1252695645754125,178.0,55.88995713457192,-4.285031242761631,105,16.382,949
55.91375994723898,-4.1252695645754125,178.0,55.90528066541109,-4.131569818675147,106,3.036,143
55.91375994723898,-4.1252695645754125,178.0,55.87850608392288,-4.103517886631066,107,6.934,495
55.91375994723898,-4.1252695645754125,178.0,55.80799405798939,-4.284953473560454,108,21.89,1294
55.91375994723898,-4.1252695645754125,178.0,55.906815669822045,-4.385279074380807,109,22.539,1409
55.91375994723898,-4.1252695645754125,178.0,55.916237634416454,-4.222407816066865,110,8.289,481
55.91375994723898,-4.1252695645754125,178.0,55.915798955837815,-4.088621086891774,111,3.813,304
55.91375994723898,-4.1252695645754125,178.0,55.827538479175395,-4.350653065976025,112,22.464,1123
55.91375994723898,-4.1252695645754125,178.0,55.799515288981674,-4.0866627646338864,113,20.831,1110
55.91375994723898,-4.1252695645754125,178.0,55.831024245961984,-4.244756518165482,114,16.006,1015
55.91375994723898,-4.1252695645754125,178.0,55.86754360554833,-4.2143078261423845,115,10.601,672
55.91375994723898,-4.1252695645754125,178.0,55.8574985965699,-4.1521224561179935,116,13.652,762
55.91375994723898,-4.1252695645754125,178.0,55.88095643501817,-4.32811659177277,117,19.606,1007
55.91375994723898,-4.1252695645754125,178.0,55.85240433608213,-4.177570445500026,118,12.156,834
55.91375994723898,-4.1252695645754125,178.0,55.91169549549074,-4.359708873069638,119,19.334,1235
55.91375994723898,-4.1252695645754125,178.0,55.92640787519779,-4.300990956079843,120,13.941,770
55.91375994723898,-4.1252695645754125,178.0,55.84019197366069,-4.205566157974415,121,13.932,1066
55.91375994723898,-4.1252695645754125,178.0,55.866619942939494,-4.268153778778456,122,13.85,759
55.91375994723898,-4.1252695645754125,178.0,55.81327411986783,-4.2587495402872255,123,18.261,1245
55.91375994723898,-4.1252695645754125,178.0,55.86022660117776,-4.154711133590585,124,12.869,689
55.91375994723898,-4.1252695645754125,178.0,55.831522729053496,-4.370420634377527,125,24.518,1293
55.91375994723898,-4.1252695645754125,178.0,55.84074346341779,-4.172411658039648,126,17.298,920
55.91375994723898,-4.1252695645754125,178.0,55.8801412435821,-4.258666277618953,127,14.126,773
55.91375994723898,-4.1252695645754125,178.0,55.8434159429892,-4.1056733307349536,128,14.109,848
55.91375994723898,-4.1252695645754125,178.0,55.83522057783537,-4.25736952395694,129,15.269,978
55.91375994723898,-4.1252695645754125,178.0,55.86467774065618,-4.2250953414252415,130,11.796,545
55.91375994723898,-4.1252695645754125,178.0,55.8953662249987,-4.231143624453162,131,9.069,571
55.91375994723898,-4.1252695645754125,178.0,55.81920459649808,-4.236238450921302,132,17.989,1157
55.91375994723898,-4.1252695645754125,178.0,55.900795402502105,-4.206009410292495,133,7.651,490
55.91375994723898,-4.1252695645754125,178.0,55.86078490474355,-4.339631469507248,134,22.361,1121
55.91375994723898,-4.1252695645754125,178.0,55.924999437053955,-4.191173279124663,135,5.502,296
55.91375994723898,-4.1252695645754125,178.0,55.81549096669224,-4.126910343137958,136,19.171,1135
55.91375994723898,-4.1252695645754125,178.0,55.90135585493081,-4.207622057499793,137,7.65,468
55.91375994723898,-4.1252695645754125,178.0,55.845816555475636,-4.129576488296543,138,12.942,806
55.91375994723898,-4.1252695645754125,178.0,55.80470047644827,-4.291960781118721,139,21.917,1272
55.91375994723898,-4.1252695645754125,178.0,55.89185394491289,-4.179857587296262,140,6.402,291
55.91375994723898,-4.1252695645754125,178.0,55.91859399996558,-4.3401659608951215,141,16.702,981
55.91375994723898,-4.1252695645754125,178.0,55.90671476836246,-4.3642865107142725,142,19.421,1207
55.91375994723898,-4.1252695645754125,178.0,55.81273399651921,-4.167613047894911,143,18.774,1017
55.91375994723898,-4.1252695645754125,178.0,55.80939871413575,-4.276056954355674,144,21.798,1258
55.91375994723898,-4.1252695645754125,178.0,55.88312869327199,-4.214542892826467,145,9.148,598
55.91375994723898,-4.1252695645754125,178.0,55.815340374954424,-4.283514492524949,146,20.792,1143
55.91375994723898,-4.1252695645754125,178.0,55.87864379034378,-4.080636908866371,147,6.488,421
55.91375994723898,-4.1252695645754125,178.0,55.89423440492952,-4.2418874418647645,148,9.81,695
55.91375994723898,-4.1252695645754125,178.0,55.92796852989922,-4.305970400193036,149,14.069,793
55.91375994723898,-4.1252695645754125,178.0,55.92895153496988,-4.082888064137351,150,4.206,413
55.91375994723898,-4.1252695645754125,178.0,55.790766759429424,-4.135285962371055,151,22.469,1220
55.91375994723898,-4.1252695645754125,178.0,55.80808041573422,-4.184105792933229,152,20.253,1133
55.91375994723898,-4.1252695645754125,178.0,55.7982747224006,-4.3931924101572655,153,26.589,1377
55.91375994723898,-4.1252695645754125,178.0,55.81178474630603,-4.337962602706185,154,23.187,1138
55.91375994723898,-4.1252695645754125,178.0,55.852972007756,-4.353957895039277,155,21.56,1125
55.91375994723898,-4.1252695645754125,178.0,55.797152036890715,-4.311451416173846,156,25.159,1212
55.91375994723898,-4.1252695645754125,178.0,55.84839482833289,-4.1889265673730645,157,13.169,914
55.91375994723898,-4.1252695645754125,178.0,55.86383954752864,-4.387927326091926,158,27.152,1152
55.91375994723898,-4.1252695645754125,178.0,55.807182357875575,-4.140487806234959,159,20.018,1139
55.91375994723898,-4.1252695645754125,178.0,55.8296607577131,-4.218765551358871,160,20.335,1108
55.91375994723898,-4.1252695645754125,178.0,55.82699494590622,-4.295404959002084,161,20.623,1016
55.91375994723898,-4.1252695645754125,178.0,55.861248665443505,-4.307186036515638,162,20.263,1051
55.91375994723898,-4.1252695645754125,178.0,55.897857165570365,-4.156645648865112,163,7.939,343
55.91375994723898,-4.1252695645754125,178.0,55.877747555317356,-4.342792329217214,164,20.204,1113
55.91375994723898,-4.1252695645754125,178.0,55.92259641850896,-4.389236283866068,165,20.701,1185
55.91375994723898,-4.1252695645754125,178.0,55.92621339590465,-4.2820478996479165,166,12.813,690
55.91375994723898,-4.1252695645754125,178.0,55.80660612206145,-4.094012410496262,167,18.156,1136
55.91375994723898,-4.1252695645754125,178.0,55.84605439624201,-4.09192094471571,168,17.169,695
55.91375994723898,-4.1252695645754125,178.0,55.83961965364386,-4.1201104741133365,169,13.46,746
55.91375994723898,-4.1252695645754125,178.0,55.85030951683019,-4.217608837338132,170,12.37,887
55.91375994723898,-4.1252695645754125,178.0,55.85971342373431,-4.246748195156407,171,12.509,692
55.91375994723898,-4.1252695645754125,178.0,55.815747728441636,-4.150792968910081,172,18.888,1036
55.91375994723898,-4.1252695645754125,178.0,55.80041195127493,-4.3806303679601495,173,26.005,1330
55.91375994723898,-4.1252695645754125,178.0,55.85487415463933,-4.092829020720908,174,9.696,591
55.91375994723898,-4.1252695645754125,178.0,55.80456076444065,-4.203157873727267,175,22.936,1278
55.91375994723898,-4.1252695645754125,178.0,55.84723005082115,-4.330151260440624,176,19.513,982
55.91375994723898,-4.1252695645754125,178.0,55.88775631668876,-4.123428423568879,177,5.408,290
55.91375994723898,-4.1252695645754125,178.0,55.82857385936083,-4.129579652409029,178,18.778,1114
55.91375994723898,-4.1252695645754125,178.0,55.879865395443076,-4.36272007519476,179,21.112,1139
55.91375994723898,-4.1252695645754125,178.0,55.87973669437185,-4.215636550296907,180,9.973,719
55.91375994723898,-4.1252695645754125,178.0,55.8162521393249,-4.1868605517933455,181,19.361,1131
55.91375994723898,-4.1252695645754125,178.0,55.80755514535402,-4.201625161718038,182,22.689,1245
55.91375994723898,-4.1252695645754125,178.0,55.85565398843102,-4.250533808562208,183,13.323,847
55.91375994723898,-4.1252695645754125,178.0,55.929636326069506,-4.381100658166308,184,19.763,1144
55.91375994723898,-4.1252695645754125,178.0,55.879581066995904,-4.21986165885879,185,10.246,768
55.91375994723898,-4.1252695645754125,178.0,55.92647877645629,-4.127886630011083,186,2.463,242
55.91375994723898,-4.1252695645754125,178.0,55.82282427264178,-4.371094162561755,187,23.654,1216
55.91375994723898,-4.1252695645754125,178.0,55.90291353127043,-4.3414180899754955,188,20.549,1304
55.91375994723898,-4.1252695645754125,178.0,55.78437024600116,-4.156926419796477,189,26.06,1273
55.91375994723898,-4.1252695645754125,178.0,55.8321542449311,-4.1561720476648265,190,16.357,889
55.91375994723898,-4.1252695645754125,178.0,55.88310705812362,-4.084862107847263,191,13.446,662
55.91375994723898,-4.1252695645754125,178.0,55.85616333886266,-4.110333739241922,192,12.008,765
55.91375994723898,-4.1252695645754125,178.0,55.90185178498145,-4.152652007721208,193,5.116,680
55.91375994723898,-4.1252695645754125,178.0,55.8837118458465,-4.182392741162416,194,7.908,1317
55.91375994723898,-4.1252695645754125,178.0,55.83086049774818,-4.312434105301623,195,21.557,1120
55.91375994723898,-4.1252695645754125,178.0,55.821849459706755,-4.176208567338996,196,18.241,974
55.91375994723898,-4.1252695645754125,178.0,55.88009750494633,-4.255964552703097,197,13.812,752
55.91375994723898,-4.1252695645754125,178.0,55.87413911675089,-4.369807111055967,198,23.154,1042
55.91375994723898,-4.1252695645754125,178.0,55.86354071984154,-4.093406384811447,199,8.91,554
55.84895732499945,-4.282916559114299,179.0,55.8391698042901,-4.214478482526657,0,11.92,753
55.84895732499945,-4.282916559114299,179.0,55.86553667472969,-4.350500876963486,1,8.511,452
55.84895732499945,-4.282916559114299,179.0,55.912892829643965,-4.286410947894997,2,11.849,1920
55.84895732499945,-4.282916559114299,179.0,55.84854019346565,-4.391697428307927,3,7.942,673
55.84895732499945,-4.282916559114299,179.0,55.79232875093524,-4.310455024670266,4,10.407,650
55.84895732499945,-4.282916559114299,179.0,55.837143362020576,-4.120043492886959,5,15.619,766
55.84895732499945,-4.282916559114299,179.0,55.84185129809378,-4.283879851305767,6,5.087,401
55.84895732499945,-4.282916559114299,179.0,55.90609664927746,-4.311383718964596,7,12.656,941
55.84895732499945,-4.282916559114299,179.0,55.7832172019226,-4.31249791159531,8,11.995,708
55.84895732499945,-4.282916559114299,179.0,55.8177258987159,-4.260489243356555,9,7.904,721
55.84895732499945,-4.282916559114299,179.0,55.903262790870684,-4.212111703691823,10,14.44,1036
55.84895732499945,-4.282916559114299,179.0,55.893978813107424,-4.1413270988368325,11,16.18,1044
55.84895732499945,-4.282916559114299,179.0,55.894884622950286,-4.154349650804189,12,18.565,942
55.84895732499945,-4.282916559114299,179.0,55.80680963785043,-4.263605759417426,13,9.242,824
55.84895732499945,-4.282916559114299,179.0,55.81824312166051,-4.346878846315483,14,7.57,564
55.84895732499945,-4.282916559114299,179.0,55.84742656229786,-4.269221405976544,15,3.333,451
55.84895732499945,-4.282916559114299,179.0,55.80730424868546,-4.315177272898423,16,7.276,549
55.84895732499945,-4.282916559114299,179.0,55.83798278877758,-4.260604018644594,17,2.737,488
55.84895732499945,-4.282916559114299,179.0,55.89424631095569,-4.343398240721316,18,10.327,701
55.84895732499945,-4.282916559114299,179.0,55.83908093533876,-4.223069302141199,19,9.511,784
55.84895732499945,-4.282916559114299,179.0,55.8357731433788,-4.270556349194068,20,2.759,389
55.84895732499945,-4.282916559114299,179.0,55.90309627527835,-4.360750370095284,21,12.36,936
55.84895732499945,-4.282916559114299,179.0,55.85652103589449,-4.101365743428073,22,18.728,986
55.84895732499945,-4.282916559114299,179.0,55.783736419963375,-4.235306054793451,23,24.949,1080
55.84895732499945,-4.282916559114299,179.0,55.92064824587275,-4.2358362157531895,24,15.565,1017
55.84895732499945,-4.282916559114299,179.0,55.907674892744176,-4.2497703459088045,25,14.317,2062
55.84895732499945,-4.282916559114299,179.0,55.919604340921964,-4.226208116301384,26,15.489,1028
55.84895732499945,-4.282916559114299,179.0,55.83219148710444,-4.304581930326681,27,6.448,591
55.84895732499945,-4.282916559114299,179.0,55.79569701419853,-4.1769099124482585,28,16.335,1038
55.84895732499945,-4.282916559114299,179.0,55.81260197667657,-4.197841211154324,29,13.746,905
55.84895732499945,-4.282916559114299,179.0,55.826092940761974,-4.176919409292903,30,12.276,838
55.84895732499945,-4.282916559114299,179.0,55.828413149208096,-4.109650878166438,31,19.08,1028
55.84895732499945,-4.282916559114299,179.0,55.8999241737755,-4.257993823533507,32,8.298,907
55.84895732499945,-4.282916559114299,179.0,55.892514250678616,-4.340118142906542,33,10.356,713
55.84895732499945,-4.282916559114299,179.0,55.855241629670886,-4.269936069312288,34,3.933,498
55.84895732499945,-4.282916559114299,179.0,55.877364911629314,-4.109701193625618,35,19.129,1087
55.84895732499945,-4.282916559114299,179.0,55.887053111734645,-4.1280531391159245,36,19.431,1053
55.84895732499945,-4.282916559114299,179.0,55.89108676863447,-4.105446803942431,37,21.164,1360
55.84895732499945,-4.282916559114299,179.0,55.842635153466425,-4.334387903339716,38,4.379,380
55.84895732499945,-4.282916559114299,179.0,55.89197542936556,-4.19614108945253,39,15.438,887
55.84895732499945,-4.282916559114299,179.0,55.825849135803445,-4.321179033230789,40,4.626,491
55.84895732499945,-4.282916559114299,179.0,55.81864602215581,-4.375055705699034,41,8.599,573
55.84895732499945,-4.282916559114299,179.0,55.92613065482397,-4.212698358862173,42,15.951,1081
55.84895732499945,-4.282916559114299,179.0,55.874439929608144,-4.279689658904073,43,4.493,556
55.84895732499945,-4.282916559114299,179.0,55.81998166828728,-4.245455535821837,44,10.071,721
55.84895732499945,-4.282916559114299,179.0,55.91066980601156,-4.213502644426629,45,14.903,1032
55.84895732499945,-4.282916559114299,179.0,55.8404807486866,-4.356656090229781,46,8.031,647
55.84895732499945,-4.282916559114299,179.0,55.88708229912325,-4.079055837843032,47,24.411,1109
55.84895732499945,-4.282916559114299,179.0,55.84510555179576,-4.178720975321847,48,13.941,854
55.84895732499945,-4.282916559114299,179.0,55.84413340760586,-4.085244529493477,49,21.108,1483
55.84895732499945,-4.282916559114299,179.0,55.83324217210475,-4.157183908594519,50,13.803,851
55.84895732499945,-4.282916559114299,179.0,55.895753278756494,-4.323131413571223,51,10.113,812
55.84895732499945,-4.282916559114299,179.0,55.88609925330935,-4.38354364327563,52,9.544,520
55.84895732499945,-4.282916559114299,179.0,55.86596770908397,-4.338853955125049,53,6.327,401
55.84895732499945,-4.282916559114299,179.0,55.819381988004544,-4.256567679373081,54,7.97,715
55.84895732499945,-4.282916559114299,179.0,55.919398785577634,-4.298102785445152,55,12.125,1599
55.84895732499945,-4.282916559114299,179.0,55.81052481551728,-4.0780884232687225,56,21.879,2176
55.84895732499945,-4.282916559114299,179.0,55.8411814367945,-4.125490362928665,57,17.161,924
55.84895732499945,-4.282916559114299,179.0,55.844855881791794,-4.151320272286683,58,14.793,904
55.84895732499945,-4.282916559114299,179.0,55.79334532620707,-4.3052187624925375,59,10.738,657
55.84895732499945,-4.282916559114299,179.0,55.78499644933002,-4.082518262203789,60,25.602,1175
55.84895732499945,-4.282916559114299,179.0,55.86482365717543,-4.074666870071637,61,20.994,1203
55.84895732499945,-4.282916559114299,179.0,55.910543969585106,-4.384534109666136,62,14.187,1001
55.84895732499945,-4.282916559114299,179.0,55.799715679086134,-4.188568421733812,63,16.317,1197
55.84895732499945,-4.282916559114299,179.0,55.90005630083831,-4.294022887833187,64,8.306,881
55.84895732499945,-4.282916559114299,179.0,55.82573931186619,-4.210157383495828,65,11.803,720
55.84895732499945,-4.282916559114299,179.0,55.88010014610652,-4.288014027401103,66,7.027,849
55.84895732499945,-4.282916559114299,179.0,55.8836463272421,-4.377148406451105,67,9.314,598
55.84895732499945,-4.282916559114299,179.0,55.80511293548626,-4.195982430231648,68,14.726,980
55.84895732499945,-4.282916559114299,179.0,55.9265186267864,-4.256321117900257,69,11.663,1014
55.84895732499945,-4.282916559114299,179.0,55.90353118048908,-4.119171950823842,70,20.327,1295
55.84895732499945,-4.282916559114299,179.0,55.81502357146685,-4.260984914919316,71,8.471,724
55.84895732499945,-4.282916559114299,179.0,55.894355058439295,-4.293143876300353,72,7.596,828
55.84895732499945,-4.282916559114299,179.0,55.80246488546192,-4.242274834364847,73,12.212,946
55.84895732499945,-4.282916559114299,179.0,55.887581813102464,-4.2985753032369685,74,7.208,825
55.84895732499945,-4.282916559114299,179.0,55.928290955083554,-4.295962301582311,75,14.473,1020
55.84895732499945,-4.282916559114299,179.0,55.81096058143004,-4.368797105646974,76,10.256,655
55.84895732499945,-4.282916559114299,179.0,55.84818750128869,-4.3631808239548375,77,9.017,499
55.84895732499945,-4.282916559114299,179.0,55.81610352786554,-4.330910795148831,78,6.595,405
55.84895732499945,-4.282916559114299,179.0,55.807034270653475,-4.136077366584948,79,15.51,1089
55.84895732499945,-4.282916559114299,179.0,55.86778114631985,-4.233612892312959,80,10.014,698
55.84895732499945,-4.282916559114299,179.0,55.79578956690847,-4.368290459919509,81,15.34,1850
55.84895732499945,-4.282916559114299,179.0,55.897877306124535,-4.077031107370425,82,22.955,1826
55.84895732499945,-4.282916559114299,179.0,55.80721289582252,-4.242612882195534,83,11.435,898
55.84895732499945,-4.282916559114299,179.0,55.92209393969709,-4.157940141970138,84,20.098,1093
55.84895732499945,-4.282916559114299,179.0,55.79188265083702,-4.28147512844989,85,11.6,712
55.84895732499945,-4.282916559114299,179.0,55.88043814367632,-4.104360473798184,86,18.941,1047
55.84895732499945,-4.282916559114299,179.0,55.90345994988174,-4.293652184560058,87,8.775,926
55.84895732499945,-4.282916559114299,179.0,55.91230525016259,-4.108196424937476,88,21.595,1240
55.84895732499945,-4.282916559114299,179.0,55.90569137930351,-4.3852429216612405,89,14.222,1024
55.84895732499945,-4.282916559114299,179.0,55.824402119970216,-4.298242138123909,90,5.062,412
55.84895732499945,-4.282916559114299,179.0,55.887104625653905,-4.201059285828647,91,13.15,1036
55.84895732499945,-4.282916559114299,179.0,55.92006797200308,-4.195257422106852,92,16.797,1059
55.84895732499945,-4.282916559114299,179.0,55.7944551107823,-4.1683749063061635,93,16.465,1473
55.84895732499945,-4.282916559114299,179.0,55.88003873447475,-4.304350182381346,94,9.992,771
55.84895732499945,-4.282916559114299,179.0,55.88308048053683,-4.2942103285768285,95,9.592,746
55.84895732499945,-4.282916559114299,179.0,55.80779271908626,-4.3234306371549245,96,7.866,537
55.84895732499945,-4.282916559114299,179.0,55.90123467399992,-4.380968632189907,97,14.528,1154
55.84895732499945,-4.282916559114299,179.0,55.88049231589054,-4.293733205570284,98,9.494,736
55.84895732499945,-4.282916559114299,179.0,55.84697147961761,-4.334108806216461,99,4.493,413
55.84895732499945,-4.282916559114299,179.0,55.83067141211495,-4.195633651932574,100,11.086,717
55.84895732499945,-4.282916559114299,179.0,55.89350845984679,-4.099445363541155,101,20.979,1191
55.84895732499945,-4.282916559114299,179.0,55.92592408664018,-4.179171340754611,102,21.439,1177
55.84895732499945,-4.282916559114299,179.0,55.84941827409408,-4.169566750359822,103,14.646,920
55.84895732499945,-4.282916559114299,179.0,55.92413375575165,-4.226670311636797,104,17.166,1823
55.84895732499945,-4.282916559114299,179.0,55.88995713457192,-4.285031242761631,105,6.536,731
55.84895732499945,-4.282916559114299,179.0,55.90528066541109,-4.131569818675147,106,17.777,940
55.84895732499945,-4.282916559114299,179.0,55.87850608392288,-4.103517886631066,107,19.272,1080
55.84895732499945,-4.282916559114299,179.0,55.80799405798939,-4.284953473560454,108,8.072,702
55.84895732499945,-4.282916559114299,179.0,55.906815669822045,-4.385279074380807,109,13.533,939
55.84895732499945,-4.282916559114299,179.0,55.916237634416454,-4.222407816066865,110,15.404,1016
55.84895732499945,-4.282916559114299,179.0,55.915798955837815,-4.088621086891774,111,24.679,1271
55.84895732499945,-4.282916559114299,179.0,55.827538479175395,-4.350653065976025,112,6.939,496
55.84895732499945,-4.282916559114299,179.0,55.799515288981674,-4.0866627646338864,113,25.972,1288
55.84895732499945,-4.282916559114299,179.0,55.831024245961984,-4.244756518165482,114,8.552,622
55.84895732499945,-4.282916559114299,179.0,55.86754360554833,-4.2143078261423845,115,11.354,814
55.84895732499945,-4.282916559114299,179.0,55.8574985965699,-4.1521224561179935,116,15.949,1030
55.84895732499945,-4.282916559114299,179.0,55.88095643501817,-4.32811659177277,117,8.169,528
55.84895732499945,-4.282916559114299,179.0,55.85240433608213,-4.177570445500026,118,7.772,935
55.84895732499945,-4.282916559114299,179.0,55.91169549549074,-4.359708873069638,119,14.345,1128
55.84895732499945,-4.282916559114299,179.0,55.92640787519779,-4.300990956079843,120,14.281,1041
55.84895732499945,-4.282916559114299,179.0,55.84019197366069,-4.205566157974415,121,12.406,869
55.84895732499945,-4.282916559114299,179.0,55.866619942939494,-4.268153778778456,122,4.286,637
55.84895732499945,-4.282916559114299,179.0,55.81327411986783,-4.2587495402872255,123,8.294,769
55.84895732499945,-4.282916559114299,179.0,55.86022660117776,-4.154711133590585,124,15.855,957
55.84895732499945,-4.282916559114299,179.0,55.831522729053496,-4.370420634377527,125,8.993,666
55.84895732499945,-4.282916559114299,179.0,55.84074346341779,-4.172411658039648,126,13.014,773
55.84895732499945,-4.282916559114299,179.0,55.8801412435821,-4.258666277618953,127,6.135,722
55.84895732499945,-4.282916559114299,179.0,55.8434159429892,-4.1056733307349536,128,17.417,953
55.84895732499945,-4.282916559114299,179.0,55.83522057783537,-4.25736952395694,129,3.376,516
55.84895732499945,-4.282916559114299,179.0,55.86467774065618,-4.2250953414252415,130,10.138,651
55.84895732499945,-4.282916559114299,179.0,55.8953662249987,-4.231143624453162,131,12.591,828
55.84895732499945,-4.282916559114299,179.0,55.81920459649808,-4.236238450921302,132,10.655,771
55.84895732499945,-4.282916559114299,179.0,55.900795402502105,-4.206009410292495,133,14.758,1023
55.84895732499945,-4.282916559114299,179.0,55.86078490474355,-4.339631469507248,134,6.862,495
55.84895732499945,-4.282916559114299,179.0,55.924999437053955,-4.191173279124663,135,17.048,1068
55.84895732499945,-4.282916559114299,179.0,55.81549096669224,-4.126910343137958,136,16.501,1136
55.84895732499945,-4.282916559114299,179.0,55.90135585493081,-4.207622057499793,137,14.757,1001
55.84895732499945,-4.282916559114299,179.0,55.845816555475636,-4.129576488296543,138,16.166,994
55.84895732499945,-4.282916559114299,179.0,55.80470047644827,-4.291960781118721,139,7.905,679
55.84895732499945,-4.282916559114299,179.0,55.89185394491289,-4.179857587296262,140,14.342,811
55.84895732499945,-4.282916559114299,179.0,55.91859399996558,-4.3401659608951215,141,13.211,978
55.84895732499945,-4.282916559114299,179.0,55.90671476836246,-4.3642865107142725,142,13.112,992
55.84895732499945,-4.282916559114299,179.0,55.81273399651921,-4.167613047894911,143,13.559,900
55.84895732499945,-4.282916559114299,179.0,55.80939871413575,-4.276056954355674,144,7.786,650
55.84895732499945,-4.282916559114299,179.0,55.88312869327199,-4.214542892826467,145,12.162,855
55.84895732499945,-4.282916559114299,179.0,55.815340374954424,-4.283514492524949,146,6.78,535
55.84895732499945,-4.282916559114299,179.0,55.87864379034378,-4.080636908866371,147,25.391,1144
55.84895732499945,-4.282916559114299,179.0,55.89423440492952,-4.2418874418647645,148,13.154,912
55.84895732499945,-4.282916559114299,179.0,55.92796852989922,-4.305970400193036,149,14.409,1064
55.84895732499945,-4.282916559114299,179.0,55.92895153496988,-4.082888064137351,150,25.049,1221
55.84895732499945,-4.282916559114299,179.0,55.790766759429424,-4.135285962371055,151,18.89,1114
55.84895732499945,-4.282916559114299,179.0,55.80808041573422,-4.184105792933229,152,14.52,911
55.84895732499945,-4.282916559114299,179.0,55.7982747224006,-4.3931924101572655,153,11.064,750
55.84895732499945,-4.282916559114299,179.0,55.81178474630603,-4.337962602706185,154,7.662,511
55.84895732499945,-4.282916559114299,179.0,55.852972007756,-4.353957895039277,155,6.061,499
55.84895732499945,-4.282916559114299,179.0,55.797152036890715,-4.311451416173846,156,9.634,585
55.84895732499945,-4.282916559114299,179.0,55.84839482833289,-4.1889265673730645,157,14.592,888
55.84895732499945,-4.282916559114299,179.0,55.86383954752864,-4.387927326091926,158,11.653,526
55.84895732499945,-4.282916559114299,179.0,55.807182357875575,-4.140487806234959,159,15.187,1064
55.84895732499945,-4.282916559114299,179.0,55.8296607577131,-4.218765551358871,160,9.972,778
55.84895732499945,-4.282916559114299,179.0,55.82699494590622,-4.295404959002084,161,5.098,389
55.84895732499945,-4.282916559114299,179.0,55.861248665443505,-4.307186036515638,162,3.947,402
55.84895732499945,-4.282916559114299,179.0,55.897857165570365,-4.156645648865112,163,15.818,848
55.84895732499945,-4.282916559114299,179.0,55.877747555317356,-4.342792329217214,164,8.759,625
55.84895732499945,-4.282916559114299,179.0,55.92259641850896,-4.389236283866068,165,25.015,1089
55.84895732499945,-4.282916559114299,179.0,55.92621339590465,-4.2820478996479165,166,11.447,962
55.84895732499945,-4.282916559114299,179.0,55.80660612206145,-4.094012410496262,167,21.464,1240
55.84895732499945,-4.282916559114299,179.0,55.84605439624201,-4.09192094471571,168,20.155,963
55.84895732499945,-4.282916559114299,179.0,55.83961965364386,-4.1201104741133365,169,16.768,851
55.84895732499945,-4.282916559114299,179.0,55.85030951683019,-4.217608837338132,170,5.581,758
55.84895732499945,-4.282916559114299,179.0,55.85971342373431,-4.246748195156407,171,4.037,663
55.84895732499945,-4.282916559114299,179.0,55.815747728441636,-4.150792968910081,172,14.057,961
55.84895732499945,-4.282916559114299,179.0,55.80041195127493,-4.3806303679601495,173,10.48,702
55.84895732499945,-4.282916559114299,179.0,55.85487415463933,-4.092829020720908,174,19.965,964
55.84895732499945,-4.282916559114299,179.0,55.80456076444065,-4.203157873727267,175,14.745,982
55.84895732499945,-4.282916559114299,179.0,55.84723005082115,-4.330151260440624,176,4.014,356
55.84895732499945,-4.282916559114299,179.0,55.88775631668876,-4.123428423568879,177,19.566,1060
55.84895732499945,-4.282916559114299,179.0,55.82857385936083,-4.129579652409029,178,16.579,1148
55.84895732499945,-4.282916559114299,179.0,55.879865395443076,-4.36272007519476,179,9.651,668
55.84895732499945,-4.282916559114299,179.0,55.87973669437185,-4.215636550296907,180,11.449,866
55.84895732499945,-4.282916559114299,179.0,55.8162521393249,-4.1868605517933455,181,12.939,871
55.84895732499945,-4.282916559114299,179.0,55.80755514535402,-4.201625161718038,182,14.498,949
55.84895732499945,-4.282916559114299,179.0,55.85565398843102,-4.250533808562208,183,2.965,499
55.84895732499945,-4.282916559114299,179.0,55.929636326069506,-4.381100658166308,184,26.001,1110
55.84895732499945,-4.282916559114299,179.0,55.879581066995904,-4.21986165885879,185,11.09,847
55.84895732499945,-4.282916559114299,179.0,55.92647877645629,-4.127886630011083,186,21.18,1179
55.84895732499945,-4.282916559114299,179.0,55.82282427264178,-4.371094162561755,187,8.129,589
55.84895732499945,-4.282916559114299,179.0,55.90291353127043,-4.3414180899754955,188,11.158,870
55.84895732499945,-4.282916559114299,179.0,55.78437024600116,-4.156926419796477,189,18.234,1128
55.84895732499945,-4.282916559114299,179.0,55.8321542449311,-4.1561720476648265,190,13.843,865
55.84895732499945,-4.282916559114299,179.0,55.88310705812362,-4.084862107847263,191,22.552,1025
55.84895732499945,-4.282916559114299,179.0,55.85616333886266,-4.110333739241922,192,18.766,1008
55.84895732499945,-4.282916559114299,179.0,55.90185178498145,-4.152652007721208,193,19.727,1472
55.84895732499945,-4.282916559114299,179.0,55.8837118458465,-4.182392741162416,194,16.006,1820
55.84895732499945,-4.282916559114299,179.0,55.83086049774818,-4.312434105301623,195,6.032,493
55.84895732499945,-4.282916559114299,179.0,55.821849459706755,-4.176208567338996,196,12.687,835
55.84895732499945,-4.282916559114299,179.0,55.88009750494633,-4.255964552703097,197,5.821,701
55.84895732499945,-4.282916559114299,179.0,55.87413911675089,-4.369807111055967,198,7.655,417
55.84895732499945,-4.282916559114299,179.0,55.86354071984154,-4.093406384811447,199,19.382,1062
55.79654863066678,-4.1303611891713485,180.0,55.8391698042901,-4.214478482526657,0,9.678,612
55.79654863066678,-4.1303611891713485,180.0,55.86553667472969,-4.350500876963486,1,20.543,1150
55.79654863066678,-4.1303611891713485,180.0,55.912892829643965,-4.286410947894997,2,22.455,2536
55.79654863066678,-4.1303611891713485,180.0,55.84854019346565,-4.391697428307927,3,19.974,1371
55.79654863066678,-4.1303611891713485,180.0,55.79232875093524,-4.310455024670266,4,14.775,1020
55.79654863066678,-4.1303611891713485,180.0,55.837143362020576,-4.120043492886959,5,8.485,494
55.79654863066678,-4.1303611891713485,180.0,55.84185129809378,-4.283879851305767,6,12.413,1024
55.79654863066678,-4.1303611891713485,180.0,55.90609664927746,-4.311383718964596,7,24.688,1639
55.79654863066678,-4.1303611891713485,180.0,55.7832172019226,-4.31249791159531,8,15.105,997
55.79654863066678,-4.1303611891713485,180.0,55.8177258987159,-4.260489243356555,9,10.674,754
55.79654863066678,-4.1303611891713485,180.0,55.903262790870684,-4.212111703691823,10,24.426,1459
55.79654863066678,-4.1303611891713485,180.0,55.893978813107424,-4.1413270988368325,11,21.927,1252
55.79654863066678,-4.1303611891713485,180.0,55.894884622950286,-4.154349650804189,12,26.792,1153
55.79654863066678,-4.1303611891713485,180.0,55.80680963785043,-4.263605759417426,13,14.656,1078
55.79654863066678,-4.1303611891713485,180.0,55.81824312166051,-4.346878846315483,14,19.602,1262
55.79654863066678,-4.1303611891713485,180.0,55.84742656229786,-4.269221405976544,15,12.778,1042
55.79654863066678,-4.1303611891713485,180.0,55.80730424868546,-4.315177272898423,16,16.412,1153
55.79654863066678,-4.1303611891713485,180.0,55.83798278877758,-4.260604018644594,17,10.884,838
55.79654863066678,-4.1303611891713485,180.0,55.89424631095569,-4.343398240721316,18,22.359,1399
55.79654863066678,-4.1303611891713485,180.0,55.83908093533876,-4.223069302141199,19,10.708,742
55.79654863066678,-4.1303611891713485,180.0,55.8357731433788,-4.270556349194068,20,11.568,888
55.79654863066678,-4.1303611891713485,180.0,55.90309627527835,-4.360750370095284,21,24.392,1634
55.79654863066678,-4.1303611891713485,180.0,55.85652103589449,-4.101365743428073,22,13.418,817
55.79654863066678,-4.1303611891713485,180.0,55.783736419963375,-4.235306054793451,23,9.154,536
55.79654863066678,-4.1303611891713485,180.0,55.92064824587275,-4.2358362157531895,24,20.053,1525
55.79654863066678,-4.1303611891713485,180.0,55.907674892744176,-4.2497703459088045,25,18.805,2570
55.79654863066678,-4.1303611891713485,180.0,55.919604340921964,-4.226208116301384,26,33.584,1564
55.79654863066678,-4.1303611891713485,180.0,55.83219148710444,-4.304581930326681,27,18.48,1289
55.79654863066678,-4.1303611891713485,180.0,55.79569701419853,-4.1769099124482585,28,3.997,237
55.79654863066678,-4.1303611891713485,180.0,55.81260197667657,-4.197841211154324,29,6.557,408
55.79654863066678,-4.1303611891713485,180.0,55.826092940761974,-4.176919409292903,30,6.658,603
55.79654863066678,-4.1303611891713485,180.0,55.828413149208096,-4.109650878166438,31,6.203,422
55.79654863066678,-4.1303611891713485,180.0,55.8999241737755,-4.257993823533507,32,18.904,1515
55.79654863066678,-4.1303611891713485,180.0,55.892514250678616,-4.340118142906542,33,22.388,1411
55.79654863066678,-4.1303611891713485,180.0,55.855241629670886,-4.269936069312288,34,25.725,1188
55.79654863066678,-4.1303611891713485,180.0,55.877364911629314,-4.109701193625618,35,19.659,1029
55.79654863066678,-4.1303611891713485,180.0,55.887053111734645,-4.1280531391159245,36,25.306,1233
55.79654863066678,-4.1303611891713485,180.0,55.89108676863447,-4.105446803942431,37,19.647,1244
55.79654863066678,-4.1303611891713485,180.0,55.842635153466425,-4.334387903339716,38,16.411,1078
55.79654863066678,-4.1303611891713485,180.0,55.89197542936556,-4.19614108945253,39,22.21,1182
55.79654863066678,-4.1303611891713485,180.0,55.825849135803445,-4.321179033230789,40,16.658,1189
55.79654863066678,-4.1303611891713485,180.0,55.81864602215581,-4.375055705699034,41,28.571,1323
55.79654863066678,-4.1303611891713485,180.0,55.92613065482397,-4.212698358862173,42,32.958,1559
55.79654863066678,-4.1303611891713485,180.0,55.874439929608144,-4.279689658904073,43,25.566,1309
55.79654863066678,-4.1303611891713485,180.0,55.81998166828728,-4.245455535821837,44,9.534,621
55.79654863066678,-4.1303611891713485,180.0,55.91066980601156,-4.213502644426629,45,26.128,1534
55.79654863066678,-4.1303611891713485,180.0,55.8404807486866,-4.356656090229781,46,20.063,1345
55.79654863066678,-4.1303611891713485,180.0,55.88708229912325,-4.079055837843032,47,17.277,837
55.79654863066678,-4.1303611891713485,180.0,55.84510555179576,-4.178720975321847,48,7.819,609
55.79654863066678,-4.1303611891713485,180.0,55.84413340760586,-4.085244529493477,49,10.054,1067
55.79654863066678,-4.1303611891713485,180.0,55.83324217210475,-4.157183908594519,50,5.931,421
55.79654863066678,-4.1303611891713485,180.0,55.895753278756494,-4.323131413571223,51,22.145,1510
55.79654863066678,-4.1303611891713485,180.0,55.88609925330935,-4.38354364327563,52,21.576,1218
55.79654863066678,-4.1303611891713485,180.0,55.86596770908397,-4.338853955125049,53,18.359,1099
55.79654863066678,-4.1303611891713485,180.0,55.819381988004544,-4.256567679373081,54,11.583,815
55.79654863066678,-4.1303611891713485,180.0,55.919398785577634,-4.298102785445152,55,22.731,2215
55.79654863066678,-4.1303611891713485,180.0,55.81052481551728,-4.0780884232687225,56,10.836,1720
55.79654863066678,-4.1303611891713485,180.0,55.8411814367945,-4.125490362928665,57,8.355,625
55.79654863066678,-4.1303611891713485,180.0,55.844855881791794,-4.151320272286683,58,7.651,583
55.79654863066678,-4.1303611891713485,180.0,55.79334532620707,-4.3052187624925375,59,14.37,980
55.79654863066678,-4.1303611891713485,180.0,55.78499644933002,-4.082518262203789,60,5.541,375
55.79654863066678,-4.1303611891713485,180.0,55.86482365717543,-4.074666870071637,61,12.649,988
55.79654863066678,-4.1303611891713485,180.0,55.910543969585106,-4.384534109666136,62,26.219,1699
55.79654863066678,-4.1303611891713485,180.0,55.799715679086134,-4.188568421733812,63,5.657,469
55.79654863066678,-4.1303611891713485,180.0,55.90005630083831,-4.294022887833187,64,28.945,1631
55.79654863066678,-4.1303611891713485,180.0,55.82573931186619,-4.210157383495828,65,7.847,452
55.79654863066678,-4.1303611891713485,180.0,55.88010014610652,-4.288014027401103,66,27.666,1600
55.79654863066678,-4.1303611891713485,180.0,55.8836463272421,-4.377148406451105,67,21.346,1296
55.79654863066678,-4.1303611891713485,180.0,55.80511293548626,-4.195982430231648,68,5.814,357
55.79654863066678,-4.1303611891713485,180.0,55.9265186267864,-4.256321117900257,69,22.269,1630
55.79654863066678,-4.1303611891713485,180.0,55.90353118048908,-4.119171950823842,70,20.249,1305
55.79654863066678,-4.1303611891713485,180.0,55.81502357146685,-4.260984914919316,71,11.031,789
55.79654863066678,-4.1303611891713485,180.0,55.894355058439295,-4.293143876300353,72,28.235,1579
55.79654863066678,-4.1303611891713485,180.0,55.80246488546192,-4.242274834364847,73,10.561,677
55.79654863066678,-4.1303611891713485,180.0,55.887581813102464,-4.2985753032369685,74,27.847,1575
55.79654863066678,-4.1303611891713485,180.0,55.928290955083554,-4.295962301582311,75,23.153,1630
55.79654863066678,-4.1303611891713485,180.0,55.81096058143004,-4.368797105646974,76,27.736,1297
55.79654863066678,-4.1303611891713485,180.0,55.84818750128869,-4.3631808239548375,77,21.049,1197
55.79654863066678,-4.1303611891713485,180.0,55.81610352786554,-4.330910795148831,78,18.627,1103
55.79654863066678,-4.1303611891713485,180.0,55.807034270653475,-4.136077366584948,79,1.468,77
55.79654863066678,-4.1303611891713485,180.0,55.86778114631985,-4.233612892312959,80,22.696,1174
55.79654863066678,-4.1303611891713485,180.0,55.79578956690847,-4.368290459919509,81,26.831,2336
55.79654863066678,-4.1303611891713485,180.0,55.897877306124535,-4.077031107370425,82,19.636,1582
55.79654863066678,-4.1303611891713485,180.0,55.80721289582252,-4.242612882195534,83,10.951,696
55.79654863066678,-4.1303611891713485,180.0,55.92209393969709,-4.157940141970138,84,28.893,1331
55.79654863066678,-4.1303611891713485,180.0,55.79188265083702,-4.28147512844989,85,12.517,819
55.79654863066678,-4.1303611891713485,180.0,55.88043814367632,-4.104360473798184,86,18.969,969
55.79654863066678,-4.1303611891713485,180.0,55.90345994988174,-4.293652184560058,87,21.928,1672
55.79654863066678,-4.1303611891713485,180.0,55.91230525016259,-4.108196424937476,88,22.929,1206
55.79654863066678,-4.1303611891713485,180.0,55.90569137930351,-4.3852429216612405,89,26.254,1722
55.79654863066678,-4.1303611891713485,180.0,55.824402119970216,-4.298242138123909,90,17.094,1110
55.79654863066678,-4.1303611891713485,180.0,55.887104625653905,-4.201059285828647,91,21.984,1257
55.79654863066678,-4.1303611891713485,180.0,55.92006797200308,-4.195257422106852,92,30.963,1376
55.79654863066678,-4.1303611891713485,180.0,55.7944551107823,-4.1683749063061635,93,4.26,667
55.79654863066678,-4.1303611891713485,180.0,55.88003873447475,-4.304350182381346,94,27.18,1482
55.79654863066678,-4.1303611891713485,180.0,55.88308048053683,-4.2942103285768285,95,26.78,1457
55.79654863066678,-4.1303611891713485,180.0,55.80779271908626,-4.3234306371549245,96,16.86,1199
55.79654863066678,-4.1303611891713485,180.0,55.90123467399992,-4.380968632189907,97,26.56,1852
55.79654863066678,-4.1303611891713485,180.0,55.88049231589054,-4.293733205570284,98,26.682,1447
55.79654863066678,-4.1303611891713485,180.0,55.84697147961761,-4.334108806216461,99,16.525,1111
55.79654863066678,-4.1303611891713485,180.0,55.83067141211495,-4.195633651932574,100,7.355,645
55.79654863066678,-4.1303611891713485,180.0,55.89350845984679,-4.099445363541155,101,18.714,1014
55.79654863066678,-4.1303611891713485,180.0,55.92592408664018,-4.179171340754611,102,30.234,1415
55.79654863066678,-4.1303611891713485,180.0,55.84941827409408,-4.169566750359822,103,7.928,632
55.79654863066678,-4.1303611891713485,180.0,55.92413375575165,-4.226670311636797,104,34.173,2301
55.79654863066678,-4.1303611891713485,180.0,55.88995713457192,-4.285031242761631,105,27.175,1481
55.79654863066678,-4.1303611891713485,180.0,55.90528066541109,-4.131569818675147,106,26.572,1178
55.79654863066678,-4.1303611891713485,180.0,55.87850608392288,-4.103517886631066,107,19.3,1002
55.79654863066678,-4.1303611891713485,180.0,55.80799405798939,-4.284953473560454,108,12.898,1025
55.79654863066678,-4.1303611891713485,180.0,55.906815669822045,-4.385279074380807,109,25.565,1637
55.79654863066678,-4.1303611891713485,180.0,55.916237634416454,-4.222407816066865,110,33.499,1552
55.79654863066678,-4.1303611891713485,180.0,55.915798955837815,-4.088621086891774,111,21.795,1090
55.79654863066678,-4.1303611891713485,180.0,55.827538479175395,-4.350653065976025,112,18.971,1194
55.79654863066678,-4.1303611891713485,180.0,55.799515288981674,-4.0866627646338864,113,4.473,310
55.79654863066678,-4.1303611891713485,180.0,55.831024245961984,-4.244756518165482,114,10.324,743
55.79654863066678,-4.1303611891713485,180.0,55.86754360554833,-4.2143078261423845,115,21.369,1159
55.79654863066678,-4.1303611891713485,180.0,55.8574985965699,-4.1521224561179935,116,8.807,708
55.79654863066678,-4.1303611891713485,180.0,55.88095643501817,-4.32811659177277,117,20.201,1226
55.79654863066678,-4.1303611891713485,180.0,55.85240433608213,-4.177570445500026,118,8.86,689
55.79654863066678,-4.1303611891713485,180.0,55.91169549549074,-4.359708873069638,119,26.377,1826
55.79654863066678,-4.1303611891713485,180.0,55.92640787519779,-4.300990956079843,120,23.601,1679
55.79654863066678,-4.1303611891713485,180.0,55.84019197366069,-4.205566157974415,121,10.164,727
55.79654863066678,-4.1303611891713485,180.0,55.866619942939494,-4.268153778778456,122,24.643,1291
55.79654863066678,-4.1303611891713485,180.0,55.81327411986783,-4.2587495402872255,123,11.01,798
55.79654863066678,-4.1303611891713485,180.0,55.86022660117776,-4.154711133590585,124,9.16,739
55.79654863066678,-4.1303611891713485,180.0,55.831522729053496,-4.370420634377527,125,21.025,1364
55.79654863066678,-4.1303611891713485,180.0,55.84074346341779,-4.172411658039648,126,7.308,559
55.79654863066678,-4.1303611891713485,180.0,55.8801412435821,-4.258666277618953,127,24.919,1305
55.79654863066678,-4.1303611891713485,180.0,55.8434159429892,-4.1056733307349536,128,9.679,670
55.79654863066678,-4.1303611891713485,180.0,55.83522057783537,-4.25736952395694,129,10.858,840
55.79654863066678,-4.1303611891713485,180.0,55.86467774065618,-4.2250953414252415,130,12.492,975
55.79654863066678,-4.1303611891713485,180.0,55.8953662249987,-4.231143624453162,131,17.079,1337
55.79654863066678,-4.1303611891713485,180.0,55.81920459649808,-4.236238450921302,132,8.95,570
55.79654863066678,-4.1303611891713485,180.0,55.900795402502105,-4.206009410292495,133,23.611,1349
55.79654863066678,-4.1303611891713485,180.0,55.86078490474355,-4.339631469507248,134,18.894,1193
55.79654863066678,-4.1303611891713485,180.0,55.924999437053955,-4.191173279124663,135,30.712,1367
55.79654863066678,-4.1303611891713485,180.0,55.81549096669224,-4.126910343137958,136,2.525,174
55.79654863066678,-4.1303611891713485,180.0,55.90135585493081,-4.207622057499793,137,23.61,1327
55.79654863066678,-4.1303611891713485,180.0,55.845816555475636,-4.129576488296543,138,9.024,671
55.79654863066678,-4.1303611891713485,180.0,55.80470047644827,-4.291960781118721,139,15.605,1134
55.79654863066678,-4.1303611891713485,180.0,55.89185394491289,-4.179857587296262,140,22.814,1126
55.79654863066678,-4.1303611891713485,180.0,55.91859399996558,-4.3401659608951215,141,25.243,1676
55.79654863066678,-4.1303611891713485,180.0,55.90671476836246,-4.3642865107142725,142,25.144,1690
55.79654863066678,-4.1303611891713485,180.0,55.81273399651921,-4.167613047894911,143,3.978,283
55.79654863066678,-4.1303611891713485,180.0,55.80939871413575,-4.276056954355674,144,12.186,913
55.79654863066678,-4.1303611891713485,180.0,55.88312869327199,-4.214542892826467,145,21.611,1227
55.79654863066678,-4.1303611891713485,180.0,55.815340374954424,-4.283514492524949,146,12.356,931
55.79654863066678,-4.1303611891713485,180.0,55.87864379034378,-4.080636908866371,147,18.257,872
55.79654863066678,-4.1303611891713485,180.0,55.89423440492952,-4.2418874418647645,148,17.642,1420
55.79654863066678,-4.1303611891713485,180.0,55.92796852989922,-4.305970400193036,149,23.729,1702
55.79654863066678,-4.1303611891713485,180.0,55.92895153496988,-4.082888064137351,150,22.753,1098
55.79654863066678,-4.1303611891713485,180.0,55.790766759429424,-4.135285962371055,151,0.784,322
55.79654863066678,-4.1303611891713485,180.0,55.80808041573422,-4.184105792933229,152,5.43,293
55.79654863066678,-4.1303611891713485,180.0,55.7982747224006,-4.3931924101572655,153,29.374,1405
55.79654863066678,-4.1303611891713485,180.0,55.81178474630603,-4.337962602706185,154,26.522,1198
55.79654863066678,-4.1303611891713485,180.0,55.852972007756,-4.353957895039277,155,18.093,1197
55.79654863066678,-4.1303611891713485,180.0,55.797152036890715,-4.311451416173846,156,14.66,1013
55.79654863066678,-4.1303611891713485,180.0,55.84839482833289,-4.1889265673730645,157,8.58,645
55.79654863066678,-4.1303611891713485,180.0,55.86383954752864,-4.387927326091926,158,23.685,1224
55.79654863066678,-4.1303611891713485,180.0,55.807182357875575,-4.140487806234959,159,1.679,75
55.79654863066678,-4.1303611891713485,180.0,55.8296607577131,-4.218765551358871,160,8.759,576
55.79654863066678,-4.1303611891713485,180.0,55.82699494590622,-4.295404959002084,161,17.13,1087
55.79654863066678,-4.1303611891713485,180.0,55.861248665443505,-4.307186036515638,162,15.979,1100
55.79654863066678,-4.1303611891713485,180.0,55.897857165570365,-4.156645648865112,163,24.29,1162
55.79654863066678,-4.1303611891713485,180.0,55.877747555317356,-4.342792329217214,164,20.791,1323
55.79654863066678,-4.1303611891713485,180.0,55.92259641850896,-4.389236283866068,165,37.047,1787
55.79654863066678,-4.1303611891713485,180.0,55.92621339590465,-4.2820478996479165,166,22.053,1578
55.79654863066678,-4.1303611891713485,180.0,55.80660612206145,-4.094012410496262,167,10.351,760
55.79654863066678,-4.1303611891713485,180.0,55.84605439624201,-4.09192094471571,168,19.486,940
55.79654863066678,-4.1303611891713485,180.0,55.83961965364386,-4.1201104741133365,169,9.03,568
55.79654863066678,-4.1303611891713485,180.0,55.85030951683019,-4.217608837338132,170,10.242,784
55.79654863066678,-4.1303611891713485,180.0,55.85971342373431,-4.246748195156407,171,12.669,1020
55.79654863066678,-4.1303611891713485,180.0,55.815747728441636,-4.150792968910081,172,3.132,244
55.79654863066678,-4.1303611891713485,180.0,55.80041195127493,-4.3806303679601495,173,27.205,1314
55.79654863066678,-4.1303611891713485,180.0,55.85487415463933,-4.092829020720908,174,12.398,756
55.79654863066678,-4.1303611891713485,180.0,55.80456076444065,-4.203157873727267,175,6.305,377
55.79654863066678,-4.1303611891713485,180.0,55.84723005082115,-4.330151260440624,176,16.046,1054
55.79654863066678,-4.1303611891713485,180.0,55.88775631668876,-4.123428423568879,177,21.912,1225
55.79654863066678,-4.1303611891713485,180.0,55.82857385936083,-4.129579652409029,178,4.598,348
55.79654863066678,-4.1303611891713485,180.0,55.879865395443076,-4.36272007519476,179,21.683,1366
55.79654863066678,-4.1303611891713485,180.0,55.87973669437185,-4.215636550296907,180,22.327,1324
55.79654863066678,-4.1303611891713485,180.0,55.8162521393249,-4.1868605517933455,181,6.812,413
55.79654863066678,-4.1303611891713485,180.0,55.80755514535402,-4.201625161718038,182,6.058,344
55.79654863066678,-4.1303611891713485,180.0,55.85565398843102,-4.250533808562208,183,12.537,1026
55.79654863066678,-4.1303611891713485,180.0,55.929636326069506,-4.381100658166308,184,38.033,1808
55.79654863066678,-4.1303611891713485,180.0,55.879581066995904,-4.21986165885879,185,15.578,1355
55.79654863066678,-4.1303611891713485,180.0,55.92647877645629,-4.127886630011083,186,23.155,1359
55.79654863066678,-4.1303611891713485,180.0,55.82282427264178,-4.371094162561755,187,20.161,1287
55.79654863066678,-4.1303611891713485,180.0,55.90291353127043,-4.3414180899754955,188,23.19,1568
55.79654863066678,-4.1303611891713485,180.0,55.78437024600116,-4.156926419796477,189,3.882,256
55.79654863066678,-4.1303611891713485,180.0,55.8321542449311,-4.1561720476648265,190,5.971,434
55.79654863066678,-4.1303611891713485,180.0,55.88310705812362,-4.084862107847263,191,15.418,753
55.79654863066678,-4.1303611891713485,180.0,55.85616333886266,-4.110333739241922,192,10.977,875
55.79654863066678,-4.1303611891713485,180.0,55.90185178498145,-4.152652007721208,193,28.522,1710
55.79654863066678,-4.1303611891713485,180.0,55.8837118458465,-4.182392741162416,194,22.181,2009
55.79654863066678,-4.1303611891713485,180.0,55.83086049774818,-4.312434105301623,195,18.064,1191
55.79654863066678,-4.1303611891713485,180.0,55.821849459706755,-4.176208567338996,196,4.748,375
55.79654863066678,-4.1303611891713485,180.0,55.88009750494633,-4.255964552703097,197,24.605,1283
55.79654863066678,-4.1303611891713485,180.0,55.87413911675089,-4.369807111055967,198,19.687,1115
55.79654863066678,-4.1303611891713485,180.0,55.86354071984154,-4.093406384811447,199,13.2,853
55.85376237694878,-4.250138940124199,181.0,55.8391698042901,-4.214478482526657,0,3.983,485
55.85376237694878,-4.250138940124199,181.0,55.86553667472969,-4.350500876963486,1,10.566,773
55.85376237694878,-4.250138940124199,181.0,55.912892829643965,-4.286410947894997,2,11.072,1766
55.85376237694878,-4.250138940124199,181.0,55.84854019346565,-4.391697428307927,3,9.997,994
55.85376237694878,-4.250138940124199,181.0,55.79232875093524,-4.310455024670266,4,8.992,825
55.85376237694878,-4.250138940124199,181.0,55.837143362020576,-4.120043492886959,5,11.428,705
55.85376237694878,-4.250138940124199,181.0,55.84185129809378,-4.283879851305767,6,3.861,503
55.85376237694878,-4.250138940124199,181.0,55.90609664927746,-4.311383718964596,7,8.314,905
55.85376237694878,-4.250138940124199,181.0,55.7832172019226,-4.31249791159531,8,9.844,837
55.85376237694878,-4.250138940124199,181.0,55.8177258987159,-4.260489243356555,9,5.595,624
55.85376237694878,-4.250138940124199,181.0,55.903262790870684,-4.212111703691823,10,7.545,775
55.85376237694878,-4.250138940124199,181.0,55.893978813107424,-4.1413270988368325,11,9.021,777
55.85376237694878,-4.250138940124199,181.0,55.894884622950286,-4.154349650804189,12,11.406,676
55.85376237694878,-4.250138940124199,181.0,55.80680963785043,-4.263605759417426,13,8.378,874
55.85376237694878,-4.250138940124199,181.0,55.81824312166051,-4.346878846315483,14,9.625,885
55.85376237694878,-4.250138940124199,181.0,55.84742656229786,-4.269221405976544,15,2.212,357
55.85376237694878,-4.250138940124199,181.0,55.80730424868546,-4.315177272898423,16,7.621,763
55.85376237694878,-4.250138940124199,181.0,55.83798278877758,-4.260604018644594,17,2.965,399
55.85376237694878,-4.250138940124199,181.0,55.89424631095569,-4.343398240721316,18,8.913,726
55.85376237694878,-4.250138940124199,181.0,55.83908093533876,-4.223069302141199,19,3.664,491
55.85376237694878,-4.250138940124199,181.0,55.8357731433788,-4.270556349194068,20,3.016,368
55.85376237694878,-4.250138940124199,181.0,55.90309627527835,-4.360750370095284,21,10.946,961
55.85376237694878,-4.250138940124199,181.0,55.85652103589449,-4.101365743428073,22,11.569,720
55.85376237694878,-4.250138940124199,181.0,55.783736419963375,-4.235306054793451,23,9.655,915
55.85376237694878,-4.250138940124199,181.0,55.92064824587275,-4.2358362157531895,24,8.67,756
55.85376237694878,-4.250138940124199,181.0,55.907674892744176,-4.2497703459088045,25,7.422,1801
55.85376237694878,-4.250138940124199,181.0,55.919604340921964,-4.226208116301384,26,8.594,767
55.85376237694878,-4.250138940124199,181.0,55.83219148710444,-4.304581930326681,27,6.793,805
55.85376237694878,-4.250138940124199,181.0,55.79569701419853,-4.1769099124482585,28,10.074,904
55.85376237694878,-4.250138940124199,181.0,55.81260197667657,-4.197841211154324,29,7.485,771
55.85376237694878,-4.250138940124199,181.0,55.826092940761974,-4.176919409292903,30,8.085,777
55.85376237694878,-4.250138940124199,181.0,55.828413149208096,-4.109650878166438,31,14.889,967
55.85376237694878,-4.250138940124199,181.0,55.8999241737755,-4.257993823533507,32,7.521,745
55.85376237694878,-4.250138940124199,181.0,55.892514250678616,-4.340118142906542,33,8.942,737
55.85376237694878,-4.250138940124199,181.0,55.855241629670886,-4.269936069312288,34,2.405,434
55.85376237694878,-4.250138940124199,181.0,55.877364911629314,-4.109701193625618,35,11.97,821
55.85376237694878,-4.250138940124199,181.0,55.887053111734645,-4.1280531391159245,36,12.272,787
55.85376237694878,-4.250138940124199,181.0,55.89108676863447,-4.105446803942431,37,14.005,1093
55.85376237694878,-4.250138940124199,181.0,55.842635153466425,-4.334387903339716,38,6.434,701
55.85376237694878,-4.250138940124199,181.0,55.89197542936556,-4.19614108945253,39,8.279,620
55.85376237694878,-4.250138940124199,181.0,55.825849135803445,-4.321179033230789,40,6.772,726
55.85376237694878,-4.250138940124199,181.0,55.81864602215581,-4.375055705699034,41,10.654,894
55.85376237694878,-4.250138940124199,181.0,55.92613065482397,-4.212698358862173,42,9.056,820
55.85376237694878,-4.250138940124199,181.0,55.874439929608144,-4.279689658904073,43,4.018,551
55.85376237694878,-4.250138940124199,181.0,55.81998166828728,-4.245455535821837,44,5.075,529
55.85376237694878,-4.250138940124199,181.0,55.91066980601156,-4.213502644426629,45,8.008,771
55.85376237694878,-4.250138940124199,181.0,55.8404807486866,-4.356656090229781,46,10.086,968
55.85376237694878,-4.250138940124199,181.0,55.88708229912325,-4.079055837843032,47,14.814,953
55.85376237694878,-4.250138940124199,181.0,55.84510555179576,-4.178720975321847,48,5.499,647
55.85376237694878,-4.250138940124199,181.0,55.84413340760586,-4.085244529493477,49,16.068,1253
55.85376237694878,-4.250138940124199,181.0,55.83324217210475,-4.157183908594519,50,7.318,771
55.85376237694878,-4.250138940124199,181.0,55.895753278756494,-4.323131413571223,51,8.699,837
55.85376237694878,-4.250138940124199,181.0,55.88609925330935,-4.38354364327563,52,11.599,841
55.85376237694878,-4.250138940124199,181.0,55.86596770908397,-4.338853955125049,53,7.77,687
55.85376237694878,-4.250138940124199,181.0,55.819381988004544,-4.256567679373081,54,5.325,645
55.85376237694878,-4.250138940124199,181.0,55.919398785577634,-4.298102785445152,55,11.348,1446
55.85376237694878,-4.250138940124199,181.0,55.81052481551728,-4.0780884232687225,56,17.688,2115
55.85376237694878,-4.250138940124199,181.0,55.8411814367945,-4.125490362928665,57,9.012,868
55.85376237694878,-4.250138940124199,181.0,55.844855881791794,-4.151320272286683,58,7.175,777
55.85376237694878,-4.250138940124199,181.0,55.79334532620707,-4.3052187624925375,59,8.587,786
55.85376237694878,-4.250138940124199,181.0,55.78499644933002,-4.082518262203789,60,21.411,1114
55.85376237694878,-4.250138940124199,181.0,55.86482365717543,-4.074666870071637,61,13.835,937
55.85376237694878,-4.250138940124199,181.0,55.910543969585106,-4.384534109666136,62,12.773,1026
55.85376237694878,-4.250138940124199,181.0,55.799715679086134,-4.188568421733812,63,10.056,1062
55.85376237694878,-4.250138940124199,181.0,55.90005630083831,-4.294022887833187,64,7.386,859
55.85376237694878,-4.250138940124199,181.0,55.82573931186619,-4.210157383495828,65,5.542,586
55.85376237694878,-4.250138940124199,181.0,55.88010014610652,-4.288014027401103,66,6.107,827
55.85376237694878,-4.250138940124199,181.0,55.8836463272421,-4.377148406451105,67,11.369,919
55.85376237694878,-4.250138940124199,181.0,55.80511293548626,-4.195982430231648,68,8.286,829
55.85376237694878,-4.250138940124199,181.0,55.9265186267864,-4.256321117900257,69,10.886,860
55.85376237694878,-4.250138940124199,181.0,55.90353118048908,-4.119171950823842,70,13.168,1029
55.85376237694878,-4.250138940124199,181.0,55.81502357146685,-4.260984914919316,71,5.952,658
55.85376237694878,-4.250138940124199,181.0,55.894355058439295,-4.293143876300353,72,6.676,806
55.85376237694878,-4.250138940124199,181.0,55.80246488546192,-4.242274834364847,73,7.216,755
55.85376237694878,-4.250138940124199,181.0,55.887581813102464,-4.2985753032369685,74,6.288,803
55.85376237694878,-4.250138940124199,181.0,55.928290955083554,-4.295962301582311,75,11.77,860
55.85376237694878,-4.250138940124199,181.0,55.81096058143004,-4.368797105646974,76,12.311,976
55.85376237694878,-4.250138940124199,181.0,55.84818750128869,-4.3631808239548375,77,11.072,820
55.85376237694878,-4.250138940124199,181.0,55.81610352786554,-4.330910795148831,78,8.65,726
55.85376237694878,-4.250138940124199,181.0,55.807034270653475,-4.136077366584948,79,11.319,1028
55.85376237694878,-4.250138940124199,181.0,55.86778114631985,-4.233612892312959,80,2.748,401
55.85376237694878,-4.250138940124199,181.0,55.79578956690847,-4.368290459919509,81,17.395,2171
55.85376237694878,-4.250138940124199,181.0,55.897877306124535,-4.077031107370425,82,15.796,1560
55.85376237694878,-4.250138940124199,181.0,55.80721289582252,-4.242612882195534,83,6.439,707
55.85376237694878,-4.250138940124199,181.0,55.92209393969709,-4.157940141970138,84,12.939,827
55.85376237694878,-4.250138940124199,181.0,55.79188265083702,-4.28147512844989,85,9.449,841
55.85376237694878,-4.250138940124199,181.0,55.88043814367632,-4.104360473798184,86,11.782,780
55.85376237694878,-4.250138940124199,181.0,55.90345994988174,-4.293652184560058,87,10.545,902
55.85376237694878,-4.250138940124199,181.0,55.91230525016259,-4.108196424937476,88,14.436,974
55.85376237694878,-4.250138940124199,181.0,55.90569137930351,-4.3852429216612405,89,12.808,1049
55.85376237694878,-4.250138940124199,181.0,55.824402119970216,-4.298242138123909,90,5.407,626
55.85376237694878,-4.250138940124199,181.0,55.887104625653905,-4.201059285828647,91,5.884,739
55.85376237694878,-4.250138940124199,181.0,55.92006797200308,-4.195257422106852,92,9.902,798
55.85376237694878,-4.250138940124199,181.0,55.7944551107823,-4.1683749063061635,93,10.204,1338
55.85376237694878,-4.250138940124199,181.0,55.88003873447475,-4.304350182381346,94,5.847,707
55.85376237694878,-4.250138940124199,181.0,55.88308048053683,-4.2942103285768285,95,5.447,682
55.85376237694878,-4.250138940124199,181.0,55.80779271908626,-4.3234306371549245,96,8.58,809
55.85376237694878,-4.250138940124199,181.0,55.90123467399992,-4.380968632189907,97,13.138,1170
55.85376237694878,-4.250138940124199,181.0,55.88049231589054,-4.293733205570284,98,5.349,672
55.85376237694878,-4.250138940124199,181.0,55.84697147961761,-4.334108806216461,99,6.548,734
55.85376237694878,-4.250138940124199,181.0,55.83067141211495,-4.195633651932574,100,5.877,660
55.85376237694878,-4.250138940124199,181.0,55.89350845984679,-4.099445363541155,101,13.82,925
55.85376237694878,-4.250138940124199,181.0,55.92592408664018,-4.179171340754611,102,14.28,910
55.85376237694878,-4.250138940124199,181.0,55.84941827409408,-4.169566750359822,103,5.736,650
55.85376237694878,-4.250138940124199,181.0,55.92413375575165,-4.226670311636797,104,10.271,1562
55.85376237694878,-4.250138940124199,181.0,55.88995713457192,-4.285031242761631,105,5.616,709
55.85376237694878,-4.250138940124199,181.0,55.90528066541109,-4.131569818675147,106,10.618,674
55.85376237694878,-4.250138940124199,181.0,55.87850608392288,-4.103517886631066,107,12.113,814
55.85376237694878,-4.250138940124199,181.0,55.80799405798939,-4.284953473560454,108,7.014,736
55.85376237694878,-4.250138940124199,181.0,55.906815669822045,-4.385279074380807,109,12.119,964
55.85376237694878,-4.250138940124199,181.0,55.916237634416454,-4.222407816066865,110,8.509,755
55.85376237694878,-4.250138940124199,181.0,55.915798955837815,-4.088621086891774,111,17.52,1005
55.85376237694878,-4.250138940124199,181.0,55.827538479175395,-4.350653065976025,112,8.994,817
55.85376237694878,-4.250138940124199,181.0,55.799515288981674,-4.0866627646338864,113,21.781,1227
55.85376237694878,-4.250138940124199,181.0,55.831024245961984,-4.244756518165482,114,3.676,438
55.85376237694878,-4.250138940124199,181.0,55.86754360554833,-4.2143078261423845,115,4.195,548
55.85376237694878,-4.250138940124199,181.0,55.8574985965699,-4.1521224561179935,116,7.382,749
55.85376237694878,-4.250138940124199,181.0,55.88095643501817,-4.32811659177277,117,6.755,553
55.85376237694878,-4.250138940124199,181.0,55.85240433608213,-4.177570445500026,118,5.021,522
55.85376237694878,-4.250138940124199,181.0,55.91169549549074,-4.359708873069638,119,12.931,1152
55.85376237694878,-4.250138940124199,181.0,55.92640787519779,-4.300990956079843,120,12.218,909
55.85376237694878,-4.250138940124199,181.0,55.84019197366069,-4.205566157974415,121,4.469,583
55.85376237694878,-4.250138940124199,181.0,55.866619942939494,-4.268153778778456,122,4.626,564
55.85376237694878,-4.250138940124199,181.0,55.81327411986783,-4.2587495402872255,123,5.931,668
55.85376237694878,-4.250138940124199,181.0,55.86022660117776,-4.154711133590585,124,8.696,691
55.85376237694878,-4.250138940124199,181.0,55.831522729053496,-4.370420634377527,125,11.048,987
55.85376237694878,-4.250138940124199,181.0,55.84074346341779,-4.172411658039648,126,6.266,670
55.85376237694878,-4.250138940124199,181.0,55.8801412435821,-4.258666277618953,127,4.902,613
55.85376237694878,-4.250138940124199,181.0,55.8434159429892,-4.1056733307349536,128,13.226,892
55.85376237694878,-4.250138940124199,181.0,55.83522057783537,-4.25736952395694,129,2.939,401
55.85376237694878,-4.250138940124199,181.0,55.86467774065618,-4.2250953414252415,130,2.553,313
55.85376237694878,-4.250138940124199,181.0,55.8953662249987,-4.231143624453162,131,5.696,567
55.85376237694878,-4.250138940124199,181.0,55.81920459649808,-4.236238450921302,132,5.659,580
55.85376237694878,-4.250138940124199,181.0,55.900795402502105,-4.206009410292495,133,7.863,762
55.85376237694878,-4.250138940124199,181.0,55.86078490474355,-4.339631469507248,134,8.305,781
55.85376237694878,-4.250138940124199,181.0,55.924999437053955,-4.191173279124663,135,10.153,807
55.85376237694878,-4.250138940124199,181.0,55.81549096669224,-4.126910343137958,136,12.31,1075
55.85376237694878,-4.250138940124199,181.0,55.90135585493081,-4.207622057499793,137,7.862,739
55.85376237694878,-4.250138940124199,181.0,55.845816555475636,-4.129576488296543,138,8.542,827
55.85376237694878,-4.250138940124199,181.0,55.80470047644827,-4.291960781118721,139,7.041,714
55.85376237694878,-4.250138940124199,181.0,55.89185394491289,-4.179857587296262,140,7.183,545
55.85376237694878,-4.250138940124199,181.0,55.91859399996558,-4.3401659608951215,141,11.797,1002
55.85376237694878,-4.250138940124199,181.0,55.90671476836246,-4.3642865107142725,142,11.698,1016
55.85376237694878,-4.250138940124199,181.0,55.81273399651921,-4.167613047894911,143,9.368,839
55.85376237694878,-4.250138940124199,181.0,55.80939871413575,-4.276056954355674,144,6.922,700
55.85376237694878,-4.250138940124199,181.0,55.88312869327199,-4.214542892826467,145,5.267,594
55.85376237694878,-4.250138940124199,181.0,55.815340374954424,-4.283514492524949,146,5.916,585
55.85376237694878,-4.250138940124199,181.0,55.87864379034378,-4.080636908866371,147,15.794,988
55.85376237694878,-4.250138940124199,181.0,55.89423440492952,-4.2418874418647645,148,6.259,651
55.85376237694878,-4.250138940124199,181.0,55.92796852989922,-4.305970400193036,149,12.346,932
55.85376237694878,-4.250138940124199,181.0,55.92895153496988,-4.082888064137351,150,17.89,954
55.85376237694878,-4.250138940124199,181.0,55.790766759429424,-4.135285962371055,151,12.629,979
55.85376237694878,-4.250138940124199,181.0,55.80808041573422,-4.184105792933229,152,8.259,777
55.85376237694878,-4.250138940124199,181.0,55.7982747224006,-4.3931924101572655,153,13.119,1071
55.85376237694878,-4.250138940124199,181.0,55.81178474630603,-4.337962602706185,154,8.376,785
55.85376237694878,-4.250138940124199,181.0,55.852972007756,-4.353957895039277,155,8.116,820
55.85376237694878,-4.250138940124199,181.0,55.797152036890715,-4.311451416173846,156,8.877,819
55.85376237694878,-4.250138940124199,181.0,55.84839482833289,-4.1889265673730645,157,4.314,521
55.85376237694878,-4.250138940124199,181.0,55.86383954752864,-4.387927326091926,158,13.708,847
55.85376237694878,-4.250138940124199,181.0,55.807182357875575,-4.140487806234959,159,10.996,1003
55.85376237694878,-4.250138940124199,181.0,55.8296607577131,-4.218765551358871,160,5.106,599
55.85376237694878,-4.250138940124199,181.0,55.82699494590622,-4.295404959002084,161,5.234,558
55.85376237694878,-4.250138940124199,181.0,55.861248665443505,-4.307186036515638,162,4.273,590
55.85376237694878,-4.250138940124199,181.0,55.897857165570365,-4.156645648865112,163,8.659,582
55.85376237694878,-4.250138940124199,181.0,55.877747555317356,-4.342792329217214,164,7.353,659
55.85376237694878,-4.250138940124199,181.0,55.92259641850896,-4.389236283866068,165,15.796,1208
55.85376237694878,-4.250138940124199,181.0,55.92621339590465,-4.2820478996479165,166,10.67,809
55.85376237694878,-4.250138940124199,181.0,55.80660612206145,-4.094012410496262,167,17.273,1180
55.85376237694878,-4.250138940124199,181.0,55.84605439624201,-4.09192094471571,168,12.996,697
55.85376237694878,-4.250138940124199,181.0,55.83961965364386,-4.1201104741133365,169,12.577,790
55.85376237694878,-4.250138940124199,181.0,55.85030951683019,-4.217608837338132,170,2.761,414
55.85376237694878,-4.250138940124199,181.0,55.85971342373431,-4.246748195156407,171,1.286,250
55.85376237694878,-4.250138940124199,181.0,55.815747728441636,-4.150792968910081,172,9.866,900
55.85376237694878,-4.250138940124199,181.0,55.80041195127493,-4.3806303679601495,173,12.535,1024
55.85376237694878,-4.250138940124199,181.0,55.85487415463933,-4.092829020720908,174,12.806,698
55.85376237694878,-4.250138940124199,181.0,55.80456076444065,-4.203157873727267,175,8.305,830
55.85376237694878,-4.250138940124199,181.0,55.84723005082115,-4.330151260440624,176,6.069,677
55.85376237694878,-4.250138940124199,181.0,55.88775631668876,-4.123428423568879,177,12.407,793
55.85376237694878,-4.250138940124199,181.0,55.82857385936083,-4.129579652409029,178,11.761,1089
55.85376237694878,-4.250138940124199,181.0,55.879865395443076,-4.36272007519476,179,8.261,684
55.85376237694878,-4.250138940124199,181.0,55.87973669437185,-4.215636550296907,180,4.554,605
55.85376237694878,-4.250138940124199,181.0,55.8162521393249,-4.1868605517933455,181,7.626,759
55.85376237694878,-4.250138940124199,181.0,55.80755514535402,-4.201625161718038,182,7.54,778
55.85376237694878,-4.250138940124199,181.0,55.85565398843102,-4.250533808562208,183,0.214,90
55.85376237694878,-4.250138940124199,181.0,55.929636326069506,-4.381100658166308,184,14.858,1168
55.85376237694878,-4.250138940124199,181.0,55.879581066995904,-4.21986165885879,185,4.195,586
55.85376237694878,-4.250138940124199,181.0,55.92647877645629,-4.127886630011083,186,14.021,913
55.85376237694878,-4.250138940124199,181.0,55.82282427264178,-4.371094162561755,187,10.184,910
55.85376237694878,-4.250138940124199,181.0,55.90291353127043,-4.3414180899754955,188,9.744,894
55.85376237694878,-4.250138940124199,181.0,55.78437024600116,-4.156926419796477,189,11.973,994
55.85376237694878,-4.250138940124199,181.0,55.8321542449311,-4.1561720476648265,190,7.358,785
55.85376237694878,-4.250138940124199,181.0,55.88310705812362,-4.084862107847263,191,17.06,860
55.85376237694878,-4.250138940124199,181.0,55.85616333886266,-4.110333739241922,192,11.607,742
55.85376237694878,-4.250138940124199,181.0,55.90185178498145,-4.152652007721208,193,12.568,1206
55.85376237694878,-4.250138940124199,181.0,55.8837118458465,-4.182392741162416,194,8.847,1554
55.85376237694878,-4.250138940124199,181.0,55.83086049774818,-4.312434105301623,195,6.377,707
55.85376237694878,-4.250138940124199,181.0,55.821849459706755,-4.176208567338996,196,8.496,774
55.85376237694878,-4.250138940124199,181.0,55.88009750494633,-4.255964552703097,197,4.588,592
55.85376237694878,-4.250138940124199,181.0,55.87413911675089,-4.369807111055967,198,9.71,738
55.85376237694878,-4.250138940124199,181.0,55.86354071984154,-4.093406384811447,199,12.223,795
55.893710203531676,-4.23281150442805,182.0,55.8391698042901,-4.214478482526657,0,8.092,758
55.893710203531676,-4.23281150442805,182.0,55.86553667472969,-4.350500876963486,1,16.061,855
55.893710203531676,-4.23281150442805,182.0,55.912892829643965,-4.286410947894997,2,8.117,1425
55.893710203531676,-4.23281150442805,182.0,55.84854019346565,-4.391697428307927,3,15.492,1076
55.893710203531676,-4.23281150442805,182.0,55.79232875093524,-4.310455024670266,4,17.983,1054
55.893710203531676,-4.23281150442805,182.0,55.837143362020576,-4.120043492886959,5,18.568,935
55.893710203531676,-4.23281150442805,182.0,55.84185129809378,-4.283879851305767,6,12.663,805
55.893710203531676,-4.23281150442805,182.0,55.90609664927746,-4.311383718964596,7,12.049,770
55.893710203531676,-4.23281150442805,182.0,55.7832172019226,-4.31249791159531,8,19.571,1112
55.893710203531676,-4.23281150442805,182.0,55.8177258987159,-4.260489243356555,9,9.918,941
55.893710203531676,-4.23281150442805,182.0,55.903262790870684,-4.212111703691823,10,2.534,318
55.893710203531676,-4.23281150442805,182.0,55.893978813107424,-4.1413270988368325,11,10.568,726
55.893710203531676,-4.23281150442805,182.0,55.894884622950286,-4.154349650804189,12,8.752,554
55.893710203531676,-4.23281150442805,182.0,55.80680963785043,-4.263605759417426,13,11.759,1201
55.893710203531676,-4.23281150442805,182.0,55.81824312166051,-4.346878846315483,14,15.146,968
55.893710203531676,-4.23281150442805,182.0,55.84742656229786,-4.269221405976544,15,9.139,692
55.893710203531676,-4.23281150442805,182.0,55.80730424868546,-4.315177272898423,16,14.852,953
55.893710203531676,-4.23281150442805,182.0,55.83798278877758,-4.260604018644594,17,7.288,716
55.893710203531676,-4.23281150442805,182.0,55.89424631095569,-4.343398240721316,18,9.31,910
55.893710203531676,-4.23281150442805,182.0,55.83908093533876,-4.223069302141199,19,7.539,784
55.893710203531676,-4.23281150442805,182.0,55.8357731433788,-4.270556349194068,20,9.943,703
55.893710203531676,-4.23281150442805,182.0,55.90309627527835,-4.360750370095284,21,14.712,1042
55.893710203531676,-4.23281150442805,182.0,55.85652103589449,-4.101365743428073,22,12.656,717
55.893710203531676,-4.23281150442805,182.0,55.783736419963375,-4.235306054793451,23,13.978,1232
55.893710203531676,-4.23281150442805,182.0,55.92064824587275,-4.2358362157531895,24,3.659,298
55.893710203531676,-4.23281150442805,182.0,55.907674892744176,-4.2497703459088045,25,2.411,1343
55.893710203531676,-4.23281150442805,182.0,55.919604340921964,-4.226208116301384,26,3.583,311
55.893710203531676,-4.23281150442805,182.0,55.83219148710444,-4.304581930326681,27,14.024,995
55.893710203531676,-4.23281150442805,182.0,55.79569701419853,-4.1769099124482585,28,14.183,1177
55.893710203531676,-4.23281150442805,182.0,55.81260197667657,-4.197841211154324,29,11.594,1044
55.893710203531676,-4.23281150442805,182.0,55.826092940761974,-4.176919409292903,30,15.225,1008
55.893710203531676,-4.23281150442805,182.0,55.828413149208096,-4.109650878166438,31,19.602,1063
55.893710203531676,-4.23281150442805,182.0,55.8999241737755,-4.257993823533507,32,4.481,475
55.893710203531676,-4.23281150442805,182.0,55.892514250678616,-4.340118142906542,33,9.339,922
55.893710203531676,-4.23281150442805,182.0,55.855241629670886,-4.269936069312288,34,6.983,433
55.893710203531676,-4.23281150442805,182.0,55.877364911629314,-4.109701193625618,35,13.057,818
55.893710203531676,-4.23281150442805,182.0,55.887053111734645,-4.1280531391159245,36,9.618,665
55.893710203531676,-4.23281150442805,182.0,55.89108676863447,-4.105446803942431,37,11.351,971
55.893710203531676,-4.23281150442805,182.0,55.842635153466425,-4.334387903339716,38,11.929,783
55.893710203531676,-4.23281150442805,182.0,55.89197542936556,-4.19614108945253,39,3.234,296
55.893710203531676,-4.23281150442805,182.0,55.825849135803445,-4.321179033230789,40,12.202,895
55.893710203531676,-4.23281150442805,182.0,55.81864602215581,-4.375055705699034,41,16.175,977
55.893710203531676,-4.23281150442805,182.0,55.92613065482397,-4.212698358862173,42,4.045,362
55.893710203531676,-4.23281150442805,182.0,55.874439929608144,-4.279689658904073,43,6.824,555
55.893710203531676,-4.23281150442805,182.0,55.81998166828728,-4.245455535821837,44,9.398,846
55.893710203531676,-4.23281150442805,182.0,55.91066980601156,-4.213502644426629,45,2.997,315
55.893710203531676,-4.23281150442805,182.0,55.8404807486866,-4.356656090229781,46,15.581,1050
55.893710203531676,-4.23281150442805,182.0,55.88708229912325,-4.079055837843032,47,17.91,899
55.893710203531676,-4.23281150442805,182.0,55.84510555179576,-4.178720975321847,48,9.0,827
55.893710203531676,-4.23281150442805,182.0,55.84413340760586,-4.085244529493477,49,17.155,1251
55.893710203531676,-4.23281150442805,182.0,55.83324217210475,-4.157183908594519,50,11.122,974
55.893710203531676,-4.23281150442805,182.0,55.895753278756494,-4.323131413571223,51,8.471,859
55.893710203531676,-4.23281150442805,182.0,55.88609925330935,-4.38354364327563,52,17.094,923
55.893710203531676,-4.23281150442805,182.0,55.86596770908397,-4.338853955125049,53,13.877,803
55.893710203531676,-4.23281150442805,182.0,55.819381988004544,-4.256567679373081,54,9.648,962
55.893710203531676,-4.23281150442805,182.0,55.919398785577634,-4.298102785445152,55,8.393,1104
55.893710203531676,-4.23281150442805,182.0,55.81052481551728,-4.0780884232687225,56,22.401,2210
55.893710203531676,-4.23281150442805,182.0,55.8411814367945,-4.125490362928665,57,17.683,958
55.893710203531676,-4.23281150442805,182.0,55.844855881791794,-4.151320272286683,58,10.827,944
55.893710203531676,-4.23281150442805,182.0,55.79334532620707,-4.3052187624925375,59,18.314,1061
55.893710203531676,-4.23281150442805,182.0,55.78499644933002,-4.082518262203789,60,24.291,1137
55.893710203531676,-4.23281150442805,182.0,55.86482365717543,-4.074666870071637,61,14.922,935
55.893710203531676,-4.23281150442805,182.0,55.910543969585106,-4.384534109666136,62,17.144,1177
55.893710203531676,-4.23281150442805,182.0,55.799715679086134,-4.188568421733812,63,14.165,1335
55.893710203531676,-4.23281150442805,182.0,55.90005630083831,-4.294022887833187,64,9.965,695
55.893710203531676,-4.23281150442805,182.0,55.82573931186619,-4.210157383495828,65,9.651,858
55.893710203531676,-4.23281150442805,182.0,55.88010014610652,-4.288014027401103,66,5.762,640
55.893710203531676,-4.23281150442805,182.0,55.8836463272421,-4.377148406451105,67,16.864,1000
55.893710203531676,-4.23281150442805,182.0,55.80511293548626,-4.195982430231648,68,12.574,1118
55.893710203531676,-4.23281150442805,182.0,55.9265186267864,-4.256321117900257,69,5.885,428
55.893710203531676,-4.23281150442805,182.0,55.90353118048908,-4.119171950823842,70,11.427,928
55.893710203531676,-4.23281150442805,182.0,55.81502357146685,-4.260984914919316,71,10.275,975
55.893710203531676,-4.23281150442805,182.0,55.894355058439295,-4.293143876300353,72,6.331,619
55.893710203531676,-4.23281150442805,182.0,55.80246488546192,-4.242274834364847,73,11.539,1072
55.893710203531676,-4.23281150442805,182.0,55.887581813102464,-4.2985753032369685,74,5.943,615
55.893710203531676,-4.23281150442805,182.0,55.928290955083554,-4.295962301582311,75,8.815,519
55.893710203531676,-4.23281150442805,182.0,55.81096058143004,-4.368797105646974,76,17.832,1059
55.893710203531676,-4.23281150442805,182.0,55.84818750128869,-4.3631808239548375,77,16.567,902
55.893710203531676,-4.23281150442805,182.0,55.81610352786554,-4.330910795148831,78,14.171,809
55.893710203531676,-4.23281150442805,182.0,55.807034270653475,-4.136077366584948,79,15.146,1262
55.893710203531676,-4.23281150442805,182.0,55.86778114631985,-4.233612892312959,80,3.352,339
55.893710203531676,-4.23281150442805,182.0,55.79578956690847,-4.368290459919509,81,22.916,2254
55.893710203531676,-4.23281150442805,182.0,55.897877306124535,-4.077031107370425,82,13.142,1438
55.893710203531676,-4.23281150442805,182.0,55.80721289582252,-4.242612882195534,83,10.762,1023
55.893710203531676,-4.23281150442805,182.0,55.92209393969709,-4.157940141970138,84,8.213,545
55.893710203531676,-4.23281150442805,182.0,55.79188265083702,-4.28147512844989,85,19.176,1116
55.893710203531676,-4.23281150442805,182.0,55.88043814367632,-4.104360473798184,86,12.869,778
55.893710203531676,-4.23281150442805,182.0,55.90345994988174,-4.293652184560058,87,9.18,616
55.893710203531676,-4.23281150442805,182.0,55.91230525016259,-4.108196424937476,88,12.451,837
55.893710203531676,-4.23281150442805,182.0,55.90569137930351,-4.3852429216612405,89,18.08,1253
55.893710203531676,-4.23281150442805,182.0,55.824402119970216,-4.298242138123909,90,12.638,816
55.893710203531676,-4.23281150442805,182.0,55.887104625653905,-4.201059285828647,91,3.435,395
55.893710203531676,-4.23281150442805,182.0,55.92006797200308,-4.195257422106852,92,4.891,340
55.893710203531676,-4.23281150442805,182.0,55.7944551107823,-4.1683749063061635,93,14.313,1611
55.893710203531676,-4.23281150442805,182.0,55.88003873447475,-4.304350182381346,94,6.756,705
55.893710203531676,-4.23281150442805,182.0,55.88308048053683,-4.2942103285768285,95,5.78,656
55.893710203531676,-4.23281150442805,182.0,55.80779271908626,-4.3234306371549245,96,15.442,941
55.893710203531676,-4.23281150442805,182.0,55.90123467399992,-4.380968632189907,97,18.04,1402
55.893710203531676,-4.23281150442805,182.0,55.88049231589054,-4.293733205570284,98,6.258,670
55.893710203531676,-4.23281150442805,182.0,55.84697147961761,-4.334108806216461,99,12.043,816
55.893710203531676,-4.23281150442805,182.0,55.83067141211495,-4.195633651932574,100,14.035,887
55.893710203531676,-4.23281150442805,182.0,55.89350845984679,-4.099445363541155,101,11.166,803
55.893710203531676,-4.23281150442805,182.0,55.92592408664018,-4.179171340754611,102,7.062,484
55.893710203531676,-4.23281150442805,182.0,55.84941827409408,-4.169566750359822,103,8.786,812
55.893710203531676,-4.23281150442805,182.0,55.92413375575165,-4.226670311636797,104,5.26,1105
55.893710203531676,-4.23281150442805,182.0,55.88995713457192,-4.285031242761631,105,5.271,522
55.893710203531676,-4.23281150442805,182.0,55.90528066541109,-4.131569818675147,106,8.789,565
55.893710203531676,-4.23281150442805,182.0,55.87850608392288,-4.103517886631066,107,13.2,811
55.893710203531676,-4.23281150442805,182.0,55.80799405798939,-4.284953473560454,108,13.941,1071
55.893710203531676,-4.23281150442805,182.0,55.906815669822045,-4.385279074380807,109,17.861,1207
55.893710203531676,-4.23281150442805,182.0,55.916237634416454,-4.222407816066865,110,3.498,299
55.893710203531676,-4.23281150442805,182.0,55.915798955837815,-4.088621086891774,111,13.169,872
55.893710203531676,-4.23281150442805,182.0,55.827538479175395,-4.350653065976025,112,14.515,900
55.893710203531676,-4.23281150442805,182.0,55.799515288981674,-4.0866627646338864,113,24.661,1249
55.893710203531676,-4.23281150442805,182.0,55.831024245961984,-4.244756518165482,114,7.999,755
55.893710203531676,-4.23281150442805,182.0,55.86754360554833,-4.2143078261423845,115,4.593,487
55.893710203531676,-4.23281150442805,182.0,55.8574985965699,-4.1521224561179935,116,10.566,761
55.893710203531676,-4.23281150442805,182.0,55.88095643501817,-4.32811659177277,117,11.657,784
55.893710203531676,-4.23281150442805,182.0,55.85240433608213,-4.177570445500026,118,8.071,684
55.893710203531676,-4.23281150442805,182.0,55.91169549549074,-4.359708873069638,119,14.656,1033
55.893710203531676,-4.23281150442805,182.0,55.92640787519779,-4.300990956079843,120,9.263,568
55.893710203531676,-4.23281150442805,182.0,55.84019197366069,-4.205566157974415,121,8.578,856
55.893710203531676,-4.23281150442805,182.0,55.866619942939494,-4.268153778778456,122,5.901,536
55.893710203531676,-4.23281150442805,182.0,55.81327411986783,-4.2587495402872255,123,10.254,985
55.893710203531676,-4.23281150442805,182.0,55.86022660117776,-4.154711133590585,124,9.783,688
55.893710203531676,-4.23281150442805,182.0,55.831522729053496,-4.370420634377527,125,16.569,1070
55.893710203531676,-4.23281150442805,182.0,55.84074346341779,-4.172411658039648,126,10.07,873
55.893710203531676,-4.23281150442805,182.0,55.8801412435821,-4.258666277618953,127,3.752,405
55.893710203531676,-4.23281150442805,182.0,55.8434159429892,-4.1056733307349536,128,17.939,987
55.893710203531676,-4.23281150442805,182.0,55.83522057783537,-4.25736952395694,129,7.262,718
55.893710203531676,-4.23281150442805,182.0,55.86467774065618,-4.2250953414252415,130,4.133,334
55.893710203531676,-4.23281150442805,182.0,55.8953662249987,-4.231143624453162,131,0.685,110
55.893710203531676,-4.23281150442805,182.0,55.81920459649808,-4.236238450921302,132,9.982,897
55.893710203531676,-4.23281150442805,182.0,55.900795402502105,-4.206009410292495,133,2.852,321
55.893710203531676,-4.23281150442805,182.0,55.86078490474355,-4.339631469507248,134,14.412,898
55.893710203531676,-4.23281150442805,182.0,55.924999437053955,-4.191173279124663,135,5.142,350
55.893710203531676,-4.23281150442805,182.0,55.81549096669224,-4.126910343137958,136,23.001,1274
55.893710203531676,-4.23281150442805,182.0,55.90135585493081,-4.207622057499793,137,2.851,282
55.893710203531676,-4.23281150442805,182.0,55.845816555475636,-4.129576488296543,138,13.756,930
55.893710203531676,-4.23281150442805,182.0,55.80470047644827,-4.291960781118721,139,13.968,1049
55.893710203531676,-4.23281150442805,182.0,55.89185394491289,-4.179857587296262,140,4.468,407
55.893710203531676,-4.23281150442805,182.0,55.91859399996558,-4.3401659608951215,141,12.024,778
55.893710203531676,-4.23281150442805,182.0,55.90671476836246,-4.3642865107142725,142,14.743,1005
55.893710203531676,-4.23281150442805,182.0,55.81273399651921,-4.167613047894911,143,16.508,1069
55.893710203531676,-4.23281150442805,182.0,55.80939871413575,-4.276056954355674,144,13.849,1035
55.893710203531676,-4.23281150442805,182.0,55.88312869327199,-4.214542892826467,145,2.392,375
55.893710203531676,-4.23281150442805,182.0,55.815340374954424,-4.283514492524949,146,12.843,920
55.893710203531676,-4.23281150442805,182.0,55.87864379034378,-4.080636908866371,147,18.823,922
55.893710203531676,-4.23281150442805,182.0,55.89423440492952,-4.2418874418647645,148,1.248,194
55.893710203531676,-4.23281150442805,182.0,55.92796852989922,-4.305970400193036,149,9.391,591
55.893710203531676,-4.23281150442805,182.0,55.92895153496988,-4.082888064137351,150,15.236,832
55.893710203531676,-4.23281150442805,182.0,55.790766759429424,-4.135285962371055,151,16.738,1252
55.893710203531676,-4.23281150442805,182.0,55.80808041573422,-4.184105792933229,152,12.368,1050
55.893710203531676,-4.23281150442805,182.0,55.7982747224006,-4.3931924101572655,153,18.64,1154
55.893710203531676,-4.23281150442805,182.0,55.81178474630603,-4.337962602706185,154,15.238,915
55.893710203531676,-4.23281150442805,182.0,55.852972007756,-4.353957895039277,155,13.611,902
55.893710203531676,-4.23281150442805,182.0,55.797152036890715,-4.311451416173846,156,17.21,989
55.893710203531676,-4.23281150442805,182.0,55.84839482833289,-4.1889265673730645,157,7.815,701
55.893710203531676,-4.23281150442805,182.0,55.86383954752864,-4.387927326091926,158,19.203,929
55.893710203531676,-4.23281150442805,182.0,55.807182357875575,-4.140487806234959,159,14.823,1237
55.893710203531676,-4.23281150442805,182.0,55.8296607577131,-4.218765551358871,160,8.981,892
55.893710203531676,-4.23281150442805,182.0,55.82699494590622,-4.295404959002084,161,12.674,793
55.893710203531676,-4.23281150442805,182.0,55.861248665443505,-4.307186036515638,162,12.314,828
55.893710203531676,-4.23281150442805,182.0,55.897857165570365,-4.156645648865112,163,6.005,460
55.893710203531676,-4.23281150442805,182.0,55.877747555317356,-4.342792329217214,164,12.255,890
55.893710203531676,-4.23281150442805,182.0,55.92259641850896,-4.389236283866068,165,16.023,982
55.893710203531676,-4.23281150442805,182.0,55.92621339590465,-4.2820478996479165,166,7.715,467
55.893710203531676,-4.23281150442805,182.0,55.80660612206145,-4.094012410496262,167,21.986,1275
55.893710203531676,-4.23281150442805,182.0,55.84605439624201,-4.09192094471571,168,14.083,694
55.893710203531676,-4.23281150442805,182.0,55.83961965364386,-4.1201104741133365,169,17.29,885
55.893710203531676,-4.23281150442805,182.0,55.85030951683019,-4.217608837338132,170,6.565,618
55.893710203531676,-4.23281150442805,182.0,55.85971342373431,-4.246748195156407,171,4.502,432
55.893710203531676,-4.23281150442805,182.0,55.815747728441636,-4.150792968910081,172,13.693,1134
55.893710203531676,-4.23281150442805,182.0,55.80041195127493,-4.3806303679601495,173,18.056,1107
55.893710203531676,-4.23281150442805,182.0,55.85487415463933,-4.092829020720908,174,13.893,695
55.893710203531676,-4.23281150442805,182.0,55.80456076444065,-4.203157873727267,175,12.593,1120
55.893710203531676,-4.23281150442805,182.0,55.84723005082115,-4.330151260440624,176,11.564,759
55.893710203531676,-4.23281150442805,182.0,55.88775631668876,-4.123428423568879,177,9.753,671
55.893710203531676,-4.23281150442805,182.0,55.82857385936083,-4.129579652409029,178,22.608,1253
55.893710203531676,-4.23281150442805,182.0,55.879865395443076,-4.36272007519476,179,13.163,916
55.893710203531676,-4.23281150442805,182.0,55.87973669437185,-4.215636550296907,180,3.284,375
55.893710203531676,-4.23281150442805,182.0,55.8162521393249,-4.1868605517933455,181,11.735,1032
55.893710203531676,-4.23281150442805,182.0,55.80755514535402,-4.201625161718038,182,12.346,1087
55.893710203531676,-4.23281150442805,182.0,55.85565398843102,-4.250533808562208,183,5.316,587
55.893710203531676,-4.23281150442805,182.0,55.929636326069506,-4.381100658166308,184,15.085,942
55.893710203531676,-4.23281150442805,182.0,55.879581066995904,-4.21986165885879,185,2.33,339
55.893710203531676,-4.23281150442805,182.0,55.92647877645629,-4.127886630011083,186,10.017,754
55.893710203531676,-4.23281150442805,182.0,55.82282427264178,-4.371094162561755,187,15.705,993
55.893710203531676,-4.23281150442805,182.0,55.90291353127043,-4.3414180899754955,188,10.004,981
55.893710203531676,-4.23281150442805,182.0,55.78437024600116,-4.156926419796477,189,16.082,1267
55.893710203531676,-4.23281150442805,182.0,55.8321542449311,-4.1561720476648265,190,11.162,988
55.893710203531676,-4.23281150442805,182.0,55.88310705812362,-4.084862107847263,191,18.147,857
55.893710203531676,-4.23281150442805,182.0,55.85616333886266,-4.110333739241922,192,12.694,739
55.893710203531676,-4.23281150442805,182.0,55.90185178498145,-4.152652007721208,193,6.549,859
55.893710203531676,-4.23281150442805,182.0,55.8837118458465,-4.182392741162416,194,9.934,1551
55.893710203531676,-4.23281150442805,182.0,55.83086049774818,-4.312434105301623,195,13.608,897
55.893710203531676,-4.23281150442805,182.0,55.821849459706755,-4.176208567338996,196,15.636,1005
55.893710203531676,-4.23281150442805,182.0,55.88009750494633,-4.255964552703097,197,3.648,400
55.893710203531676,-4.23281150442805,182.0,55.87413911675089,-4.369807111055967,198,15.205,819
55.893710203531676,-4.23281150442805,182.0,55.86354071984154,-4.093406384811447,199,13.31,793
55.81230343688031,-4.3165447972388655,183.0,55.8391698042901,-4.214478482526657,0,15.301,943
55.81230343688031,-4.3165447972388655,183.0,55.86553667472969,-4.350500876963486,1,11.918,841
55.81230343688031,-4.3165447972388655,183.0,55.912892829643965,-4.286410947894997,2,18.469,2152
55.81230343688031,-4.3165447972388655,183.0,55.84854019346565,-4.391697428307927,3,9.017,834
55.81230343688031,-4.3165447972388655,183.0,55.79232875093524,-4.310455024670266,4,3.48,339
55.81230343688031,-4.3165447972388655,183.0,55.837143362020576,-4.120043492886959,5,19.0,956
55.81230343688031,-4.3165447972388655,183.0,55.84185129809378,-4.283879851305767,6,4.878,430
55.81230343688031,-4.3165447972388655,183.0,55.90609664927746,-4.311383718964596,7,15.854,1160
55.81230343688031,-4.3165447972388655,183.0,55.7832172019226,-4.31249791159531,8,5.068,397
55.81230343688031,-4.3165447972388655,183.0,55.8177258987159,-4.260489243356555,9,4.779,507
55.81230343688031,-4.3165447972388655,183.0,55.903262790870684,-4.212111703691823,10,17.835,1227
55.81230343688031,-4.3165447972388655,183.0,55.893978813107424,-4.1413270988368325,11,19.575,1234
55.81230343688031,-4.3165447972388655,183.0,55.894884622950286,-4.154349650804189,12,21.96,1133
55.81230343688031,-4.3165447972388655,183.0,55.80680963785043,-4.263605759417426,13,5.162,556
55.81230343688031,-4.3165447972388655,183.0,55.81824312166051,-4.346878846315483,14,4.366,482
55.81230343688031,-4.3165447972388655,183.0,55.84742656229786,-4.269221405976544,15,6.256,616
55.81230343688031,-4.3165447972388655,183.0,55.80730424868546,-4.315177272898423,16,0.928,113
55.81230343688031,-4.3165447972388655,183.0,55.83798278877758,-4.260604018644594,17,5.494,609
55.81230343688031,-4.3165447972388655,183.0,55.89424631095569,-4.343398240721316,18,13.734,1090
55.81230343688031,-4.3165447972388655,183.0,55.83908093533876,-4.223069302141199,19,12.892,974
55.81230343688031,-4.3165447972388655,183.0,55.8357731433788,-4.270556349194068,20,4.41,443
55.81230343688031,-4.3165447972388655,183.0,55.90309627527835,-4.360750370095284,21,15.767,1325
55.81230343688031,-4.3165447972388655,183.0,55.85652103589449,-4.101365743428073,22,22.123,1177
55.81230343688031,-4.3165447972388655,183.0,55.783736419963375,-4.235306054793451,23,8.959,728
55.81230343688031,-4.3165447972388655,183.0,55.92064824587275,-4.2358362157531895,24,18.96,1208
55.81230343688031,-4.3165447972388655,183.0,55.907674892744176,-4.2497703459088045,25,17.712,2253
55.81230343688031,-4.3165447972388655,183.0,55.919604340921964,-4.226208116301384,26,18.884,1219
55.81230343688031,-4.3165447972388655,183.0,55.83219148710444,-4.304581930326681,27,3.873,406
55.81230343688031,-4.3165447972388655,183.0,55.79569701419853,-4.1769099124482585,28,14.482,1101
55.81230343688031,-4.3165447972388655,183.0,55.81260197667657,-4.197841211154324,29,9.526,977
55.81230343688031,-4.3165447972388655,183.0,55.826092940761974,-4.176919409292903,30,15.657,1028
55.81230343688031,-4.3165447972388655,183.0,55.828413149208096,-4.109650878166438,31,22.461,1218
55.81230343688031,-4.3165447972388655,183.0,55.8999241737755,-4.257993823533507,32,14.918,1139
55.81230343688031,-4.3165447972388655,183.0,55.892514250678616,-4.340118142906542,33,13.763,1102
55.81230343688031,-4.3165447972388655,183.0,55.855241629670886,-4.269936069312288,34,10.951,765
55.81230343688031,-4.3165447972388655,183.0,55.877364911629314,-4.109701193625618,35,22.524,1278
55.81230343688031,-4.3165447972388655,183.0,55.887053111734645,-4.1280531391159245,36,22.826,1244
55.81230343688031,-4.3165447972388655,183.0,55.89108676863447,-4.105446803942431,37,24.559,1550
55.81230343688031,-4.3165447972388655,183.0,55.842635153466425,-4.334387903339716,38,5.671,604
55.81230343688031,-4.3165447972388655,183.0,55.89197542936556,-4.19614108945253,39,18.833,1078
55.81230343688031,-4.3165447972388655,183.0,55.825849135803445,-4.321179033230789,40,3.852,328
55.81230343688031,-4.3165447972388655,183.0,55.81864602215581,-4.375055705699034,41,5.047,490
55.81230343688031,-4.3165447972388655,183.0,55.92613065482397,-4.212698358862173,42,19.346,1272
55.81230343688031,-4.3165447972388655,183.0,55.874439929608144,-4.279689658904073,43,11.558,806
55.81230343688031,-4.3165447972388655,183.0,55.81998166828728,-4.245455535821837,44,5.715,609
55.81230343688031,-4.3165447972388655,183.0,55.91066980601156,-4.213502644426629,45,18.298,1223
55.81230343688031,-4.3165447972388655,183.0,55.8404807486866,-4.356656090229781,46,5.51,602
55.81230343688031,-4.3165447972388655,183.0,55.88708229912325,-4.079055837843032,47,27.792,1299
55.81230343688031,-4.3165447972388655,183.0,55.84510555179576,-4.178720975321847,48,17.322,1044
55.81230343688031,-4.3165447972388655,183.0,55.84413340760586,-4.085244529493477,49,24.489,1673
55.81230343688031,-4.3165447972388655,183.0,55.83324217210475,-4.157183908594519,50,17.184,1041
55.81230343688031,-4.3165447972388655,183.0,55.895753278756494,-4.323131413571223,51,13.52,1201
55.81230343688031,-4.3165447972388655,183.0,55.88609925330935,-4.38354364327563,52,12.951,909
55.81230343688031,-4.3165447972388655,183.0,55.86596770908397,-4.338853955125049,53,9.734,789
55.81230343688031,-4.3165447972388655,183.0,55.819381988004544,-4.256567679373081,54,4.845,502
55.81230343688031,-4.3165447972388655,183.0,55.919398785577634,-4.298102785445152,55,18.745,1832
55.81230343688031,-4.3165447972388655,183.0,55.81052481551728,-4.0780884232687225,56,25.26,2366
55.81230343688031,-4.3165447972388655,183.0,55.8411814367945,-4.125490362928665,57,20.542,1114
55.81230343688031,-4.3165447972388655,183.0,55.844855881791794,-4.151320272286683,58,18.174,1094
55.81230343688031,-4.3165447972388655,183.0,55.79334532620707,-4.3052187624925375,59,3.811,345
55.81230343688031,-4.3165447972388655,183.0,55.78499644933002,-4.082518262203789,60,20.949,1273
55.81230343688031,-4.3165447972388655,183.0,55.86482365717543,-4.074666870071637,61,24.389,1394
55.81230343688031,-4.3165447972388655,183.0,55.910543969585106,-4.384534109666136,62,17.594,1390
55.81230343688031,-4.3165447972388655,183.0,55.799715679086134,-4.188568421733812,63,12.181,1137
55.81230343688031,-4.3165447972388655,183.0,55.90005630083831,-4.294022887833187,64,14.926,1114
55.81230343688031,-4.3165447972388655,183.0,55.82573931186619,-4.210157383495828,65,8.743,905
55.81230343688031,-4.3165447972388655,183.0,55.88010014610652,-4.288014027401103,66,13.647,1082
55.81230343688031,-4.3165447972388655,183.0,55.8836463272421,-4.377148406451105,67,12.721,986
55.81230343688031,-4.3165447972388655,183.0,55.80511293548626,-4.195982430231648,68,10.251,1010
55.81230343688031,-4.3165447972388655,183.0,55.9265186267864,-4.256321117900257,69,18.283,1246
55.81230343688031,-4.3165447972388655,183.0,55.90353118048908,-4.119171950823842,70,23.722,1486
55.81230343688031,-4.3165447972388655,183.0,55.81502357146685,-4.260984914919316,71,4.49,484
55.81230343688031,-4.3165447972388655,183.0,55.894355058439295,-4.293143876300353,72,14.216,1061
55.81230343688031,-4.3165447972388655,183.0,55.80246488546192,-4.242274834364847,73,7.513,785
55.81230343688031,-4.3165447972388655,183.0,55.887581813102464,-4.2985753032369685,74,13.828,1057
55.81230343688031,-4.3165447972388655,183.0,55.928290955083554,-4.295962301582311,75,19.167,1247
55.81230343688031,-4.3165447972388655,183.0,55.81096058143004,-4.368797105646974,76,4.212,464
55.81230343688031,-4.3165447972388655,183.0,55.84818750128869,-4.3631808239548375,77,8.256,736
55.81230343688031,-4.3165447972388655,183.0,55.81610352786554,-4.330910795148831,78,1.31,154
55.81230343688031,-4.3165447972388655,183.0,55.807034270653475,-4.136077366584948,79,19.23,1281
55.81230343688031,-4.3165447972388655,183.0,55.86778114631985,-4.233612892312959,80,13.409,889
55.81230343688031,-4.3165447972388655,183.0,55.79578956690847,-4.368290459919509,81,8.876,1655
55.81230343688031,-4.3165447972388655,183.0,55.897877306124535,-4.077031107370425,82,26.35,2017
55.81230343688031,-4.3165447972388655,183.0,55.80721289582252,-4.242612882195534,83,6.736,736
55.81230343688031,-4.3165447972388655,183.0,55.92209393969709,-4.157940141970138,84,23.493,1284
55.81230343688031,-4.3165447972388655,183.0,55.79188265083702,-4.28147512844989,85,4.673,400
55.81230343688031,-4.3165447972388655,183.0,55.88043814367632,-4.104360473798184,86,22.336,1238
55.81230343688031,-4.3165447972388655,183.0,55.90345994988174,-4.293652184560058,87,15.395,1159
55.81230343688031,-4.3165447972388655,183.0,55.91230525016259,-4.108196424937476,88,24.99,1431
55.81230343688031,-4.3165447972388655,183.0,55.90569137930351,-4.3852429216612405,89,17.629,1413
55.81230343688031,-4.3165447972388655,183.0,55.824402119970216,-4.298242138123909,90,2.67,289
55.81230343688031,-4.3165447972388655,183.0,55.887104625653905,-4.201059285828647,91,16.545,1227
55.81230343688031,-4.3165447972388655,183.0,55.92006797200308,-4.195257422106852,92,20.192,1250
55.81230343688031,-4.3165447972388655,183.0,55.7944551107823,-4.1683749063061635,93,14.612,1535
55.81230343688031,-4.3165447972388655,183.0,55.88003873447475,-4.304350182381346,94,13.387,962
55.81230343688031,-4.3165447972388655,183.0,55.88308048053683,-4.2942103285768285,95,12.987,937
55.81230343688031,-4.3165447972388655,183.0,55.80779271908626,-4.3234306371549245,96,0.917,149
55.81230343688031,-4.3165447972388655,183.0,55.90123467399992,-4.380968632189907,97,17.935,1542
55.81230343688031,-4.3165447972388655,183.0,55.88049231589054,-4.293733205570284,98,12.889,927
55.81230343688031,-4.3165447972388655,183.0,55.84697147961761,-4.334108806216461,99,6.85,683
55.81230343688031,-4.3165447972388655,183.0,55.83067141211495,-4.195633651932574,100,14.467,907
55.81230343688031,-4.3165447972388655,183.0,55.89350845984679,-4.099445363541155,101,24.374,1382
55.81230343688031,-4.3165447972388655,183.0,55.92592408664018,-4.179171340754611,102,24.834,1367
55.81230343688031,-4.3165447972388655,183.0,55.84941827409408,-4.169566750359822,103,18.027,1110
55.81230343688031,-4.3165447972388655,183.0,55.92413375575165,-4.226670311636797,104,20.561,2014
55.81230343688031,-4.3165447972388655,183.0,55.88995713457192,-4.285031242761631,105,13.156,964
55.81230343688031,-4.3165447972388655,183.0,55.90528066541109,-4.131569818675147,106,21.172,1131
55.81230343688031,-4.3165447972388655,183.0,55.87850608392288,-4.103517886631066,107,22.667,1271
55.81230343688031,-4.3165447972388655,183.0,55.80799405798939,-4.284953473560454,108,2.831,336
55.81230343688031,-4.3165447972388655,183.0,55.906815669822045,-4.385279074380807,109,16.94,1328
55.81230343688031,-4.3165447972388655,183.0,55.916237634416454,-4.222407816066865,110,18.799,1207
55.81230343688031,-4.3165447972388655,183.0,55.915798955837815,-4.088621086891774,111,28.074,1462
55.81230343688031,-4.3165447972388655,183.0,55.827538479175395,-4.350653065976025,112,3.735,413
55.81230343688031,-4.3165447972388655,183.0,55.799515288981674,-4.0866627646338864,113,21.716,1417
55.81230343688031,-4.3165447972388655,183.0,55.831024245961984,-4.244756518165482,114,7.042,732
55.81230343688031,-4.3165447972388655,183.0,55.86754360554833,-4.2143078261423845,115,14.749,1005
55.81230343688031,-4.3165447972388655,183.0,55.8574985965699,-4.1521224561179935,116,19.33,1220
55.81230343688031,-4.3165447972388655,183.0,55.88095643501817,-4.32811659177277,117,11.576,917
55.81230343688031,-4.3165447972388655,183.0,55.85240433608213,-4.177570445500026,118,18.191,1161
55.81230343688031,-4.3165447972388655,183.0,55.91169549549074,-4.359708873069638,119,19.312,1443
55.81230343688031,-4.3165447972388655,183.0,55.92640787519779,-4.300990956079843,120,19.615,1296
55.81230343688031,-4.3165447972388655,183.0,55.84019197366069,-4.205566157974415,121,15.787,1059
55.81230343688031,-4.3165447972388655,183.0,55.866619942939494,-4.268153778778456,122,11.711,929
55.81230343688031,-4.3165447972388655,183.0,55.81327411986783,-4.2587495402872255,123,5.169,555
55.81230343688031,-4.3165447972388655,183.0,55.86022660117776,-4.154711133590585,124,19.25,1148
55.81230343688031,-4.3165447972388655,183.0,55.831522729053496,-4.370420634377527,125,5.789,583
55.81230343688031,-4.3165447972388655,183.0,55.84074346341779,-4.172411658039648,126,16.395,963
55.81230343688031,-4.3165447972388655,183.0,55.8801412435821,-4.258666277618953,127,12.755,955
55.81230343688031,-4.3165447972388655,183.0,55.8434159429892,-4.1056733307349536,128,20.798,1143
55.81230343688031,-4.3165447972388655,183.0,55.83522057783537,-4.25736952395694,129,5.546,596
55.81230343688031,-4.3165447972388655,183.0,55.86467774065618,-4.2250953414252415,130,13.533,841
55.81230343688031,-4.3165447972388655,183.0,55.8953662249987,-4.231143624453162,131,15.986,1019
55.81230343688031,-4.3165447972388655,183.0,55.81920459649808,-4.236238450921302,132,6.299,660
55.81230343688031,-4.3165447972388655,183.0,55.900795402502105,-4.206009410292495,133,18.153,1214
55.81230343688031,-4.3165447972388655,183.0,55.86078490474355,-4.339631469507248,134,10.269,884
55.81230343688031,-4.3165447972388655,183.0,55.924999437053955,-4.191173279124663,135,20.443,1259
55.81230343688031,-4.3165447972388655,183.0,55.81549096669224,-4.126910343137958,136,20.287,1370
55.81230343688031,-4.3165447972388655,183.0,55.90135585493081,-4.207622057499793,137,18.152,1191
55.81230343688031,-4.3165447972388655,183.0,55.845816555475636,-4.129576488296543,138,19.547,1184
55.81230343688031,-4.3165447972388655,183.0,55.80470047644827,-4.291960781118721,139,2.389,292
55.81230343688031,-4.3165447972388655,183.0,55.89185394491289,-4.179857587296262,140,17.737,1002
55.81230343688031,-4.3165447972388655,183.0,55.91859399996558,-4.3401659608951215,141,18.178,1294
55.81230343688031,-4.3165447972388655,183.0,55.90671476836246,-4.3642865107142725,142,16.519,1381
55.81230343688031,-4.3165447972388655,183.0,55.81273399651921,-4.167613047894911,143,14.483,1119
55.81230343688031,-4.3165447972388655,183.0,55.80939871413575,-4.276056954355674,144,3.706,382
55.81230343688031,-4.3165447972388655,183.0,55.88312869327199,-4.214542892826467,145,15.557,1046
55.81230343688031,-4.3165447972388655,183.0,55.815340374954424,-4.283514492524949,146,2.799,295
55.81230343688031,-4.3165447972388655,183.0,55.87864379034378,-4.080636908866371,147,28.772,1334
55.81230343688031,-4.3165447972388655,183.0,55.89423440492952,-4.2418874418647645,148,16.549,1103
55.81230343688031,-4.3165447972388655,183.0,55.92796852989922,-4.305970400193036,149,19.743,1319
55.81230343688031,-4.3165447972388655,183.0,55.92895153496988,-4.082888064137351,150,28.444,1411
55.81230343688031,-4.3165447972388655,183.0,55.790766759429424,-4.135285962371055,151,17.037,1176
55.81230343688031,-4.3165447972388655,183.0,55.80808041573422,-4.184105792933229,152,13.28,1023
55.81230343688031,-4.3165447972388655,183.0,55.7982747224006,-4.3931924101572655,153,5.85,571
55.81230343688031,-4.3165447972388655,183.0,55.81178474630603,-4.337962602706185,154,1.725,197
55.81230343688031,-4.3165447972388655,183.0,55.852972007756,-4.353957895039277,155,8.469,848
55.81230343688031,-4.3165447972388655,183.0,55.797152036890715,-4.311451416173846,156,2.707,273
55.81230343688031,-4.3165447972388655,183.0,55.84839482833289,-4.1889265673730645,157,17.973,1078
55.81230343688031,-4.3165447972388655,183.0,55.86383954752864,-4.387927326091926,158,12.405,927
55.81230343688031,-4.3165447972388655,183.0,55.807182357875575,-4.140487806234959,159,16.313,1236
55.81230343688031,-4.3165447972388655,183.0,55.8296607577131,-4.218765551358871,160,8.677,907
55.81230343688031,-4.3165447972388655,183.0,55.82699494590622,-4.295404959002084,161,3.254,293
55.81230343688031,-4.3165447972388655,183.0,55.861248665443505,-4.307186036515638,162,7.113,708
55.81230343688031,-4.3165447972388655,183.0,55.897857165570365,-4.156645648865112,163,19.213,1039
55.81230343688031,-4.3165447972388655,183.0,55.877747555317356,-4.342792329217214,164,12.166,1014
55.81230343688031,-4.3165447972388655,183.0,55.92259641850896,-4.389236283866068,165,28.422,1478
55.81230343688031,-4.3165447972388655,183.0,55.92621339590465,-4.2820478996479165,166,18.067,1195
55.81230343688031,-4.3165447972388655,183.0,55.80660612206145,-4.094012410496262,167,24.845,1431
55.81230343688031,-4.3165447972388655,183.0,55.84605439624201,-4.09192094471571,168,23.55,1154
55.81230343688031,-4.3165447972388655,183.0,55.83961965364386,-4.1201104741133365,169,20.149,1041
55.81230343688031,-4.3165447972388655,183.0,55.85030951683019,-4.217608837338132,170,13.441,1009
55.81230343688031,-4.3165447972388655,183.0,55.85971342373431,-4.246748195156407,171,13.902,940
55.81230343688031,-4.3165447972388655,183.0,55.815747728441636,-4.150792968910081,172,17.438,1151
55.81230343688031,-4.3165447972388655,183.0,55.80041195127493,-4.3806303679601495,173,5.266,524
55.81230343688031,-4.3165447972388655,183.0,55.85487415463933,-4.092829020720908,174,23.36,1155
55.81230343688031,-4.3165447972388655,183.0,55.80456076444065,-4.203157873727267,175,10.27,1011
55.81230343688031,-4.3165447972388655,183.0,55.84723005082115,-4.330151260440624,176,6.738,652
55.81230343688031,-4.3165447972388655,183.0,55.88775631668876,-4.123428423568879,177,22.961,1250
55.81230343688031,-4.3165447972388655,183.0,55.82857385936083,-4.129579652409029,178,19.96,1338
55.81230343688031,-4.3165447972388655,183.0,55.879865395443076,-4.36272007519476,179,13.058,1056
55.81230343688031,-4.3165447972388655,183.0,55.87973669437185,-4.215636550296907,180,14.844,1057
55.81230343688031,-4.3165447972388655,183.0,55.8162521393249,-4.1868605517933455,181,10.023,1008
55.81230343688031,-4.3165447972388655,183.0,55.80755514535402,-4.201625161718038,182,9.505,959
55.81230343688031,-4.3165447972388655,183.0,55.85565398843102,-4.250533808562208,183,7.269,837
55.81230343688031,-4.3165447972388655,183.0,55.929636326069506,-4.381100658166308,184,29.408,1499
55.81230343688031,-4.3165447972388655,183.0,55.879581066995904,-4.21986165885879,185,14.485,1037
55.81230343688031,-4.3165447972388655,183.0,55.92647877645629,-4.127886630011083,186,24.575,1370
55.81230343688031,-4.3165447972388655,183.0,55.82282427264178,-4.371094162561755,187,4.925,506
55.81230343688031,-4.3165447972388655,183.0,55.90291353127043,-4.3414180899754955,188,14.565,1259
55.81230343688031,-4.3165447972388655,183.0,55.78437024600116,-4.156926419796477,189,16.927,1154
55.81230343688031,-4.3165447972388655,183.0,55.8321542449311,-4.1561720476648265,190,17.224,1055
55.81230343688031,-4.3165447972388655,183.0,55.88310705812362,-4.084862107847263,191,25.933,1215
55.81230343688031,-4.3165447972388655,183.0,55.85616333886266,-4.110333739241922,192,22.161,1199
55.81230343688031,-4.3165447972388655,183.0,55.90185178498145,-4.152652007721208,193,23.122,1663
55.81230343688031,-4.3165447972388655,183.0,55.8837118458465,-4.182392741162416,194,19.401,2011
55.81230343688031,-4.3165447972388655,183.0,55.83086049774818,-4.312434105301623,195,3.457,309
55.81230343688031,-4.3165447972388655,183.0,55.821849459706755,-4.176208567338996,196,16.068,1025
55.81230343688031,-4.3165447972388655,183.0,55.88009750494633,-4.255964552703097,197,12.441,933
55.81230343688031,-4.3165447972388655,183.0,55.87413911675089,-4.369807111055967,198,11.062,805
55.81230343688031,-4.3165447972388655,183.0,55.86354071984154,-4.093406384811447,199,22.777,1253
55.87697281899762,-4.368152623986719,184.0,55.8391698042901,-4.214478482526657,0,15.054,831
55.87697281899762,-4.368152623986719,184.0,55.86553667472969,-4.350500876963486,1,2.407,246
55.87697281899762,-4.368152623986719,184.0,55.912892829643965,-4.286410947894997,2,15.909,2029
55.87697281899762,-4.368152623986719,184.0,55.84854019346565,-4.391697428307927,3,5.985,591
55.87697281899762,-4.368152623986719,184.0,55.79232875093524,-4.310455024670266,4,17.806,998
55.87697281899762,-4.368152623986719,184.0,55.837143362020576,-4.120043492886959,5,18.753,843
55.87697281899762,-4.368152623986719,184.0,55.84185129809378,-4.283879851305767,6,8.484,653
55.87697281899762,-4.368152623986719,184.0,55.90609664927746,-4.311383718964596,7,11.221,895
55.87697281899762,-4.368152623986719,184.0,55.7832172019226,-4.31249791159531,8,19.394,1056
55.87697281899762,-4.368152623986719,184.0,55.8177258987159,-4.260489243356555,9,13.725,892
55.87697281899762,-4.368152623986719,184.0,55.903262790870684,-4.212111703691823,10,17.574,1113
55.87697281899762,-4.368152623986719,184.0,55.893978813107424,-4.1413270988368325,11,19.314,1121
55.87697281899762,-4.368152623986719,184.0,55.894884622950286,-4.154349650804189,12,21.699,1019
55.87697281899762,-4.368152623986719,184.0,55.80680963785043,-4.263605759417426,13,16.163,1160
55.87697281899762,-4.368152623986719,184.0,55.81824312166051,-4.346878846315483,14,9.199,805
55.87697281899762,-4.368152623986719,184.0,55.84742656229786,-4.269221405976544,15,10.553,819
55.87697281899762,-4.368152623986719,184.0,55.80730424868546,-4.315177272898423,16,14.675,897
55.87697281899762,-4.368152623986719,184.0,55.83798278877758,-4.260604018644594,17,12.246,794
55.87697281899762,-4.368152623986719,184.0,55.89424631095569,-4.343398240721316,18,8.892,655
55.87697281899762,-4.368152623986719,184.0,55.83908093533876,-4.223069302141199,19,12.645,862
55.87697281899762,-4.368152623986719,184.0,55.8357731433788,-4.270556349194068,20,12.908,810
55.87697281899762,-4.368152623986719,184.0,55.90309627527835,-4.360750370095284,21,10.925,890
55.87697281899762,-4.368152623986719,184.0,55.85652103589449,-4.101365743428073,22,21.862,1063
55.87697281899762,-4.368152623986719,184.0,55.783736419963375,-4.235306054793451,23,17.785,1183
55.87697281899762,-4.368152623986719,184.0,55.92064824587275,-4.2358362157531895,24,18.699,1094
55.87697281899762,-4.368152623986719,184.0,55.907674892744176,-4.2497703459088045,25,17.451,2139
55.87697281899762,-4.368152623986719,184.0,55.919604340921964,-4.226208116301384,26,18.623,1105
55.87697281899762,-4.368152623986719,184.0,55.83219148710444,-4.304581930326681,27,13.847,939
55.87697281899762,-4.368152623986719,184.0,55.79569701419853,-4.1769099124482585,28,19.469,1115
55.87697281899762,-4.368152623986719,184.0,55.81260197667657,-4.197841211154324,29,16.88,983
55.87697281899762,-4.368152623986719,184.0,55.826092940761974,-4.176919409292903,30,15.41,915
55.87697281899762,-4.368152623986719,184.0,55.828413149208096,-4.109650878166438,31,22.214,1106
55.87697281899762,-4.368152623986719,184.0,55.8999241737755,-4.257993823533507,32,14.657,1026
55.87697281899762,-4.368152623986719,184.0,55.892514250678616,-4.340118142906542,33,8.921,666
55.87697281899762,-4.368152623986719,184.0,55.855241629670886,-4.269936069312288,34,10.69,651
55.87697281899762,-4.368152623986719,184.0,55.877364911629314,-4.109701193625618,35,22.263,1164
55.87697281899762,-4.368152623986719,184.0,55.887053111734645,-4.1280531391159245,36,22.565,1131
55.87697281899762,-4.368152623986719,184.0,55.89108676863447,-4.105446803942431,37,24.298,1437
55.87697281899762,-4.368152623986719,184.0,55.842635153466425,-4.334387903339716,38,6.52,511
55.87697281899762,-4.368152623986719,184.0,55.89197542936556,-4.19614108945253,39,18.572,964
55.87697281899762,-4.368152623986719,184.0,55.825849135803445,-4.321179033230789,40,12.025,839
55.87697281899762,-4.368152623986719,184.0,55.81864602215581,-4.375055705699034,41,7.765,679
55.87697281899762,-4.368152623986719,184.0,55.92613065482397,-4.212698358862173,42,19.085,1158
55.87697281899762,-4.368152623986719,184.0,55.874439929608144,-4.279689658904073,43,11.297,693
55.87697281899762,-4.368152623986719,184.0,55.81998166828728,-4.245455535821837,44,13.205,798
55.87697281899762,-4.368152623986719,184.0,55.91066980601156,-4.213502644426629,45,18.037,1109
55.87697281899762,-4.368152623986719,184.0,55.8404807486866,-4.356656090229781,46,6.074,567
55.87697281899762,-4.368152623986719,184.0,55.88708229912325,-4.079055837843032,47,27.545,1186
55.87697281899762,-4.368152623986719,184.0,55.84510555179576,-4.178720975321847,48,17.075,931
55.87697281899762,-4.368152623986719,184.0,55.84413340760586,-4.085244529493477,49,24.242,1560
55.87697281899762,-4.368152623986719,184.0,55.83324217210475,-4.157183908594519,50,16.937,928
55.87697281899762,-4.368152623986719,184.0,55.895753278756494,-4.323131413571223,51,8.678,766
55.87697281899762,-4.368152623986719,184.0,55.88609925330935,-4.38354364327563,52,1.729,195
55.87697281899762,-4.368152623986719,184.0,55.86596770908397,-4.338853955125049,53,3.276,299
55.87697281899762,-4.368152623986719,184.0,55.819381988004544,-4.256567679373081,54,14.634,948
55.87697281899762,-4.368152623986719,184.0,55.919398785577634,-4.298102785445152,55,16.185,1709
55.87697281899762,-4.368152623986719,184.0,55.81052481551728,-4.0780884232687225,56,25.013,2253
55.87697281899762,-4.368152623986719,184.0,55.8411814367945,-4.125490362928665,57,20.295,1001
55.87697281899762,-4.368152623986719,184.0,55.844855881791794,-4.151320272286683,58,17.927,981
55.87697281899762,-4.368152623986719,184.0,55.79334532620707,-4.3052187624925375,59,18.137,1004
55.87697281899762,-4.368152623986719,184.0,55.78499644933002,-4.082518262203789,60,28.736,1252
55.87697281899762,-4.368152623986719,184.0,55.86482365717543,-4.074666870071637,61,24.128,1281
55.87697281899762,-4.368152623986719,184.0,55.910543969585106,-4.384534109666136,62,20.855,948
55.87697281899762,-4.368152623986719,184.0,55.799715679086134,-4.188568421733812,63,19.451,1274
55.87697281899762,-4.368152623986719,184.0,55.90005630083831,-4.294022887833187,64,11.112,971
55.87697281899762,-4.368152623986719,184.0,55.82573931186619,-4.210157383495828,65,14.937,797
55.87697281899762,-4.368152623986719,184.0,55.88010014610652,-4.288014027401103,66,13.386,969
55.87697281899762,-4.368152623986719,184.0,55.8836463272421,-4.377148406451105,67,1.35,211
55.87697281899762,-4.368152623986719,184.0,55.80511293548626,-4.195982430231648,68,17.86,1057
55.87697281899762,-4.368152623986719,184.0,55.9265186267864,-4.256321117900257,69,18.022,1133
55.87697281899762,-4.368152623986719,184.0,55.90353118048908,-4.119171950823842,70,23.461,1372
55.87697281899762,-4.368152623986719,184.0,55.81502357146685,-4.260984914919316,71,14.082,927
55.87697281899762,-4.368152623986719,184.0,55.894355058439295,-4.293143876300353,72,13.955,948
55.87697281899762,-4.368152623986719,184.0,55.80246488546192,-4.242274834364847,73,15.346,1023
55.87697281899762,-4.368152623986719,184.0,55.887581813102464,-4.2985753032369685,74,10.198,923
55.87697281899762,-4.368152623986719,184.0,55.928290955083554,-4.295962301582311,75,13.038,974
55.87697281899762,-4.368152623986719,184.0,55.81096058143004,-4.368797105646974,76,9.373,867
55.87697281899762,-4.368152623986719,184.0,55.84818750128869,-4.3631808239548375,77,3.774,344
55.87697281899762,-4.368152623986719,184.0,55.81610352786554,-4.330910795148831,78,13.994,752
55.87697281899762,-4.368152623986719,184.0,55.807034270653475,-4.136077366584948,79,18.644,1166
55.87697281899762,-4.368152623986719,184.0,55.86778114631985,-4.233612892312959,80,13.148,775
55.87697281899762,-4.368152623986719,184.0,55.79578956690847,-4.368290459919509,81,11.308,1991
55.87697281899762,-4.368152623986719,184.0,55.897877306124535,-4.077031107370425,82,26.089,1903
55.87697281899762,-4.368152623986719,184.0,55.80721289582252,-4.242612882195534,83,14.569,975
55.87697281899762,-4.368152623986719,184.0,55.92209393969709,-4.157940141970138,84,23.232,1170
55.87697281899762,-4.368152623986719,184.0,55.79188265083702,-4.28147512844989,85,18.999,1059
55.87697281899762,-4.368152623986719,184.0,55.88043814367632,-4.104360473798184,86,22.075,1124
55.87697281899762,-4.368152623986719,184.0,55.90345994988174,-4.293652184560058,87,11.522,1015
55.87697281899762,-4.368152623986719,184.0,55.91230525016259,-4.108196424937476,88,24.729,1318
55.87697281899762,-4.368152623986719,184.0,55.90569137930351,-4.3852429216612405,89,21.098,987
55.87697281899762,-4.368152623986719,184.0,55.824402119970216,-4.298242138123909,90,12.461,760
55.87697281899762,-4.368152623986719,184.0,55.887104625653905,-4.201059285828647,91,16.284,1113
55.87697281899762,-4.368152623986719,184.0,55.92006797200308,-4.195257422106852,92,19.931,1136
55.87697281899762,-4.368152623986719,184.0,55.7944551107823,-4.1683749063061635,93,19.599,1550
55.87697281899762,-4.368152623986719,184.0,55.88003873447475,-4.304350182381346,94,8.351,763
55.87697281899762,-4.368152623986719,184.0,55.88308048053683,-4.2942103285768285,95,12.726,823
55.87697281899762,-4.368152623986719,184.0,55.80779271908626,-4.3234306371549245,96,15.265,884
55.87697281899762,-4.368152623986719,184.0,55.90123467399992,-4.380968632189907,97,13.093,1107
55.87697281899762,-4.368152623986719,184.0,55.88049231589054,-4.293733205570284,98,12.628,813
55.87697281899762,-4.368152623986719,184.0,55.84697147961761,-4.334108806216461,99,5.361,509
55.87697281899762,-4.368152623986719,184.0,55.83067141211495,-4.195633651932574,100,14.22,794
55.87697281899762,-4.368152623986719,184.0,55.89350845984679,-4.099445363541155,101,24.113,1268
55.87697281899762,-4.368152623986719,184.0,55.92592408664018,-4.179171340754611,102,24.573,1254
55.87697281899762,-4.368152623986719,184.0,55.84941827409408,-4.169566750359822,103,17.78,997
55.87697281899762,-4.368152623986719,184.0,55.92413375575165,-4.226670311636797,104,20.3,1901
55.87697281899762,-4.368152623986719,184.0,55.88995713457192,-4.285031242761631,105,12.895,850
55.87697281899762,-4.368152623986719,184.0,55.90528066541109,-4.131569818675147,106,20.911,1018
55.87697281899762,-4.368152623986719,184.0,55.87850608392288,-4.103517886631066,107,22.406,1157
55.87697281899762,-4.368152623986719,184.0,55.80799405798939,-4.284953473560454,108,15.471,1049
55.87697281899762,-4.368152623986719,184.0,55.906815669822045,-4.385279074380807,109,20.879,941
55.87697281899762,-4.368152623986719,184.0,55.916237634416454,-4.222407816066865,110,18.538,1094
55.87697281899762,-4.368152623986719,184.0,55.915798955837815,-4.088621086891774,111,27.813,1349
55.87697281899762,-4.368152623986719,184.0,55.827538479175395,-4.350653065976025,112,6.617,645
55.87697281899762,-4.368152623986719,184.0,55.799515288981674,-4.0866627646338864,113,29.106,1365
55.87697281899762,-4.368152623986719,184.0,55.831024245961984,-4.244756518165482,114,11.686,699
55.87697281899762,-4.368152623986719,184.0,55.86754360554833,-4.2143078261423845,115,14.488,891
55.87697281899762,-4.368152623986719,184.0,55.8574985965699,-4.1521224561179935,116,19.083,1107
55.87697281899762,-4.368152623986719,184.0,55.88095643501817,-4.32811659177277,117,6.734,482
55.87697281899762,-4.368152623986719,184.0,55.85240433608213,-4.177570445500026,118,17.944,1048
55.87697281899762,-4.368152623986719,184.0,55.91169549549074,-4.359708873069638,119,23.407,1166
55.87697281899762,-4.368152623986719,184.0,55.92640787519779,-4.300990956079843,120,12.846,995
55.87697281899762,-4.368152623986719,184.0,55.84019197366069,-4.205566157974415,121,15.54,946
55.87697281899762,-4.368152623986719,184.0,55.866619942939494,-4.268153778778456,122,11.45,815
55.87697281899762,-4.368152623986719,184.0,55.81327411986783,-4.2587495402872255,123,14.061,937
55.87697281899762,-4.368152623986719,184.0,55.86022660117776,-4.154711133590585,124,18.989,1035
55.87697281899762,-4.368152623986719,184.0,55.831522729053496,-4.370420634377527,125,6.079,574
55.87697281899762,-4.368152623986719,184.0,55.84074346341779,-4.172411658039648,126,16.148,851
55.87697281899762,-4.368152623986719,184.0,55.8801412435821,-4.258666277618953,127,12.494,841
55.87697281899762,-4.368152623986719,184.0,55.8434159429892,-4.1056733307349536,128,20.551,1030
55.87697281899762,-4.368152623986719,184.0,55.83522057783537,-4.25736952395694,129,12.22,796
55.87697281899762,-4.368152623986719,184.0,55.86467774065618,-4.2250953414252415,130,13.272,728
55.87697281899762,-4.368152623986719,184.0,55.8953662249987,-4.231143624453162,131,15.725,905
55.87697281899762,-4.368152623986719,184.0,55.81920459649808,-4.236238450921302,132,13.789,848
55.87697281899762,-4.368152623986719,184.0,55.900795402502105,-4.206009410292495,133,17.892,1100
55.87697281899762,-4.368152623986719,184.0,55.86078490474355,-4.339631469507248,134,3.319,355
55.87697281899762,-4.368152623986719,184.0,55.924999437053955,-4.191173279124663,135,20.182,1145
55.87697281899762,-4.368152623986719,184.0,55.81549096669224,-4.126910343137958,136,19.635,1213
55.87697281899762,-4.368152623986719,184.0,55.90135585493081,-4.207622057499793,137,17.891,1078
55.87697281899762,-4.368152623986719,184.0,55.845816555475636,-4.129576488296543,138,19.3,1071
55.87697281899762,-4.368152623986719,184.0,55.80470047644827,-4.291960781118721,139,15.304,1026
55.87697281899762,-4.368152623986719,184.0,55.89185394491289,-4.179857587296262,140,17.476,889
55.87697281899762,-4.368152623986719,184.0,55.91859399996558,-4.3401659608951215,141,11.776,932
55.87697281899762,-4.368152623986719,184.0,55.90671476836246,-4.3642865107142725,142,11.677,945
55.87697281899762,-4.368152623986719,184.0,55.81273399651921,-4.167613047894911,143,16.693,977
55.87697281899762,-4.368152623986719,184.0,55.80939871413575,-4.276056954355674,144,15.185,997
55.87697281899762,-4.368152623986719,184.0,55.88312869327199,-4.214542892826467,145,15.296,932
55.87697281899762,-4.368152623986719,184.0,55.815340374954424,-4.283514492524949,146,14.179,882
55.87697281899762,-4.368152623986719,184.0,55.87864379034378,-4.080636908866371,147,28.525,1221
55.87697281899762,-4.368152623986719,184.0,55.89423440492952,-4.2418874418647645,148,16.288,989
55.87697281899762,-4.368152623986719,184.0,55.92796852989922,-4.305970400193036,149,12.974,1018
55.87697281899762,-4.368152623986719,184.0,55.92895153496988,-4.082888064137351,150,28.183,1298
55.87697281899762,-4.368152623986719,184.0,55.790766759429424,-4.135285962371055,151,22.024,1191
55.87697281899762,-4.368152623986719,184.0,55.80808041573422,-4.184105792933229,152,17.654,989
55.87697281899762,-4.368152623986719,184.0,55.7982747224006,-4.3931924101572655,153,10.23,856
55.87697281899762,-4.368152623986719,184.0,55.81178474630603,-4.337962602706185,154,10.064,813
55.87697281899762,-4.368152623986719,184.0,55.852972007756,-4.353957895039277,155,3.855,431
55.87697281899762,-4.368152623986719,184.0,55.797152036890715,-4.311451416173846,156,17.033,932
55.87697281899762,-4.368152623986719,184.0,55.84839482833289,-4.1889265673730645,157,17.726,965
55.87697281899762,-4.368152623986719,184.0,55.86383954752864,-4.387927326091926,158,6.394,384
55.87697281899762,-4.368152623986719,184.0,55.807182357875575,-4.140487806234959,159,18.321,1141
55.87697281899762,-4.368152623986719,184.0,55.8296607577131,-4.218765551358871,160,13.106,855
55.87697281899762,-4.368152623986719,184.0,55.82699494590622,-4.295404959002084,161,12.497,736
55.87697281899762,-4.368152623986719,184.0,55.861248665443505,-4.307186036515638,162,6.745,488
55.87697281899762,-4.368152623986719,184.0,55.897857165570365,-4.156645648865112,163,18.952,925
55.87697281899762,-4.368152623986719,184.0,55.877747555317356,-4.342792329217214,164,7.324,579
55.87697281899762,-4.368152623986719,184.0,55.92259641850896,-4.389236283866068,165,19.756,947
55.87697281899762,-4.368152623986719,184.0,55.92621339590465,-4.2820478996479165,166,14.205,1019
55.87697281899762,-4.368152623986719,184.0,55.80660612206145,-4.094012410496262,167,24.598,1318
55.87697281899762,-4.368152623986719,184.0,55.84605439624201,-4.09192094471571,168,23.289,1040
55.87697281899762,-4.368152623986719,184.0,55.83961965364386,-4.1201104741133365,169,19.902,928
55.87697281899762,-4.368152623986719,184.0,55.85030951683019,-4.217608837338132,170,13.194,896
55.87697281899762,-4.368152623986719,184.0,55.85971342373431,-4.246748195156407,171,13.641,826
55.87697281899762,-4.368152623986719,184.0,55.815747728441636,-4.150792968910081,172,17.191,1038
55.87697281899762,-4.368152623986719,184.0,55.80041195127493,-4.3806303679601495,173,9.646,809
55.87697281899762,-4.368152623986719,184.0,55.85487415463933,-4.092829020720908,174,23.099,1041
55.87697281899762,-4.368152623986719,184.0,55.80456076444065,-4.203157873727267,175,17.879,1059
55.87697281899762,-4.368152623986719,184.0,55.84723005082115,-4.330151260440624,176,6.155,488
55.87697281899762,-4.368152623986719,184.0,55.88775631668876,-4.123428423568879,177,22.7,1137
55.87697281899762,-4.368152623986719,184.0,55.82857385936083,-4.129579652409029,178,19.713,1225
55.87697281899762,-4.368152623986719,184.0,55.879865395443076,-4.36272007519476,179,8.216,621
55.87697281899762,-4.368152623986719,184.0,55.87973669437185,-4.215636550296907,180,14.583,943
55.87697281899762,-4.368152623986719,184.0,55.8162521393249,-4.1868605517933455,181,16.073,948
55.87697281899762,-4.368152623986719,184.0,55.80755514535402,-4.201625161718038,182,17.632,1026
55.87697281899762,-4.368152623986719,184.0,55.85565398843102,-4.250533808562208,183,10.153,746
55.87697281899762,-4.368152623986719,184.0,55.929636326069506,-4.381100658166308,184,20.742,968
55.87697281899762,-4.368152623986719,184.0,55.879581066995904,-4.21986165885879,185,14.224,924
55.87697281899762,-4.368152623986719,184.0,55.92647877645629,-4.127886630011083,186,24.314,1256
55.87697281899762,-4.368152623986719,184.0,55.82282427264178,-4.371094162561755,187,7.067,661
55.87697281899762,-4.368152623986719,184.0,55.90291353127043,-4.3414180899754955,188,9.723,824
55.87697281899762,-4.368152623986719,184.0,55.78437024600116,-4.156926419796477,189,21.368,1205
55.87697281899762,-4.368152623986719,184.0,55.8321542449311,-4.1561720476648265,190,16.977,942
55.87697281899762,-4.368152623986719,184.0,55.88310705812362,-4.084862107847263,191,25.686,1102
55.87697281899762,-4.368152623986719,184.0,55.85616333886266,-4.110333739241922,192,21.9,1085
55.87697281899762,-4.368152623986719,184.0,55.90185178498145,-4.152652007721208,193,22.861,1550
55.87697281899762,-4.368152623986719,184.0,55.8837118458465,-4.182392741162416,194,19.14,1898
55.87697281899762,-4.368152623986719,184.0,55.83086049774818,-4.312434105301623,195,13.431,841
55.87697281899762,-4.368152623986719,184.0,55.821849459706755,-4.176208567338996,196,15.821,912
55.87697281899762,-4.368152623986719,184.0,55.88009750494633,-4.255964552703097,197,12.18,820
55.87697281899762,-4.368152623986719,184.0,55.87413911675089,-4.369807111055967,198,0.671,152
55.87697281899762,-4.368152623986719,184.0,55.86354071984154,-4.093406384811447,199,22.516,1139
55.82339957785607,-4.159029032125826,185.0,55.8391698042901,-4.214478482526657,0,4.935,463
55.82339957785607,-4.159029032125826,185.0,55.86553667472969,-4.350500876963486,1,18.765,909
55.82339957785607,-4.159029032125826,185.0,55.912892829643965,-4.286410947894997,2,18.276,2261
55.82339957785607,-4.159029032125826,185.0,55.84854019346565,-4.391697428307927,3,18.196,1131
55.82339957785607,-4.159029032125826,185.0,55.79232875093524,-4.310455024670266,4,13.948,1120
55.82339957785607,-4.159029032125826,185.0,55.837143362020576,-4.120043492886959,5,4.306,219
55.82339957785607,-4.159029032125826,185.0,55.84185129809378,-4.283879851305767,6,10.635,783
55.82339957785607,-4.159029032125826,185.0,55.90609664927746,-4.311383718964596,7,25.694,1403
55.82339957785607,-4.159029032125826,185.0,55.7832172019226,-4.31249791159531,8,14.278,1097
55.82339957785607,-4.159029032125826,185.0,55.8177258987159,-4.260489243356555,9,10.585,696
55.82339957785607,-4.159029032125826,185.0,55.903262790870684,-4.212111703691823,10,20.247,1184
55.82339957785607,-4.159029032125826,185.0,55.893978813107424,-4.1413270988368325,11,17.748,977
55.82339957785607,-4.159029032125826,185.0,55.894884622950286,-4.154349650804189,12,22.613,878
55.82339957785607,-4.159029032125826,185.0,55.80680963785043,-4.263605759417426,13,13.023,963
55.82339957785607,-4.159029032125826,185.0,55.81824312166051,-4.346878846315483,14,17.824,1022
55.82339957785607,-4.159029032125826,185.0,55.84742656229786,-4.269221405976544,15,11.0,802
55.82339957785607,-4.159029032125826,185.0,55.80730424868546,-4.315177272898423,16,17.53,1007
55.82339957785607,-4.159029032125826,185.0,55.83798278877758,-4.260604018644594,17,9.106,597
55.82339957785607,-4.159029032125826,185.0,55.89424631095569,-4.343398240721316,18,20.581,1159
55.82339957785607,-4.159029032125826,185.0,55.83908093533876,-4.223069302141199,19,6.927,568
55.82339957785607,-4.159029032125826,185.0,55.8357731433788,-4.270556349194068,20,9.79,647
55.82339957785607,-4.159029032125826,185.0,55.90309627527835,-4.360750370095284,21,22.614,1394
55.82339957785607,-4.159029032125826,185.0,55.85652103589449,-4.101365743428073,22,9.239,542
55.82339957785607,-4.159029032125826,185.0,55.783736419963375,-4.235306054793451,23,8.327,623
55.82339957785607,-4.159029032125826,185.0,55.92064824587275,-4.2358362157531895,24,15.874,1250
55.82339957785607,-4.159029032125826,185.0,55.907674892744176,-4.2497703459088045,25,14.626,2295
55.82339957785607,-4.159029032125826,185.0,55.919604340921964,-4.226208116301384,26,29.405,1289
55.82339957785607,-4.159029032125826,185.0,55.83219148710444,-4.304581930326681,27,16.702,1049
55.82339957785607,-4.159029032125826,185.0,55.79569701419853,-4.1769099124482585,28,4.502,378
55.82339957785607,-4.159029032125826,185.0,55.81260197667657,-4.197841211154324,29,4.599,453
55.82339957785607,-4.159029032125826,185.0,55.826092940761974,-4.176919409292903,30,2.644,319
55.82339957785607,-4.159029032125826,185.0,55.828413149208096,-4.109650878166438,31,7.767,482
55.82339957785607,-4.159029032125826,185.0,55.8999241737755,-4.257993823533507,32,14.725,1240
55.82339957785607,-4.159029032125826,185.0,55.892514250678616,-4.340118142906542,33,20.61,1170
55.82339957785607,-4.159029032125826,185.0,55.855241629670886,-4.269936069312288,34,21.546,913
55.82339957785607,-4.159029032125826,185.0,55.877364911629314,-4.109701193625618,35,15.48,754
55.82339957785607,-4.159029032125826,185.0,55.887053111734645,-4.1280531391159245,36,21.127,959
55.82339957785607,-4.159029032125826,185.0,55.89108676863447,-4.105446803942431,37,15.468,969
55.82339957785607,-4.159029032125826,185.0,55.842635153466425,-4.334387903339716,38,14.633,837
55.82339957785607,-4.159029032125826,185.0,55.89197542936556,-4.19614108945253,39,18.031,908
55.82339957785607,-4.159029032125826,185.0,55.825849135803445,-4.321179033230789,40,14.88,949
55.82339957785607,-4.159029032125826,185.0,55.81864602215581,-4.375055705699034,41,18.853,1031
55.82339957785607,-4.159029032125826,185.0,55.92613065482397,-4.212698358862173,42,28.779,1284
55.82339957785607,-4.159029032125826,185.0,55.874439929608144,-4.279689658904073,43,21.387,1035
55.82339957785607,-4.159029032125826,185.0,55.81998166828728,-4.245455535821837,44,10.065,601
55.82339957785607,-4.159029032125826,185.0,55.91066980601156,-4.213502644426629,45,29.761,1338
55.82339957785607,-4.159029032125826,185.0,55.8404807486866,-4.356656090229781,46,18.285,1105
55.82339957785607,-4.159029032125826,185.0,55.88708229912325,-4.079055837843032,47,13.098,562
55.82339957785607,-4.159029032125826,185.0,55.84510555179576,-4.178720975321847,48,3.64,334
55.82339957785607,-4.159029032125826,185.0,55.84413340760586,-4.085244529493477,49,9.795,936
55.82339957785607,-4.159029032125826,185.0,55.83324217210475,-4.157183908594519,50,1.752,146
55.82339957785607,-4.159029032125826,185.0,55.895753278756494,-4.323131413571223,51,20.367,1270
55.82339957785607,-4.159029032125826,185.0,55.88609925330935,-4.38354364327563,52,19.798,978
55.82339957785607,-4.159029032125826,185.0,55.86596770908397,-4.338853955125049,53,16.581,858
55.82339957785607,-4.159029032125826,185.0,55.819381988004544,-4.256567679373081,54,11.494,751
55.82339957785607,-4.159029032125826,185.0,55.919398785577634,-4.298102785445152,55,18.552,1941
55.82339957785607,-4.159029032125826,185.0,55.81052481551728,-4.0780884232687225,56,10.566,1629
55.82339957785607,-4.159029032125826,185.0,55.8411814367945,-4.125490362928665,57,4.176,350
55.82339957785607,-4.159029032125826,185.0,55.844855881791794,-4.151320272286683,58,3.472,308
55.82339957785607,-4.159029032125826,185.0,55.79334532620707,-4.3052187624925375,59,13.543,1081
55.82339957785607,-4.159029032125826,185.0,55.78499644933002,-4.082518262203789,60,14.289,628
55.82339957785607,-4.159029032125826,185.0,55.86482365717543,-4.074666870071637,61,10.791,736
55.82339957785607,-4.159029032125826,185.0,55.910543969585106,-4.384534109666136,62,24.441,1459
55.82339957785607,-4.159029032125826,185.0,55.799715679086134,-4.188568421733812,63,4.83,569
55.82339957785607,-4.159029032125826,185.0,55.90005630083831,-4.294022887833187,64,24.766,1356
55.82339957785607,-4.159029032125826,185.0,55.82573931186619,-4.210157383495828,65,4.145,359
55.82339957785607,-4.159029032125826,185.0,55.88010014610652,-4.288014027401103,66,23.487,1325
55.82339957785607,-4.159029032125826,185.0,55.8836463272421,-4.377148406451105,67,19.568,1055
55.82339957785607,-4.159029032125826,185.0,55.80511293548626,-4.195982430231648,68,4.654,424
55.82339957785607,-4.159029032125826,185.0,55.9265186267864,-4.256321117900257,69,18.09,1355
55.82339957785607,-4.159029032125826,185.0,55.90353118048908,-4.119171950823842,70,16.07,1030
55.82339957785607,-4.159029032125826,185.0,55.81502357146685,-4.260984914919316,71,10.942,730
55.82339957785607,-4.159029032125826,185.0,55.894355058439295,-4.293143876300353,72,24.056,1304
55.82339957785607,-4.159029032125826,185.0,55.80246488546192,-4.242274834364847,73,9.734,764
55.82339957785607,-4.159029032125826,185.0,55.887581813102464,-4.2985753032369685,74,23.668,1300
55.82339957785607,-4.159029032125826,185.0,55.928290955083554,-4.295962301582311,75,18.974,1355
55.82339957785607,-4.159029032125826,185.0,55.81096058143004,-4.368797105646974,76,20.51,1113
55.82339957785607,-4.159029032125826,185.0,55.84818750128869,-4.3631808239548375,77,19.271,957
55.82339957785607,-4.159029032125826,185.0,55.81610352786554,-4.330910795148831,78,16.849,862
55.82339957785607,-4.159029032125826,185.0,55.807034270653475,-4.136077366584948,79,3.385,326
55.82339957785607,-4.159029032125826,185.0,55.86778114631985,-4.233612892312959,80,18.517,899
55.82339957785607,-4.159029032125826,185.0,55.79578956690847,-4.368290459919509,81,25.594,2307
55.82339957785607,-4.159029032125826,185.0,55.897877306124535,-4.077031107370425,82,15.457,1308
55.82339957785607,-4.159029032125826,185.0,55.80721289582252,-4.242612882195534,83,6.882,688
55.82339957785607,-4.159029032125826,185.0,55.92209393969709,-4.157940141970138,84,24.714,1056
55.82339957785607,-4.159029032125826,185.0,55.79188265083702,-4.28147512844989,85,11.69,919
55.82339957785607,-4.159029032125826,185.0,55.88043814367632,-4.104360473798184,86,14.79,694
55.82339957785607,-4.159029032125826,185.0,55.90345994988174,-4.293652184560058,87,17.749,1397
55.82339957785607,-4.159029032125826,185.0,55.91230525016259,-4.108196424937476,88,18.75,932
55.82339957785607,-4.159029032125826,185.0,55.90569137930351,-4.3852429216612405,89,24.476,1482
55.82339957785607,-4.159029032125826,185.0,55.824402119970216,-4.298242138123909,90,15.316,870
55.82339957785607,-4.159029032125826,185.0,55.887104625653905,-4.201059285828647,91,17.805,982
55.82339957785607,-4.159029032125826,185.0,55.92006797200308,-4.195257422106852,92,26.784,1102
55.82339957785607,-4.159029032125826,185.0,55.7944551107823,-4.1683749063061635,93,4.632,813
55.82339957785607,-4.159029032125826,185.0,55.88003873447475,-4.304350182381346,94,23.001,1208
55.82339957785607,-4.159029032125826,185.0,55.88308048053683,-4.2942103285768285,95,22.601,1182
55.82339957785607,-4.159029032125826,185.0,55.80779271908626,-4.3234306371549245,96,18.12,994
55.82339957785607,-4.159029032125826,185.0,55.90123467399992,-4.380968632189907,97,24.782,1611
55.82339957785607,-4.159029032125826,185.0,55.88049231589054,-4.293733205570284,98,22.503,1173
55.82339957785607,-4.159029032125826,185.0,55.84697147961761,-4.334108806216461,99,14.747,870
55.82339957785607,-4.159029032125826,185.0,55.83067141211495,-4.195633651932574,100,4.101,426
55.82339957785607,-4.159029032125826,185.0,55.89350845984679,-4.099445363541155,101,14.535,740
55.82339957785607,-4.159029032125826,185.0,55.92592408664018,-4.179171340754611,102,26.055,1140
55.82339957785607,-4.159029032125826,185.0,55.84941827409408,-4.169566750359822,103,3.749,357
55.82339957785607,-4.159029032125826,185.0,55.92413375575165,-4.226670311636797,104,29.994,2026
55.82339957785607,-4.159029032125826,185.0,55.88995713457192,-4.285031242761631,105,22.996,1207
55.82339957785607,-4.159029032125826,185.0,55.90528066541109,-4.131569818675147,106,22.393,904
55.82339957785607,-4.159029032125826,185.0,55.87850608392288,-4.103517886631066,107,15.121,727
55.82339957785607,-4.159029032125826,185.0,55.80799405798939,-4.284953473560454,108,12.809,967
55.82339957785607,-4.159029032125826,185.0,55.906815669822045,-4.385279074380807,109,23.787,1397
55.82339957785607,-4.159029032125826,185.0,55.916237634416454,-4.222407816066865,110,29.32,1277
55.82339957785607,-4.159029032125826,185.0,55.915798955837815,-4.088621086891774,111,17.616,815
55.82339957785607,-4.159029032125826,185.0,55.827538479175395,-4.350653065976025,112,17.193,953
55.82339957785607,-4.159029032125826,185.0,55.799515288981674,-4.0866627646338864,113,7.127,558
55.82339957785607,-4.159029032125826,185.0,55.831024245961984,-4.244756518165482,114,8.546,502
55.82339957785607,-4.159029032125826,185.0,55.86754360554833,-4.2143078261423845,115,17.19,884
55.82339957785607,-4.159029032125826,185.0,55.8574985965699,-4.1521224561179935,116,4.628,454
55.82339957785607,-4.159029032125826,185.0,55.88095643501817,-4.32811659177277,117,18.423,986
55.82339957785607,-4.159029032125826,185.0,55.85240433608213,-4.177570445500026,118,4.574,415
55.82339957785607,-4.159029032125826,185.0,55.91169549549074,-4.359708873069638,119,24.599,1585
55.82339957785607,-4.159029032125826,185.0,55.92640787519779,-4.300990956079843,120,19.422,1404
55.82339957785607,-4.159029032125826,185.0,55.84019197366069,-4.205566157974415,121,5.421,578
55.82339957785607,-4.159029032125826,185.0,55.866619942939494,-4.268153778778456,122,20.464,1016
55.82339957785607,-4.159029032125826,185.0,55.81327411986783,-4.2587495402872255,123,10.921,740
55.82339957785607,-4.159029032125826,185.0,55.86022660117776,-4.154711133590585,124,4.981,464
55.82339957785607,-4.159029032125826,185.0,55.831522729053496,-4.370420634377527,125,19.247,1123
55.82339957785607,-4.159029032125826,185.0,55.84074346341779,-4.172411658039648,126,3.129,284
55.82339957785607,-4.159029032125826,185.0,55.8801412435821,-4.258666277618953,127,20.74,1030
55.82339957785607,-4.159029032125826,185.0,55.8434159429892,-4.1056733307349536,128,6.104,406
55.82339957785607,-4.159029032125826,185.0,55.83522057783537,-4.25736952395694,129,9.08,599
55.82339957785607,-4.159029032125826,185.0,55.86467774065618,-4.2250953414252415,130,8.313,700
55.82339957785607,-4.159029032125826,185.0,55.8953662249987,-4.231143624453162,131,12.9,1062
55.82339957785607,-4.159029032125826,185.0,55.81920459649808,-4.236238450921302,132,6.343,581
55.82339957785607,-4.159029032125826,185.0,55.900795402502105,-4.206009410292495,133,19.432,1074
55.82339957785607,-4.159029032125826,185.0,55.86078490474355,-4.339631469507248,134,17.116,953
55.82339957785607,-4.159029032125826,185.0,55.924999437053955,-4.191173279124663,135,26.533,1092
55.82339957785607,-4.159029032125826,185.0,55.81549096669224,-4.126910343137958,136,3.25,280
55.82339957785607,-4.159029032125826,185.0,55.90135585493081,-4.207622057499793,137,19.431,1052
55.82339957785607,-4.159029032125826,185.0,55.845816555475636,-4.129576488296543,138,4.845,396
55.82339957785607,-4.159029032125826,185.0,55.80470047644827,-4.291960781118721,139,13.815,1026
55.82339957785607,-4.159029032125826,185.0,55.89185394491289,-4.179857587296262,140,18.635,851
55.82339957785607,-4.159029032125826,185.0,55.91859399996558,-4.3401659608951215,141,23.465,1436
55.82339957785607,-4.159029032125826,185.0,55.90671476836246,-4.3642865107142725,142,23.366,1449
55.82339957785607,-4.159029032125826,185.0,55.81273399651921,-4.167613047894911,143,1.961,180
55.82339957785607,-4.159029032125826,185.0,55.80939871413575,-4.276056954355674,144,12.097,855
55.82339957785607,-4.159029032125826,185.0,55.88312869327199,-4.214542892826467,145,17.432,953
55.82339957785607,-4.159029032125826,185.0,55.815340374954424,-4.283514492524949,146,12.267,872
55.82339957785607,-4.159029032125826,185.0,55.87864379034378,-4.080636908866371,147,14.078,597
55.82339957785607,-4.159029032125826,185.0,55.89423440492952,-4.2418874418647645,148,13.463,1146
55.82339957785607,-4.159029032125826,185.0,55.92796852989922,-4.305970400193036,149,19.55,1427
55.82339957785607,-4.159029032125826,185.0,55.92895153496988,-4.082888064137351,150,18.574,823
55.82339957785607,-4.159029032125826,185.0,55.790766759429424,-4.135285962371055,151,5.513,382
55.82339957785607,-4.159029032125826,185.0,55.80808041573422,-4.184105792933229,152,3.44,296
55.82339957785607,-4.159029032125826,185.0,55.7982747224006,-4.3931924101572655,153,21.318,1207
55.82339957785607,-4.159029032125826,185.0,55.81178474630603,-4.337962602706185,154,17.916,968
55.82339957785607,-4.159029032125826,185.0,55.852972007756,-4.353957895039277,155,16.315,956
55.82339957785607,-4.159029032125826,185.0,55.797152036890715,-4.311451416173846,156,13.833,1113
55.82339957785607,-4.159029032125826,185.0,55.84839482833289,-4.1889265673730645,157,4.401,370
55.82339957785607,-4.159029032125826,185.0,55.86383954752864,-4.387927326091926,158,21.907,983
55.82339957785607,-4.159029032125826,185.0,55.807182357875575,-4.140487806234959,159,3.062,301
55.82339957785607,-4.159029032125826,185.0,55.8296607577131,-4.218765551358871,160,4.486,450
55.82339957785607,-4.159029032125826,185.0,55.82699494590622,-4.295404959002084,161,15.352,846
55.82339957785607,-4.159029032125826,185.0,55.861248665443505,-4.307186036515638,162,14.201,859
55.82339957785607,-4.159029032125826,185.0,55.897857165570365,-4.156645648865112,163,20.111,887
55.82339957785607,-4.159029032125826,185.0,55.877747555317356,-4.342792329217214,164,19.013,1083
55.82339957785607,-4.159029032125826,185.0,55.92259641850896,-4.389236283866068,165,35.269,1547
55.82339957785607,-4.159029032125826,185.0,55.92621339590465,-4.2820478996479165,166,17.874,1304
55.82339957785607,-4.159029032125826,185.0,55.80660612206145,-4.094012410496262,167,10.151,694
55.82339957785607,-4.159029032125826,185.0,55.84605439624201,-4.09192094471571,168,15.307,665
55.82339957785607,-4.159029032125826,185.0,55.83961965364386,-4.1201104741133365,169,5.455,304
55.82339957785607,-4.159029032125826,185.0,55.85030951683019,-4.217608837338132,170,6.063,509
55.82339957785607,-4.159029032125826,185.0,55.85971342373431,-4.246748195156407,171,8.49,745
55.82339957785607,-4.159029032125826,185.0,55.815747728441636,-4.150792968910081,172,1.932,198
55.82339957785607,-4.159029032125826,185.0,55.80041195127493,-4.3806303679601495,173,20.734,1160
55.82339957785607,-4.159029032125826,185.0,55.85487415463933,-4.092829020720908,174,9.762,497
55.82339957785607,-4.159029032125826,185.0,55.80456076444065,-4.203157873727267,175,5.145,444
55.82339957785607,-4.159029032125826,185.0,55.84723005082115,-4.330151260440624,176,14.268,814
55.82339957785607,-4.159029032125826,185.0,55.88775631668876,-4.123428423568879,177,17.733,950
55.82339957785607,-4.159029032125826,185.0,55.82857385936083,-4.129579652409029,178,3.6,314
55.82339957785607,-4.159029032125826,185.0,55.879865395443076,-4.36272007519476,179,19.905,1125
55.82339957785607,-4.159029032125826,185.0,55.87973669437185,-4.215636550296907,180,18.148,1049
55.82339957785607,-4.159029032125826,185.0,55.8162521393249,-4.1868605517933455,181,2.548,294
55.82339957785607,-4.159029032125826,185.0,55.80755514535402,-4.201625161718038,182,4.898,411
55.82339957785607,-4.159029032125826,185.0,55.85565398843102,-4.250533808562208,183,8.633,792
55.82339957785607,-4.159029032125826,185.0,55.929636326069506,-4.381100658166308,184,36.255,1568
55.82339957785607,-4.159029032125826,185.0,55.879581066995904,-4.21986165885879,185,11.399,1080
55.82339957785607,-4.159029032125826,185.0,55.92647877645629,-4.127886630011083,186,18.976,1085
55.82339957785607,-4.159029032125826,185.0,55.82282427264178,-4.371094162561755,187,18.383,1046
55.82339957785607,-4.159029032125826,185.0,55.90291353127043,-4.3414180899754955,188,21.412,1327
55.82339957785607,-4.159029032125826,185.0,55.78437024600116,-4.156926419796477,189,6.401,468
55.82339957785607,-4.159029032125826,185.0,55.8321542449311,-4.1561720476648265,190,1.792,160
55.82339957785607,-4.159029032125826,185.0,55.88310705812362,-4.084862107847263,191,11.239,479
55.82339957785607,-4.159029032125826,185.0,55.85616333886266,-4.110333739241922,192,6.798,600
55.82339957785607,-4.159029032125826,185.0,55.90185178498145,-4.152652007721208,193,24.343,1436
55.82339957785607,-4.159029032125826,185.0,55.8837118458465,-4.182392741162416,194,18.002,1734
55.82339957785607,-4.159029032125826,185.0,55.83086049774818,-4.312434105301623,195,16.286,951
55.82339957785607,-4.159029032125826,185.0,55.821849459706755,-4.176208567338996,196,1.428,137
55.82339957785607,-4.159029032125826,185.0,55.88009750494633,-4.255964552703097,197,20.426,1009
55.82339957785607,-4.159029032125826,185.0,55.87413911675089,-4.369807111055967,198,17.909,874
55.82339957785607,-4.159029032125826,185.0,55.86354071984154,-4.093406384811447,199,11.342,601
55.849262222438405,-4.157615626090799,186.0,55.8391698042901,-4.214478482526657,0,6.257,546
55.849262222438405,-4.157615626090799,186.0,55.86553667472969,-4.350500876963486,1,18.594,975
55.849262222438405,-4.157615626090799,186.0,55.912892829643965,-4.286410947894997,2,17.088,2102
55.849262222438405,-4.157615626090799,186.0,55.84854019346565,-4.391697428307927,3,18.025,1196
55.849262222438405,-4.157615626090799,186.0,55.79232875093524,-4.310455024670266,4,20.49,1174
55.849262222438405,-4.157615626090799,186.0,55.837143362020576,-4.120043492886959,5,4.453,340
55.849262222438405,-4.157615626090799,186.0,55.84185129809378,-4.283879851305767,6,10.464,849
55.849262222438405,-4.157615626090799,186.0,55.90609664927746,-4.311383718964596,7,15.772,1211
55.849262222438405,-4.157615626090799,186.0,55.7832172019226,-4.31249791159531,8,16.447,1215
55.849262222438405,-4.157615626090799,186.0,55.8177258987159,-4.260489243356555,9,10.414,762
55.849262222438405,-4.157615626090799,186.0,55.903262790870684,-4.212111703691823,10,10.325,992
55.849262222438405,-4.157615626090799,186.0,55.893978813107424,-4.1413270988368325,11,8.254,766
55.849262222438405,-4.157615626090799,186.0,55.894884622950286,-4.154349650804189,12,12.936,790
55.849262222438405,-4.157615626090799,186.0,55.80680963785043,-4.263605759417426,13,12.852,1029
55.849262222438405,-4.157615626090799,186.0,55.81824312166051,-4.346878846315483,14,17.653,1088
55.849262222438405,-4.157615626090799,186.0,55.84742656229786,-4.269221405976544,15,10.829,867
55.849262222438405,-4.157615626090799,186.0,55.80730424868546,-4.315177272898423,16,17.359,1072
55.849262222438405,-4.157615626090799,186.0,55.83798278877758,-4.260604018644594,17,8.935,663
55.849262222438405,-4.157615626090799,186.0,55.89424631095569,-4.343398240721316,18,15.633,1191
55.849262222438405,-4.157615626090799,186.0,55.83908093533876,-4.223069302141199,19,5.771,595
55.849262222438405,-4.157615626090799,186.0,55.8357731433788,-4.270556349194068,20,9.619,713
55.849262222438405,-4.157615626090799,186.0,55.90309627527835,-4.360750370095284,21,17.666,1426
55.849262222438405,-4.157615626090799,186.0,55.85652103589449,-4.101365743428073,22,4.265,440
55.849262222438405,-4.157615626090799,186.0,55.783736419963375,-4.235306054793451,23,11.11,876
55.849262222438405,-4.157615626090799,186.0,55.92064824587275,-4.2358362157531895,24,14.686,1092
55.849262222438405,-4.157615626090799,186.0,55.907674892744176,-4.2497703459088045,25,13.438,2137
55.849262222438405,-4.157615626090799,186.0,55.919604340921964,-4.226208116301384,26,12.532,1052
55.849262222438405,-4.157615626090799,186.0,55.83219148710444,-4.304581930326681,27,16.531,1114
55.849262222438405,-4.157615626090799,186.0,55.79569701419853,-4.1769099124482585,28,7.285,632
55.849262222438405,-4.157615626090799,186.0,55.81260197667657,-4.197841211154324,29,7.127,683
55.849262222438405,-4.157615626090799,186.0,55.826092940761974,-4.176919409292903,30,4.381,483
55.849262222438405,-4.157615626090799,186.0,55.828413149208096,-4.109650878166438,31,7.177,581
55.849262222438405,-4.157615626090799,186.0,55.8999241737755,-4.257993823533507,32,13.537,1081
55.849262222438405,-4.157615626090799,186.0,55.892514250678616,-4.340118142906542,33,15.662,1203
55.849262222438405,-4.157615626090799,186.0,55.855241629670886,-4.269936069312288,34,11.624,721
55.849262222438405,-4.157615626090799,186.0,55.877364911629314,-4.109701193625618,35,7.294,666
55.849262222438405,-4.157615626090799,186.0,55.887053111734645,-4.1280531391159245,36,10.303,859
55.849262222438405,-4.157615626090799,186.0,55.89108676863447,-4.105446803942431,37,12.309,1035
55.849262222438405,-4.157615626090799,186.0,55.842635153466425,-4.334387903339716,38,14.462,903
55.849262222438405,-4.157615626090799,186.0,55.89197542936556,-4.19614108945253,39,8.109,716
55.849262222438405,-4.157615626090799,186.0,55.825849135803445,-4.321179033230789,40,14.709,1014
55.849262222438405,-4.157615626090799,186.0,55.81864602215581,-4.375055705699034,41,18.682,1096
55.849262222438405,-4.157615626090799,186.0,55.92613065482397,-4.212698358862173,42,12.396,1074
55.849262222438405,-4.157615626090799,186.0,55.874439929608144,-4.279689658904073,43,11.465,843
55.849262222438405,-4.157615626090799,186.0,55.81998166828728,-4.245455535821837,44,9.894,667
55.849262222438405,-4.157615626090799,186.0,55.91066980601156,-4.213502644426629,45,12.027,1067
55.849262222438405,-4.157615626090799,186.0,55.8404807486866,-4.356656090229781,46,18.114,1170
55.849262222438405,-4.157615626090799,186.0,55.88708229912325,-4.079055837843032,47,9.939,628
55.849262222438405,-4.157615626090799,186.0,55.84510555179576,-4.178720975321847,48,2.121,259
55.849262222438405,-4.157615626090799,186.0,55.84413340760586,-4.085244529493477,49,8.856,1040
55.849262222438405,-4.157615626090799,186.0,55.83324217210475,-4.157183908594519,50,2.287,292
55.849262222438405,-4.157615626090799,186.0,55.895753278756494,-4.323131413571223,51,15.404,1265
55.849262222438405,-4.157615626090799,186.0,55.88609925330935,-4.38354364327563,52,19.627,1043
55.849262222438405,-4.157615626090799,186.0,55.86596770908397,-4.338853955125049,53,16.41,924
55.849262222438405,-4.157615626090799,186.0,55.819381988004544,-4.256567679373081,54,11.323,817
55.849262222438405,-4.157615626090799,186.0,55.919398785577634,-4.298102785445152,55,17.364,1782
55.849262222438405,-4.157615626090799,186.0,55.81052481551728,-4.0780884232687225,56,9.976,1729
55.849262222438405,-4.157615626090799,186.0,55.8411814367945,-4.125490362928665,57,3.431,344
55.849262222438405,-4.157615626090799,186.0,55.844855881791794,-4.151320272286683,58,1.523,173
55.849262222438405,-4.157615626090799,186.0,55.79334532620707,-4.3052187624925375,59,15.19,1164
55.849262222438405,-4.157615626090799,186.0,55.78499644933002,-4.082518262203789,60,14.436,750
55.849262222438405,-4.157615626090799,186.0,55.86482365717543,-4.074666870071637,61,6.623,724
55.849262222438405,-4.157615626090799,186.0,55.910543969585106,-4.384534109666136,62,19.493,1491
55.849262222438405,-4.157615626090799,186.0,55.799715679086134,-4.188568421733812,63,7.613,823
55.849262222438405,-4.157615626090799,186.0,55.90005630083831,-4.294022887833187,64,14.844,1164
55.849262222438405,-4.157615626090799,186.0,55.82573931186619,-4.210157383495828,65,6.179,496
55.849262222438405,-4.157615626090799,186.0,55.88010014610652,-4.288014027401103,66,13.565,1133
55.849262222438405,-4.157615626090799,186.0,55.8836463272421,-4.377148406451105,67,19.397,1121
55.849262222438405,-4.157615626090799,186.0,55.80511293548626,-4.195982430231648,68,7.437,678
55.849262222438405,-4.157615626090799,186.0,55.9265186267864,-4.256321117900257,69,16.902,1196
55.849262222438405,-4.157615626090799,186.0,55.90353118048908,-4.119171950823842,70,12.911,1096
55.849262222438405,-4.157615626090799,186.0,55.81502357146685,-4.260984914919316,71,10.771,796
55.849262222438405,-4.157615626090799,186.0,55.894355058439295,-4.293143876300353,72,14.134,1112
55.849262222438405,-4.157615626090799,186.0,55.80246488546192,-4.242274834364847,73,12.035,892
55.849262222438405,-4.157615626090799,186.0,55.887581813102464,-4.2985753032369685,74,13.746,1108
55.849262222438405,-4.157615626090799,186.0,55.928290955083554,-4.295962301582311,75,17.786,1196
55.849262222438405,-4.157615626090799,186.0,55.81096058143004,-4.368797105646974,76,20.339,1178
55.849262222438405,-4.157615626090799,186.0,55.84818750128869,-4.3631808239548375,77,19.1,1022
55.849262222438405,-4.157615626090799,186.0,55.81610352786554,-4.330910795148831,78,16.678,928
55.849262222438405,-4.157615626090799,186.0,55.807034270653475,-4.136077366584948,79,6.311,580
55.849262222438405,-4.157615626090799,186.0,55.86778114631985,-4.233612892312959,80,8.595,707
55.849262222438405,-4.157615626090799,186.0,55.79578956690847,-4.368290459919509,81,25.423,2373
55.849262222438405,-4.157615626090799,186.0,55.897877306124535,-4.077031107370425,82,12.298,1374
55.849262222438405,-4.157615626090799,186.0,55.80721289582252,-4.242612882195534,83,11.258,844
55.849262222438405,-4.157615626090799,186.0,55.92209393969709,-4.157940141970138,84,12.353,960
55.849262222438405,-4.157615626090799,186.0,55.79188265083702,-4.28147512844989,85,14.225,1087
55.849262222438405,-4.157615626090799,186.0,55.88043814367632,-4.104360473798184,86,7.106,626
55.849262222438405,-4.157615626090799,186.0,55.90345994988174,-4.293652184560058,87,16.561,1238
55.849262222438405,-4.157615626090799,186.0,55.91230525016259,-4.108196424937476,88,15.591,998
55.849262222438405,-4.157615626090799,186.0,55.90569137930351,-4.3852429216612405,89,19.528,1514
55.849262222438405,-4.157615626090799,186.0,55.824402119970216,-4.298242138123909,90,15.145,935
55.849262222438405,-4.157615626090799,186.0,55.887104625653905,-4.201059285828647,91,7.883,790
55.849262222438405,-4.157615626090799,186.0,55.92006797200308,-4.195257422106852,92,13.184,937
55.849262222438405,-4.157615626090799,186.0,55.7944551107823,-4.1683749063061635,93,7.415,1066
55.849262222438405,-4.157615626090799,186.0,55.88003873447475,-4.304350182381346,94,13.079,1016
55.849262222438405,-4.157615626090799,186.0,55.88308048053683,-4.2942103285768285,95,12.679,990
55.849262222438405,-4.157615626090799,186.0,55.80779271908626,-4.3234306371549245,96,17.949,1060
55.849262222438405,-4.157615626090799,186.0,55.90123467399992,-4.380968632189907,97,24.611,1677
55.849262222438405,-4.157615626090799,186.0,55.88049231589054,-4.293733205570284,98,12.581,981
55.849262222438405,-4.157615626090799,186.0,55.84697147961761,-4.334108806216461,99,14.576,936
55.849262222438405,-4.157615626090799,186.0,55.83067141211495,-4.195633651932574,100,5.423,510
55.849262222438405,-4.157615626090799,186.0,55.89350845984679,-4.099445363541155,101,11.376,806
55.849262222438405,-4.157615626090799,186.0,55.92592408664018,-4.179171340754611,102,12.455,976
55.849262222438405,-4.157615626090799,186.0,55.84941827409408,-4.169566750359822,103,0.812,168
55.849262222438405,-4.157615626090799,186.0,55.92413375575165,-4.226670311636797,104,13.611,1816
55.849262222438405,-4.157615626090799,186.0,55.88995713457192,-4.285031242761631,105,13.074,1015
55.849262222438405,-4.157615626090799,186.0,55.90528066541109,-4.131569818675147,106,12.148,788
55.849262222438405,-4.157615626090799,186.0,55.87850608392288,-4.103517886631066,107,7.437,659
55.849262222438405,-4.157615626090799,186.0,55.80799405798939,-4.284953473560454,108,12.638,1033
55.849262222438405,-4.157615626090799,186.0,55.906815669822045,-4.385279074380807,109,18.839,1429
55.849262222438405,-4.157615626090799,186.0,55.916237634416454,-4.222407816066865,110,12.447,1040
55.849262222438405,-4.157615626090799,186.0,55.915798955837815,-4.088621086891774,111,14.457,881
55.849262222438405,-4.157615626090799,186.0,55.827538479175395,-4.350653065976025,112,17.022,1019
55.849262222438405,-4.157615626090799,186.0,55.799515288981674,-4.0866627646338864,113,10.053,813
55.849262222438405,-4.157615626090799,186.0,55.831024245961984,-4.244756518165482,114,8.375,568
55.849262222438405,-4.157615626090799,186.0,55.86754360554833,-4.2143078261423845,115,7.268,693
55.849262222438405,-4.157615626090799,186.0,55.8574985965699,-4.1521224561179935,116,1.236,206
55.849262222438405,-4.157615626090799,186.0,55.88095643501817,-4.32811659177277,117,18.252,1051
55.849262222438405,-4.157615626090799,186.0,55.85240433608213,-4.177570445500026,118,1.481,200
55.849262222438405,-4.157615626090799,186.0,55.91169549549074,-4.359708873069638,119,19.23,1494
55.849262222438405,-4.157615626090799,186.0,55.92640787519779,-4.300990956079843,120,18.234,1245
55.849262222438405,-4.157615626090799,186.0,55.84019197366069,-4.205566157974415,121,6.081,642
55.849262222438405,-4.157615626090799,186.0,55.866619942939494,-4.268153778778456,122,10.542,824
55.849262222438405,-4.157615626090799,186.0,55.81327411986783,-4.2587495402872255,123,10.75,806
55.849262222438405,-4.157615626090799,186.0,55.86022660117776,-4.154711133590585,124,1.589,230
55.849262222438405,-4.157615626090799,186.0,55.831522729053496,-4.370420634377527,125,19.076,1189
55.849262222438405,-4.157615626090799,186.0,55.84074346341779,-4.172411658039648,126,1.843,220
55.849262222438405,-4.157615626090799,186.0,55.8801412435821,-4.258666277618953,127,10.818,838
55.849262222438405,-4.157615626090799,186.0,55.8434159429892,-4.1056733307349536,128,5.042,449
55.849262222438405,-4.157615626090799,186.0,55.83522057783537,-4.25736952395694,129,8.909,665
55.849262222438405,-4.157615626090799,186.0,55.86467774065618,-4.2250953414252415,130,5.418,541
55.849262222438405,-4.157615626090799,186.0,55.8953662249987,-4.231143624453162,131,11.712,903
55.849262222438405,-4.157615626090799,186.0,55.81920459649808,-4.236238450921302,132,10.478,717
55.849262222438405,-4.157615626090799,186.0,55.900795402502105,-4.206009410292495,133,9.51,882
55.849262222438405,-4.157615626090799,186.0,55.86078490474355,-4.339631469507248,134,16.945,1019
55.849262222438405,-4.157615626090799,186.0,55.924999437053955,-4.191173279124663,135,12.933,928
55.849262222438405,-4.157615626090799,186.0,55.81549096669224,-4.126910343137958,136,6.38,577
55.849262222438405,-4.157615626090799,186.0,55.90135585493081,-4.207622057499793,137,9.509,860
55.849262222438405,-4.157615626090799,186.0,55.845816555475636,-4.129576488296543,138,2.396,288
55.849262222438405,-4.157615626090799,186.0,55.80470047644827,-4.291960781118721,139,13.644,1092
55.849262222438405,-4.157615626090799,186.0,55.89185394491289,-4.179857587296262,140,8.713,659
55.849262222438405,-4.157615626090799,186.0,55.91859399996558,-4.3401659608951215,141,18.096,1345
55.849262222438405,-4.157615626090799,186.0,55.90671476836246,-4.3642865107142725,142,19.317,1466
55.849262222438405,-4.157615626090799,186.0,55.81273399651921,-4.167613047894911,143,4.744,433
55.849262222438405,-4.157615626090799,186.0,55.80939871413575,-4.276056954355674,144,11.926,921
55.849262222438405,-4.157615626090799,186.0,55.88312869327199,-4.214542892826467,145,7.51,761
55.849262222438405,-4.157615626090799,186.0,55.815340374954424,-4.283514492524949,146,12.096,938
55.849262222438405,-4.157615626090799,186.0,55.87864379034378,-4.080636908866371,147,10.919,663
55.849262222438405,-4.157615626090799,186.0,55.89423440492952,-4.2418874418647645,148,12.275,987
55.849262222438405,-4.157615626090799,186.0,55.92796852989922,-4.305970400193036,149,18.362,1268
55.849262222438405,-4.157615626090799,186.0,55.92895153496988,-4.082888064137351,150,15.415,889
55.849262222438405,-4.157615626090799,186.0,55.790766759429424,-4.135285962371055,151,8.439,636
55.849262222438405,-4.157615626090799,186.0,55.80808041573422,-4.184105792933229,152,6.223,550
55.849262222438405,-4.157615626090799,186.0,55.7982747224006,-4.3931924101572655,153,21.147,1273
55.849262222438405,-4.157615626090799,186.0,55.81178474630603,-4.337962602706185,154,17.745,1034
55.849262222438405,-4.157615626090799,186.0,55.852972007756,-4.353957895039277,155,16.144,1022
55.849262222438405,-4.157615626090799,186.0,55.797152036890715,-4.311451416173846,156,19.717,1108
55.849262222438405,-4.157615626090799,186.0,55.84839482833289,-4.1889265673730645,157,2.882,295
55.849262222438405,-4.157615626090799,186.0,55.86383954752864,-4.387927326091926,158,21.736,1049
55.849262222438405,-4.157615626090799,186.0,55.807182357875575,-4.140487806234959,159,5.988,555
55.849262222438405,-4.157615626090799,186.0,55.8296607577131,-4.218765551358871,160,6.52,587
55.849262222438405,-4.157615626090799,186.0,55.82699494590622,-4.295404959002084,161,15.181,912
55.849262222438405,-4.157615626090799,186.0,55.861248665443505,-4.307186036515638,162,14.03,925
55.849262222438405,-4.157615626090799,186.0,55.897857165570365,-4.156645648865112,163,10.189,696
55.849262222438405,-4.157615626090799,186.0,55.877747555317356,-4.342792329217214,164,18.842,1148
55.849262222438405,-4.157615626090799,186.0,55.92259641850896,-4.389236283866068,165,35.098,1612
55.849262222438405,-4.157615626090799,186.0,55.92621339590465,-4.2820478996479165,166,16.686,1145
55.849262222438405,-4.157615626090799,186.0,55.80660612206145,-4.094012410496262,167,9.561,794
55.849262222438405,-4.157615626090799,186.0,55.84605439624201,-4.09192094471571,168,8.642,554
55.849262222438405,-4.157615626090799,186.0,55.83961965364386,-4.1201104741133365,169,3.885,322
55.849262222438405,-4.157615626090799,186.0,55.85030951683019,-4.217608837338132,170,4.907,534
55.849262222438405,-4.157615626090799,186.0,55.85971342373431,-4.246748195156407,171,6.138,647
55.849262222438405,-4.157615626090799,186.0,55.815747728441636,-4.150792968910081,172,4.858,452
55.849262222438405,-4.157615626090799,186.0,55.80041195127493,-4.3806303679601495,173,20.563,1226
55.849262222438405,-4.157615626090799,186.0,55.85487415463933,-4.092829020720908,174,5.594,485
55.849262222438405,-4.157615626090799,186.0,55.80456076444065,-4.203157873727267,175,7.928,698
55.849262222438405,-4.157615626090799,186.0,55.84723005082115,-4.330151260440624,176,14.097,880
55.849262222438405,-4.157615626090799,186.0,55.88775631668876,-4.123428423568879,177,10.438,865
55.849262222438405,-4.157615626090799,186.0,55.82857385936083,-4.129579652409029,178,6.73,611
55.849262222438405,-4.157615626090799,186.0,55.879865395443076,-4.36272007519476,179,19.734,1191
55.849262222438405,-4.157615626090799,186.0,55.87973669437185,-4.215636550296907,180,8.226,857
55.849262222438405,-4.157615626090799,186.0,55.8162521393249,-4.1868605517933455,181,5.331,547
55.849262222438405,-4.157615626090799,186.0,55.80755514535402,-4.201625161718038,182,7.681,665
55.849262222438405,-4.157615626090799,186.0,55.85565398843102,-4.250533808562208,183,6.794,790
55.849262222438405,-4.157615626090799,186.0,55.929636326069506,-4.381100658166308,184,21.157,1510
55.849262222438405,-4.157615626090799,186.0,55.879581066995904,-4.21986165885879,185,8.411,891
55.849262222438405,-4.157615626090799,186.0,55.92647877645629,-4.127886630011083,186,15.551,1026
55.849262222438405,-4.157615626090799,186.0,55.82282427264178,-4.371094162561755,187,18.212,1112
55.849262222438405,-4.157615626090799,186.0,55.90291353127043,-4.3414180899754955,188,16.464,1360
55.849262222438405,-4.157615626090799,186.0,55.78437024600116,-4.156926419796477,189,9.184,722
55.849262222438405,-4.157615626090799,186.0,55.8321542449311,-4.1561720476648265,190,2.327,306
55.849262222438405,-4.157615626090799,186.0,55.88310705812362,-4.084862107847263,191,8.08,545
55.849262222438405,-4.157615626090799,186.0,55.85616333886266,-4.110333739241922,192,4.007,481
55.849262222438405,-4.157615626090799,186.0,55.90185178498145,-4.152652007721208,193,11.982,1339
55.849262222438405,-4.157615626090799,186.0,55.8837118458465,-4.182392741162416,194,6.004,1546
55.849262222438405,-4.157615626090799,186.0,55.83086049774818,-4.312434105301623,195,16.115,1017
55.849262222438405,-4.157615626090799,186.0,55.821849459706755,-4.176208567338996,196,4.211,390
55.849262222438405,-4.157615626090799,186.0,55.88009750494633,-4.255964552703097,197,10.504,817
55.849262222438405,-4.157615626090799,186.0,55.87413911675089,-4.369807111055967,198,17.738,940
55.849262222438405,-4.157615626090799,186.0,55.86354071984154,-4.093406384811447,199,7.174,589
55.80862035087709,-4.0966380596780825,187.0,55.8391698042901,-4.214478482526657,0,12.123,888
55.80862035087709,-4.0966380596780825,187.0,55.86553667472969,-4.350500876963486,1,24.46,1316
55.80862035087709,-4.0966380596780825,187.0,55.912892829643965,-4.286410947894997,2,26.873,2524
55.80862035087709,-4.0966380596780825,187.0,55.84854019346565,-4.391697428307927,3,23.891,1538
55.80862035087709,-4.0966380596780825,187.0,55.79232875093524,-4.310455024670266,4,26.356,1515
55.80862035087709,-4.0966380596780825,187.0,55.837143362020576,-4.120043492886959,5,10.353,707
55.80862035087709,-4.0966380596780825,187.0,55.84185129809378,-4.283879851305767,6,16.33,1190
55.80862035087709,-4.0966380596780825,187.0,55.90609664927746,-4.311383718964596,7,25.557,1633
55.80862035087709,-4.0966380596780825,187.0,55.7832172019226,-4.31249791159531,8,22.313,1557
55.80862035087709,-4.0966380596780825,187.0,55.8177258987159,-4.260489243356555,9,16.28,1103
55.80862035087709,-4.0966380596780825,187.0,55.903262790870684,-4.212111703691823,10,20.11,1414
55.80862035087709,-4.0966380596780825,187.0,55.893978813107424,-4.1413270988368325,11,17.611,1208
55.80862035087709,-4.0966380596780825,187.0,55.894884622950286,-4.154349650804189,12,22.476,1108
55.80862035087709,-4.0966380596780825,187.0,55.80680963785043,-4.263605759417426,13,18.718,1370
55.80862035087709,-4.0966380596780825,187.0,55.81824312166051,-4.346878846315483,14,23.519,1429
55.80862035087709,-4.0966380596780825,187.0,55.84742656229786,-4.269221405976544,15,16.695,1209
55.80862035087709,-4.0966380596780825,187.0,55.80730424868546,-4.315177272898423,16,23.225,1414
55.80862035087709,-4.0966380596780825,187.0,55.83798278877758,-4.260604018644594,17,14.801,1004
55.80862035087709,-4.0966380596780825,187.0,55.89424631095569,-4.343398240721316,18,26.276,1566
55.80862035087709,-4.0966380596780825,187.0,55.83908093533876,-4.223069302141199,19,13.153,1017
55.80862035087709,-4.0966380596780825,187.0,55.8357731433788,-4.270556349194068,20,15.485,1054
55.80862035087709,-4.0966380596780825,187.0,55.90309627527835,-4.360750370095284,21,28.309,1801
55.80862035087709,-4.0966380596780825,187.0,55.85652103589449,-4.101365743428073,22,9.102,773
55.80862035087709,-4.0966380596780825,187.0,55.783736419963375,-4.235306054793451,23,18.818,1266
55.80862035087709,-4.0966380596780825,187.0,55.92064824587275,-4.2358362157531895,24,24.471,1514
55.80862035087709,-4.0966380596780825,187.0,55.907674892744176,-4.2497703459088045,25,23.223,2559
55.80862035087709,-4.0966380596780825,187.0,55.919604340921964,-4.226208116301384,26,29.268,1519
55.80862035087709,-4.0966380596780825,187.0,55.83219148710444,-4.304581930326681,27,22.397,1456
55.80862035087709,-4.0966380596780825,187.0,55.79569701419853,-4.1769099124482585,28,13.661,980
55.80862035087709,-4.0966380596780825,187.0,55.81260197667657,-4.197841211154324,29,13.988,1022
55.80862035087709,-4.0966380596780825,187.0,55.826092940761974,-4.176919409292903,30,10.271,849
55.80862035087709,-4.0966380596780825,187.0,55.828413149208096,-4.109650878166438,31,4.091,468
55.80862035087709,-4.0966380596780825,187.0,55.8999241737755,-4.257993823533507,32,23.322,1504
55.80862035087709,-4.0966380596780825,187.0,55.892514250678616,-4.340118142906542,33,26.305,1577
55.80862035087709,-4.0966380596780825,187.0,55.855241629670886,-4.269936069312288,34,21.409,1143
55.80862035087709,-4.0966380596780825,187.0,55.877364911629314,-4.109701193625618,35,12.402,913
55.80862035087709,-4.0966380596780825,187.0,55.887053111734645,-4.1280531391159245,36,20.99,1189
55.80862035087709,-4.0966380596780825,187.0,55.89108676863447,-4.105446803942431,37,15.331,1200
55.80862035087709,-4.0966380596780825,187.0,55.842635153466425,-4.334387903339716,38,20.328,1244
55.80862035087709,-4.0966380596780825,187.0,55.89197542936556,-4.19614108945253,39,17.894,1138
55.80862035087709,-4.0966380596780825,187.0,55.825849135803445,-4.321179033230789,40,20.575,1356
55.80862035087709,-4.0966380596780825,187.0,55.81864602215581,-4.375055705699034,41,24.548,1438
55.80862035087709,-4.0966380596780825,187.0,55.92613065482397,-4.212698358862173,42,28.642,1514
55.80862035087709,-4.0966380596780825,187.0,55.874439929608144,-4.279689658904073,43,21.25,1265
55.80862035087709,-4.0966380596780825,187.0,55.81998166828728,-4.245455535821837,44,15.76,1008
55.80862035087709,-4.0966380596780825,187.0,55.91066980601156,-4.213502644426629,45,29.624,1569
55.80862035087709,-4.0966380596780825,187.0,55.8404807486866,-4.356656090229781,46,23.98,1512
55.80862035087709,-4.0966380596780825,187.0,55.88708229912325,-4.079055837843032,47,12.961,792
55.80862035087709,-4.0966380596780825,187.0,55.84510555179576,-4.178720975321847,48,9.004,821
55.80862035087709,-4.0966380596780825,187.0,55.84413340760586,-4.085244529493477,49,5.112,926
55.80862035087709,-4.0966380596780825,187.0,55.83324217210475,-4.157183908594519,50,8.368,697
55.80862035087709,-4.0966380596780825,187.0,55.895753278756494,-4.323131413571223,51,26.062,1677
55.80862035087709,-4.0966380596780825,187.0,55.88609925330935,-4.38354364327563,52,25.493,1385
55.80862035087709,-4.0966380596780825,187.0,55.86596770908397,-4.338853955125049,53,22.276,1265
55.80862035087709,-4.0966380596780825,187.0,55.819381988004544,-4.256567679373081,54,17.189,1158
55.80862035087709,-4.0966380596780825,187.0,55.919398785577634,-4.298102785445152,55,27.149,2204
55.80862035087709,-4.0966380596780825,187.0,55.81052481551728,-4.0780884232687225,56,3.186,1323
55.80862035087709,-4.0966380596780825,187.0,55.8411814367945,-4.125490362928665,57,5.557,578
55.80862035087709,-4.0966380596780825,187.0,55.844855881791794,-4.151320272286683,58,8.836,795
55.80862035087709,-4.0966380596780825,187.0,55.79334532620707,-4.3052187624925375,59,21.056,1505
55.80862035087709,-4.0966380596780825,187.0,55.78499644933002,-4.082518262203789,60,8.567,714
55.80862035087709,-4.0966380596780825,187.0,55.86482365717543,-4.074666870071637,61,7.707,847
55.80862035087709,-4.0966380596780825,187.0,55.910543969585106,-4.384534109666136,62,30.136,1866
55.80862035087709,-4.0966380596780825,187.0,55.799715679086134,-4.188568421733812,63,15.321,1213
55.80862035087709,-4.0966380596780825,187.0,55.90005630083831,-4.294022887833187,64,24.629,1587
55.80862035087709,-4.0966380596780825,187.0,55.82573931186619,-4.210157383495828,65,12.045,837
55.80862035087709,-4.0966380596780825,187.0,55.88010014610652,-4.288014027401103,66,23.35,1555
55.80862035087709,-4.0966380596780825,187.0,55.8836463272421,-4.377148406451105,67,25.263,1462
55.80862035087709,-4.0966380596780825,187.0,55.80511293548626,-4.195982430231648,68,15.478,1100
55.80862035087709,-4.0966380596780825,187.0,55.9265186267864,-4.256321117900257,69,26.687,1618
55.80862035087709,-4.0966380596780825,187.0,55.90353118048908,-4.119171950823842,70,15.933,1260
55.80862035087709,-4.0966380596780825,187.0,55.81502357146685,-4.260984914919316,71,16.637,1137
55.80862035087709,-4.0966380596780825,187.0,55.894355058439295,-4.293143876300353,72,23.919,1534
55.80862035087709,-4.0966380596780825,187.0,55.80246488546192,-4.242274834364847,73,17.901,1234
55.80862035087709,-4.0966380596780825,187.0,55.887581813102464,-4.2985753032369685,74,23.531,1530
55.80862035087709,-4.0966380596780825,187.0,55.928290955083554,-4.295962301582311,75,27.571,1618
55.80862035087709,-4.0966380596780825,187.0,55.81096058143004,-4.368797105646974,76,26.205,1520
55.80862035087709,-4.0966380596780825,187.0,55.84818750128869,-4.3631808239548375,77,24.966,1364
55.80862035087709,-4.0966380596780825,187.0,55.81610352786554,-4.330910795148831,78,22.544,1269
55.80862035087709,-4.0966380596780825,187.0,55.807034270653475,-4.136077366584948,79,9.546,770
55.80862035087709,-4.0966380596780825,187.0,55.86778114631985,-4.233612892312959,80,18.38,1129
55.80862035087709,-4.0966380596780825,187.0,55.79578956690847,-4.368290459919509,81,31.289,2714
55.80862035087709,-4.0966380596780825,187.0,55.897877306124535,-4.077031107370425,82,15.32,1538
55.80862035087709,-4.0966380596780825,187.0,55.80721289582252,-4.242612882195534,83,17.124,1185
55.80862035087709,-4.0966380596780825,187.0,55.92209393969709,-4.157940141970138,84,24.577,1286
55.80862035087709,-4.0966380596780825,187.0,55.79188265083702,-4.28147512844989,85,23.797,1470
55.80862035087709,-4.0966380596780825,187.0,55.88043814367632,-4.104360473798184,86,11.712,853
55.80862035087709,-4.0966380596780825,187.0,55.90345994988174,-4.293652184560058,87,26.346,1660
55.80862035087709,-4.0966380596780825,187.0,55.91230525016259,-4.108196424937476,88,18.613,1162
55.80862035087709,-4.0966380596780825,187.0,55.90569137930351,-4.3852429216612405,89,30.171,1889
55.80862035087709,-4.0966380596780825,187.0,55.824402119970216,-4.298242138123909,90,21.011,1277
55.80862035087709,-4.0966380596780825,187.0,55.887104625653905,-4.201059285828647,91,17.668,1212
55.80862035087709,-4.0966380596780825,187.0,55.92006797200308,-4.195257422106852,92,26.647,1332
55.80862035087709,-4.0966380596780825,187.0,55.7944551107823,-4.1683749063061635,93,13.924,1410
55.80862035087709,-4.0966380596780825,187.0,55.88003873447475,-4.304350182381346,94,22.864,1438
55.80862035087709,-4.0966380596780825,187.0,55.88308048053683,-4.2942103285768285,95,22.464,1413
55.80862035087709,-4.0966380596780825,187.0,55.80779271908626,-4.3234306371549245,96,23.815,1401
55.80862035087709,-4.0966380596780825,187.0,55.90123467399992,-4.380968632189907,97,30.477,2018
55.80862035087709,-4.0966380596780825,187.0,55.88049231589054,-4.293733205570284,98,22.366,1403
55.80862035087709,-4.0966380596780825,187.0,55.84697147961761,-4.334108806216461,99,20.442,1277
55.80862035087709,-4.0966380596780825,187.0,55.83067141211495,-4.195633651932574,100,11.289,851
55.80862035087709,-4.0966380596780825,187.0,55.89350845984679,-4.099445363541155,101,14.398,970
55.80862035087709,-4.0966380596780825,187.0,55.92592408664018,-4.179171340754611,102,25.918,1370
55.80862035087709,-4.0966380596780825,187.0,55.84941827409408,-4.169566750359822,103,9.113,844
55.80862035087709,-4.0966380596780825,187.0,55.92413375575165,-4.226670311636797,104,29.857,2257
55.80862035087709,-4.0966380596780825,187.0,55.88995713457192,-4.285031242761631,105,22.859,1437
55.80862035087709,-4.0966380596780825,187.0,55.90528066541109,-4.131569818675147,106,22.256,1134
55.80862035087709,-4.0966380596780825,187.0,55.87850608392288,-4.103517886631066,107,12.043,886
55.80862035087709,-4.0966380596780825,187.0,55.80799405798939,-4.284953473560454,108,18.504,1374
55.80862035087709,-4.0966380596780825,187.0,55.906815669822045,-4.385279074380807,109,29.482,1804
55.80862035087709,-4.0966380596780825,187.0,55.916237634416454,-4.222407816066865,110,29.183,1507
55.80862035087709,-4.0966380596780825,187.0,55.915798955837815,-4.088621086891774,111,17.479,1045
55.80862035087709,-4.0966380596780825,187.0,55.827538479175395,-4.350653065976025,112,22.888,1360
55.80862035087709,-4.0966380596780825,187.0,55.799515288981674,-4.0866627646338864,113,8.406,740
55.80862035087709,-4.0966380596780825,187.0,55.831024245961984,-4.244756518165482,114,14.241,909
55.80862035087709,-4.0966380596780825,187.0,55.86754360554833,-4.2143078261423845,115,17.053,1115
55.80862035087709,-4.0966380596780825,187.0,55.8574985965699,-4.1521224561179935,116,9.511,873
55.80862035087709,-4.0966380596780825,187.0,55.88095643501817,-4.32811659177277,117,24.118,1393
55.80862035087709,-4.0966380596780825,187.0,55.85240433608213,-4.177570445500026,118,10.045,902
55.80862035087709,-4.0966380596780825,187.0,55.91169549549074,-4.359708873069638,119,29.015,1916
55.80862035087709,-4.0966380596780825,187.0,55.92640787519779,-4.300990956079843,120,28.019,1667
55.80862035087709,-4.0966380596780825,187.0,55.84019197366069,-4.205566157974415,121,12.609,1003
55.80862035087709,-4.0966380596780825,187.0,55.866619942939494,-4.268153778778456,122,20.327,1246
55.80862035087709,-4.0966380596780825,187.0,55.81327411986783,-4.2587495402872255,123,16.616,1147
55.80862035087709,-4.0966380596780825,187.0,55.86022660117776,-4.154711133590585,124,13.382,894
55.80862035087709,-4.0966380596780825,187.0,55.831522729053496,-4.370420634377527,125,24.942,1530
55.80862035087709,-4.0966380596780825,187.0,55.84074346341779,-4.172411658039648,126,9.349,741
55.80862035087709,-4.0966380596780825,187.0,55.8801412435821,-4.258666277618953,127,20.603,1260
55.80862035087709,-4.0966380596780825,187.0,55.8434159429892,-4.1056733307349536,128,5.813,607
55.80862035087709,-4.0966380596780825,187.0,55.83522057783537,-4.25736952395694,129,14.775,1006
55.80862035087709,-4.0966380596780825,187.0,55.86467774065618,-4.2250953414252415,130,18.273,1033
55.80862035087709,-4.0966380596780825,187.0,55.8953662249987,-4.231143624453162,131,21.497,1325
55.80862035087709,-4.0966380596780825,187.0,55.81920459649808,-4.236238450921302,132,16.344,1059
55.80862035087709,-4.0966380596780825,187.0,55.900795402502105,-4.206009410292495,133,19.295,1305
55.80862035087709,-4.0966380596780825,187.0,55.86078490474355,-4.339631469507248,134,22.811,1360
55.80862035087709,-4.0966380596780825,187.0,55.924999437053955,-4.191173279124663,135,26.396,1322
55.80862035087709,-4.0966380596780825,187.0,55.81549096669224,-4.126910343137958,136,7.49,679
55.80862035087709,-4.0966380596780825,187.0,55.90135585493081,-4.207622057499793,137,19.294,1282
55.80862035087709,-4.0966380596780825,187.0,55.845816555475636,-4.129576488296543,138,7.457,703
55.80862035087709,-4.0966380596780825,187.0,55.80470047644827,-4.291960781118721,139,19.51,1433
55.80862035087709,-4.0966380596780825,187.0,55.89185394491289,-4.179857587296262,140,18.498,1081
55.80862035087709,-4.0966380596780825,187.0,55.91859399996558,-4.3401659608951215,141,27.881,1767
55.80862035087709,-4.0966380596780825,187.0,55.90671476836246,-4.3642865107142725,142,29.061,1856
55.80862035087709,-4.0966380596780825,187.0,55.81273399651921,-4.167613047894911,143,10.825,838
55.80862035087709,-4.0966380596780825,187.0,55.80939871413575,-4.276056954355674,144,17.792,1262
55.80862035087709,-4.0966380596780825,187.0,55.88312869327199,-4.214542892826467,145,17.295,1183
55.80862035087709,-4.0966380596780825,187.0,55.815340374954424,-4.283514492524949,146,17.962,1279
55.80862035087709,-4.0966380596780825,187.0,55.87864379034378,-4.080636908866371,147,13.941,827
55.80862035087709,-4.0966380596780825,187.0,55.89423440492952,-4.2418874418647645,148,22.06,1409
55.80862035087709,-4.0966380596780825,187.0,55.92796852989922,-4.305970400193036,149,28.147,1690
55.80862035087709,-4.0966380596780825,187.0,55.92895153496988,-4.082888064137351,150,18.437,1053
55.80862035087709,-4.0966380596780825,187.0,55.790766759429424,-4.135285962371055,151,10.389,780
55.80862035087709,-4.0966380596780825,187.0,55.80808041573422,-4.184105792933229,152,12.304,954
55.80862035087709,-4.0966380596780825,187.0,55.7982747224006,-4.3931924101572655,153,27.013,1614
55.80862035087709,-4.0966380596780825,187.0,55.81178474630603,-4.337962602706185,154,23.611,1375
55.80862035087709,-4.0966380596780825,187.0,55.852972007756,-4.353957895039277,155,22.01,1363
55.80862035087709,-4.0966380596780825,187.0,55.797152036890715,-4.311451416173846,156,25.583,1449
55.80862035087709,-4.0966380596780825,187.0,55.84839482833289,-4.1889265673730645,157,9.765,857
55.80862035087709,-4.0966380596780825,187.0,55.86383954752864,-4.387927326091926,158,27.602,1390
55.80862035087709,-4.0966380596780825,187.0,55.807182357875575,-4.140487806234959,159,9.757,768
55.80862035087709,-4.0966380596780825,187.0,55.8296607577131,-4.218765551358871,160,12.386,929
55.80862035087709,-4.0966380596780825,187.0,55.82699494590622,-4.295404959002084,161,21.047,1253
55.80862035087709,-4.0966380596780825,187.0,55.861248665443505,-4.307186036515638,162,19.896,1266
55.80862035087709,-4.0966380596780825,187.0,55.897857165570365,-4.156645648865112,163,19.974,1118
55.80862035087709,-4.0966380596780825,187.0,55.877747555317356,-4.342792329217214,164,24.708,1490
55.80862035087709,-4.0966380596780825,187.0,55.92259641850896,-4.389236283866068,165,40.964,1954
55.80862035087709,-4.0966380596780825,187.0,55.92621339590465,-4.2820478996479165,166,26.471,1567
55.80862035087709,-4.0966380596780825,187.0,55.80660612206145,-4.094012410496262,167,1.563,253
55.80862035087709,-4.0966380596780825,187.0,55.84605439624201,-4.09192094471571,168,15.17,896
55.80862035087709,-4.0966380596780825,187.0,55.83961965364386,-4.1201104741133365,169,5.164,505
55.80862035087709,-4.0966380596780825,187.0,55.85030951683019,-4.217608837338132,170,12.283,967
55.80862035087709,-4.0966380596780825,187.0,55.85971342373431,-4.246748195156407,171,18.986,1179
55.80862035087709,-4.0966380596780825,187.0,55.815747728441636,-4.150792968910081,172,9.517,874
55.80862035087709,-4.0966380596780825,187.0,55.80041195127493,-4.3806303679601495,173,26.429,1567
55.80862035087709,-4.0966380596780825,187.0,55.85487415463933,-4.092829020720908,174,7.456,615
55.80862035087709,-4.0966380596780825,187.0,55.80456076444065,-4.203157873727267,175,15.969,1120
55.80862035087709,-4.0966380596780825,187.0,55.84723005082115,-4.330151260440624,176,19.963,1221
55.80862035087709,-4.0966380596780825,187.0,55.88775631668876,-4.123428423568879,177,17.596,1180
55.80862035087709,-4.0966380596780825,187.0,55.82857385936083,-4.129579652409029,178,7.097,658
55.80862035087709,-4.0966380596780825,187.0,55.879865395443076,-4.36272007519476,179,25.6,1532
55.80862035087709,-4.0966380596780825,187.0,55.87973669437185,-4.215636550296907,180,18.011,1279
55.80862035087709,-4.0966380596780825,187.0,55.8162521393249,-4.1868605517933455,181,11.412,952
55.80862035087709,-4.0966380596780825,187.0,55.80755514535402,-4.201625161718038,182,15.722,1087
55.80862035087709,-4.0966380596780825,187.0,55.85565398843102,-4.250533808562208,183,16.454,1193
55.80862035087709,-4.0966380596780825,187.0,55.929636326069506,-4.381100658166308,184,41.95,1975
55.80862035087709,-4.0966380596780825,187.0,55.879581066995904,-4.21986165885879,185,18.196,1314
55.80862035087709,-4.0966380596780825,187.0,55.92647877645629,-4.127886630011083,186,18.839,1315
55.80862035087709,-4.0966380596780825,187.0,55.82282427264178,-4.371094162561755,187,24.078,1453
55.80862035087709,-4.0966380596780825,187.0,55.90291353127043,-4.3414180899754955,188,27.107,1734
55.80862035087709,-4.0966380596780825,187.0,55.78437024600116,-4.156926419796477,189,14.166,990
55.80862035087709,-4.0966380596780825,187.0,55.8321542449311,-4.1561720476648265,190,8.408,710
55.80862035087709,-4.0966380596780825,187.0,55.88310705812362,-4.084862107847263,191,11.102,709
55.80862035087709,-4.0966380596780825,187.0,55.85616333886266,-4.110333739241922,192,9.745,824
55.80862035087709,-4.0966380596780825,187.0,55.90185178498145,-4.152652007721208,193,24.206,1666
55.80862035087709,-4.0966380596780825,187.0,55.8837118458465,-4.182392741162416,194,17.865,1965
55.80862035087709,-4.0966380596780825,187.0,55.83086049774818,-4.312434105301623,195,21.981,1358
55.80862035087709,-4.0966380596780825,187.0,55.821849459706755,-4.176208567338996,196,10.292,795
55.80862035087709,-4.0966380596780825,187.0,55.88009750494633,-4.255964552703097,197,20.289,1239
55.80862035087709,-4.0966380596780825,187.0,55.87413911675089,-4.369807111055967,198,23.604,1281
55.80862035087709,-4.0966380596780825,187.0,55.86354071984154,-4.093406384811447,199,8.258,712
55.7926020290353,-4.256561940019637,188.0,55.8391698042901,-4.214478482526657,0,8.264,928
55.7926020290353,-4.256561940019637,188.0,55.86553667472969,-4.350500876963486,1,16.844,1220
55.7926020290353,-4.256561940019637,188.0,55.912892829643965,-4.286410947894997,2,18.626,2568
55.7926020290353,-4.256561940019637,188.0,55.84854019346565,-4.391697428307927,3,16.275,1441
55.7926020290353,-4.256561940019637,188.0,55.79232875093524,-4.310455024670266,4,7.657,879
55.7926020290353,-4.256561940019637,188.0,55.837143362020576,-4.120043492886959,5,13.895,1053
55.7926020290353,-4.256561940019637,188.0,55.84185129809378,-4.283879851305767,6,7.755,964
55.7926020290353,-4.256561940019637,188.0,55.90609664927746,-4.311383718964596,7,16.248,1627
55.7926020290353,-4.256561940019637,188.0,55.7832172019226,-4.31249791159531,8,7.987,856
55.7926020290353,-4.256561940019637,188.0,55.8177258987159,-4.260489243356555,9,4.033,588
55.7926020290353,-4.256561940019637,188.0,55.903262790870684,-4.212111703691823,10,15.099,1577
55.7926020290353,-4.256561940019637,188.0,55.893978813107424,-4.1413270988368325,11,16.575,1579
55.7926020290353,-4.256561940019637,188.0,55.894884622950286,-4.154349650804189,12,18.96,1477
55.7926020290353,-4.256561940019637,188.0,55.80680963785043,-4.263605759417426,13,6.471,855
55.7926020290353,-4.256561940019637,188.0,55.81824312166051,-4.346878846315483,14,11.043,1251
55.7926020290353,-4.256561940019637,188.0,55.84742656229786,-4.269221405976544,15,7.952,978
55.7926020290353,-4.256561940019637,188.0,55.80730424868546,-4.315177272898423,16,9.294,1012
55.7926020290353,-4.256561940019637,188.0,55.83798278877758,-4.260604018644594,17,6.226,786
55.7926020290353,-4.256561940019637,188.0,55.89424631095569,-4.343398240721316,18,18.66,1469
55.7926020290353,-4.256561940019637,188.0,55.83908093533876,-4.223069302141199,19,7.786,1024
55.7926020290353,-4.256561940019637,188.0,55.8357731433788,-4.270556349194068,20,6.91,828
55.7926020290353,-4.256561940019637,188.0,55.90309627527835,-4.360750370095284,21,20.693,1704
55.7926020290353,-4.256561940019637,188.0,55.85652103589449,-4.101365743428073,22,18.828,1377
55.7926020290353,-4.256561940019637,188.0,55.783736419963375,-4.235306054793451,23,2.866,468
55.7926020290353,-4.256561940019637,188.0,55.92064824587275,-4.2358362157531895,24,16.224,1557
55.7926020290353,-4.256561940019637,188.0,55.907674892744176,-4.2497703459088045,25,14.976,2602
55.7926020290353,-4.256561940019637,188.0,55.919604340921964,-4.226208116301384,26,16.148,1569
55.7926020290353,-4.256561940019637,188.0,55.83219148710444,-4.304581930326681,27,9.173,1136
55.7926020290353,-4.256561940019637,188.0,55.79569701419853,-4.1769099124482585,28,7.75,749
55.7926020290353,-4.256561940019637,188.0,55.81260197667657,-4.197841211154324,29,5.773,770
55.7926020290353,-4.256561940019637,188.0,55.826092940761974,-4.176919409292903,30,8.26,1034
55.7926020290353,-4.256561940019637,188.0,55.828413149208096,-4.109650878166438,31,17.233,1267
55.7926020290353,-4.256561940019637,188.0,55.8999241737755,-4.257993823533507,32,15.075,1547
55.7926020290353,-4.256561940019637,188.0,55.892514250678616,-4.340118142906542,33,18.689,1481
55.7926020290353,-4.256561940019637,188.0,55.855241629670886,-4.269936069312288,34,10.947,1198
55.7926020290353,-4.256561940019637,188.0,55.877364911629314,-4.109701193625618,35,25.069,1588
55.7926020290353,-4.256561940019637,188.0,55.887053111734645,-4.1280531391159245,36,19.826,1589
55.7926020290353,-4.256561940019637,188.0,55.89108676863447,-4.105446803942431,37,25.057,1804
55.7926020290353,-4.256561940019637,188.0,55.842635153466425,-4.334387903339716,38,12.712,1148
55.7926020290353,-4.256561940019637,188.0,55.89197542936556,-4.19614108945253,39,15.833,1422
55.7926020290353,-4.256561940019637,188.0,55.825849135803445,-4.321179033230789,40,9.152,1057
55.7926020290353,-4.256561940019637,188.0,55.81864602215581,-4.375055705699034,41,12.426,1254
55.7926020290353,-4.256561940019637,188.0,55.92613065482397,-4.212698358862173,42,16.61,1622
55.7926020290353,-4.256561940019637,188.0,55.874439929608144,-4.279689658904073,43,11.507,1255
55.7926020290353,-4.256561940019637,188.0,55.81998166828728,-4.245455535821837,44,3.878,562
55.7926020290353,-4.256561940019637,188.0,55.91066980601156,-4.213502644426629,45,15.562,1572
55.7926020290353,-4.256561940019637,188.0,55.8404807486866,-4.356656090229781,46,12.187,1372
55.7926020290353,-4.256561940019637,188.0,55.88708229912325,-4.079055837843032,47,22.687,1397
55.7926020290353,-4.256561940019637,188.0,55.84510555179576,-4.178720975321847,48,12.217,1141
55.7926020290353,-4.256561940019637,188.0,55.84413340760586,-4.085244529493477,49,19.384,1771
55.7926020290353,-4.256561940019637,188.0,55.83324217210475,-4.157183908594519,50,10.731,1011
55.7926020290353,-4.256561940019637,188.0,55.895753278756494,-4.323131413571223,51,18.446,1580
55.7926020290353,-4.256561940019637,188.0,55.88609925330935,-4.38354364327563,52,17.877,1288
55.7926020290353,-4.256561940019637,188.0,55.86596770908397,-4.338853955125049,53,14.66,1168
55.7926020290353,-4.256561940019637,188.0,55.819381988004544,-4.256567679373081,54,5.307,695
55.7926020290353,-4.256561940019637,188.0,55.919398785577634,-4.298102785445152,55,18.902,2248
55.7926020290353,-4.256561940019637,188.0,55.81052481551728,-4.0780884232687225,56,20.155,2463
55.7926020290353,-4.256561940019637,188.0,55.8411814367945,-4.125490362928665,57,13.155,1215
55.7926020290353,-4.256561940019637,188.0,55.844855881791794,-4.151320272286683,58,12.451,1173
55.7926020290353,-4.256561940019637,188.0,55.79334532620707,-4.3052187624925375,59,7.252,840
55.7926020290353,-4.256561940019637,188.0,55.78499644933002,-4.082518262203789,60,14.944,1038
55.7926020290353,-4.256561940019637,188.0,55.86482365717543,-4.074666870071637,61,20.38,1570
55.7926020290353,-4.256561940019637,188.0,55.910543969585106,-4.384534109666136,62,22.52,1769
55.7926020290353,-4.256561940019637,188.0,55.799715679086134,-4.188568421733812,63,5.449,786
55.7926020290353,-4.256561940019637,188.0,55.90005630083831,-4.294022887833187,64,15.32,1580
55.7926020290353,-4.256561940019637,188.0,55.82573931186619,-4.210157383495828,65,6.433,768
55.7926020290353,-4.256561940019637,188.0,55.88010014610652,-4.288014027401103,66,14.041,1549
55.7926020290353,-4.256561940019637,188.0,55.8836463272421,-4.377148406451105,67,17.647,1365
55.7926020290353,-4.256561940019637,188.0,55.80511293548626,-4.195982430231648,68,6.932,749
55.7926020290353,-4.256561940019637,188.0,55.9265186267864,-4.256321117900257,69,18.44,1662
55.7926020290353,-4.256561940019637,188.0,55.90353118048908,-4.119171950823842,70,25.659,1864
55.7926020290353,-4.256561940019637,188.0,55.81502357146685,-4.260984914919316,71,4.39,622
55.7926020290353,-4.256561940019637,188.0,55.894355058439295,-4.293143876300353,72,14.61,1528
55.7926020290353,-4.256561940019637,188.0,55.80246488546192,-4.242274834364847,73,2.015,432
55.7926020290353,-4.256561940019637,188.0,55.887581813102464,-4.2985753032369685,74,14.222,1524
55.7926020290353,-4.256561940019637,188.0,55.928290955083554,-4.295962301582311,75,19.324,1662
55.7926020290353,-4.256561940019637,188.0,55.81096058143004,-4.368797105646974,76,11.591,1229
55.7926020290353,-4.256561940019637,188.0,55.84818750128869,-4.3631808239548375,77,17.35,1267
55.7926020290353,-4.256561940019637,188.0,55.81610352786554,-4.330910795148831,78,9.273,1008
55.7926020290353,-4.256561940019637,188.0,55.807034270653475,-4.136077366584948,79,12.498,929
55.7926020290353,-4.256561940019637,188.0,55.86778114631985,-4.233612892312959,80,10.302,1203
55.7926020290353,-4.256561940019637,188.0,55.79578956690847,-4.368290459919509,81,21.153,2321
55.7926020290353,-4.256561940019637,188.0,55.897877306124535,-4.077031107370425,82,25.046,2142
55.7926020290353,-4.256561940019637,188.0,55.80721289582252,-4.242612882195534,83,2.02,424
55.7926020290353,-4.256561940019637,188.0,55.92209393969709,-4.157940141970138,84,20.493,1628
55.7926020290353,-4.256561940019637,188.0,55.79188265083702,-4.28147512844989,85,5.399,678
55.7926020290353,-4.256561940019637,188.0,55.88043814367632,-4.104360473798184,86,24.379,1528
55.7926020290353,-4.256561940019637,188.0,55.90345994988174,-4.293652184560058,87,15.789,1625
55.7926020290353,-4.256561940019637,188.0,55.91230525016259,-4.108196424937476,88,28.339,1766
55.7926020290353,-4.256561940019637,188.0,55.90569137930351,-4.3852429216612405,89,22.555,1792
55.7926020290353,-4.256561940019637,188.0,55.824402119970216,-4.298242138123909,90,6.782,948
55.7926020290353,-4.256561940019637,188.0,55.887104625653905,-4.201059285828647,91,13.438,1541
55.7926020290353,-4.256561940019637,188.0,55.92006797200308,-4.195257422106852,92,17.456,1600
55.7926020290353,-4.256561940019637,188.0,55.7944551107823,-4.1683749063061635,93,7.88,1183
55.7926020290353,-4.256561940019637,188.0,55.88003873447475,-4.304350182381346,94,13.777,1471
55.7926020290353,-4.256561940019637,188.0,55.88308048053683,-4.2942103285768285,95,13.377,1446
55.7926020290353,-4.256561940019637,188.0,55.80779271908626,-4.3234306371549245,96,9.742,1059
55.7926020290353,-4.256561940019637,188.0,55.90123467399992,-4.380968632189907,97,22.861,1921
55.7926020290353,-4.256561940019637,188.0,55.88049231589054,-4.293733205570284,98,13.279,1436
55.7926020290353,-4.256561940019637,188.0,55.84697147961761,-4.334108806216461,99,12.826,1181
55.7926020290353,-4.256561940019637,188.0,55.83067141211495,-4.195633651932574,100,8.482,978
55.7926020290353,-4.256561940019637,188.0,55.89350845984679,-4.099445363541155,101,24.124,1574
55.7926020290353,-4.256561940019637,188.0,55.92592408664018,-4.179171340754611,102,21.834,1712
55.7926020290353,-4.256561940019637,188.0,55.84941827409408,-4.169566750359822,103,12.922,1207
55.7926020290353,-4.256561940019637,188.0,55.92413375575165,-4.226670311636797,104,17.825,2364
55.7926020290353,-4.256561940019637,188.0,55.88995713457192,-4.285031242761631,105,13.55,1430
55.7926020290353,-4.256561940019637,188.0,55.90528066541109,-4.131569818675147,106,18.172,1476
55.7926020290353,-4.256561940019637,188.0,55.87850608392288,-4.103517886631066,107,24.71,1562
55.7926020290353,-4.256561940019637,188.0,55.80799405798939,-4.284953473560454,108,6.257,859
55.7926020290353,-4.256561940019637,188.0,55.906815669822045,-4.385279074380807,109,21.866,1707
55.7926020290353,-4.256561940019637,188.0,55.916237634416454,-4.222407816066865,110,16.063,1557
55.7926020290353,-4.256561940019637,188.0,55.915798955837815,-4.088621086891774,111,27.205,1650
55.7926020290353,-4.256561940019637,188.0,55.827538479175395,-4.350653065976025,112,10.412,1182
55.7926020290353,-4.256561940019637,188.0,55.799515288981674,-4.0866627646338864,113,15.503,1155
55.7926020290353,-4.256561940019637,188.0,55.831024245961984,-4.244756518165482,114,5.205,684
55.7926020290353,-4.256561940019637,188.0,55.86754360554833,-4.2143078261423845,115,11.749,1349
55.7926020290353,-4.256561940019637,188.0,55.8574985965699,-4.1521224561179935,116,13.607,1299
55.7926020290353,-4.256561940019637,188.0,55.88095643501817,-4.32811659177277,117,16.502,1296
55.7926020290353,-4.256561940019637,188.0,55.85240433608213,-4.177570445500026,118,13.086,1258
55.7926020290353,-4.256561940019637,188.0,55.91169549549074,-4.359708873069638,119,22.678,1896
55.7926020290353,-4.256561940019637,188.0,55.92640787519779,-4.300990956079843,120,19.772,1711
55.7926020290353,-4.256561940019637,188.0,55.84019197366069,-4.205566157974415,121,8.75,1043
55.7926020290353,-4.256561940019637,188.0,55.866619942939494,-4.268153778778456,122,11.3,1336
55.7926020290353,-4.256561940019637,188.0,55.81327411986783,-4.2587495402872255,123,3.453,586
55.7926020290353,-4.256561940019637,188.0,55.86022660117776,-4.154711133590585,124,13.96,1329
55.7926020290353,-4.256561940019637,188.0,55.831522729053496,-4.370420634377527,125,12.466,1353
55.7926020290353,-4.256561940019637,188.0,55.84074346341779,-4.172411658039648,126,11.29,1061
55.7926020290353,-4.256561940019637,188.0,55.8801412435821,-4.258666277618953,127,12.456,1415
55.7926020290353,-4.256561940019637,188.0,55.8434159429892,-4.1056733307349536,128,15.693,1240
55.7926020290353,-4.256561940019637,188.0,55.83522057783537,-4.25736952395694,129,6.2,788
55.7926020290353,-4.256561940019637,188.0,55.86467774065618,-4.2250953414252415,130,10.107,1115
55.7926020290353,-4.256561940019637,188.0,55.8953662249987,-4.231143624453162,131,13.25,1369
55.7926020290353,-4.256561940019637,188.0,55.81920459649808,-4.236238450921302,132,4.462,612
55.7926020290353,-4.256561940019637,188.0,55.900795402502105,-4.206009410292495,133,15.417,1564
55.7926020290353,-4.256561940019637,188.0,55.86078490474355,-4.339631469507248,134,15.195,1263
55.7926020290353,-4.256561940019637,188.0,55.924999437053955,-4.191173279124663,135,17.707,1609
55.7926020290353,-4.256561940019637,188.0,55.81549096669224,-4.126910343137958,136,13.555,1018
55.7926020290353,-4.256561940019637,188.0,55.90135585493081,-4.207622057499793,137,15.416,1541
55.7926020290353,-4.256561940019637,188.0,55.845816555475636,-4.129576488296543,138,13.824,1261
55.7926020290353,-4.256561940019637,188.0,55.80470047644827,-4.291960781118721,139,8.487,994
55.7926020290353,-4.256561940019637,188.0,55.89185394491289,-4.179857587296262,140,14.737,1347
55.7926020290353,-4.256561940019637,188.0,55.91859399996558,-4.3401659608951215,141,21.544,1746
55.7926020290353,-4.256561940019637,188.0,55.90671476836246,-4.3642865107142725,142,21.445,1760
55.7926020290353,-4.256561940019637,188.0,55.81273399651921,-4.167613047894911,143,7.751,768
55.7926020290353,-4.256561940019637,188.0,55.80939871413575,-4.276056954355674,144,5.545,747
55.7926020290353,-4.256561940019637,188.0,55.88312869327199,-4.214542892826467,145,12.821,1395
55.7926020290353,-4.256561940019637,188.0,55.815340374954424,-4.283514492524949,146,5.715,764
55.7926020290353,-4.256561940019637,188.0,55.87864379034378,-4.080636908866371,147,23.667,1431
55.7926020290353,-4.256561940019637,188.0,55.89423440492952,-4.2418874418647645,148,13.813,1453
55.7926020290353,-4.256561940019637,188.0,55.92796852989922,-4.305970400193036,149,19.9,1734
55.7926020290353,-4.256561940019637,188.0,55.92895153496988,-4.082888064137351,150,28.163,1658
55.7926020290353,-4.256561940019637,188.0,55.790766759429424,-4.135285962371055,151,10.305,824
55.7926020290353,-4.256561940019637,188.0,55.80808041573422,-4.184105792933229,152,6.548,685
55.7926020290353,-4.256561940019637,188.0,55.7982747224006,-4.3931924101572655,153,13.229,1336
55.7926020290353,-4.256561940019637,188.0,55.81178474630603,-4.337962602706185,154,9.688,1054
55.7926020290353,-4.256561940019637,188.0,55.852972007756,-4.353957895039277,155,14.394,1267
55.7926020290353,-4.256561940019637,188.0,55.797152036890715,-4.311451416173846,156,7.542,872
55.7926020290353,-4.256561940019637,188.0,55.84839482833289,-4.1889265673730645,157,12.868,1176
55.7926020290353,-4.256561940019637,188.0,55.86383954752864,-4.387927326091926,158,19.986,1294
55.7926020290353,-4.256561940019637,188.0,55.807182357875575,-4.140487806234959,159,9.581,884
55.7926020290353,-4.256561940019637,188.0,55.8296607577131,-4.218765551358871,160,6.199,814
55.7926020290353,-4.256561940019637,188.0,55.82699494590622,-4.295404959002084,161,6.849,937
55.7926020290353,-4.256561940019637,188.0,55.861248665443505,-4.307186036515638,162,12.28,1170
55.7926020290353,-4.256561940019637,188.0,55.897857165570365,-4.156645648865112,163,16.213,1383
55.7926020290353,-4.256561940019637,188.0,55.877747555317356,-4.342792329217214,164,17.092,1393
55.7926020290353,-4.256561940019637,188.0,55.92259641850896,-4.389236283866068,165,33.348,1857
55.7926020290353,-4.256561940019637,188.0,55.92621339590465,-4.2820478996479165,166,18.224,1611
55.7926020290353,-4.256561940019637,188.0,55.80660612206145,-4.094012410496262,167,19.74,1528
55.7926020290353,-4.256561940019637,188.0,55.84605439624201,-4.09192094471571,168,24.896,1500
55.7926020290353,-4.256561940019637,188.0,55.83961965364386,-4.1201104741133365,169,15.044,1139
55.7926020290353,-4.256561940019637,188.0,55.85030951683019,-4.217608837338132,170,8.335,1059
55.7926020290353,-4.256561940019637,188.0,55.85971342373431,-4.246748195156407,171,8.84,1052
55.7926020290353,-4.256561940019637,188.0,55.815747728441636,-4.150792968910081,172,9.769,982
55.7926020290353,-4.256561940019637,188.0,55.80041195127493,-4.3806303679601495,173,21.527,1299
55.7926020290353,-4.256561940019637,188.0,55.85487415463933,-4.092829020720908,174,19.351,1331
55.7926020290353,-4.256561940019637,188.0,55.80456076444065,-4.203157873727267,175,7.423,769
55.7926020290353,-4.256561940019637,188.0,55.84723005082115,-4.330151260440624,176,12.347,1124
55.7926020290353,-4.256561940019637,188.0,55.88775631668876,-4.123428423568879,177,19.961,1595
55.7926020290353,-4.256561940019637,188.0,55.82857385936083,-4.129579652409029,178,15.628,1193
55.7926020290353,-4.256561940019637,188.0,55.879865395443076,-4.36272007519476,179,17.984,1435
55.7926020290353,-4.256561940019637,188.0,55.87973669437185,-4.215636550296907,180,12.108,1407
55.7926020290353,-4.256561940019637,188.0,55.8162521393249,-4.1868605517933455,181,7.93,791
55.7926020290353,-4.256561940019637,188.0,55.80755514535402,-4.201625161718038,182,4.831,729
55.7926020290353,-4.256561940019637,188.0,55.85565398843102,-4.250533808562208,183,7.879,953
55.7926020290353,-4.256561940019637,188.0,55.929636326069506,-4.381100658166308,184,34.334,1878
55.7926020290353,-4.256561940019637,188.0,55.879581066995904,-4.21986165885879,185,11.749,1387
55.7926020290353,-4.256561940019637,188.0,55.92647877645629,-4.127886630011083,186,21.575,1714
55.7926020290353,-4.256561940019637,188.0,55.82282427264178,-4.371094162561755,187,11.602,1276
55.7926020290353,-4.256561940019637,188.0,55.90291353127043,-4.3414180899754955,188,19.491,1638
55.7926020290353,-4.256561940019637,188.0,55.78437024600116,-4.156926419796477,189,9.649,839
55.7926020290353,-4.256561940019637,188.0,55.8321542449311,-4.1561720476648265,190,10.771,1025
55.7926020290353,-4.256561940019637,188.0,55.88310705812362,-4.084862107847263,191,20.828,1313
55.7926020290353,-4.256561940019637,188.0,55.85616333886266,-4.110333739241922,192,19.471,1428
55.7926020290353,-4.256561940019637,188.0,55.90185178498145,-4.152652007721208,193,20.122,2008
55.7926020290353,-4.256561940019637,188.0,55.8837118458465,-4.182392741162416,194,16.401,2356
55.7926020290353,-4.256561940019637,188.0,55.83086049774818,-4.312434105301623,195,8.757,1038
55.7926020290353,-4.256561940019637,188.0,55.821849459706755,-4.176208567338996,196,9.168,913
55.7926020290353,-4.256561940019637,188.0,55.88009750494633,-4.255964552703097,197,12.142,1393
55.7926020290353,-4.256561940019637,188.0,55.87413911675089,-4.369807111055967,198,15.988,1184
55.7926020290353,-4.256561940019637,188.0,55.86354071984154,-4.093406384811447,199,20.931,1435
55.909376568223294,-4.382614192123088,189.0,55.8391698042901,-4.214478482526657,0,19.407,1315
55.909376568223294,-4.382614192123088,189.0,55.86553667472969,-4.350500876963486,1,20.884,935
55.909376568223294,-4.382614192123088,189.0,55.912892829643965,-4.286410947894997,2,11.237,1723
55.909376568223294,-4.382614192123088,189.0,55.84854019346565,-4.391697428307927,3,19.098,1038
55.909376568223294,-4.382614192123088,189.0,55.79232875093524,-4.310455024670266,4,22.521,1447
55.909376568223294,-4.382614192123088,189.0,55.837143362020576,-4.120043492886959,5,23.106,1327
55.909376568223294,-4.382614192123088,189.0,55.84185129809378,-4.283879851305767,6,14.265,1189
55.909376568223294,-4.382614192123088,189.0,55.90609664927746,-4.311383718964596,7,5.547,608
55.909376568223294,-4.382614192123088,189.0,55.7832172019226,-4.31249791159531,8,24.109,1505
55.909376568223294,-4.382614192123088,189.0,55.8177258987159,-4.260489243356555,9,18.078,1377
55.909376568223294,-4.382614192123088,189.0,55.903262790870684,-4.212111703691823,10,16.878,1235
55.909376568223294,-4.382614192123088,189.0,55.893978813107424,-4.1413270988368325,11,23.054,1516
55.909376568223294,-4.382614192123088,189.0,55.894884622950286,-4.154349650804189,12,22.646,1385
55.909376568223294,-4.382614192123088,189.0,55.80680963785043,-4.263605759417426,13,19.843,1601
55.909376568223294,-4.382614192123088,189.0,55.81824312166051,-4.346878846315483,14,23.734,1373
55.909376568223294,-4.382614192123088,189.0,55.84742656229786,-4.269221405976544,15,13.677,1084
55.909376568223294,-4.382614192123088,189.0,55.80730424868546,-4.315177272898423,16,19.39,1345
55.909376568223294,-4.382614192123088,189.0,55.83798278877758,-4.260604018644594,17,14.459,1194
55.909376568223294,-4.382614192123088,189.0,55.89424631095569,-4.343398240721316,18,3.996,369
55.909376568223294,-4.382614192123088,189.0,55.83908093533876,-4.223069302141199,19,16.998,1346
55.909376568223294,-4.382614192123088,189.0,55.8357731433788,-4.270556349194068,20,14.481,1095
55.909376568223294,-4.382614192123088,189.0,55.90309627527835,-4.360750370095284,21,2.673,292
55.909376568223294,-4.382614192123088,189.0,55.85652103589449,-4.101365743428073,22,21.005,1330
55.909376568223294,-4.382614192123088,189.0,55.783736419963375,-4.235306054793451,23,22.138,1668
55.909376568223294,-4.382614192123088,189.0,55.92064824587275,-4.2358362157531895,24,13.589,873
55.909376568223294,-4.382614192123088,189.0,55.907674892744176,-4.2497703459088045,25,17.205,2316
55.909376568223294,-4.382614192123088,189.0,55.919604340921964,-4.226208116301384,26,16.017,1076
55.909376568223294,-4.382614192123088,189.0,55.83219148710444,-4.304581930326681,27,18.562,1387
55.909376568223294,-4.382614192123088,189.0,55.79569701419853,-4.1769099124482585,28,23.822,1600
55.909376568223294,-4.382614192123088,189.0,55.81260197667657,-4.197841211154324,29,21.233,1467
55.909376568223294,-4.382614192123088,189.0,55.826092940761974,-4.176919409292903,30,19.763,1400
55.909376568223294,-4.382614192123088,189.0,55.828413149208096,-4.109650878166438,31,26.567,1590
55.909376568223294,-4.382614192123088,189.0,55.8999241737755,-4.257993823533507,32,14.366,988
55.909376568223294,-4.382614192123088,189.0,55.892514250678616,-4.340118142906542,33,4.161,398
55.909376568223294,-4.382614192123088,189.0,55.855241629670886,-4.269936069312288,34,11.521,825
55.909376568223294,-4.382614192123088,189.0,55.877364911629314,-4.109701193625618,35,21.406,1431
55.909376568223294,-4.382614192123088,189.0,55.887053111734645,-4.1280531391159245,36,23.512,1497
55.909376568223294,-4.382614192123088,189.0,55.89108676863447,-4.105446803942431,37,25.245,1803
55.909376568223294,-4.382614192123088,189.0,55.842635153466425,-4.334387903339716,38,11.65,1032
55.909376568223294,-4.382614192123088,189.0,55.89197542936556,-4.19614108945253,39,19.136,1338
55.909376568223294,-4.382614192123088,189.0,55.825849135803445,-4.321179033230789,40,16.74,1287
55.909376568223294,-4.382614192123088,189.0,55.81864602215581,-4.375055705699034,41,22.423,1228
55.909376568223294,-4.382614192123088,189.0,55.92613065482397,-4.212698358862173,42,16.645,1146
55.909376568223294,-4.382614192123088,189.0,55.874439929608144,-4.279689658904073,43,8.808,844
55.909376568223294,-4.382614192123088,189.0,55.81998166828728,-4.245455535821837,44,17.558,1282
55.909376568223294,-4.382614192123088,189.0,55.91066980601156,-4.213502644426629,45,15.717,1105
55.909376568223294,-4.382614192123088,189.0,55.8404807486866,-4.356656090229781,46,24.067,1227
55.909376568223294,-4.382614192123088,189.0,55.88708229912325,-4.079055837843032,47,24.25,1563
55.909376568223294,-4.382614192123088,189.0,55.84510555179576,-4.178720975321847,48,21.428,1416
55.909376568223294,-4.382614192123088,189.0,55.84413340760586,-4.085244529493477,49,25.504,1864
55.909376568223294,-4.382614192123088,189.0,55.83324217210475,-4.157183908594519,50,21.29,1413
55.909376568223294,-4.382614192123088,189.0,55.895753278756494,-4.323131413571223,51,5.282,552
55.909376568223294,-4.382614192123088,189.0,55.88609925330935,-4.38354364327563,52,20.025,935
55.909376568223294,-4.382614192123088,189.0,55.86596770908397,-4.338853955125049,53,8.918,800
55.909376568223294,-4.382614192123088,189.0,55.819381988004544,-4.256567679373081,54,18.987,1432
55.909376568223294,-4.382614192123088,189.0,55.919398785577634,-4.298102785445152,55,11.513,1403
55.909376568223294,-4.382614192123088,189.0,55.81052481551728,-4.0780884232687225,56,29.366,2738
55.909376568223294,-4.382614192123088,189.0,55.8411814367945,-4.125490362928665,57,24.648,1486
55.909376568223294,-4.382614192123088,189.0,55.844855881791794,-4.151320272286683,58,22.28,1466
55.909376568223294,-4.382614192123088,189.0,55.79334532620707,-4.3052187624925375,59,22.852,1453
55.909376568223294,-4.382614192123088,189.0,55.78499644933002,-4.082518262203789,60,33.089,1737
55.909376568223294,-4.382614192123088,189.0,55.86482365717543,-4.074666870071637,61,23.271,1547
55.909376568223294,-4.382614192123088,189.0,55.910543969585106,-4.384534109666136,62,0.284,59
55.909376568223294,-4.382614192123088,189.0,55.799715679086134,-4.188568421733812,63,23.804,1759
55.909376568223294,-4.382614192123088,189.0,55.90005630083831,-4.294022887833187,64,7.578,721
55.909376568223294,-4.382614192123088,189.0,55.82573931186619,-4.210157383495828,65,19.29,1282
55.909376568223294,-4.382614192123088,189.0,55.88010014610652,-4.288014027401103,66,8.081,861
55.909376568223294,-4.382614192123088,189.0,55.8836463272421,-4.377148406451105,67,20.459,1014
55.909376568223294,-4.382614192123088,189.0,55.80511293548626,-4.195982430231648,68,22.213,1542
55.909376568223294,-4.382614192123088,189.0,55.9265186267864,-4.256321117900257,69,12.487,861
55.909376568223294,-4.382614192123088,189.0,55.90353118048908,-4.119171950823842,70,23.913,1719
55.909376568223294,-4.382614192123088,189.0,55.81502357146685,-4.260984914919316,71,18.435,1411
55.909376568223294,-4.382614192123088,189.0,55.894355058439295,-4.293143876300353,72,8.019,764
55.909376568223294,-4.382614192123088,189.0,55.80246488546192,-4.242274834364847,73,19.699,1508
55.909376568223294,-4.382614192123088,189.0,55.887581813102464,-4.2985753032369685,74,7.446,757
55.909376568223294,-4.382614192123088,189.0,55.928290955083554,-4.295962301582311,75,8.366,668
55.909376568223294,-4.382614192123088,189.0,55.81096058143004,-4.368797105646974,76,24.031,1420
55.909376568223294,-4.382614192123088,189.0,55.84818750128869,-4.3631808239548375,77,21.767,1004
55.909376568223294,-4.382614192123088,189.0,55.81610352786554,-4.330910795148831,78,18.709,1201
55.909376568223294,-4.382614192123088,189.0,55.807034270653475,-4.136077366584948,79,22.997,1651
55.909376568223294,-4.382614192123088,189.0,55.86778114631985,-4.233612892312959,80,12.291,1042
55.909376568223294,-4.382614192123088,189.0,55.79578956690847,-4.368290459919509,81,25.966,2539
55.909376568223294,-4.382614192123088,189.0,55.897877306124535,-4.077031107370425,82,27.036,2269
55.909376568223294,-4.382614192123088,189.0,55.80721289582252,-4.242612882195534,83,18.922,1459
55.909376568223294,-4.382614192123088,189.0,55.92209393969709,-4.157940141970138,84,20.699,1335
55.909376568223294,-4.382614192123088,189.0,55.79188265083702,-4.28147512844989,85,23.714,1508
55.909376568223294,-4.382614192123088,189.0,55.88043814367632,-4.104360473798184,86,21.218,1391
55.909376568223294,-4.382614192123088,189.0,55.90345994988174,-4.293652184560058,87,7.648,738
55.909376568223294,-4.382614192123088,189.0,55.91230525016259,-4.108196424937476,88,24.937,1627
55.909376568223294,-4.382614192123088,189.0,55.90569137930351,-4.3852429216612405,89,0.897,146
55.909376568223294,-4.382614192123088,189.0,55.824402119970216,-4.298242138123909,90,17.176,1208
55.909376568223294,-4.382614192123088,189.0,55.887104625653905,-4.201059285828647,91,19.337,1438
55.909376568223294,-4.382614192123088,189.0,55.92006797200308,-4.195257422106852,92,16.087,1079
55.909376568223294,-4.382614192123088,189.0,55.7944551107823,-4.1683749063061635,93,23.952,2034
55.909376568223294,-4.382614192123088,189.0,55.88003873447475,-4.304350182381346,94,6.963,682
55.909376568223294,-4.382614192123088,189.0,55.88308048053683,-4.2942103285768285,95,7.421,702
55.909376568223294,-4.382614192123088,189.0,55.80779271908626,-4.3234306371549245,96,19.98,1333
55.909376568223294,-4.382614192123088,189.0,55.90123467399992,-4.380968632189907,97,3.801,465
55.909376568223294,-4.382614192123088,189.0,55.88049231589054,-4.293733205570284,98,7.323,692
55.909376568223294,-4.382614192123088,189.0,55.84697147961761,-4.334108806216461,99,11.24,966
55.909376568223294,-4.382614192123088,189.0,55.83067141211495,-4.195633651932574,100,18.573,1279
55.909376568223294,-4.382614192123088,189.0,55.89350845984679,-4.099445363541155,101,25.06,1635
55.909376568223294,-4.382614192123088,189.0,55.92592408664018,-4.179171340754611,102,18.258,1223
55.909376568223294,-4.382614192123088,189.0,55.84941827409408,-4.169566750359822,103,17.068,1473
55.909376568223294,-4.382614192123088,189.0,55.92413375575165,-4.226670311636797,104,17.86,1889
55.909376568223294,-4.382614192123088,189.0,55.88995713457192,-4.285031242761631,105,8.177,765
55.909376568223294,-4.382614192123088,189.0,55.90528066541109,-4.131569818675147,106,21.275,1355
55.909376568223294,-4.382614192123088,189.0,55.87850608392288,-4.103517886631066,107,21.549,1424
55.909376568223294,-4.382614192123088,189.0,55.80799405798939,-4.284953473560454,108,18.479,1463
55.909376568223294,-4.382614192123088,189.0,55.906815669822045,-4.385279074380807,109,0.678,99
55.909376568223294,-4.382614192123088,189.0,55.916237634416454,-4.222407816066865,110,15.769,1058
55.909376568223294,-4.382614192123088,189.0,55.915798955837815,-4.088621086891774,111,25.655,1662
55.909376568223294,-4.382614192123088,189.0,55.827538479175395,-4.350653065976025,112,24.61,1305
55.909376568223294,-4.382614192123088,189.0,55.799515288981674,-4.0866627646338864,113,33.459,1850
55.909376568223294,-4.382614192123088,189.0,55.831024245961984,-4.244756518165482,114,16.039,1183
55.909376568223294,-4.382614192123088,189.0,55.86754360554833,-4.2143078261423845,115,13.631,1158
55.909376568223294,-4.382614192123088,189.0,55.8574985965699,-4.1521224561179935,116,18.915,1374
55.909376568223294,-4.382614192123088,189.0,55.88095643501817,-4.32811659177277,117,6.201,584
55.909376568223294,-4.382614192123088,189.0,55.85240433608213,-4.177570445500026,118,16.353,1345
55.909376568223294,-4.382614192123088,189.0,55.91169549549074,-4.359708873069638,119,1.71,291
55.909376568223294,-4.382614192123088,189.0,55.92640787519779,-4.300990956079843,120,8.174,689
55.909376568223294,-4.382614192123088,189.0,55.84019197366069,-4.205566157974415,121,19.893,1430
55.909376568223294,-4.382614192123088,189.0,55.866619942939494,-4.268153778778456,122,10.116,996
55.909376568223294,-4.382614192123088,189.0,55.81327411986783,-4.2587495402872255,123,18.414,1421
55.909376568223294,-4.382614192123088,189.0,55.86022660117776,-4.154711133590585,124,18.132,1301
55.909376568223294,-4.382614192123088,189.0,55.831522729053496,-4.370420634377527,125,24.072,1234
55.909376568223294,-4.382614192123088,189.0,55.84074346341779,-4.172411658039648,126,20.501,1335
55.909376568223294,-4.382614192123088,189.0,55.8801412435821,-4.258666277618953,127,15.471,1074
55.909376568223294,-4.382614192123088,189.0,55.8434159429892,-4.1056733307349536,128,24.904,1514
55.909376568223294,-4.382614192123088,189.0,55.83522057783537,-4.25736952395694,129,15.098,1222
55.909376568223294,-4.382614192123088,189.0,55.86467774065618,-4.2250953414252415,130,12.415,995
55.909376568223294,-4.382614192123088,189.0,55.8953662249987,-4.231143624453162,131,17.131,1190
55.909376568223294,-4.382614192123088,189.0,55.81920459649808,-4.236238450921302,132,18.142,1333
55.909376568223294,-4.382614192123088,189.0,55.900795402502105,-4.206009410292495,133,17.691,1315
55.909376568223294,-4.382614192123088,189.0,55.86078490474355,-4.339631469507248,134,9.453,895
55.909376568223294,-4.382614192123088,189.0,55.924999437053955,-4.191173279124663,135,16.338,1088
55.909376568223294,-4.382614192123088,189.0,55.81549096669224,-4.126910343137958,136,23.988,1698
55.909376568223294,-4.382614192123088,189.0,55.90135585493081,-4.207622057499793,137,17.58,1277
55.909376568223294,-4.382614192123088,189.0,55.845816555475636,-4.129576488296543,138,22.105,1543
55.909376568223294,-4.382614192123088,189.0,55.80470047644827,-4.291960781118721,139,18.506,1441
55.909376568223294,-4.382614192123088,189.0,55.89185394491289,-4.179857587296262,140,16.619,1155
55.909376568223294,-4.382614192123088,189.0,55.91859399996558,-4.3401659608951215,141,6.097,545
55.909376568223294,-4.382614192123088,189.0,55.90671476836246,-4.3642865107142725,142,1.576,228
55.909376568223294,-4.382614192123088,189.0,55.81273399651921,-4.167613047894911,143,21.046,1461
55.909376568223294,-4.382614192123088,189.0,55.80939871413575,-4.276056954355674,144,18.387,1427
55.909376568223294,-4.382614192123088,189.0,55.88312869327199,-4.214542892826467,145,14.439,1199
55.909376568223294,-4.382614192123088,189.0,55.815340374954424,-4.283514492524949,146,17.381,1312
55.909376568223294,-4.382614192123088,189.0,55.87864379034378,-4.080636908866371,147,25.23,1598
55.909376568223294,-4.382614192123088,189.0,55.89423440492952,-4.2418874418647645,148,15.007,1102
55.909376568223294,-4.382614192123088,189.0,55.92796852989922,-4.305970400193036,149,8.302,712
55.909376568223294,-4.382614192123088,189.0,55.92895153496988,-4.082888064137351,150,24.223,1594
55.909376568223294,-4.382614192123088,189.0,55.790766759429424,-4.135285962371055,151,26.377,1676
55.909376568223294,-4.382614192123088,189.0,55.80808041573422,-4.184105792933229,152,22.007,1473
55.909376568223294,-4.382614192123088,189.0,55.7982747224006,-4.3931924101572655,153,23.997,1382
55.909376568223294,-4.382614192123088,189.0,55.81178474630603,-4.337962602706185,154,24.722,1366
55.909376568223294,-4.382614192123088,189.0,55.852972007756,-4.353957895039277,155,10.774,994
55.909376568223294,-4.382614192123088,189.0,55.797152036890715,-4.311451416173846,156,21.748,1381
55.909376568223294,-4.382614192123088,189.0,55.84839482833289,-4.1889265673730645,157,16.097,1362
55.909376568223294,-4.382614192123088,189.0,55.86383954752864,-4.387927326091926,158,17.887,758
55.909376568223294,-4.382614192123088,189.0,55.807182357875575,-4.140487806234959,159,22.674,1626
55.909376568223294,-4.382614192123088,189.0,55.8296607577131,-4.218765551358871,160,17.459,1340
55.909376568223294,-4.382614192123088,189.0,55.82699494590622,-4.295404959002084,161,17.212,1185
55.909376568223294,-4.382614192123088,189.0,55.861248665443505,-4.307186036515638,162,9.594,866
55.909376568223294,-4.382614192123088,189.0,55.897857165570365,-4.156645648865112,163,18.095,1192
55.909376568223294,-4.382614192123088,189.0,55.877747555317356,-4.342792329217214,164,6.23,641
55.909376568223294,-4.382614192123088,189.0,55.92259641850896,-4.389236283866068,165,4.794,366
55.909376568223294,-4.382614192123088,189.0,55.92621339590465,-4.2820478996479165,166,9.533,713
55.909376568223294,-4.382614192123088,189.0,55.80660612206145,-4.094012410496262,167,28.951,1802
55.909376568223294,-4.382614192123088,189.0,55.84605439624201,-4.09192094471571,168,22.432,1307
55.909376568223294,-4.382614192123088,189.0,55.83961965364386,-4.1201104741133365,169,24.255,1413
55.909376568223294,-4.382614192123088,189.0,55.85030951683019,-4.217608837338132,170,14.847,1279
55.909376568223294,-4.382614192123088,189.0,55.85971342373431,-4.246748195156407,171,12.784,1093
55.909376568223294,-4.382614192123088,189.0,55.815747728441636,-4.150792968910081,172,21.544,1523
55.909376568223294,-4.382614192123088,189.0,55.80041195127493,-4.3806303679601495,173,24.304,1357
55.909376568223294,-4.382614192123088,189.0,55.85487415463933,-4.092829020720908,174,22.242,1308
55.909376568223294,-4.382614192123088,189.0,55.80456076444065,-4.203157873727267,175,22.232,1544
55.909376568223294,-4.382614192123088,189.0,55.84723005082115,-4.330151260440624,176,11.43,947
55.909376568223294,-4.382614192123088,189.0,55.88775631668876,-4.123428423568879,177,23.647,1503
55.909376568223294,-4.382614192123088,189.0,55.82857385936083,-4.129579652409029,178,24.066,1710
55.909376568223294,-4.382614192123088,189.0,55.879865395443076,-4.36272007519476,179,5.041,497
55.909376568223294,-4.382614192123088,189.0,55.87973669437185,-4.215636550296907,180,13.726,1210
55.909376568223294,-4.382614192123088,189.0,55.8162521393249,-4.1868605517933455,181,20.426,1433
55.909376568223294,-4.382614192123088,189.0,55.80755514535402,-4.201625161718038,182,21.985,1510
55.909376568223294,-4.382614192123088,189.0,55.85565398843102,-4.250533808562208,183,12.658,1085
55.909376568223294,-4.382614192123088,189.0,55.929636326069506,-4.381100658166308,184,3.856,326
55.909376568223294,-4.382614192123088,189.0,55.879581066995904,-4.21986165885879,185,13.367,1191
55.909376568223294,-4.382614192123088,189.0,55.92647877645629,-4.127886630011083,186,22.503,1544
55.909376568223294,-4.382614192123088,189.0,55.82282427264178,-4.371094162561755,187,23.053,1301
55.909376568223294,-4.382614192123088,189.0,55.90291353127043,-4.3414180899754955,188,4.242,452
55.909376568223294,-4.382614192123088,189.0,55.78437024600116,-4.156926419796477,189,25.721,1690
55.909376568223294,-4.382614192123088,189.0,55.8321542449311,-4.1561720476648265,190,21.33,1426
55.909376568223294,-4.382614192123088,189.0,55.88310705812362,-4.084862107847263,191,26.496,1470
55.909376568223294,-4.382614192123088,189.0,55.85616333886266,-4.110333739241922,192,21.043,1352
55.909376568223294,-4.382614192123088,189.0,55.90185178498145,-4.152652007721208,193,22.317,1779
55.909376568223294,-4.382614192123088,189.0,55.8837118458465,-4.182392741162416,194,18.283,2164
55.909376568223294,-4.382614192123088,189.0,55.83086049774818,-4.312434105301623,195,18.146,1290
55.909376568223294,-4.382614192123088,189.0,55.821849459706755,-4.176208567338996,196,20.174,1397
55.909376568223294,-4.382614192123088,189.0,55.88009750494633,-4.255964552703097,197,15.367,1068
55.909376568223294,-4.382614192123088,189.0,55.87413911675089,-4.369807111055967,198,20.028,900
55.909376568223294,-4.382614192123088,189.0,55.86354071984154,-4.093406384811447,199,21.659,1406
55.84390191969807,-4.361237499760853,190.0,55.8391698042901,-4.214478482526657,0,13.048,910
55.84390191969807,-4.361237499760853,190.0,55.86553667472969,-4.350500876963486,1,5.172,421
55.84390191969807,-4.361237499760853,190.0,55.912892829643965,-4.286410947894997,2,15.106,2067
55.84390191969807,-4.361237499760853,190.0,55.84854019346565,-4.391697428307927,3,2.783,332
55.84390191969807,-4.361237499760853,190.0,55.79232875093524,-4.310455024670266,4,9.376,786
55.84390191969807,-4.361237499760853,190.0,55.837143362020576,-4.120043492886959,5,16.747,922
55.84390191969807,-4.361237499760853,190.0,55.84185129809378,-4.283879851305767,6,5.634,608
55.84390191969807,-4.361237499760853,190.0,55.90609664927746,-4.311383718964596,7,10.418,932
55.84390191969807,-4.361237499760853,190.0,55.7832172019226,-4.31249791159531,8,10.964,844
55.84390191969807,-4.361237499760853,190.0,55.8177258987159,-4.260489243356555,9,10.749,914
55.84390191969807,-4.361237499760853,190.0,55.903262790870684,-4.212111703691823,10,15.568,1193
55.84390191969807,-4.361237499760853,190.0,55.893978813107424,-4.1413270988368325,11,17.308,1200
55.84390191969807,-4.361237499760853,190.0,55.894884622950286,-4.154349650804189,12,19.693,1099
55.84390191969807,-4.361237499760853,190.0,55.80680963785043,-4.263605759417426,13,11.231,991
55.84390191969807,-4.361237499760853,190.0,55.81824312166051,-4.346878846315483,14,5.997,544
55.84390191969807,-4.361237499760853,190.0,55.84742656229786,-4.269221405976544,15,8.206,895
55.84390191969807,-4.361237499760853,190.0,55.80730424868546,-4.315177272898423,16,8.733,718
55.84390191969807,-4.361237499760853,190.0,55.83798278877758,-4.260604018644594,17,10.24,873
55.84390191969807,-4.361237499760853,190.0,55.89424631095569,-4.343398240721316,18,8.089,693
55.84390191969807,-4.361237499760853,190.0,55.83908093533876,-4.223069302141199,19,10.639,941
55.84390191969807,-4.361237499760853,190.0,55.8357731433788,-4.270556349194068,20,6.519,765
55.84390191969807,-4.361237499760853,190.0,55.90309627527835,-4.360750370095284,21,10.122,928
55.84390191969807,-4.361237499760853,190.0,55.85652103589449,-4.101365743428073,22,19.856,1143
55.84390191969807,-4.361237499760853,190.0,55.783736419963375,-4.235306054793451,23,23.891,1222
55.84390191969807,-4.361237499760853,190.0,55.92064824587275,-4.2358362157531895,24,16.693,1174
55.84390191969807,-4.361237499760853,190.0,55.907674892744176,-4.2497703459088045,25,15.445,2219
55.84390191969807,-4.361237499760853,190.0,55.919604340921964,-4.226208116301384,26,16.617,1185
55.84390191969807,-4.361237499760853,190.0,55.83219148710444,-4.304581930326681,27,9.311,804
55.84390191969807,-4.361237499760853,190.0,55.79569701419853,-4.1769099124482585,28,17.463,1195
55.84390191969807,-4.361237499760853,190.0,55.81260197667657,-4.197841211154324,29,14.874,1062
55.84390191969807,-4.361237499760853,190.0,55.826092940761974,-4.176919409292903,30,13.404,995
55.84390191969807,-4.361237499760853,190.0,55.828413149208096,-4.109650878166438,31,20.208,1185
55.84390191969807,-4.361237499760853,190.0,55.8999241737755,-4.257993823533507,32,12.651,1105
55.84390191969807,-4.361237499760853,190.0,55.892514250678616,-4.340118142906542,33,8.118,704
55.84390191969807,-4.361237499760853,190.0,55.855241629670886,-4.269936069312288,34,9.947,706
55.84390191969807,-4.361237499760853,190.0,55.877364911629314,-4.109701193625618,35,20.257,1244
55.84390191969807,-4.361237499760853,190.0,55.887053111734645,-4.1280531391159245,36,20.559,1210
55.84390191969807,-4.361237499760853,190.0,55.89108676863447,-4.105446803942431,37,22.292,1516
55.84390191969807,-4.361237499760853,190.0,55.842635153466425,-4.334387903339716,38,2.352,346
55.84390191969807,-4.361237499760853,190.0,55.89197542936556,-4.19614108945253,39,16.566,1044
55.84390191969807,-4.361237499760853,190.0,55.825849135803445,-4.321179033230789,40,9.29,725
55.84390191969807,-4.361237499760853,190.0,55.81864602215581,-4.375055705699034,41,4.563,418
55.84390191969807,-4.361237499760853,190.0,55.92613065482397,-4.212698358862173,42,17.079,1238
55.84390191969807,-4.361237499760853,190.0,55.874439929608144,-4.279689658904073,43,9.291,772
55.84390191969807,-4.361237499760853,190.0,55.81998166828728,-4.245455535821837,44,11.199,877
55.84390191969807,-4.361237499760853,190.0,55.91066980601156,-4.213502644426629,45,16.031,1189
55.84390191969807,-4.361237499760853,190.0,55.8404807486866,-4.356656090229781,46,2.872,306
55.84390191969807,-4.361237499760853,190.0,55.88708229912325,-4.079055837843032,47,25.539,1266
55.84390191969807,-4.361237499760853,190.0,55.84510555179576,-4.178720975321847,48,15.069,1010
55.84390191969807,-4.361237499760853,190.0,55.84413340760586,-4.085244529493477,49,22.236,1640
55.84390191969807,-4.361237499760853,190.0,55.83324217210475,-4.157183908594519,50,14.931,1008
55.84390191969807,-4.361237499760853,190.0,55.895753278756494,-4.323131413571223,51,7.875,804
55.84390191969807,-4.361237499760853,190.0,55.88609925330935,-4.38354364327563,52,6.205,489
55.84390191969807,-4.361237499760853,190.0,55.86596770908397,-4.338853955125049,53,4.089,392
55.84390191969807,-4.361237499760853,190.0,55.819381988004544,-4.256567679373081,54,10.815,909
55.84390191969807,-4.361237499760853,190.0,55.919398785577634,-4.298102785445152,55,15.382,1747
55.84390191969807,-4.361237499760853,190.0,55.81052481551728,-4.0780884232687225,56,23.007,2332
55.84390191969807,-4.361237499760853,190.0,55.8411814367945,-4.125490362928665,57,18.289,1081
55.84390191969807,-4.361237499760853,190.0,55.844855881791794,-4.151320272286683,58,15.921,1061
55.84390191969807,-4.361237499760853,190.0,55.79334532620707,-4.3052187624925375,59,9.707,792
55.84390191969807,-4.361237499760853,190.0,55.78499644933002,-4.082518262203789,60,26.73,1332
55.84390191969807,-4.361237499760853,190.0,55.86482365717543,-4.074666870071637,61,22.122,1360
55.84390191969807,-4.361237499760853,190.0,55.910543969585106,-4.384534109666136,62,11.949,993
55.84390191969807,-4.361237499760853,190.0,55.799715679086134,-4.188568421733812,63,17.445,1353
55.84390191969807,-4.361237499760853,190.0,55.90005630083831,-4.294022887833187,64,10.309,1009
55.84390191969807,-4.361237499760853,190.0,55.82573931186619,-4.210157383495828,65,12.931,877
55.84390191969807,-4.361237499760853,190.0,55.88010014610652,-4.288014027401103,66,11.38,1048
55.84390191969807,-4.361237499760853,190.0,55.8836463272421,-4.377148406451105,67,5.975,567
55.84390191969807,-4.361237499760853,190.0,55.80511293548626,-4.195982430231648,68,15.854,1137
55.84390191969807,-4.361237499760853,190.0,55.9265186267864,-4.256321117900257,69,16.356,1205
55.84390191969807,-4.361237499760853,190.0,55.90353118048908,-4.119171950823842,70,21.455,1452
55.84390191969807,-4.361237499760853,190.0,55.81502357146685,-4.260984914919316,71,10.46,891
55.84390191969807,-4.361237499760853,190.0,55.894355058439295,-4.293143876300353,72,10.158,1014
55.84390191969807,-4.361237499760853,190.0,55.80246488546192,-4.242274834364847,73,13.34,1103
55.84390191969807,-4.361237499760853,190.0,55.887581813102464,-4.2985753032369685,74,9.395,960
55.84390191969807,-4.361237499760853,190.0,55.928290955083554,-4.295962301582311,75,12.235,1012
55.84390191969807,-4.361237499760853,190.0,55.81096058143004,-4.368797105646974,76,6.171,605
55.84390191969807,-4.361237499760853,190.0,55.84818750128869,-4.3631808239548375,77,2.022,231
55.84390191969807,-4.361237499760853,190.0,55.81610352786554,-4.330910795148831,78,6.492,546
55.84390191969807,-4.361237499760853,190.0,55.807034270653475,-4.136077366584948,79,16.638,1246
55.84390191969807,-4.361237499760853,190.0,55.86778114631985,-4.233612892312959,80,11.142,855
55.84390191969807,-4.361237499760853,190.0,55.79578956690847,-4.368290459919509,81,8.106,1729
55.84390191969807,-4.361237499760853,190.0,55.897877306124535,-4.077031107370425,82,24.083,1983
55.84390191969807,-4.361237499760853,190.0,55.80721289582252,-4.242612882195534,83,12.563,1054
55.84390191969807,-4.361237499760853,190.0,55.92209393969709,-4.157940141970138,84,21.226,1250
55.84390191969807,-4.361237499760853,190.0,55.79188265083702,-4.28147512844989,85,10.569,847
55.84390191969807,-4.361237499760853,190.0,55.88043814367632,-4.104360473798184,86,20.069,1204
55.84390191969807,-4.361237499760853,190.0,55.90345994988174,-4.293652184560058,87,10.719,1053
55.84390191969807,-4.361237499760853,190.0,55.91230525016259,-4.108196424937476,88,22.723,1397
55.84390191969807,-4.361237499760853,190.0,55.90569137930351,-4.3852429216612405,89,11.984,1016
55.84390191969807,-4.361237499760853,190.0,55.824402119970216,-4.298242138123909,90,8.12,692
55.84390191969807,-4.361237499760853,190.0,55.887104625653905,-4.201059285828647,91,14.278,1193
55.84390191969807,-4.361237499760853,190.0,55.92006797200308,-4.195257422106852,92,17.925,1216
55.84390191969807,-4.361237499760853,190.0,55.7944551107823,-4.1683749063061635,93,17.593,1629
55.84390191969807,-4.361237499760853,190.0,55.88003873447475,-4.304350182381346,94,7.548,801
55.84390191969807,-4.361237499760853,190.0,55.88308048053683,-4.2942103285768285,95,9.246,889
55.84390191969807,-4.361237499760853,190.0,55.80779271908626,-4.3234306371549245,96,7.763,678
55.84390191969807,-4.361237499760853,190.0,55.90123467399992,-4.380968632189907,97,12.29,1145
55.84390191969807,-4.361237499760853,190.0,55.88049231589054,-4.293733205570284,98,9.148,880
55.84390191969807,-4.361237499760853,190.0,55.84697147961761,-4.334108806216461,99,1.942,280
55.84390191969807,-4.361237499760853,190.0,55.83067141211495,-4.195633651932574,100,12.214,874
55.84390191969807,-4.361237499760853,190.0,55.89350845984679,-4.099445363541155,101,22.107,1348
55.84390191969807,-4.361237499760853,190.0,55.92592408664018,-4.179171340754611,102,22.567,1333
55.84390191969807,-4.361237499760853,190.0,55.84941827409408,-4.169566750359822,103,15.774,1076
55.84390191969807,-4.361237499760853,190.0,55.92413375575165,-4.226670311636797,104,18.294,1980
55.84390191969807,-4.361237499760853,190.0,55.88995713457192,-4.285031242761631,105,10.889,930
55.84390191969807,-4.361237499760853,190.0,55.90528066541109,-4.131569818675147,106,18.905,1097
55.84390191969807,-4.361237499760853,190.0,55.87850608392288,-4.103517886631066,107,20.4,1237
55.84390191969807,-4.361237499760853,190.0,55.80799405798939,-4.284953473560454,108,10.061,869
55.84390191969807,-4.361237499760853,190.0,55.906815669822045,-4.385279074380807,109,11.295,931
55.84390191969807,-4.361237499760853,190.0,55.916237634416454,-4.222407816066865,110,16.532,1173
55.84390191969807,-4.361237499760853,190.0,55.915798955837815,-4.088621086891774,111,25.807,1428
55.84390191969807,-4.361237499760853,190.0,55.827538479175395,-4.350653065976025,112,3.415,384
55.84390191969807,-4.361237499760853,190.0,55.799515288981674,-4.0866627646338864,113,27.1,1444
55.84390191969807,-4.361237499760853,190.0,55.831024245961984,-4.244756518165482,114,9.68,778
55.84390191969807,-4.361237499760853,190.0,55.86754360554833,-4.2143078261423845,115,12.482,971
55.84390191969807,-4.361237499760853,190.0,55.8574985965699,-4.1521224561179935,116,17.077,1187
55.84390191969807,-4.361237499760853,190.0,55.88095643501817,-4.32811659177277,117,5.931,520
55.84390191969807,-4.361237499760853,190.0,55.85240433608213,-4.177570445500026,118,15.938,1127
55.84390191969807,-4.361237499760853,190.0,55.91169549549074,-4.359708873069638,119,12.107,1119
55.84390191969807,-4.361237499760853,190.0,55.92640787519779,-4.300990956079843,120,12.043,1033
55.84390191969807,-4.361237499760853,190.0,55.84019197366069,-4.205566157974415,121,13.534,1025
55.84390191969807,-4.361237499760853,190.0,55.866619942939494,-4.268153778778456,122,9.444,895
55.84390191969807,-4.361237499760853,190.0,55.81327411986783,-4.2587495402872255,123,11.139,962
55.84390191969807,-4.361237499760853,190.0,55.86022660117776,-4.154711133590585,124,16.983,1114
55.84390191969807,-4.361237499760853,190.0,55.831522729053496,-4.370420634377527,125,2.877,313
55.84390191969807,-4.361237499760853,190.0,55.84074346341779,-4.172411658039648,126,14.142,930
55.84390191969807,-4.361237499760853,190.0,55.8801412435821,-4.258666277618953,127,10.488,921
55.84390191969807,-4.361237499760853,190.0,55.8434159429892,-4.1056733307349536,128,18.545,1109
55.84390191969807,-4.361237499760853,190.0,55.83522057783537,-4.25736952395694,129,7.493,882
55.84390191969807,-4.361237499760853,190.0,55.86467774065618,-4.2250953414252415,130,11.266,807
55.84390191969807,-4.361237499760853,190.0,55.8953662249987,-4.231143624453162,131,13.719,985
55.84390191969807,-4.361237499760853,190.0,55.81920459649808,-4.236238450921302,132,11.783,928
55.84390191969807,-4.361237499760853,190.0,55.900795402502105,-4.206009410292495,133,15.886,1180
55.84390191969807,-4.361237499760853,190.0,55.86078490474355,-4.339631469507248,134,3.763,478
55.84390191969807,-4.361237499760853,190.0,55.924999437053955,-4.191173279124663,135,18.176,1225
55.84390191969807,-4.361237499760853,190.0,55.81549096669224,-4.126910343137958,136,17.629,1293
55.84390191969807,-4.361237499760853,190.0,55.90135585493081,-4.207622057499793,137,15.885,1158
55.84390191969807,-4.361237499760853,190.0,55.845816555475636,-4.129576488296543,138,17.294,1151
55.84390191969807,-4.361237499760853,190.0,55.80470047644827,-4.291960781118721,139,9.894,846
55.84390191969807,-4.361237499760853,190.0,55.89185394491289,-4.179857587296262,140,15.47,968
55.84390191969807,-4.361237499760853,190.0,55.91859399996558,-4.3401659608951215,141,10.973,969
55.84390191969807,-4.361237499760853,190.0,55.90671476836246,-4.3642865107142725,142,10.874,983
55.84390191969807,-4.361237499760853,190.0,55.81273399651921,-4.167613047894911,143,14.687,1056
55.84390191969807,-4.361237499760853,190.0,55.80939871413575,-4.276056954355674,144,9.775,817
55.84390191969807,-4.361237499760853,190.0,55.88312869327199,-4.214542892826467,145,13.29,1012
55.84390191969807,-4.361237499760853,190.0,55.815340374954424,-4.283514492524949,146,8.769,702
55.84390191969807,-4.361237499760853,190.0,55.87864379034378,-4.080636908866371,147,26.519,1300
55.84390191969807,-4.361237499760853,190.0,55.89423440492952,-4.2418874418647645,148,14.282,1069
55.84390191969807,-4.361237499760853,190.0,55.92796852989922,-4.305970400193036,149,12.171,1056
55.84390191969807,-4.361237499760853,190.0,55.92895153496988,-4.082888064137351,150,26.177,1378
55.84390191969807,-4.361237499760853,190.0,55.790766759429424,-4.135285962371055,151,20.018,1271
55.84390191969807,-4.361237499760853,190.0,55.80808041573422,-4.184105792933229,152,15.648,1068
55.84390191969807,-4.361237499760853,190.0,55.7982747224006,-4.3931924101572655,153,7.028,595
55.84390191969807,-4.361237499760853,190.0,55.81178474630603,-4.337962602706185,154,6.862,552
55.84390191969807,-4.361237499760853,190.0,55.852972007756,-4.353957895039277,155,1.39,292
55.84390191969807,-4.361237499760853,190.0,55.797152036890715,-4.311451416173846,156,8.603,720
55.84390191969807,-4.361237499760853,190.0,55.84839482833289,-4.1889265673730645,157,15.72,1045
55.84390191969807,-4.361237499760853,190.0,55.86383954752864,-4.387927326091926,158,6.171,425
55.84390191969807,-4.361237499760853,190.0,55.807182357875575,-4.140487806234959,159,16.315,1221
55.84390191969807,-4.361237499760853,190.0,55.8296607577131,-4.218765551358871,160,11.1,934
55.84390191969807,-4.361237499760853,190.0,55.82699494590622,-4.295404959002084,161,6.108,691
55.84390191969807,-4.361237499760853,190.0,55.861248665443505,-4.307186036515638,162,4.811,511
55.84390191969807,-4.361237499760853,190.0,55.897857165570365,-4.156645648865112,163,16.946,1005
55.84390191969807,-4.361237499760853,190.0,55.877747555317356,-4.342792329217214,164,6.521,616
55.84390191969807,-4.361237499760853,190.0,55.92259641850896,-4.389236283866068,165,21.674,1072
55.84390191969807,-4.361237499760853,190.0,55.92621339590465,-4.2820478996479165,166,13.402,1057
55.84390191969807,-4.361237499760853,190.0,55.80660612206145,-4.094012410496262,167,22.592,1397
55.84390191969807,-4.361237499760853,190.0,55.84605439624201,-4.09192094471571,168,21.283,1120
55.84390191969807,-4.361237499760853,190.0,55.83961965364386,-4.1201104741133365,169,17.896,1008
55.84390191969807,-4.361237499760853,190.0,55.85030951683019,-4.217608837338132,170,11.188,976
55.84390191969807,-4.361237499760853,190.0,55.85971342373431,-4.246748195156407,171,11.635,906
55.84390191969807,-4.361237499760853,190.0,55.815747728441636,-4.150792968910081,172,15.185,1118
55.84390191969807,-4.361237499760853,190.0,55.80041195127493,-4.3806303679601495,173,6.444,547
55.84390191969807,-4.361237499760853,190.0,55.85487415463933,-4.092829020720908,174,21.093,1121
55.84390191969807,-4.361237499760853,190.0,55.80456076444065,-4.203157873727267,175,15.873,1139
55.84390191969807,-4.361237499760853,190.0,55.84723005082115,-4.330151260440624,176,2.132,261
55.84390191969807,-4.361237499760853,190.0,55.88775631668876,-4.123428423568879,177,20.694,1216
55.84390191969807,-4.361237499760853,190.0,55.82857385936083,-4.129579652409029,178,17.707,1305
55.84390191969807,-4.361237499760853,190.0,55.879865395443076,-4.36272007519476,179,7.413,659
55.84390191969807,-4.361237499760853,190.0,55.87973669437185,-4.215636550296907,180,12.577,1023
55.84390191969807,-4.361237499760853,190.0,55.8162521393249,-4.1868605517933455,181,14.067,1028
55.84390191969807,-4.361237499760853,190.0,55.80755514535402,-4.201625161718038,182,15.626,1105
55.84390191969807,-4.361237499760853,190.0,55.85565398843102,-4.250533808562208,183,7.656,825
55.84390191969807,-4.361237499760853,190.0,55.929636326069506,-4.381100658166308,184,22.66,1093
55.84390191969807,-4.361237499760853,190.0,55.879581066995904,-4.21986165885879,185,12.218,1004
55.84390191969807,-4.361237499760853,190.0,55.92647877645629,-4.127886630011083,186,22.308,1336
55.84390191969807,-4.361237499760853,190.0,55.82282427264178,-4.371094162561755,187,3.865,400
55.84390191969807,-4.361237499760853,190.0,55.90291353127043,-4.3414180899754955,188,8.92,861
55.84390191969807,-4.361237499760853,190.0,55.78437024600116,-4.156926419796477,189,19.362,1285
55.84390191969807,-4.361237499760853,190.0,55.8321542449311,-4.1561720476648265,190,14.971,1021
55.84390191969807,-4.361237499760853,190.0,55.88310705812362,-4.084862107847263,191,23.68,1182
55.84390191969807,-4.361237499760853,190.0,55.85616333886266,-4.110333739241922,192,19.894,1165
55.84390191969807,-4.361237499760853,190.0,55.90185178498145,-4.152652007721208,193,20.855,1629
55.84390191969807,-4.361237499760853,190.0,55.8837118458465,-4.182392741162416,194,17.134,1977
55.84390191969807,-4.361237499760853,190.0,55.83086049774818,-4.312434105301623,195,8.895,706
55.84390191969807,-4.361237499760853,190.0,55.821849459706755,-4.176208567338996,196,13.815,992
55.84390191969807,-4.361237499760853,190.0,55.88009750494633,-4.255964552703097,197,10.174,900
55.84390191969807,-4.361237499760853,190.0,55.87413911675089,-4.369807111055967,198,4.316,386
55.84390191969807,-4.361237499760853,190.0,55.86354071984154,-4.093406384811447,199,20.51,1219
55.82293589498097,-4.156232539539455,191.0,55.8391698042901,-4.214478482526657,0,5.216,498
55.82293589498097,-4.156232539539455,191.0,55.86553667472969,-4.350500876963486,1,19.197,951
55.82293589498097,-4.156232539539455,191.0,55.912892829643965,-4.286410947894997,2,18.708,2303
55.82293589498097,-4.156232539539455,191.0,55.84854019346565,-4.391697428307927,3,18.628,1172
55.82293589498097,-4.156232539539455,191.0,55.79232875093524,-4.310455024670266,4,13.851,1111
55.82293589498097,-4.156232539539455,191.0,55.837143362020576,-4.120043492886959,5,4.738,261
55.82293589498097,-4.156232539539455,191.0,55.84185129809378,-4.283879851305767,6,11.067,825
55.82293589498097,-4.156232539539455,191.0,55.90609664927746,-4.311383718964596,7,26.126,1445
55.82293589498097,-4.156232539539455,191.0,55.7832172019226,-4.31249791159531,8,14.181,1088
55.82293589498097,-4.156232539539455,191.0,55.8177258987159,-4.260489243356555,9,11.017,738
55.82293589498097,-4.156232539539455,191.0,55.903262790870684,-4.212111703691823,10,20.679,1225
55.82293589498097,-4.156232539539455,191.0,55.893978813107424,-4.1413270988368325,11,18.18,1019
55.82293589498097,-4.156232539539455,191.0,55.894884622950286,-4.154349650804189,12,23.045,920
55.82293589498097,-4.156232539539455,191.0,55.80680963785043,-4.263605759417426,13,13.455,1005
55.82293589498097,-4.156232539539455,191.0,55.81824312166051,-4.346878846315483,14,18.256,1064
55.82293589498097,-4.156232539539455,191.0,55.84742656229786,-4.269221405976544,15,11.432,843
55.82293589498097,-4.156232539539455,191.0,55.80730424868546,-4.315177272898423,16,17.962,1049
55.82293589498097,-4.156232539539455,191.0,55.83798278877758,-4.260604018644594,17,9.538,639
55.82293589498097,-4.156232539539455,191.0,55.89424631095569,-4.343398240721316,18,21.013,1200
55.82293589498097,-4.156232539539455,191.0,55.83908093533876,-4.223069302141199,19,7.359,610
55.82293589498097,-4.156232539539455,191.0,55.8357731433788,-4.270556349194068,20,10.222,689
55.82293589498097,-4.156232539539455,191.0,55.90309627527835,-4.360750370095284,21,23.046,1436
55.82293589498097,-4.156232539539455,191.0,55.85652103589449,-4.101365743428073,22,9.671,584
55.82293589498097,-4.156232539539455,191.0,55.783736419963375,-4.235306054793451,23,8.23,614
55.82293589498097,-4.156232539539455,191.0,55.92064824587275,-4.2358362157531895,24,16.306,1292
55.82293589498097,-4.156232539539455,191.0,55.907674892744176,-4.2497703459088045,25,15.058,2337
55.82293589498097,-4.156232539539455,191.0,55.919604340921964,-4.226208116301384,26,29.837,1331
55.82293589498097,-4.156232539539455,191.0,55.83219148710444,-4.304581930326681,27,17.134,1090
55.82293589498097,-4.156232539539455,191.0,55.79569701419853,-4.1769099124482585,28,4.405,370
55.82293589498097,-4.156232539539455,191.0,55.81260197667657,-4.197841211154324,29,4.502,444
55.82293589498097,-4.156232539539455,191.0,55.826092940761974,-4.176919409292903,30,3.076,361
55.82293589498097,-4.156232539539455,191.0,55.828413149208096,-4.109650878166438,31,5.419,459
55.82293589498097,-4.156232539539455,191.0,55.8999241737755,-4.257993823533507,32,15.157,1282
55.82293589498097,-4.156232539539455,191.0,55.892514250678616,-4.340118142906542,33,21.042,1212
55.82293589498097,-4.156232539539455,191.0,55.855241629670886,-4.269936069312288,34,21.978,955
55.82293589498097,-4.156232539539455,191.0,55.877364911629314,-4.109701193625618,35,15.912,796
55.82293589498097,-4.156232539539455,191.0,55.887053111734645,-4.1280531391159245,36,18.03,986
55.82293589498097,-4.156232539539455,191.0,55.89108676863447,-4.105446803942431,37,15.9,1011
55.82293589498097,-4.156232539539455,191.0,55.842635153466425,-4.334387903339716,38,15.065,879
55.82293589498097,-4.156232539539455,191.0,55.89197542936556,-4.19614108945253,39,18.463,949
55.82293589498097,-4.156232539539455,191.0,55.825849135803445,-4.321179033230789,40,15.312,990
55.82293589498097,-4.156232539539455,191.0,55.81864602215581,-4.375055705699034,41,19.285,1072
55.82293589498097,-4.156232539539455,191.0,55.92613065482397,-4.212698358862173,42,29.211,1326
55.82293589498097,-4.156232539539455,191.0,55.874439929608144,-4.279689658904073,43,21.819,1076
55.82293589498097,-4.156232539539455,191.0,55.81998166828728,-4.245455535821837,44,10.497,643
55.82293589498097,-4.156232539539455,191.0,55.91066980601156,-4.213502644426629,45,30.193,1380
55.82293589498097,-4.156232539539455,191.0,55.8404807486866,-4.356656090229781,46,18.717,1146
55.82293589498097,-4.156232539539455,191.0,55.88708229912325,-4.079055837843032,47,13.53,604
55.82293589498097,-4.156232539539455,191.0,55.84510555179576,-4.178720975321847,48,4.072,376
55.82293589498097,-4.156232539539455,191.0,55.84413340760586,-4.085244529493477,49,10.227,978
55.82293589498097,-4.156232539539455,191.0,55.83324217210475,-4.157183908594519,50,2.184,188
55.82293589498097,-4.156232539539455,191.0,55.895753278756494,-4.323131413571223,51,20.799,1312
55.82293589498097,-4.156232539539455,191.0,55.88609925330935,-4.38354364327563,52,20.23,1019
55.82293589498097,-4.156232539539455,191.0,55.86596770908397,-4.338853955125049,53,17.013,900
55.82293589498097,-4.156232539539455,191.0,55.819381988004544,-4.256567679373081,54,11.926,793
55.82293589498097,-4.156232539539455,191.0,55.919398785577634,-4.298102785445152,55,18.984,1982
55.82293589498097,-4.156232539539455,191.0,55.81052481551728,-4.0780884232687225,56,10.998,1671
55.82293589498097,-4.156232539539455,191.0,55.8411814367945,-4.125490362928665,57,4.608,392
55.82293589498097,-4.156232539539455,191.0,55.844855881791794,-4.151320272286683,58,3.904,350
55.82293589498097,-4.156232539539455,191.0,55.79334532620707,-4.3052187624925375,59,13.446,1072
55.82293589498097,-4.156232539539455,191.0,55.78499644933002,-4.082518262203789,60,8.363,621
55.82293589498097,-4.156232539539455,191.0,55.86482365717543,-4.074666870071637,61,11.223,778
55.82293589498097,-4.156232539539455,191.0,55.910543969585106,-4.384534109666136,62,24.873,1500
55.82293589498097,-4.156232539539455,191.0,55.799715679086134,-4.188568421733812,63,4.733,561
55.82293589498097,-4.156232539539455,191.0,55.90005630083831,-4.294022887833187,64,25.198,1398
55.82293589498097,-4.156232539539455,191.0,55.82573931186619,-4.210157383495828,65,4.426,394
55.82293589498097,-4.156232539539455,191.0,55.88010014610652,-4.288014027401103,66,23.919,1367
55.82293589498097,-4.156232539539455,191.0,55.8836463272421,-4.377148406451105,67,20.0,1097
55.82293589498097,-4.156232539539455,191.0,55.80511293548626,-4.195982430231648,68,4.557,426
55.82293589498097,-4.156232539539455,191.0,55.9265186267864,-4.256321117900257,69,18.522,1397
55.82293589498097,-4.156232539539455,191.0,55.90353118048908,-4.119171950823842,70,16.502,1071
55.82293589498097,-4.156232539539455,191.0,55.81502357146685,-4.260984914919316,71,11.374,772
55.82293589498097,-4.156232539539455,191.0,55.894355058439295,-4.293143876300353,72,24.488,1346
55.82293589498097,-4.156232539539455,191.0,55.80246488546192,-4.242274834364847,73,9.637,755
55.82293589498097,-4.156232539539455,191.0,55.887581813102464,-4.2985753032369685,74,24.1,1342
55.82293589498097,-4.156232539539455,191.0,55.928290955083554,-4.295962301582311,75,19.406,1397
55.82293589498097,-4.156232539539455,191.0,55.81096058143004,-4.368797105646974,76,20.942,1154
55.82293589498097,-4.156232539539455,191.0,55.84818750128869,-4.3631808239548375,77,19.703,998
55.82293589498097,-4.156232539539455,191.0,55.81610352786554,-4.330910795148831,78,17.281,904
55.82293589498097,-4.156232539539455,191.0,55.807034270653475,-4.136077366584948,79,3.003,288
55.82293589498097,-4.156232539539455,191.0,55.86778114631985,-4.233612892312959,80,18.949,941
55.82293589498097,-4.156232539539455,191.0,55.79578956690847,-4.368290459919509,81,26.026,2349
55.82293589498097,-4.156232539539455,191.0,55.897877306124535,-4.077031107370425,82,15.889,1349
55.82293589498097,-4.156232539539455,191.0,55.80721289582252,-4.242612882195534,83,7.163,723
55.82293589498097,-4.156232539539455,191.0,55.92209393969709,-4.157940141970138,84,25.146,1098
55.82293589498097,-4.156232539539455,191.0,55.79188265083702,-4.28147512844989,85,11.593,910
55.82293589498097,-4.156232539539455,191.0,55.88043814367632,-4.104360473798184,86,15.222,736
55.82293589498097,-4.156232539539455,191.0,55.90345994988174,-4.293652184560058,87,18.181,1438
55.82293589498097,-4.156232539539455,191.0,55.91230525016259,-4.108196424937476,88,19.182,973
55.82293589498097,-4.156232539539455,191.0,55.90569137930351,-4.3852429216612405,89,24.908,1523
55.82293589498097,-4.156232539539455,191.0,55.824402119970216,-4.298242138123909,90,15.748,911
55.82293589498097,-4.156232539539455,191.0,55.887104625653905,-4.201059285828647,91,18.237,1024
55.82293589498097,-4.156232539539455,191.0,55.92006797200308,-4.195257422106852,92,27.216,1143
55.82293589498097,-4.156232539539455,191.0,55.7944551107823,-4.1683749063061635,93,4.535,804
55.82293589498097,-4.156232539539455,191.0,55.88003873447475,-4.304350182381346,94,23.433,1249
55.82293589498097,-4.156232539539455,191.0,55.88308048053683,-4.2942103285768285,95,23.033,1224
55.82293589498097,-4.156232539539455,191.0,55.80779271908626,-4.3234306371549245,96,18.552,1036
55.82293589498097,-4.156232539539455,191.0,55.90123467399992,-4.380968632189907,97,25.214,1653
55.82293589498097,-4.156232539539455,191.0,55.88049231589054,-4.293733205570284,98,22.935,1214
55.82293589498097,-4.156232539539455,191.0,55.84697147961761,-4.334108806216461,99,15.179,912
55.82293589498097,-4.156232539539455,191.0,55.83067141211495,-4.195633651932574,100,4.382,462
55.82293589498097,-4.156232539539455,191.0,55.89350845984679,-4.099445363541155,101,14.967,781
55.82293589498097,-4.156232539539455,191.0,55.92592408664018,-4.179171340754611,102,26.487,1182
55.82293589498097,-4.156232539539455,191.0,55.84941827409408,-4.169566750359822,103,4.181,399
55.82293589498097,-4.156232539539455,191.0,55.92413375575165,-4.226670311636797,104,30.426,2068
55.82293589498097,-4.156232539539455,191.0,55.88995713457192,-4.285031242761631,105,23.428,1248
55.82293589498097,-4.156232539539455,191.0,55.90528066541109,-4.131569818675147,106,22.825,945
55.82293589498097,-4.156232539539455,191.0,55.87850608392288,-4.103517886631066,107,15.553,769
55.82293589498097,-4.156232539539455,191.0,55.80799405798939,-4.284953473560454,108,13.241,1009
55.82293589498097,-4.156232539539455,191.0,55.906815669822045,-4.385279074380807,109,24.219,1438
55.82293589498097,-4.156232539539455,191.0,55.916237634416454,-4.222407816066865,110,29.752,1319
55.82293589498097,-4.156232539539455,191.0,55.915798955837815,-4.088621086891774,111,18.048,857
55.82293589498097,-4.156232539539455,191.0,55.827538479175395,-4.350653065976025,112,17.625,995
55.82293589498097,-4.156232539539455,191.0,55.799515288981674,-4.0866627646338864,113,6.745,520
55.82293589498097,-4.156232539539455,191.0,55.831024245961984,-4.244756518165482,114,8.978,544
55.82293589498097,-4.156232539539455,191.0,55.86754360554833,-4.2143078261423845,115,17.622,926
55.82293589498097,-4.156232539539455,191.0,55.8574985965699,-4.1521224561179935,116,5.06,475
55.82293589498097,-4.156232539539455,191.0,55.88095643501817,-4.32811659177277,117,18.855,1027
55.82293589498097,-4.156232539539455,191.0,55.85240433608213,-4.177570445500026,118,5.113,456
55.82293589498097,-4.156232539539455,191.0,55.91169549549074,-4.359708873069638,119,25.031,1627
55.82293589498097,-4.156232539539455,191.0,55.92640787519779,-4.300990956079843,120,19.854,1446
55.82293589498097,-4.156232539539455,191.0,55.84019197366069,-4.205566157974415,121,5.702,613
55.82293589498097,-4.156232539539455,191.0,55.866619942939494,-4.268153778778456,122,20.896,1057
55.82293589498097,-4.156232539539455,191.0,55.81327411986783,-4.2587495402872255,123,11.353,782
55.82293589498097,-4.156232539539455,191.0,55.86022660117776,-4.154711133590585,124,5.413,506
55.82293589498097,-4.156232539539455,191.0,55.831522729053496,-4.370420634377527,125,19.679,1165
55.82293589498097,-4.156232539539455,191.0,55.84074346341779,-4.172411658039648,126,3.561,326
55.82293589498097,-4.156232539539455,191.0,55.8801412435821,-4.258666277618953,127,21.172,1072
55.82293589498097,-4.156232539539455,191.0,55.8434159429892,-4.1056733307349536,128,6.536,448
55.82293589498097,-4.156232539539455,191.0,55.83522057783537,-4.25736952395694,129,9.512,641
55.82293589498097,-4.156232539539455,191.0,55.86467774065618,-4.2250953414252415,130,8.745,742
55.82293589498097,-4.156232539539455,191.0,55.8953662249987,-4.231143624453162,131,13.332,1104
55.82293589498097,-4.156232539539455,191.0,55.81920459649808,-4.236238450921302,132,6.624,616
55.82293589498097,-4.156232539539455,191.0,55.900795402502105,-4.206009410292495,133,19.864,1116
55.82293589498097,-4.156232539539455,191.0,55.86078490474355,-4.339631469507248,134,17.548,995
55.82293589498097,-4.156232539539455,191.0,55.924999437053955,-4.191173279124663,135,26.965,1134
55.82293589498097,-4.156232539539455,191.0,55.81549096669224,-4.126910343137958,136,2.868,242
55.82293589498097,-4.156232539539455,191.0,55.90135585493081,-4.207622057499793,137,19.863,1093
55.82293589498097,-4.156232539539455,191.0,55.845816555475636,-4.129576488296543,138,5.277,438
55.82293589498097,-4.156232539539455,191.0,55.80470047644827,-4.291960781118721,139,14.247,1068
55.82293589498097,-4.156232539539455,191.0,55.89185394491289,-4.179857587296262,140,19.067,893
55.82293589498097,-4.156232539539455,191.0,55.91859399996558,-4.3401659608951215,141,23.897,1477
55.82293589498097,-4.156232539539455,191.0,55.90671476836246,-4.3642865107142725,142,23.798,1491
55.82293589498097,-4.156232539539455,191.0,55.81273399651921,-4.167613047894911,143,1.864,171
55.82293589498097,-4.156232539539455,191.0,55.80939871413575,-4.276056954355674,144,12.529,897
55.82293589498097,-4.156232539539455,191.0,55.88312869327199,-4.214542892826467,145,17.864,994
55.82293589498097,-4.156232539539455,191.0,55.815340374954424,-4.283514492524949,146,12.699,914
55.82293589498097,-4.156232539539455,191.0,55.87864379034378,-4.080636908866371,147,14.51,639
55.82293589498097,-4.156232539539455,191.0,55.89423440492952,-4.2418874418647645,148,13.895,1187
55.82293589498097,-4.156232539539455,191.0,55.92796852989922,-4.305970400193036,149,19.982,1469
55.82293589498097,-4.156232539539455,191.0,55.92895153496988,-4.082888064137351,150,19.006,865
55.82293589498097,-4.156232539539455,191.0,55.790766759429424,-4.135285962371055,151,5.131,344
55.82293589498097,-4.156232539539455,191.0,55.80808041573422,-4.184105792933229,152,3.343,292
55.82293589498097,-4.156232539539455,191.0,55.7982747224006,-4.3931924101572655,153,21.75,1249
55.82293589498097,-4.156232539539455,191.0,55.81178474630603,-4.337962602706185,154,18.348,1010
55.82293589498097,-4.156232539539455,191.0,55.852972007756,-4.353957895039277,155,16.747,998
55.82293589498097,-4.156232539539455,191.0,55.797152036890715,-4.311451416173846,156,13.736,1105
55.82293589498097,-4.156232539539455,191.0,55.84839482833289,-4.1889265673730645,157,4.833,412
55.82293589498097,-4.156232539539455,191.0,55.86383954752864,-4.387927326091926,158,22.339,1025
55.82293589498097,-4.156232539539455,191.0,55.807182357875575,-4.140487806234959,159,2.68,263
55.82293589498097,-4.156232539539455,191.0,55.8296607577131,-4.218765551358871,160,4.767,486
55.82293589498097,-4.156232539539455,191.0,55.82699494590622,-4.295404959002084,161,15.784,888
55.82293589498097,-4.156232539539455,191.0,55.861248665443505,-4.307186036515638,162,14.633,901
55.82293589498097,-4.156232539539455,191.0,55.897857165570365,-4.156645648865112,163,20.543,929
55.82293589498097,-4.156232539539455,191.0,55.877747555317356,-4.342792329217214,164,19.445,1124
55.82293589498097,-4.156232539539455,191.0,55.92259641850896,-4.389236283866068,165,35.701,1588
55.82293589498097,-4.156232539539455,191.0,55.92621339590465,-4.2820478996479165,166,18.306,1345
55.82293589498097,-4.156232539539455,191.0,55.80660612206145,-4.094012410496262,167,10.583,736
55.82293589498097,-4.156232539539455,191.0,55.84605439624201,-4.09192094471571,168,15.739,707
55.82293589498097,-4.156232539539455,191.0,55.83961965364386,-4.1201104741133365,169,5.887,346
55.82293589498097,-4.156232539539455,191.0,55.85030951683019,-4.217608837338132,170,6.495,551
55.82293589498097,-4.156232539539455,191.0,55.85971342373431,-4.246748195156407,171,8.922,787
55.82293589498097,-4.156232539539455,191.0,55.815747728441636,-4.150792968910081,172,1.55,159
55.82293589498097,-4.156232539539455,191.0,55.80041195127493,-4.3806303679601495,173,21.166,1202
55.82293589498097,-4.156232539539455,191.0,55.85487415463933,-4.092829020720908,174,10.194,538
55.82293589498097,-4.156232539539455,191.0,55.80456076444065,-4.203157873727267,175,5.048,446
55.82293589498097,-4.156232539539455,191.0,55.84723005082115,-4.330151260440624,176,14.7,856
55.82293589498097,-4.156232539539455,191.0,55.88775631668876,-4.123428423568879,177,18.165,992
55.82293589498097,-4.156232539539455,191.0,55.82857385936083,-4.129579652409029,178,3.218,276
55.82293589498097,-4.156232539539455,191.0,55.879865395443076,-4.36272007519476,179,20.337,1167
55.82293589498097,-4.156232539539455,191.0,55.87973669437185,-4.215636550296907,180,18.58,1091
55.82293589498097,-4.156232539539455,191.0,55.8162521393249,-4.1868605517933455,181,2.599,307
55.82293589498097,-4.156232539539455,191.0,55.80755514535402,-4.201625161718038,182,4.801,413
55.82293589498097,-4.156232539539455,191.0,55.85565398843102,-4.250533808562208,183,9.065,834
55.82293589498097,-4.156232539539455,191.0,55.929636326069506,-4.381100658166308,184,36.687,1609
55.82293589498097,-4.156232539539455,191.0,55.879581066995904,-4.21986165885879,185,11.831,1122
55.82293589498097,-4.156232539539455,191.0,55.92647877645629,-4.127886630011083,186,19.408,1126
55.82293589498097,-4.156232539539455,191.0,55.82282427264178,-4.371094162561755,187,18.815,1088
55.82293589498097,-4.156232539539455,191.0,55.90291353127043,-4.3414180899754955,188,21.844,1369
55.82293589498097,-4.156232539539455,191.0,55.78437024600116,-4.156926419796477,189,6.304,460
55.82293589498097,-4.156232539539455,191.0,55.8321542449311,-4.1561720476648265,190,2.224,201
55.82293589498097,-4.156232539539455,191.0,55.88310705812362,-4.084862107847263,191,11.671,520
55.82293589498097,-4.156232539539455,191.0,55.85616333886266,-4.110333739241922,192,7.23,642
55.82293589498097,-4.156232539539455,191.0,55.90185178498145,-4.152652007721208,193,24.775,1477
55.82293589498097,-4.156232539539455,191.0,55.8837118458465,-4.182392741162416,194,18.434,1776
55.82293589498097,-4.156232539539455,191.0,55.83086049774818,-4.312434105301623,195,16.718,993
55.82293589498097,-4.156232539539455,191.0,55.821849459706755,-4.176208567338996,196,1.86,179
55.82293589498097,-4.156232539539455,191.0,55.88009750494633,-4.255964552703097,197,20.858,1050
55.82293589498097,-4.156232539539455,191.0,55.87413911675089,-4.369807111055967,198,18.341,916
55.82293589498097,-4.156232539539455,191.0,55.86354071984154,-4.093406384811447,199,11.774,643
55.89352640318492,-4.213834424439619,192.0,55.8391698042901,-4.214478482526657,0,9.344,1067
55.89352640318492,-4.213834424439619,192.0,55.86553667472969,-4.350500876963486,1,17.313,1164
55.89352640318492,-4.213834424439619,192.0,55.912892829643965,-4.286410947894997,2,9.23,1736
55.89352640318492,-4.213834424439619,192.0,55.84854019346565,-4.391697428307927,3,16.744,1385
55.89352640318492,-4.213834424439619,192.0,55.79232875093524,-4.310455024670266,4,19.235,1364
55.89352640318492,-4.213834424439619,192.0,55.837143362020576,-4.120043492886959,5,19.82,1244
55.89352640318492,-4.213834424439619,192.0,55.84185129809378,-4.283879851305767,6,13.915,1114
55.89352640318492,-4.213834424439619,192.0,55.90609664927746,-4.311383718964596,7,13.162,1081
55.89352640318492,-4.213834424439619,192.0,55.7832172019226,-4.31249791159531,8,20.823,1422
55.89352640318492,-4.213834424439619,192.0,55.8177258987159,-4.260489243356555,9,11.17,1250
55.89352640318492,-4.213834424439619,192.0,55.903262790870684,-4.212111703691823,10,3.171,578
55.89352640318492,-4.213834424439619,192.0,55.893978813107424,-4.1413270988368325,11,11.263,982
55.89352640318492,-4.213834424439619,192.0,55.894884622950286,-4.154349650804189,12,9.447,809
55.89352640318492,-4.213834424439619,192.0,55.80680963785043,-4.263605759417426,13,13.011,1510
55.89352640318492,-4.213834424439619,192.0,55.81824312166051,-4.346878846315483,14,16.398,1278
55.89352640318492,-4.213834424439619,192.0,55.84742656229786,-4.269221405976544,15,10.391,1001
55.89352640318492,-4.213834424439619,192.0,55.80730424868546,-4.315177272898423,16,16.104,1263
55.89352640318492,-4.213834424439619,192.0,55.83798278877758,-4.260604018644594,17,8.54,1025
55.89352640318492,-4.213834424439619,192.0,55.89424631095569,-4.343398240721316,18,10.481,1214
55.89352640318492,-4.213834424439619,192.0,55.83908093533876,-4.223069302141199,19,8.791,1093
55.89352640318492,-4.213834424439619,192.0,55.8357731433788,-4.270556349194068,20,11.195,1012
55.89352640318492,-4.213834424439619,192.0,55.90309627527835,-4.360750370095284,21,15.825,1353
55.89352640318492,-4.213834424439619,192.0,55.85652103589449,-4.101365743428073,22,13.908,1027
55.89352640318492,-4.213834424439619,192.0,55.783736419963375,-4.235306054793451,23,15.23,1541
55.89352640318492,-4.213834424439619,192.0,55.92064824587275,-4.2358362157531895,24,4.772,610
55.89352640318492,-4.213834424439619,192.0,55.907674892744176,-4.2497703459088045,25,3.524,1654
55.89352640318492,-4.213834424439619,192.0,55.919604340921964,-4.226208116301384,26,4.696,622
55.89352640318492,-4.213834424439619,192.0,55.83219148710444,-4.304581930326681,27,15.276,1304
55.89352640318492,-4.213834424439619,192.0,55.79569701419853,-4.1769099124482585,28,15.435,1486
55.89352640318492,-4.213834424439619,192.0,55.81260197667657,-4.197841211154324,29,12.846,1353
55.89352640318492,-4.213834424439619,192.0,55.826092940761974,-4.176919409292903,30,16.477,1317
55.89352640318492,-4.213834424439619,192.0,55.828413149208096,-4.109650878166438,31,20.854,1372
55.89352640318492,-4.213834424439619,192.0,55.8999241737755,-4.257993823533507,32,5.652,779
55.89352640318492,-4.213834424439619,192.0,55.892514250678616,-4.340118142906542,33,10.51,1226
55.89352640318492,-4.213834424439619,192.0,55.855241629670886,-4.269936069312288,34,8.235,742
55.89352640318492,-4.213834424439619,192.0,55.877364911629314,-4.109701193625618,35,14.309,1127
55.89352640318492,-4.213834424439619,192.0,55.887053111734645,-4.1280531391159245,36,10.313,921
55.89352640318492,-4.213834424439619,192.0,55.89108676863447,-4.105446803942431,37,12.046,1227
55.89352640318492,-4.213834424439619,192.0,55.842635153466425,-4.334387903339716,38,13.181,1092
55.89352640318492,-4.213834424439619,192.0,55.89197542936556,-4.19614108945253,39,3.929,551
55.89352640318492,-4.213834424439619,192.0,55.825849135803445,-4.321179033230789,40,13.454,1204
55.89352640318492,-4.213834424439619,192.0,55.81864602215581,-4.375055705699034,41,17.427,1286
55.89352640318492,-4.213834424439619,192.0,55.92613065482397,-4.212698358862173,42,5.158,675
55.89352640318492,-4.213834424439619,192.0,55.874439929608144,-4.279689658904073,43,8.076,864
55.89352640318492,-4.213834424439619,192.0,55.81998166828728,-4.245455535821837,44,10.65,1156
55.89352640318492,-4.213834424439619,192.0,55.91066980601156,-4.213502644426629,45,4.11,626
55.89352640318492,-4.213834424439619,192.0,55.8404807486866,-4.356656090229781,46,16.833,1359
55.89352640318492,-4.213834424439619,192.0,55.88708229912325,-4.079055837843032,47,18.605,1154
55.89352640318492,-4.213834424439619,192.0,55.84510555179576,-4.178720975321847,48,10.252,1136
55.89352640318492,-4.213834424439619,192.0,55.84413340760586,-4.085244529493477,49,18.407,1560
55.89352640318492,-4.213834424439619,192.0,55.83324217210475,-4.157183908594519,50,12.374,1284
55.89352640318492,-4.213834424439619,192.0,55.895753278756494,-4.323131413571223,51,9.642,1163
55.89352640318492,-4.213834424439619,192.0,55.88609925330935,-4.38354364327563,52,18.346,1232
55.89352640318492,-4.213834424439619,192.0,55.86596770908397,-4.338853955125049,53,15.129,1113
55.89352640318492,-4.213834424439619,192.0,55.819381988004544,-4.256567679373081,54,10.9,1271
55.89352640318492,-4.213834424439619,192.0,55.919398785577634,-4.298102785445152,55,9.506,1416
55.89352640318492,-4.213834424439619,192.0,55.81052481551728,-4.0780884232687225,56,23.653,2519
55.89352640318492,-4.213834424439619,192.0,55.8411814367945,-4.125490362928665,57,18.935,1267
55.89352640318492,-4.213834424439619,192.0,55.844855881791794,-4.151320272286683,58,12.079,1253
55.89352640318492,-4.213834424439619,192.0,55.79334532620707,-4.3052187624925375,59,19.566,1370
55.89352640318492,-4.213834424439619,192.0,55.78499644933002,-4.082518262203789,60,25.543,1446
55.89352640318492,-4.213834424439619,192.0,55.86482365717543,-4.074666870071637,61,16.174,1244
55.89352640318492,-4.213834424439619,192.0,55.910543969585106,-4.384534109666136,62,18.257,1488
55.89352640318492,-4.213834424439619,192.0,55.799715679086134,-4.188568421733812,63,15.417,1644
55.89352640318492,-4.213834424439619,192.0,55.90005630083831,-4.294022887833187,64,11.078,1007
55.89352640318492,-4.213834424439619,192.0,55.82573931186619,-4.210157383495828,65,10.903,1168
55.89352640318492,-4.213834424439619,192.0,55.88010014610652,-4.288014027401103,66,6.933,944
55.89352640318492,-4.213834424439619,192.0,55.8836463272421,-4.377148406451105,67,18.116,1310
55.89352640318492,-4.213834424439619,192.0,55.80511293548626,-4.195982430231648,68,13.826,1428
55.89352640318492,-4.213834424439619,192.0,55.9265186267864,-4.256321117900257,69,6.998,739
55.89352640318492,-4.213834424439619,192.0,55.90353118048908,-4.119171950823842,70,12.122,1184
55.89352640318492,-4.213834424439619,192.0,55.81502357146685,-4.260984914919316,71,11.527,1285
55.89352640318492,-4.213834424439619,192.0,55.894355058439295,-4.293143876300353,72,7.502,923
55.89352640318492,-4.213834424439619,192.0,55.80246488546192,-4.242274834364847,73,12.791,1381
55.89352640318492,-4.213834424439619,192.0,55.887581813102464,-4.2985753032369685,74,7.114,920
55.89352640318492,-4.213834424439619,192.0,55.928290955083554,-4.295962301582311,75,9.928,830
55.89352640318492,-4.213834424439619,192.0,55.81096058143004,-4.368797105646974,76,19.084,1368
55.89352640318492,-4.213834424439619,192.0,55.84818750128869,-4.3631808239548375,77,17.819,1211
55.89352640318492,-4.213834424439619,192.0,55.81610352786554,-4.330910795148831,78,15.423,1118
55.89352640318492,-4.213834424439619,192.0,55.807034270653475,-4.136077366584948,79,16.398,1571
55.89352640318492,-4.213834424439619,192.0,55.86778114631985,-4.233612892312959,80,4.604,637
55.89352640318492,-4.213834424439619,192.0,55.79578956690847,-4.368290459919509,81,24.168,2563
55.89352640318492,-4.213834424439619,192.0,55.897877306124535,-4.077031107370425,82,13.837,1693
55.89352640318492,-4.213834424439619,192.0,55.80721289582252,-4.242612882195534,83,12.014,1333
55.89352640318492,-4.213834424439619,192.0,55.92209393969709,-4.157940141970138,84,8.908,800
55.89352640318492,-4.213834424439619,192.0,55.79188265083702,-4.28147512844989,85,20.428,1425
55.89352640318492,-4.213834424439619,192.0,55.88043814367632,-4.104360473798184,86,14.121,1087
55.89352640318492,-4.213834424439619,192.0,55.90345994988174,-4.293652184560058,87,10.293,928
55.89352640318492,-4.213834424439619,192.0,55.91230525016259,-4.108196424937476,88,13.146,1093
55.89352640318492,-4.213834424439619,192.0,55.90569137930351,-4.3852429216612405,89,19.193,1564
55.89352640318492,-4.213834424439619,192.0,55.824402119970216,-4.298242138123909,90,13.89,1125
55.89352640318492,-4.213834424439619,192.0,55.887104625653905,-4.201059285828647,91,2.579,579
55.89352640318492,-4.213834424439619,192.0,55.92006797200308,-4.195257422106852,92,6.004,652
55.89352640318492,-4.213834424439619,192.0,55.7944551107823,-4.1683749063061635,93,15.565,1920
55.89352640318492,-4.213834424439619,192.0,55.88003873447475,-4.304350182381346,94,7.927,1009
55.89352640318492,-4.213834424439619,192.0,55.88308048053683,-4.2942103285768285,95,6.951,960
55.89352640318492,-4.213834424439619,192.0,55.80779271908626,-4.3234306371549245,96,16.694,1250
55.89352640318492,-4.213834424439619,192.0,55.90123467399992,-4.380968632189907,97,19.292,1711
55.89352640318492,-4.213834424439619,192.0,55.88049231589054,-4.293733205570284,98,7.429,974
55.89352640318492,-4.213834424439619,192.0,55.84697147961761,-4.334108806216461,99,13.295,1125
55.89352640318492,-4.213834424439619,192.0,55.83067141211495,-4.195633651932574,100,15.287,1196
55.89352640318492,-4.213834424439619,192.0,55.89350845984679,-4.099445363541155,101,11.861,1058
55.89352640318492,-4.213834424439619,192.0,55.92592408664018,-4.179171340754611,102,7.473,736
55.89352640318492,-4.213834424439619,192.0,55.84941827409408,-4.169566750359822,103,10.038,1121
55.89352640318492,-4.213834424439619,192.0,55.92413375575165,-4.226670311636797,104,6.373,1417
55.89352640318492,-4.213834424439619,192.0,55.88995713457192,-4.285031242761631,105,6.442,826
55.89352640318492,-4.213834424439619,192.0,55.90528066541109,-4.131569818675147,106,9.484,821
55.89352640318492,-4.213834424439619,192.0,55.87850608392288,-4.103517886631066,107,14.452,1120
55.89352640318492,-4.213834424439619,192.0,55.80799405798939,-4.284953473560454,108,15.193,1380
55.89352640318492,-4.213834424439619,192.0,55.906815669822045,-4.385279074380807,109,18.974,1518
55.89352640318492,-4.213834424439619,192.0,55.916237634416454,-4.222407816066865,110,4.611,610
55.89352640318492,-4.213834424439619,192.0,55.915798955837815,-4.088621086891774,111,13.864,1128
55.89352640318492,-4.213834424439619,192.0,55.827538479175395,-4.350653065976025,112,15.767,1209
55.89352640318492,-4.213834424439619,192.0,55.799515288981674,-4.0866627646338864,113,25.913,1559
55.89352640318492,-4.213834424439619,192.0,55.831024245961984,-4.244756518165482,114,9.251,1064
55.89352640318492,-4.213834424439619,192.0,55.86754360554833,-4.2143078261423845,115,5.845,796
55.89352640318492,-4.213834424439619,192.0,55.8574985965699,-4.1521224561179935,116,11.818,1070
55.89352640318492,-4.213834424439619,192.0,55.88095643501817,-4.32811659177277,117,12.909,1094
55.89352640318492,-4.213834424439619,192.0,55.85240433608213,-4.177570445500026,118,9.323,993
55.89352640318492,-4.213834424439619,192.0,55.91169549549074,-4.359708873069638,119,15.769,1344
55.89352640318492,-4.213834424439619,192.0,55.92640787519779,-4.300990956079843,120,10.376,879
55.89352640318492,-4.213834424439619,192.0,55.84019197366069,-4.205566157974415,121,9.83,1165
55.89352640318492,-4.213834424439619,192.0,55.866619942939494,-4.268153778778456,122,7.153,845
55.89352640318492,-4.213834424439619,192.0,55.81327411986783,-4.2587495402872255,123,11.506,1294
55.89352640318492,-4.213834424439619,192.0,55.86022660117776,-4.154711133590585,124,11.035,998
55.89352640318492,-4.213834424439619,192.0,55.831522729053496,-4.370420634377527,125,17.821,1379
55.89352640318492,-4.213834424439619,192.0,55.84074346341779,-4.172411658039648,126,11.322,1183
55.89352640318492,-4.213834424439619,192.0,55.8801412435821,-4.258666277618953,127,4.923,685
55.89352640318492,-4.213834424439619,192.0,55.8434159429892,-4.1056733307349536,128,19.191,1296
55.89352640318492,-4.213834424439619,192.0,55.83522057783537,-4.25736952395694,129,8.514,1027
55.89352640318492,-4.213834424439619,192.0,55.86467774065618,-4.2250953414252415,130,5.385,643
55.89352640318492,-4.213834424439619,192.0,55.8953662249987,-4.231143624453162,131,1.62,380
55.89352640318492,-4.213834424439619,192.0,55.81920459649808,-4.236238450921302,132,11.234,1206
55.89352640318492,-4.213834424439619,192.0,55.900795402502105,-4.206009410292495,133,3.547,560
55.89352640318492,-4.213834424439619,192.0,55.86078490474355,-4.339631469507248,134,15.664,1207
55.89352640318492,-4.213834424439619,192.0,55.924999437053955,-4.191173279124663,135,6.255,661
55.89352640318492,-4.213834424439619,192.0,55.81549096669224,-4.126910343137958,136,24.253,1583
55.89352640318492,-4.213834424439619,192.0,55.90135585493081,-4.207622057499793,137,3.546,538
55.89352640318492,-4.213834424439619,192.0,55.845816555475636,-4.129576488296543,138,15.008,1239
55.89352640318492,-4.213834424439619,192.0,55.80470047644827,-4.291960781118721,139,15.22,1358
55.89352640318492,-4.213834424439619,192.0,55.89185394491289,-4.179857587296262,140,5.163,663
55.89352640318492,-4.213834424439619,192.0,55.91859399996558,-4.3401659608951215,141,13.137,1089
55.89352640318492,-4.213834424439619,192.0,55.90671476836246,-4.3642865107142725,142,15.856,1316
55.89352640318492,-4.213834424439619,192.0,55.81273399651921,-4.167613047894911,143,17.76,1379
55.89352640318492,-4.213834424439619,192.0,55.80939871413575,-4.276056954355674,144,15.101,1344
55.89352640318492,-4.213834424439619,192.0,55.88312869327199,-4.214542892826467,145,1.944,444
55.89352640318492,-4.213834424439619,192.0,55.815340374954424,-4.283514492524949,146,14.095,1229
55.89352640318492,-4.213834424439619,192.0,55.87864379034378,-4.080636908866371,147,19.518,1177
55.89352640318492,-4.213834424439619,192.0,55.89423440492952,-4.2418874418647645,148,2.361,503
55.89352640318492,-4.213834424439619,192.0,55.92796852989922,-4.305970400193036,149,10.504,902
55.89352640318492,-4.213834424439619,192.0,55.92895153496988,-4.082888064137351,150,15.931,1088
55.89352640318492,-4.213834424439619,192.0,55.790766759429424,-4.135285962371055,151,17.99,1561
55.89352640318492,-4.213834424439619,192.0,55.80808041573422,-4.184105792933229,152,13.62,1359
55.89352640318492,-4.213834424439619,192.0,55.7982747224006,-4.3931924101572655,153,19.892,1463
55.89352640318492,-4.213834424439619,192.0,55.81178474630603,-4.337962602706185,154,16.49,1224
55.89352640318492,-4.213834424439619,192.0,55.852972007756,-4.353957895039277,155,14.863,1211
55.89352640318492,-4.213834424439619,192.0,55.797152036890715,-4.311451416173846,156,18.462,1298
55.89352640318492,-4.213834424439619,192.0,55.84839482833289,-4.1889265673730645,157,9.067,1010
55.89352640318492,-4.213834424439619,192.0,55.86383954752864,-4.387927326091926,158,20.455,1238
55.89352640318492,-4.213834424439619,192.0,55.807182357875575,-4.140487806234959,159,16.075,1547
55.89352640318492,-4.213834424439619,192.0,55.8296607577131,-4.218765551358871,160,10.233,1201
55.89352640318492,-4.213834424439619,192.0,55.82699494590622,-4.295404959002084,161,13.926,1102
55.89352640318492,-4.213834424439619,192.0,55.861248665443505,-4.307186036515638,162,13.566,1137
55.89352640318492,-4.213834424439619,192.0,55.897857165570365,-4.156645648865112,163,6.7,715
55.89352640318492,-4.213834424439619,192.0,55.877747555317356,-4.342792329217214,164,13.507,1200
55.89352640318492,-4.213834424439619,192.0,55.92259641850896,-4.389236283866068,165,17.136,1293
55.89352640318492,-4.213834424439619,192.0,55.92621339590465,-4.2820478996479165,166,8.828,779
55.89352640318492,-4.213834424439619,192.0,55.80660612206145,-4.094012410496262,167,23.238,1584
55.89352640318492,-4.213834424439619,192.0,55.84605439624201,-4.09192094471571,168,15.335,1003
55.89352640318492,-4.213834424439619,192.0,55.83961965364386,-4.1201104741133365,169,18.542,1194
55.89352640318492,-4.213834424439619,192.0,55.85030951683019,-4.217608837338132,170,7.817,927
55.89352640318492,-4.213834424439619,192.0,55.85971342373431,-4.246748195156407,171,5.754,741
55.89352640318492,-4.213834424439619,192.0,55.815747728441636,-4.150792968910081,172,14.945,1443
55.89352640318492,-4.213834424439619,192.0,55.80041195127493,-4.3806303679601495,173,19.308,1416
55.89352640318492,-4.213834424439619,192.0,55.85487415463933,-4.092829020720908,174,15.145,1004
55.89352640318492,-4.213834424439619,192.0,55.80456076444065,-4.203157873727267,175,13.845,1429
55.89352640318492,-4.213834424439619,192.0,55.84723005082115,-4.330151260440624,176,12.816,1068
55.89352640318492,-4.213834424439619,192.0,55.88775631668876,-4.123428423568879,177,10.448,927
55.89352640318492,-4.213834424439619,192.0,55.82857385936083,-4.129579652409029,178,23.86,1562
55.89352640318492,-4.213834424439619,192.0,55.879865395443076,-4.36272007519476,179,14.415,1225
55.89352640318492,-4.213834424439619,192.0,55.87973669437185,-4.215636550296907,180,3.183,592
55.89352640318492,-4.213834424439619,192.0,55.8162521393249,-4.1868605517933455,181,12.987,1341
55.89352640318492,-4.213834424439619,192.0,55.80755514535402,-4.201625161718038,182,13.598,1396
55.89352640318492,-4.213834424439619,192.0,55.85565398843102,-4.250533808562208,183,6.568,896
55.89352640318492,-4.213834424439619,192.0,55.929636326069506,-4.381100658166308,184,16.198,1253
55.89352640318492,-4.213834424439619,192.0,55.879581066995904,-4.21986165885879,185,3.098,549
55.89352640318492,-4.213834424439619,192.0,55.92647877645629,-4.127886630011083,186,10.712,1009
55.89352640318492,-4.213834424439619,192.0,55.82282427264178,-4.371094162561755,187,16.957,1302
55.89352640318492,-4.213834424439619,192.0,55.90291353127043,-4.3414180899754955,188,11.175,1285
55.89352640318492,-4.213834424439619,192.0,55.78437024600116,-4.156926419796477,189,17.334,1576
55.89352640318492,-4.213834424439619,192.0,55.8321542449311,-4.1561720476648265,190,12.414,1297
55.89352640318492,-4.213834424439619,192.0,55.88310705812362,-4.084862107847263,191,19.399,1166
55.89352640318492,-4.213834424439619,192.0,55.85616333886266,-4.110333739241922,192,13.946,1048
55.89352640318492,-4.213834424439619,192.0,55.90185178498145,-4.152652007721208,193,7.244,1115
55.89352640318492,-4.213834424439619,192.0,55.8837118458465,-4.182392741162416,194,7.533,1810
55.89352640318492,-4.213834424439619,192.0,55.83086049774818,-4.312434105301623,195,14.86,1207
55.89352640318492,-4.213834424439619,192.0,55.821849459706755,-4.176208567338996,196,16.888,1314
55.89352640318492,-4.213834424439619,192.0,55.88009750494633,-4.255964552703097,197,4.819,679
55.89352640318492,-4.213834424439619,192.0,55.87413911675089,-4.369807111055967,198,16.457,1129
55.89352640318492,-4.213834424439619,192.0,55.86354071984154,-4.093406384811447,199,14.562,1102
55.84751621459077,-4.346915991763102,193.0,55.8391698042901,-4.214478482526657,0,12.685,851
55.84751621459077,-4.346915991763102,193.0,55.86553667472969,-4.350500876963486,1,3.638,367
55.84751621459077,-4.346915991763102,193.0,55.912892829643965,-4.286410947894997,2,14.743,2008
55.84751621459077,-4.346915991763102,193.0,55.84854019346565,-4.391697428307927,3,3.253,422
55.84751621459077,-4.346915991763102,193.0,55.79232875093524,-4.310455024670266,4,9.02,834
55.84751621459077,-4.346915991763102,193.0,55.837143362020576,-4.120043492886959,5,16.384,864
55.84751621459077,-4.346915991763102,193.0,55.84185129809378,-4.283879851305767,6,5.271,549
55.84751621459077,-4.346915991763102,193.0,55.90609664927746,-4.311383718964596,7,10.055,874
55.84751621459077,-4.346915991763102,193.0,55.7832172019226,-4.31249791159531,8,10.608,892
55.84751621459077,-4.346915991763102,193.0,55.8177258987159,-4.260489243356555,9,11.356,913
55.84751621459077,-4.346915991763102,193.0,55.903262790870684,-4.212111703691823,10,15.205,1134
55.84751621459077,-4.346915991763102,193.0,55.893978813107424,-4.1413270988368325,11,16.945,1142
55.84751621459077,-4.346915991763102,193.0,55.894884622950286,-4.154349650804189,12,19.33,1040
55.84751621459077,-4.346915991763102,193.0,55.80680963785043,-4.263605759417426,13,10.227,1030
55.84751621459077,-4.346915991763102,193.0,55.81824312166051,-4.346878846315483,14,4.993,582
55.84751621459077,-4.346915991763102,193.0,55.84742656229786,-4.269221405976544,15,7.843,836
55.84751621459077,-4.346915991763102,193.0,55.80730424868546,-4.315177272898423,16,8.261,755
55.84751621459077,-4.346915991763102,193.0,55.83798278877758,-4.260604018644594,17,9.877,815
55.84751621459077,-4.346915991763102,193.0,55.89424631095569,-4.343398240721316,18,7.726,634
55.84751621459077,-4.346915991763102,193.0,55.83908093533876,-4.223069302141199,19,10.276,882
55.84751621459077,-4.346915991763102,193.0,55.8357731433788,-4.270556349194068,20,6.156,706
55.84751621459077,-4.346915991763102,193.0,55.90309627527835,-4.360750370095284,21,9.759,869
55.84751621459077,-4.346915991763102,193.0,55.85652103589449,-4.101365743428073,22,19.493,1084
55.84751621459077,-4.346915991763102,193.0,55.783736419963375,-4.235306054793451,23,23.562,1263
55.84751621459077,-4.346915991763102,193.0,55.92064824587275,-4.2358362157531895,24,16.33,1115
55.84751621459077,-4.346915991763102,193.0,55.907674892744176,-4.2497703459088045,25,15.082,2160
55.84751621459077,-4.346915991763102,193.0,55.919604340921964,-4.226208116301384,26,16.254,1126
55.84751621459077,-4.346915991763102,193.0,55.83219148710444,-4.304581930326681,27,7.095,835
55.84751621459077,-4.346915991763102,193.0,55.79569701419853,-4.1769099124482585,28,17.1,1136
55.84751621459077,-4.346915991763102,193.0,55.81260197667657,-4.197841211154324,29,14.511,1003
55.84751621459077,-4.346915991763102,193.0,55.826092940761974,-4.176919409292903,30,13.041,936
55.84751621459077,-4.346915991763102,193.0,55.828413149208096,-4.109650878166438,31,19.845,1126
55.84751621459077,-4.346915991763102,193.0,55.8999241737755,-4.257993823533507,32,12.288,1047
55.84751621459077,-4.346915991763102,193.0,55.892514250678616,-4.340118142906542,33,7.755,645
55.84751621459077,-4.346915991763102,193.0,55.855241629670886,-4.269936069312288,34,9.584,647
55.84751621459077,-4.346915991763102,193.0,55.877364911629314,-4.109701193625618,35,19.894,1185
55.84751621459077,-4.346915991763102,193.0,55.887053111734645,-4.1280531391159245,36,20.196,1151
55.84751621459077,-4.346915991763102,193.0,55.89108676863447,-4.105446803942431,37,21.929,1458
55.84751621459077,-4.346915991763102,193.0,55.842635153466425,-4.334387903339716,38,1.989,287
55.84751621459077,-4.346915991763102,193.0,55.89197542936556,-4.19614108945253,39,16.203,985
55.84751621459077,-4.346915991763102,193.0,55.825849135803445,-4.321179033230789,40,5.273,735
55.84751621459077,-4.346915991763102,193.0,55.81864602215581,-4.375055705699034,41,5.033,508
55.84751621459077,-4.346915991763102,193.0,55.92613065482397,-4.212698358862173,42,16.716,1179
55.84751621459077,-4.346915991763102,193.0,55.874439929608144,-4.279689658904073,43,8.928,713
55.84751621459077,-4.346915991763102,193.0,55.81998166828728,-4.245455535821837,44,10.836,819
55.84751621459077,-4.346915991763102,193.0,55.91066980601156,-4.213502644426629,45,15.668,1130
55.84751621459077,-4.346915991763102,193.0,55.8404807486866,-4.356656090229781,46,3.342,396
55.84751621459077,-4.346915991763102,193.0,55.88708229912325,-4.079055837843032,47,25.176,1207
55.84751621459077,-4.346915991763102,193.0,55.84510555179576,-4.178720975321847,48,14.706,952
55.84751621459077,-4.346915991763102,193.0,55.84413340760586,-4.085244529493477,49,21.873,1581
55.84751621459077,-4.346915991763102,193.0,55.83324217210475,-4.157183908594519,50,14.568,949
55.84751621459077,-4.346915991763102,193.0,55.895753278756494,-4.323131413571223,51,7.512,745
55.84751621459077,-4.346915991763102,193.0,55.88609925330935,-4.38354364327563,52,7.338,497
55.84751621459077,-4.346915991763102,193.0,55.86596770908397,-4.338853955125049,53,3.726,333
55.84751621459077,-4.346915991763102,193.0,55.819381988004544,-4.256567679373081,54,9.811,947
55.84751621459077,-4.346915991763102,193.0,55.919398785577634,-4.298102785445152,55,15.019,1688
55.84751621459077,-4.346915991763102,193.0,55.81052481551728,-4.0780884232687225,56,22.644,2274
55.84751621459077,-4.346915991763102,193.0,55.8411814367945,-4.125490362928665,57,17.926,1022
55.84751621459077,-4.346915991763102,193.0,55.844855881791794,-4.151320272286683,58,15.558,1002
55.84751621459077,-4.346915991763102,193.0,55.79334532620707,-4.3052187624925375,59,9.351,840
55.84751621459077,-4.346915991763102,193.0,55.78499644933002,-4.082518262203789,60,26.367,1273
55.84751621459077,-4.346915991763102,193.0,55.86482365717543,-4.074666870071637,61,21.759,1301
55.84751621459077,-4.346915991763102,193.0,55.910543969585106,-4.384534109666136,62,11.586,934
55.84751621459077,-4.346915991763102,193.0,55.799715679086134,-4.188568421733812,63,17.082,1295
55.84751621459077,-4.346915991763102,193.0,55.90005630083831,-4.294022887833187,64,9.946,950
55.84751621459077,-4.346915991763102,193.0,55.82573931186619,-4.210157383495828,65,12.568,818
55.84751621459077,-4.346915991763102,193.0,55.88010014610652,-4.288014027401103,66,11.017,990
55.84751621459077,-4.346915991763102,193.0,55.8836463272421,-4.377148406451105,67,7.108,575
55.84751621459077,-4.346915991763102,193.0,55.80511293548626,-4.195982430231648,68,15.491,1078
55.84751621459077,-4.346915991763102,193.0,55.9265186267864,-4.256321117900257,69,15.993,1146
55.84751621459077,-4.346915991763102,193.0,55.90353118048908,-4.119171950823842,70,21.092,1393
55.84751621459077,-4.346915991763102,193.0,55.81502357146685,-4.260984914919316,71,9.456,930
55.84751621459077,-4.346915991763102,193.0,55.894355058439295,-4.293143876300353,72,9.795,955
55.84751621459077,-4.346915991763102,193.0,55.80246488546192,-4.242274834364847,73,12.977,1044
55.84751621459077,-4.346915991763102,193.0,55.887581813102464,-4.2985753032369685,74,9.032,901
55.84751621459077,-4.346915991763102,193.0,55.928290955083554,-4.295962301582311,75,11.872,953
55.84751621459077,-4.346915991763102,193.0,55.81096058143004,-4.368797105646974,76,6.641,696
55.84751621459077,-4.346915991763102,193.0,55.84818750128869,-4.3631808239548375,77,1.718,252
55.84751621459077,-4.346915991763102,193.0,55.81610352786554,-4.330910795148831,78,5.488,584
55.84751621459077,-4.346915991763102,193.0,55.807034270653475,-4.136077366584948,79,16.275,1187
55.84751621459077,-4.346915991763102,193.0,55.86778114631985,-4.233612892312959,80,10.779,796
55.84751621459077,-4.346915991763102,193.0,55.79578956690847,-4.368290459919509,81,8.576,1820
55.84751621459077,-4.346915991763102,193.0,55.897877306124535,-4.077031107370425,82,23.72,1924
55.84751621459077,-4.346915991763102,193.0,55.80721289582252,-4.242612882195534,83,12.2,996
55.84751621459077,-4.346915991763102,193.0,55.92209393969709,-4.157940141970138,84,20.863,1191
55.84751621459077,-4.346915991763102,193.0,55.79188265083702,-4.28147512844989,85,10.213,895
55.84751621459077,-4.346915991763102,193.0,55.88043814367632,-4.104360473798184,86,19.706,1145
55.84751621459077,-4.346915991763102,193.0,55.90345994988174,-4.293652184560058,87,10.356,994
55.84751621459077,-4.346915991763102,193.0,55.91230525016259,-4.108196424937476,88,22.36,1338
55.84751621459077,-4.346915991763102,193.0,55.90569137930351,-4.3852429216612405,89,11.621,957
55.84751621459077,-4.346915991763102,193.0,55.824402119970216,-4.298242138123909,90,5.709,656
55.84751621459077,-4.346915991763102,193.0,55.887104625653905,-4.201059285828647,91,13.915,1134
55.84751621459077,-4.346915991763102,193.0,55.92006797200308,-4.195257422106852,92,17.562,1157
55.84751621459077,-4.346915991763102,193.0,55.7944551107823,-4.1683749063061635,93,17.23,1571
55.84751621459077,-4.346915991763102,193.0,55.88003873447475,-4.304350182381346,94,7.185,742
55.84751621459077,-4.346915991763102,193.0,55.88308048053683,-4.2942103285768285,95,8.883,831
55.84751621459077,-4.346915991763102,193.0,55.80779271908626,-4.3234306371549245,96,6.759,717
55.84751621459077,-4.346915991763102,193.0,55.90123467399992,-4.380968632189907,97,11.927,1102
55.84751621459077,-4.346915991763102,193.0,55.88049231589054,-4.293733205570284,98,8.785,821
55.84751621459077,-4.346915991763102,193.0,55.84697147961761,-4.334108806216461,99,1.579,221
55.84751621459077,-4.346915991763102,193.0,55.83067141211495,-4.195633651932574,100,11.851,815
55.84751621459077,-4.346915991763102,193.0,55.89350845984679,-4.099445363541155,101,21.744,1289
55.84751621459077,-4.346915991763102,193.0,55.92592408664018,-4.179171340754611,102,22.204,1275
55.84751621459077,-4.346915991763102,193.0,55.84941827409408,-4.169566750359822,103,15.411,1018
55.84751621459077,-4.346915991763102,193.0,55.92413375575165,-4.226670311636797,104,17.931,1921
55.84751621459077,-4.346915991763102,193.0,55.88995713457192,-4.285031242761631,105,10.526,871
55.84751621459077,-4.346915991763102,193.0,55.90528066541109,-4.131569818675147,106,18.542,1038
55.84751621459077,-4.346915991763102,193.0,55.87850608392288,-4.103517886631066,107,20.037,1178
55.84751621459077,-4.346915991763102,193.0,55.80799405798939,-4.284953473560454,108,9.057,908
55.84751621459077,-4.346915991763102,193.0,55.906815669822045,-4.385279074380807,109,10.932,872
55.84751621459077,-4.346915991763102,193.0,55.916237634416454,-4.222407816066865,110,16.169,1114
55.84751621459077,-4.346915991763102,193.0,55.915798955837815,-4.088621086891774,111,25.444,1369
55.84751621459077,-4.346915991763102,193.0,55.827538479175395,-4.350653065976025,112,3.885,474
55.84751621459077,-4.346915991763102,193.0,55.799515288981674,-4.0866627646338864,113,26.737,1386
55.84751621459077,-4.346915991763102,193.0,55.831024245961984,-4.244756518165482,114,9.317,720
55.84751621459077,-4.346915991763102,193.0,55.86754360554833,-4.2143078261423845,115,12.119,912
55.84751621459077,-4.346915991763102,193.0,55.8574985965699,-4.1521224561179935,116,16.714,1128
55.84751621459077,-4.346915991763102,193.0,55.88095643501817,-4.32811659177277,117,5.568,461
55.84751621459077,-4.346915991763102,193.0,55.85240433608213,-4.177570445500026,118,15.575,1069
55.84751621459077,-4.346915991763102,193.0,55.91169549549074,-4.359708873069638,119,11.744,1060
55.84751621459077,-4.346915991763102,193.0,55.92640787519779,-4.300990956079843,120,11.68,974
55.84751621459077,-4.346915991763102,193.0,55.84019197366069,-4.205566157974415,121,13.171,967
55.84751621459077,-4.346915991763102,193.0,55.866619942939494,-4.268153778778456,122,9.081,836
55.84751621459077,-4.346915991763102,193.0,55.81327411986783,-4.2587495402872255,123,11.692,957
55.84751621459077,-4.346915991763102,193.0,55.86022660117776,-4.154711133590585,124,16.62,1055
55.84751621459077,-4.346915991763102,193.0,55.831522729053496,-4.370420634377527,125,3.347,403
55.84751621459077,-4.346915991763102,193.0,55.84074346341779,-4.172411658039648,126,13.779,871
55.84751621459077,-4.346915991763102,193.0,55.8801412435821,-4.258666277618953,127,10.125,862
55.84751621459077,-4.346915991763102,193.0,55.8434159429892,-4.1056733307349536,128,18.182,1051
55.84751621459077,-4.346915991763102,193.0,55.83522057783537,-4.25736952395694,129,7.13,824
55.84751621459077,-4.346915991763102,193.0,55.86467774065618,-4.2250953414252415,130,10.903,749
55.84751621459077,-4.346915991763102,193.0,55.8953662249987,-4.231143624453162,131,13.356,926
55.84751621459077,-4.346915991763102,193.0,55.81920459649808,-4.236238450921302,132,11.42,869
55.84751621459077,-4.346915991763102,193.0,55.900795402502105,-4.206009410292495,133,15.523,1121
55.84751621459077,-4.346915991763102,193.0,55.86078490474355,-4.339631469507248,134,3.4,419
55.84751621459077,-4.346915991763102,193.0,55.924999437053955,-4.191173279124663,135,17.813,1166
55.84751621459077,-4.346915991763102,193.0,55.81549096669224,-4.126910343137958,136,17.266,1234
55.84751621459077,-4.346915991763102,193.0,55.90135585493081,-4.207622057499793,137,15.522,1099
55.84751621459077,-4.346915991763102,193.0,55.845816555475636,-4.129576488296543,138,16.931,1092
55.84751621459077,-4.346915991763102,193.0,55.80470047644827,-4.291960781118721,139,8.89,885
55.84751621459077,-4.346915991763102,193.0,55.89185394491289,-4.179857587296262,140,15.107,909
55.84751621459077,-4.346915991763102,193.0,55.91859399996558,-4.3401659608951215,141,10.61,911
55.84751621459077,-4.346915991763102,193.0,55.90671476836246,-4.3642865107142725,142,10.511,924
55.84751621459077,-4.346915991763102,193.0,55.81273399651921,-4.167613047894911,143,14.324,998
55.84751621459077,-4.346915991763102,193.0,55.80939871413575,-4.276056954355674,144,8.771,856
55.84751621459077,-4.346915991763102,193.0,55.88312869327199,-4.214542892826467,145,12.927,953
55.84751621459077,-4.346915991763102,193.0,55.815340374954424,-4.283514492524949,146,7.765,741
55.84751621459077,-4.346915991763102,193.0,55.87864379034378,-4.080636908866371,147,26.156,1242
55.84751621459077,-4.346915991763102,193.0,55.89423440492952,-4.2418874418647645,148,13.919,1010
55.84751621459077,-4.346915991763102,193.0,55.92796852989922,-4.305970400193036,149,11.808,997
55.84751621459077,-4.346915991763102,193.0,55.92895153496988,-4.082888064137351,150,25.814,1319
55.84751621459077,-4.346915991763102,193.0,55.790766759429424,-4.135285962371055,151,19.655,1212
55.84751621459077,-4.346915991763102,193.0,55.80808041573422,-4.184105792933229,152,15.285,1009
55.84751621459077,-4.346915991763102,193.0,55.7982747224006,-4.3931924101572655,153,7.498,685
55.84751621459077,-4.346915991763102,193.0,55.81178474630603,-4.337962602706185,154,7.332,642
55.84751621459077,-4.346915991763102,193.0,55.852972007756,-4.353957895039277,155,0.974,196
55.84751621459077,-4.346915991763102,193.0,55.797152036890715,-4.311451416173846,156,8.247,768
55.84751621459077,-4.346915991763102,193.0,55.84839482833289,-4.1889265673730645,157,15.357,986
55.84751621459077,-4.346915991763102,193.0,55.86383954752864,-4.387927326091926,158,6.641,515
55.84751621459077,-4.346915991763102,193.0,55.807182357875575,-4.140487806234959,159,15.952,1162
55.84751621459077,-4.346915991763102,193.0,55.8296607577131,-4.218765551358871,160,10.737,876
55.84751621459077,-4.346915991763102,193.0,55.82699494590622,-4.295404959002084,161,5.745,632
55.84751621459077,-4.346915991763102,193.0,55.861248665443505,-4.307186036515638,162,4.448,452
55.84751621459077,-4.346915991763102,193.0,55.897857165570365,-4.156645648865112,163,16.583,946
55.84751621459077,-4.346915991763102,193.0,55.877747555317356,-4.342792329217214,164,6.158,558
55.84751621459077,-4.346915991763102,193.0,55.92259641850896,-4.389236283866068,165,22.809,1066
55.84751621459077,-4.346915991763102,193.0,55.92621339590465,-4.2820478996479165,166,13.039,998
55.84751621459077,-4.346915991763102,193.0,55.80660612206145,-4.094012410496262,167,22.229,1338
55.84751621459077,-4.346915991763102,193.0,55.84605439624201,-4.09192094471571,168,20.92,1061
55.84751621459077,-4.346915991763102,193.0,55.83961965364386,-4.1201104741133365,169,17.533,949
55.84751621459077,-4.346915991763102,193.0,55.85030951683019,-4.217608837338132,170,10.825,917
55.84751621459077,-4.346915991763102,193.0,55.85971342373431,-4.246748195156407,171,11.272,847
55.84751621459077,-4.346915991763102,193.0,55.815747728441636,-4.150792968910081,172,14.822,1059
55.84751621459077,-4.346915991763102,193.0,55.80041195127493,-4.3806303679601495,173,6.914,638
55.84751621459077,-4.346915991763102,193.0,55.85487415463933,-4.092829020720908,174,20.73,1062
55.84751621459077,-4.346915991763102,193.0,55.80456076444065,-4.203157873727267,175,15.51,1080
55.84751621459077,-4.346915991763102,193.0,55.84723005082115,-4.330151260440624,176,1.769,202
55.84751621459077,-4.346915991763102,193.0,55.88775631668876,-4.123428423568879,177,20.331,1158
55.84751621459077,-4.346915991763102,193.0,55.82857385936083,-4.129579652409029,178,17.344,1246
55.84751621459077,-4.346915991763102,193.0,55.879865395443076,-4.36272007519476,179,7.05,600
55.84751621459077,-4.346915991763102,193.0,55.87973669437185,-4.215636550296907,180,12.214,964
55.84751621459077,-4.346915991763102,193.0,55.8162521393249,-4.1868605517933455,181,13.704,969
55.84751621459077,-4.346915991763102,193.0,55.80755514535402,-4.201625161718038,182,15.263,1047
55.84751621459077,-4.346915991763102,193.0,55.85565398843102,-4.250533808562208,183,7.293,766
55.84751621459077,-4.346915991763102,193.0,55.929636326069506,-4.381100658166308,184,23.795,1088
55.84751621459077,-4.346915991763102,193.0,55.879581066995904,-4.21986165885879,185,11.855,945
55.84751621459077,-4.346915991763102,193.0,55.92647877645629,-4.127886630011083,186,21.945,1277
55.84751621459077,-4.346915991763102,193.0,55.82282427264178,-4.371094162561755,187,4.335,490
55.84751621459077,-4.346915991763102,193.0,55.90291353127043,-4.3414180899754955,188,8.557,803
55.84751621459077,-4.346915991763102,193.0,55.78437024600116,-4.156926419796477,189,18.999,1226
55.84751621459077,-4.346915991763102,193.0,55.8321542449311,-4.1561720476648265,190,14.608,963
55.84751621459077,-4.346915991763102,193.0,55.88310705812362,-4.084862107847263,191,23.317,1123
55.84751621459077,-4.346915991763102,193.0,55.85616333886266,-4.110333739241922,192,19.531,1106
55.84751621459077,-4.346915991763102,193.0,55.90185178498145,-4.152652007721208,193,20.492,1570
55.84751621459077,-4.346915991763102,193.0,55.8837118458465,-4.182392741162416,194,16.771,1918
55.84751621459077,-4.346915991763102,193.0,55.83086049774818,-4.312434105301623,195,6.679,737
55.84751621459077,-4.346915991763102,193.0,55.821849459706755,-4.176208567338996,196,13.452,933
55.84751621459077,-4.346915991763102,193.0,55.88009750494633,-4.255964552703097,197,9.811,841
55.84751621459077,-4.346915991763102,193.0,55.87413911675089,-4.369807111055967,198,5.449,394
55.84751621459077,-4.346915991763102,193.0,55.86354071984154,-4.093406384811447,199,20.147,1160
55.812436175328294,-4.311945084269596,194.0,55.8391698042901,-4.214478482526657,0,14.222,919
55.812436175328294,-4.311945084269596,194.0,55.86553667472969,-4.350500876963486,1,11.599,811
55.812436175328294,-4.311945084269596,194.0,55.912892829643965,-4.286410947894997,2,17.39,2128
55.812436175328294,-4.311945084269596,194.0,55.84854019346565,-4.391697428307927,3,10.075,845
55.812436175328294,-4.311945084269596,194.0,55.79232875093524,-4.310455024670266,4,3.161,309
55.812436175328294,-4.311945084269596,194.0,55.837143362020576,-4.120043492886959,5,17.921,931
55.812436175328294,-4.311945084269596,194.0,55.84185129809378,-4.283879851305767,6,4.559,400
55.812436175328294,-4.311945084269596,194.0,55.90609664927746,-4.311383718964596,7,14.775,1136
55.812436175328294,-4.311945084269596,194.0,55.7832172019226,-4.31249791159531,8,4.749,367
55.812436175328294,-4.311945084269596,194.0,55.8177258987159,-4.260489243356555,9,4.46,478
55.812436175328294,-4.311945084269596,194.0,55.903262790870684,-4.212111703691823,10,16.756,1202
55.812436175328294,-4.311945084269596,194.0,55.893978813107424,-4.1413270988368325,11,18.496,1209
55.812436175328294,-4.311945084269596,194.0,55.894884622950286,-4.154349650804189,12,20.881,1108
55.812436175328294,-4.311945084269596,194.0,55.80680963785043,-4.263605759417426,13,4.843,527
55.812436175328294,-4.311945084269596,194.0,55.81824312166051,-4.346878846315483,14,5.424,493
55.812436175328294,-4.311945084269596,194.0,55.84742656229786,-4.269221405976544,15,5.937,587
55.812436175328294,-4.311945084269596,194.0,55.80730424868546,-4.315177272898423,16,0.609,84
55.812436175328294,-4.311945084269596,194.0,55.83798278877758,-4.260604018644594,17,5.175,580
55.812436175328294,-4.311945084269596,194.0,55.89424631095569,-4.343398240721316,18,13.415,1061
55.812436175328294,-4.311945084269596,194.0,55.83908093533876,-4.223069302141199,19,11.813,950
55.812436175328294,-4.311945084269596,194.0,55.8357731433788,-4.270556349194068,20,4.091,413
55.812436175328294,-4.311945084269596,194.0,55.90309627527835,-4.360750370095284,21,15.448,1296
55.812436175328294,-4.311945084269596,194.0,55.85652103589449,-4.101365743428073,22,21.044,1152
55.812436175328294,-4.311945084269596,194.0,55.783736419963375,-4.235306054793451,23,8.64,698
55.812436175328294,-4.311945084269596,194.0,55.92064824587275,-4.2358362157531895,24,17.881,1183
55.812436175328294,-4.311945084269596,194.0,55.907674892744176,-4.2497703459088045,25,16.633,2228
55.812436175328294,-4.311945084269596,194.0,55.919604340921964,-4.226208116301384,26,17.805,1194
55.812436175328294,-4.311945084269596,194.0,55.83219148710444,-4.304581930326681,27,3.554,377
55.812436175328294,-4.311945084269596,194.0,55.79569701419853,-4.1769099124482585,28,14.163,1071
55.812436175328294,-4.311945084269596,194.0,55.81260197667657,-4.197841211154324,29,9.207,947
55.812436175328294,-4.311945084269596,194.0,55.826092940761974,-4.176919409292903,30,14.578,1003
55.812436175328294,-4.311945084269596,194.0,55.828413149208096,-4.109650878166438,31,21.382,1194
55.812436175328294,-4.311945084269596,194.0,55.8999241737755,-4.257993823533507,32,13.839,1115
55.812436175328294,-4.311945084269596,194.0,55.892514250678616,-4.340118142906542,33,13.444,1072
55.812436175328294,-4.311945084269596,194.0,55.855241629670886,-4.269936069312288,34,9.872,740
55.812436175328294,-4.311945084269596,194.0,55.877364911629314,-4.109701193625618,35,21.445,1253
55.812436175328294,-4.311945084269596,194.0,55.887053111734645,-4.1280531391159245,36,21.747,1219
55.812436175328294,-4.311945084269596,194.0,55.89108676863447,-4.105446803942431,37,23.48,1526
55.812436175328294,-4.311945084269596,194.0,55.842635153466425,-4.334387903339716,38,6.22,577
55.812436175328294,-4.311945084269596,194.0,55.89197542936556,-4.19614108945253,39,17.754,1053
55.812436175328294,-4.311945084269596,194.0,55.825849135803445,-4.321179033230789,40,3.533,298
55.812436175328294,-4.311945084269596,194.0,55.81864602215581,-4.375055705699034,41,5.75,492
55.812436175328294,-4.311945084269596,194.0,55.92613065482397,-4.212698358862173,42,18.267,1247
55.812436175328294,-4.311945084269596,194.0,55.874439929608144,-4.279689658904073,43,10.479,781
55.812436175328294,-4.311945084269596,194.0,55.81998166828728,-4.245455535821837,44,5.396,580
55.812436175328294,-4.311945084269596,194.0,55.91066980601156,-4.213502644426629,45,17.219,1198
55.812436175328294,-4.311945084269596,194.0,55.8404807486866,-4.356656090229781,46,6.568,613
55.812436175328294,-4.311945084269596,194.0,55.88708229912325,-4.079055837843032,47,26.713,1274
55.812436175328294,-4.311945084269596,194.0,55.84510555179576,-4.178720975321847,48,16.243,1019
55.812436175328294,-4.311945084269596,194.0,55.84413340760586,-4.085244529493477,49,23.41,1648
55.812436175328294,-4.311945084269596,194.0,55.83324217210475,-4.157183908594519,50,16.105,1016
55.812436175328294,-4.311945084269596,194.0,55.895753278756494,-4.323131413571223,51,13.201,1172
55.812436175328294,-4.311945084269596,194.0,55.88609925330935,-4.38354364327563,52,12.632,880
55.812436175328294,-4.311945084269596,194.0,55.86596770908397,-4.338853955125049,53,9.415,760
55.812436175328294,-4.311945084269596,194.0,55.819381988004544,-4.256567679373081,54,4.526,472
55.812436175328294,-4.311945084269596,194.0,55.919398785577634,-4.298102785445152,55,17.666,1807
55.812436175328294,-4.311945084269596,194.0,55.81052481551728,-4.0780884232687225,56,24.181,2341
55.812436175328294,-4.311945084269596,194.0,55.8411814367945,-4.125490362928665,57,19.463,1089
55.812436175328294,-4.311945084269596,194.0,55.844855881791794,-4.151320272286683,58,17.095,1069
55.812436175328294,-4.311945084269596,194.0,55.79334532620707,-4.3052187624925375,59,3.492,316
55.812436175328294,-4.311945084269596,194.0,55.78499644933002,-4.082518262203789,60,20.63,1243
55.812436175328294,-4.311945084269596,194.0,55.86482365717543,-4.074666870071637,61,23.31,1369
55.812436175328294,-4.311945084269596,194.0,55.910543969585106,-4.384534109666136,62,17.275,1361
55.812436175328294,-4.311945084269596,194.0,55.799715679086134,-4.188568421733812,63,11.862,1108
55.812436175328294,-4.311945084269596,194.0,55.90005630083831,-4.294022887833187,64,13.847,1089
55.812436175328294,-4.311945084269596,194.0,55.82573931186619,-4.210157383495828,65,8.424,876
55.812436175328294,-4.311945084269596,194.0,55.88010014610652,-4.288014027401103,66,12.568,1057
55.812436175328294,-4.311945084269596,194.0,55.8836463272421,-4.377148406451105,67,12.402,957
55.812436175328294,-4.311945084269596,194.0,55.80511293548626,-4.195982430231648,68,9.932,980
55.812436175328294,-4.311945084269596,194.0,55.9265186267864,-4.256321117900257,69,17.204,1222
55.812436175328294,-4.311945084269596,194.0,55.90353118048908,-4.119171950823842,70,22.643,1461
55.812436175328294,-4.311945084269596,194.0,55.81502357146685,-4.260984914919316,71,4.171,455
55.812436175328294,-4.311945084269596,194.0,55.894355058439295,-4.293143876300353,72,13.137,1036
55.812436175328294,-4.311945084269596,194.0,55.80246488546192,-4.242274834364847,73,7.194,756
55.812436175328294,-4.311945084269596,194.0,55.887581813102464,-4.2985753032369685,74,12.749,1033
55.812436175328294,-4.311945084269596,194.0,55.928290955083554,-4.295962301582311,75,18.088,1222
55.812436175328294,-4.311945084269596,194.0,55.81096058143004,-4.368797105646974,76,4.915,466
55.812436175328294,-4.311945084269596,194.0,55.84818750128869,-4.3631808239548375,77,9.314,747
55.812436175328294,-4.311945084269596,194.0,55.81610352786554,-4.330910795148831,78,1.539,180
55.812436175328294,-4.311945084269596,194.0,55.807034270653475,-4.136077366584948,79,18.911,1252
55.812436175328294,-4.311945084269596,194.0,55.86778114631985,-4.233612892312959,80,12.33,864
55.812436175328294,-4.311945084269596,194.0,55.79578956690847,-4.368290459919509,81,8.557,1625
55.812436175328294,-4.311945084269596,194.0,55.897877306124535,-4.077031107370425,82,25.271,1992
55.812436175328294,-4.311945084269596,194.0,55.80721289582252,-4.242612882195534,83,6.417,707
55.812436175328294,-4.311945084269596,194.0,55.92209393969709,-4.157940141970138,84,22.414,1259
55.812436175328294,-4.311945084269596,194.0,55.79188265083702,-4.28147512844989,85,4.354,371
55.812436175328294,-4.311945084269596,194.0,55.88043814367632,-4.104360473798184,86,21.257,1213
55.812436175328294,-4.311945084269596,194.0,55.90345994988174,-4.293652184560058,87,14.316,1134
55.812436175328294,-4.311945084269596,194.0,55.91230525016259,-4.108196424937476,88,23.911,1406
55.812436175328294,-4.311945084269596,194.0,55.90569137930351,-4.3852429216612405,89,17.31,1384
55.812436175328294,-4.311945084269596,194.0,55.824402119970216,-4.298242138123909,90,2.351,260
55.812436175328294,-4.311945084269596,194.0,55.887104625653905,-4.201059285828647,91,15.466,1202
55.812436175328294,-4.311945084269596,194.0,55.92006797200308,-4.195257422106852,92,19.113,1225
55.812436175328294,-4.311945084269596,194.0,55.7944551107823,-4.1683749063061635,93,14.293,1506
55.812436175328294,-4.311945084269596,194.0,55.88003873447475,-4.304350182381346,94,12.308,937
55.812436175328294,-4.311945084269596,194.0,55.88308048053683,-4.2942103285768285,95,11.908,912
55.812436175328294,-4.311945084269596,194.0,55.80779271908626,-4.3234306371549245,96,1.209,153
55.812436175328294,-4.311945084269596,194.0,55.90123467399992,-4.380968632189907,97,17.616,1513
55.812436175328294,-4.311945084269596,194.0,55.88049231589054,-4.293733205570284,98,11.81,902
55.812436175328294,-4.311945084269596,194.0,55.84697147961761,-4.334108806216461,99,6.531,654
55.812436175328294,-4.311945084269596,194.0,55.83067141211495,-4.195633651932574,100,13.388,882
55.812436175328294,-4.311945084269596,194.0,55.89350845984679,-4.099445363541155,101,23.295,1357
55.812436175328294,-4.311945084269596,194.0,55.92592408664018,-4.179171340754611,102,23.755,1342
55.812436175328294,-4.311945084269596,194.0,55.84941827409408,-4.169566750359822,103,16.948,1085
55.812436175328294,-4.311945084269596,194.0,55.92413375575165,-4.226670311636797,104,19.482,1989
55.812436175328294,-4.311945084269596,194.0,55.88995713457192,-4.285031242761631,105,12.077,939
55.812436175328294,-4.311945084269596,194.0,55.90528066541109,-4.131569818675147,106,20.093,1106
55.812436175328294,-4.311945084269596,194.0,55.87850608392288,-4.103517886631066,107,21.588,1246
55.812436175328294,-4.311945084269596,194.0,55.80799405798939,-4.284953473560454,108,2.512,307
55.812436175328294,-4.311945084269596,194.0,55.906815669822045,-4.385279074380807,109,16.621,1299
55.812436175328294,-4.311945084269596,194.0,55.916237634416454,-4.222407816066865,110,17.72,1182
55.812436175328294,-4.311945084269596,194.0,55.915798955837815,-4.088621086891774,111,26.995,1437
55.812436175328294,-4.311945084269596,194.0,55.827538479175395,-4.350653065976025,112,4.793,424
55.812436175328294,-4.311945084269596,194.0,55.799515288981674,-4.0866627646338864,113,21.397,1388
55.812436175328294,-4.311945084269596,194.0,55.831024245961984,-4.244756518165482,114,6.723,702
55.812436175328294,-4.311945084269596,194.0,55.86754360554833,-4.2143078261423845,115,13.67,980
55.812436175328294,-4.311945084269596,194.0,55.8574985965699,-4.1521224561179935,116,18.251,1195
55.812436175328294,-4.311945084269596,194.0,55.88095643501817,-4.32811659177277,117,11.257,888
55.812436175328294,-4.311945084269596,194.0,55.85240433608213,-4.177570445500026,118,17.112,1136
55.812436175328294,-4.311945084269596,194.0,55.91169549549074,-4.359708873069638,119,18.233,1419
55.812436175328294,-4.311945084269596,194.0,55.92640787519779,-4.300990956079843,120,18.536,1271
55.812436175328294,-4.311945084269596,194.0,55.84019197366069,-4.205566157974415,121,14.708,1034
55.812436175328294,-4.311945084269596,194.0,55.866619942939494,-4.268153778778456,122,10.632,904
55.812436175328294,-4.311945084269596,194.0,55.81327411986783,-4.2587495402872255,123,4.85,526
55.812436175328294,-4.311945084269596,194.0,55.86022660117776,-4.154711133590585,124,18.171,1123
55.812436175328294,-4.311945084269596,194.0,55.831522729053496,-4.370420634377527,125,6.847,594
55.812436175328294,-4.311945084269596,194.0,55.84074346341779,-4.172411658039648,126,15.316,939
55.812436175328294,-4.311945084269596,194.0,55.8801412435821,-4.258666277618953,127,11.676,930
55.812436175328294,-4.311945084269596,194.0,55.8434159429892,-4.1056733307349536,128,19.719,1118
55.812436175328294,-4.311945084269596,194.0,55.83522057783537,-4.25736952395694,129,5.227,566
55.812436175328294,-4.311945084269596,194.0,55.86467774065618,-4.2250953414252415,130,12.454,816
55.812436175328294,-4.311945084269596,194.0,55.8953662249987,-4.231143624453162,131,14.907,994
55.812436175328294,-4.311945084269596,194.0,55.81920459649808,-4.236238450921302,132,5.98,630
55.812436175328294,-4.311945084269596,194.0,55.900795402502105,-4.206009410292495,133,17.074,1189
55.812436175328294,-4.311945084269596,194.0,55.86078490474355,-4.339631469507248,134,9.95,855
55.812436175328294,-4.311945084269596,194.0,55.924999437053955,-4.191173279124663,135,19.364,1234
55.812436175328294,-4.311945084269596,194.0,55.81549096669224,-4.126910343137958,136,19.968,1340
55.812436175328294,-4.311945084269596,194.0,55.90135585493081,-4.207622057499793,137,17.073,1167
55.812436175328294,-4.311945084269596,194.0,55.845816555475636,-4.129576488296543,138,18.468,1160
55.812436175328294,-4.311945084269596,194.0,55.80470047644827,-4.291960781118721,139,2.07,263
55.812436175328294,-4.311945084269596,194.0,55.89185394491289,-4.179857587296262,140,16.658,977
55.812436175328294,-4.311945084269596,194.0,55.91859399996558,-4.3401659608951215,141,17.099,1269
55.812436175328294,-4.311945084269596,194.0,55.90671476836246,-4.3642865107142725,142,16.2,1351
55.812436175328294,-4.311945084269596,194.0,55.81273399651921,-4.167613047894911,143,14.164,1090
55.812436175328294,-4.311945084269596,194.0,55.80939871413575,-4.276056954355674,144,3.387,352
55.812436175328294,-4.311945084269596,194.0,55.88312869327199,-4.214542892826467,145,14.478,1021
55.812436175328294,-4.311945084269596,194.0,55.815340374954424,-4.283514492524949,146,2.48,266
55.812436175328294,-4.311945084269596,194.0,55.87864379034378,-4.080636908866371,147,27.693,1309
55.812436175328294,-4.311945084269596,194.0,55.89423440492952,-4.2418874418647645,148,15.47,1078
55.812436175328294,-4.311945084269596,194.0,55.92796852989922,-4.305970400193036,149,18.664,1294
55.812436175328294,-4.311945084269596,194.0,55.92895153496988,-4.082888064137351,150,27.365,1387
55.812436175328294,-4.311945084269596,194.0,55.790766759429424,-4.135285962371055,151,16.718,1147
55.812436175328294,-4.311945084269596,194.0,55.80808041573422,-4.184105792933229,152,12.961,994
55.812436175328294,-4.311945084269596,194.0,55.7982747224006,-4.3931924101572655,153,6.553,573
55.812436175328294,-4.311945084269596,194.0,55.81178474630603,-4.337962602706185,154,1.954,223
55.812436175328294,-4.311945084269596,194.0,55.852972007756,-4.353957895039277,155,7.899,804
55.812436175328294,-4.311945084269596,194.0,55.797152036890715,-4.311451416173846,156,2.388,244
55.812436175328294,-4.311945084269596,194.0,55.84839482833289,-4.1889265673730645,157,16.894,1053
55.812436175328294,-4.311945084269596,194.0,55.86383954752864,-4.387927326091926,158,14.741,885
55.812436175328294,-4.311945084269596,194.0,55.807182357875575,-4.140487806234959,159,15.994,1206
55.812436175328294,-4.311945084269596,194.0,55.8296607577131,-4.218765551358871,160,8.358,878
55.812436175328294,-4.311945084269596,194.0,55.82699494590622,-4.295404959002084,161,2.935,264
55.812436175328294,-4.311945084269596,194.0,55.861248665443505,-4.307186036515638,162,6.794,678
55.812436175328294,-4.311945084269596,194.0,55.897857165570365,-4.156645648865112,163,18.134,1014
55.812436175328294,-4.311945084269596,194.0,55.877747555317356,-4.342792329217214,164,11.847,985
55.812436175328294,-4.311945084269596,194.0,55.92259641850896,-4.389236283866068,165,28.103,1449
55.812436175328294,-4.311945084269596,194.0,55.92621339590465,-4.2820478996479165,166,16.988,1170
55.812436175328294,-4.311945084269596,194.0,55.80660612206145,-4.094012410496262,167,23.766,1406
55.812436175328294,-4.311945084269596,194.0,55.84605439624201,-4.09192094471571,168,22.471,1129
55.812436175328294,-4.311945084269596,194.0,55.83961965364386,-4.1201104741133365,169,19.07,1016
55.812436175328294,-4.311945084269596,194.0,55.85030951683019,-4.217608837338132,170,12.362,984
55.812436175328294,-4.311945084269596,194.0,55.85971342373431,-4.246748195156407,171,12.823,915
55.812436175328294,-4.311945084269596,194.0,55.815747728441636,-4.150792968910081,172,16.359,1126
55.812436175328294,-4.311945084269596,194.0,55.80041195127493,-4.3806303679601495,173,5.969,526
55.812436175328294,-4.311945084269596,194.0,55.85487415463933,-4.092829020720908,174,22.281,1130
55.812436175328294,-4.311945084269596,194.0,55.80456076444065,-4.203157873727267,175,9.951,982
55.812436175328294,-4.311945084269596,194.0,55.84723005082115,-4.330151260440624,176,6.419,622
55.812436175328294,-4.311945084269596,194.0,55.88775631668876,-4.123428423568879,177,21.882,1225
55.812436175328294,-4.311945084269596,194.0,55.82857385936083,-4.129579652409029,178,18.881,1314
55.812436175328294,-4.311945084269596,194.0,55.879865395443076,-4.36272007519476,179,12.739,1027
55.812436175328294,-4.311945084269596,194.0,55.87973669437185,-4.215636550296907,180,13.765,1032
55.812436175328294,-4.311945084269596,194.0,55.8162521393249,-4.1868605517933455,181,9.704,978
55.812436175328294,-4.311945084269596,194.0,55.80755514535402,-4.201625161718038,182,9.186,930
55.812436175328294,-4.311945084269596,194.0,55.85565398843102,-4.250533808562208,183,6.95,808
55.812436175328294,-4.311945084269596,194.0,55.929636326069506,-4.381100658166308,184,29.089,1470
55.812436175328294,-4.311945084269596,194.0,55.879581066995904,-4.21986165885879,185,13.406,1013
55.812436175328294,-4.311945084269596,194.0,55.92647877645629,-4.127886630011083,186,23.496,1345
55.812436175328294,-4.311945084269596,194.0,55.82282427264178,-4.371094162561755,187,5.983,517
55.812436175328294,-4.311945084269596,194.0,55.90291353127043,-4.3414180899754955,188,14.246,1229
55.812436175328294,-4.311945084269596,194.0,55.78437024600116,-4.156926419796477,189,16.608,1124
55.812436175328294,-4.311945084269596,194.0,55.8321542449311,-4.1561720476648265,190,16.145,1030
55.812436175328294,-4.311945084269596,194.0,55.88310705812362,-4.084862107847263,191,24.854,1190
55.812436175328294,-4.311945084269596,194.0,55.85616333886266,-4.110333739241922,192,21.082,1174
55.812436175328294,-4.311945084269596,194.0,55.90185178498145,-4.152652007721208,193,22.043,1638
55.812436175328294,-4.311945084269596,194.0,55.8837118458465,-4.182392741162416,194,18.322,1986
55.812436175328294,-4.311945084269596,194.0,55.83086049774818,-4.312434105301623,195,3.138,279
55.812436175328294,-4.311945084269596,194.0,55.821849459706755,-4.176208567338996,196,14.989,1000
55.812436175328294,-4.311945084269596,194.0,55.88009750494633,-4.255964552703097,197,11.362,909
55.812436175328294,-4.311945084269596,194.0,55.87413911675089,-4.369807111055967,198,10.743,776
55.812436175328294,-4.311945084269596,194.0,55.86354071984154,-4.093406384811447,199,21.698,1228
55.90280906196829,-4.207058453941676,195.0,55.8391698042901,-4.214478482526657,0,10.913,1023
55.90280906196829,-4.207058453941676,195.0,55.86553667472969,-4.350500876963486,1,18.882,1120
55.90280906196829,-4.207058453941676,195.0,55.912892829643965,-4.286410947894997,2,8.494,1533
55.90280906196829,-4.207058453941676,195.0,55.84854019346565,-4.391697428307927,3,18.313,1341
55.90280906196829,-4.207058453941676,195.0,55.79232875093524,-4.310455024670266,4,20.804,1319
55.90280906196829,-4.207058453941676,195.0,55.837143362020576,-4.120043492886959,5,22.099,1096
55.90280906196829,-4.207058453941676,195.0,55.84185129809378,-4.283879851305767,6,15.484,1070
55.90280906196829,-4.207058453941676,195.0,55.90609664927746,-4.311383718964596,7,12.426,878
55.90280906196829,-4.207058453941676,195.0,55.7832172019226,-4.31249791159531,8,22.392,1377
55.90280906196829,-4.207058453941676,195.0,55.8177258987159,-4.260489243356555,9,12.739,1206
55.90280906196829,-4.207058453941676,195.0,55.903262790870684,-4.212111703691823,10,1.193,191
55.90280906196829,-4.207058453941676,195.0,55.893978813107424,-4.1413270988368325,11,8.93,623
55.90280906196829,-4.207058453941676,195.0,55.894884622950286,-4.154349650804189,12,7.114,450
55.90280906196829,-4.207058453941676,195.0,55.80680963785043,-4.263605759417426,13,14.58,1466
55.90280906196829,-4.207058453941676,195.0,55.81824312166051,-4.346878846315483,14,17.967,1233
55.90280906196829,-4.207058453941676,195.0,55.84742656229786,-4.269221405976544,15,11.96,957
55.90280906196829,-4.207058453941676,195.0,55.80730424868546,-4.315177272898423,16,17.673,1218
55.90280906196829,-4.207058453941676,195.0,55.83798278877758,-4.260604018644594,17,10.109,981
55.90280906196829,-4.207058453941676,195.0,55.89424631095569,-4.343398240721316,18,15.551,1142
55.90280906196829,-4.207058453941676,195.0,55.83908093533876,-4.223069302141199,19,10.36,1049
55.90280906196829,-4.207058453941676,195.0,55.8357731433788,-4.270556349194068,20,12.764,968
55.90280906196829,-4.207058453941676,195.0,55.90309627527835,-4.360750370095284,21,15.089,1150
55.90280906196829,-4.207058453941676,195.0,55.85652103589449,-4.101365743428073,22,12.623,788
55.90280906196829,-4.207058453941676,195.0,55.783736419963375,-4.235306054793451,23,16.799,1497
55.90280906196829,-4.207058453941676,195.0,55.92064824587275,-4.2358362157531895,24,4.036,407
55.90280906196829,-4.207058453941676,195.0,55.907674892744176,-4.2497703459088045,25,3.772,1533
55.90280906196829,-4.207058453941676,195.0,55.919604340921964,-4.226208116301384,26,3.96,420
55.90280906196829,-4.207058453941676,195.0,55.83219148710444,-4.304581930326681,27,16.845,1260
55.90280906196829,-4.207058453941676,195.0,55.79569701419853,-4.1769099124482585,28,25.112,1425
55.90280906196829,-4.207058453941676,195.0,55.81260197667657,-4.197841211154324,29,14.415,1309
55.90280906196829,-4.207058453941676,195.0,55.826092940761974,-4.176919409292903,30,22.017,1238
55.90280906196829,-4.207058453941676,195.0,55.828413149208096,-4.109650878166438,31,19.569,1133
55.90280906196829,-4.207058453941676,195.0,55.8999241737755,-4.257993823533507,32,10.187,743
55.90280906196829,-4.207058453941676,195.0,55.892514250678616,-4.340118142906542,33,15.58,1147
55.90280906196829,-4.207058453941676,195.0,55.855241629670886,-4.269936069312288,34,9.804,698
55.90280906196829,-4.207058453941676,195.0,55.877364911629314,-4.109701193625618,35,13.024,889
55.90280906196829,-4.207058453941676,195.0,55.887053111734645,-4.1280531391159245,36,7.98,562
55.90280906196829,-4.207058453941676,195.0,55.89108676863447,-4.105446803942431,37,9.713,868
55.90280906196829,-4.207058453941676,195.0,55.842635153466425,-4.334387903339716,38,14.75,1048
55.90280906196829,-4.207058453941676,195.0,55.89197542936556,-4.19614108945253,39,1.596,192
55.90280906196829,-4.207058453941676,195.0,55.825849135803445,-4.321179033230789,40,15.023,1160
55.90280906196829,-4.207058453941676,195.0,55.81864602215581,-4.375055705699034,41,18.996,1242
55.90280906196829,-4.207058453941676,195.0,55.92613065482397,-4.212698358862173,42,4.422,473
55.90280906196829,-4.207058453941676,195.0,55.874439929608144,-4.279689658904073,43,9.645,820
55.90280906196829,-4.207058453941676,195.0,55.81998166828728,-4.245455535821837,44,12.219,1111
55.90280906196829,-4.207058453941676,195.0,55.91066980601156,-4.213502644426629,45,2.596,350
55.90280906196829,-4.207058453941676,195.0,55.8404807486866,-4.356656090229781,46,18.402,1315
55.90280906196829,-4.207058453941676,195.0,55.88708229912325,-4.079055837843032,47,16.272,795
55.90280906196829,-4.207058453941676,195.0,55.84510555179576,-4.178720975321847,48,11.821,1092
55.90280906196829,-4.207058453941676,195.0,55.84413340760586,-4.085244529493477,49,17.122,1321
55.90280906196829,-4.207058453941676,195.0,55.83324217210475,-4.157183908594519,50,20.114,1086
55.90280906196829,-4.207058453941676,195.0,55.895753278756494,-4.323131413571223,51,14.715,1088
55.90280906196829,-4.207058453941676,195.0,55.88609925330935,-4.38354364327563,52,19.915,1188
55.90280906196829,-4.207058453941676,195.0,55.86596770908397,-4.338853955125049,53,16.698,1068
55.90280906196829,-4.207058453941676,195.0,55.819381988004544,-4.256567679373081,54,12.469,1227
55.90280906196829,-4.207058453941676,195.0,55.919398785577634,-4.298102785445152,55,8.77,1213
55.90280906196829,-4.207058453941676,195.0,55.81052481551728,-4.0780884232687225,56,22.368,2281
55.90280906196829,-4.207058453941676,195.0,55.8411814367945,-4.125490362928665,57,17.65,1029
55.90280906196829,-4.207058453941676,195.0,55.844855881791794,-4.151320272286683,58,12.752,1047
55.90280906196829,-4.207058453941676,195.0,55.79334532620707,-4.3052187624925375,59,21.135,1326
55.90280906196829,-4.207058453941676,195.0,55.78499644933002,-4.082518262203789,60,24.258,1207
55.90280906196829,-4.207058453941676,195.0,55.86482365717543,-4.074666870071637,61,14.889,1005
55.90280906196829,-4.207058453941676,195.0,55.910543969585106,-4.384534109666136,62,17.521,1286
55.90280906196829,-4.207058453941676,195.0,55.799715679086134,-4.188568421733812,63,25.44,1616
55.90280906196829,-4.207058453941676,195.0,55.90005630083831,-4.294022887833187,64,10.342,804
55.90280906196829,-4.207058453941676,195.0,55.82573931186619,-4.210157383495828,65,12.472,1123
55.90280906196829,-4.207058453941676,195.0,55.88010014610652,-4.288014027401103,66,8.583,905
55.90280906196829,-4.207058453941676,195.0,55.8836463272421,-4.377148406451105,67,19.685,1265
55.90280906196829,-4.207058453941676,195.0,55.80511293548626,-4.195982430231648,68,15.395,1383
55.90280906196829,-4.207058453941676,195.0,55.9265186267864,-4.256321117900257,69,6.262,536
55.90280906196829,-4.207058453941676,195.0,55.90353118048908,-4.119171950823842,70,9.789,825
55.90280906196829,-4.207058453941676,195.0,55.81502357146685,-4.260984914919316,71,13.096,1240
55.90280906196829,-4.207058453941676,195.0,55.894355058439295,-4.293143876300353,72,11.39,889
55.90280906196829,-4.207058453941676,195.0,55.80246488546192,-4.242274834364847,73,14.36,1337
55.90280906196829,-4.207058453941676,195.0,55.887581813102464,-4.2985753032369685,74,8.764,880
55.90280906196829,-4.207058453941676,195.0,55.928290955083554,-4.295962301582311,75,9.192,628
55.90280906196829,-4.207058453941676,195.0,55.81096058143004,-4.368797105646974,76,20.653,1324
55.90280906196829,-4.207058453941676,195.0,55.84818750128869,-4.3631808239548375,77,19.388,1167
55.90280906196829,-4.207058453941676,195.0,55.81610352786554,-4.330910795148831,78,16.992,1074
55.90280906196829,-4.207058453941676,195.0,55.807034270653475,-4.136077366584948,79,24.138,1374
55.90280906196829,-4.207058453941676,195.0,55.86778114631985,-4.233612892312959,80,6.173,593
55.90280906196829,-4.207058453941676,195.0,55.79578956690847,-4.368290459919509,81,25.737,2519
55.90280906196829,-4.207058453941676,195.0,55.897877306124535,-4.077031107370425,82,11.504,1334
55.90280906196829,-4.207058453941676,195.0,55.80721289582252,-4.242612882195534,83,13.583,1288
55.90280906196829,-4.207058453941676,195.0,55.92209393969709,-4.157940141970138,84,6.575,441
55.90280906196829,-4.207058453941676,195.0,55.79188265083702,-4.28147512844989,85,21.997,1381
55.90280906196829,-4.207058453941676,195.0,55.88043814367632,-4.104360473798184,86,12.836,849
55.90280906196829,-4.207058453941676,195.0,55.90345994988174,-4.293652184560058,87,9.557,725
55.90280906196829,-4.207058453941676,195.0,55.91230525016259,-4.108196424937476,88,10.813,734
55.90280906196829,-4.207058453941676,195.0,55.90569137930351,-4.3852429216612405,89,18.457,1361
55.90280906196829,-4.207058453941676,195.0,55.824402119970216,-4.298242138123909,90,15.459,1081
55.90280906196829,-4.207058453941676,195.0,55.887104625653905,-4.201059285828647,91,2.388,342
55.90280906196829,-4.207058453941676,195.0,55.92006797200308,-4.195257422106852,92,5.869,339
55.90280906196829,-4.207058453941676,195.0,55.7944551107823,-4.1683749063061635,93,25.242,1860
55.90280906196829,-4.207058453941676,195.0,55.88003873447475,-4.304350182381346,94,9.577,970
55.90280906196829,-4.207058453941676,195.0,55.88308048053683,-4.2942103285768285,95,8.601,920
55.90280906196829,-4.207058453941676,195.0,55.80779271908626,-4.3234306371549245,96,18.263,1206
55.90280906196829,-4.207058453941676,195.0,55.90123467399992,-4.380968632189907,97,21.235,1629
55.90280906196829,-4.207058453941676,195.0,55.88049231589054,-4.293733205570284,98,9.079,935
55.90280906196829,-4.207058453941676,195.0,55.84697147961761,-4.334108806216461,99,14.864,1081
55.90280906196829,-4.207058453941676,195.0,55.83067141211495,-4.195633651932574,100,16.856,1152
55.90280906196829,-4.207058453941676,195.0,55.89350845984679,-4.099445363541155,101,9.528,699
55.90280906196829,-4.207058453941676,195.0,55.92592408664018,-4.179171340754611,102,5.14,377
55.90280906196829,-4.207058453941676,195.0,55.84941827409408,-4.169566750359822,103,11.921,993
55.90280906196829,-4.207058453941676,195.0,55.92413375575165,-4.226670311636797,104,5.637,1215
55.90280906196829,-4.207058453941676,195.0,55.88995713457192,-4.285031242761631,105,8.092,787
55.90280906196829,-4.207058453941676,195.0,55.90528066541109,-4.131569818675147,106,7.151,462
55.90280906196829,-4.207058453941676,195.0,55.87850608392288,-4.103517886631066,107,13.167,882
55.90280906196829,-4.207058453941676,195.0,55.80799405798939,-4.284953473560454,108,16.762,1336
55.90280906196829,-4.207058453941676,195.0,55.906815669822045,-4.385279074380807,109,18.238,1315
55.90280906196829,-4.207058453941676,195.0,55.916237634416454,-4.222407816066865,110,3.875,408
55.90280906196829,-4.207058453941676,195.0,55.915798955837815,-4.088621086891774,111,11.531,769
55.90280906196829,-4.207058453941676,195.0,55.827538479175395,-4.350653065976025,112,17.336,1164
55.90280906196829,-4.207058453941676,195.0,55.799515288981674,-4.0866627646338864,113,24.628,1320
55.90280906196829,-4.207058453941676,195.0,55.831024245961984,-4.244756518165482,114,10.82,1020
55.90280906196829,-4.207058453941676,195.0,55.86754360554833,-4.2143078261423845,115,6.763,699
55.90280906196829,-4.207058453941676,195.0,55.8574985965699,-4.1521224561179935,116,10.533,832
55.90280906196829,-4.207058453941676,195.0,55.88095643501817,-4.32811659177277,117,14.478,1049
55.90280906196829,-4.207058453941676,195.0,55.85240433608213,-4.177570445500026,118,9.037,904
55.90280906196829,-4.207058453941676,195.0,55.91169549549074,-4.359708873069638,119,15.033,1142
55.90280906196829,-4.207058453941676,195.0,55.92640787519779,-4.300990956079843,120,9.64,677
55.90280906196829,-4.207058453941676,195.0,55.84019197366069,-4.205566157974415,121,11.399,1121
55.90280906196829,-4.207058453941676,195.0,55.866619942939494,-4.268153778778456,122,8.722,801
55.90280906196829,-4.207058453941676,195.0,55.81327411986783,-4.2587495402872255,123,13.075,1250
55.90280906196829,-4.207058453941676,195.0,55.86022660117776,-4.154711133590585,124,9.75,759
55.90280906196829,-4.207058453941676,195.0,55.831522729053496,-4.370420634377527,125,19.39,1335
55.90280906196829,-4.207058453941676,195.0,55.84074346341779,-4.172411658039648,126,13.072,1074
55.90280906196829,-4.207058453941676,195.0,55.8801412435821,-4.258666277618953,127,6.573,646
55.90280906196829,-4.207058453941676,195.0,55.8434159429892,-4.1056733307349536,128,17.906,1058
55.90280906196829,-4.207058453941676,195.0,55.83522057783537,-4.25736952395694,129,10.083,983
55.90280906196829,-4.207058453941676,195.0,55.86467774065618,-4.2250953414252415,130,6.954,598
55.90280906196829,-4.207058453941676,195.0,55.8953662249987,-4.231143624453162,131,2.632,315
55.90280906196829,-4.207058453941676,195.0,55.81920459649808,-4.236238450921302,132,12.803,1162
55.90280906196829,-4.207058453941676,195.0,55.900795402502105,-4.206009410292495,133,0.488,109
55.90280906196829,-4.207058453941676,195.0,55.86078490474355,-4.339631469507248,134,17.233,1163
55.90280906196829,-4.207058453941676,195.0,55.924999437053955,-4.191173279124663,135,5.618,329
55.90280906196829,-4.207058453941676,195.0,55.81549096669224,-4.126910343137958,136,22.968,1345
55.90280906196829,-4.207058453941676,195.0,55.90135585493081,-4.207622057499793,137,0.337,53
55.90280906196829,-4.207058453941676,195.0,55.845816555475636,-4.129576488296543,138,13.723,1001
55.90280906196829,-4.207058453941676,195.0,55.80470047644827,-4.291960781118721,139,16.789,1314
55.90280906196829,-4.207058453941676,195.0,55.89185394491289,-4.179857587296262,140,2.83,304
55.90280906196829,-4.207058453941676,195.0,55.91859399996558,-4.3401659608951215,141,12.401,887
55.90280906196829,-4.207058453941676,195.0,55.90671476836246,-4.3642865107142725,142,15.12,1114
55.90280906196829,-4.207058453941676,195.0,55.81273399651921,-4.167613047894911,143,22.571,1227
55.90280906196829,-4.207058453941676,195.0,55.80939871413575,-4.276056954355674,144,16.67,1300
55.90280906196829,-4.207058453941676,195.0,55.88312869327199,-4.214542892826467,145,3.211,380
55.90280906196829,-4.207058453941676,195.0,55.815340374954424,-4.283514492524949,146,15.664,1185
55.90280906196829,-4.207058453941676,195.0,55.87864379034378,-4.080636908866371,147,17.185,818
55.90280906196829,-4.207058453941676,195.0,55.89423440492952,-4.2418874418647645,148,3.373,422
55.90280906196829,-4.207058453941676,195.0,55.92796852989922,-4.305970400193036,149,9.768,700
55.90280906196829,-4.207058453941676,195.0,55.92895153496988,-4.082888064137351,150,13.598,729
55.90280906196829,-4.207058453941676,195.0,55.790766759429424,-4.135285962371055,151,26.266,1430
55.90280906196829,-4.207058453941676,195.0,55.80808041573422,-4.184105792933229,152,15.189,1315
55.90280906196829,-4.207058453941676,195.0,55.7982747224006,-4.3931924101572655,153,21.461,1419
55.90280906196829,-4.207058453941676,195.0,55.81178474630603,-4.337962602706185,154,18.059,1180
55.90280906196829,-4.207058453941676,195.0,55.852972007756,-4.353957895039277,155,16.432,1166
55.90280906196829,-4.207058453941676,195.0,55.797152036890715,-4.311451416173846,156,20.031,1254
55.90280906196829,-4.207058453941676,195.0,55.84839482833289,-4.1889265673730645,157,10.636,966
55.90280906196829,-4.207058453941676,195.0,55.86383954752864,-4.387927326091926,158,22.024,1194
55.90280906196829,-4.207058453941676,195.0,55.807182357875575,-4.140487806234959,159,23.815,1349
55.90280906196829,-4.207058453941676,195.0,55.8296607577131,-4.218765551358871,160,11.802,1157
55.90280906196829,-4.207058453941676,195.0,55.82699494590622,-4.295404959002084,161,15.495,1058
55.90280906196829,-4.207058453941676,195.0,55.861248665443505,-4.307186036515638,162,15.135,1093
55.90280906196829,-4.207058453941676,195.0,55.897857165570365,-4.156645648865112,163,4.367,356
55.90280906196829,-4.207058453941676,195.0,55.877747555317356,-4.342792329217214,164,15.076,1155
55.90280906196829,-4.207058453941676,195.0,55.92259641850896,-4.389236283866068,165,16.4,1091
55.90280906196829,-4.207058453941676,195.0,55.92621339590465,-4.2820478996479165,166,8.092,576
55.90280906196829,-4.207058453941676,195.0,55.80660612206145,-4.094012410496262,167,21.953,1345
55.90280906196829,-4.207058453941676,195.0,55.84605439624201,-4.09192094471571,168,14.05,765
55.90280906196829,-4.207058453941676,195.0,55.83961965364386,-4.1201104741133365,169,17.257,956
55.90280906196829,-4.207058453941676,195.0,55.85030951683019,-4.217608837338132,170,9.386,883
55.90280906196829,-4.207058453941676,195.0,55.85971342373431,-4.246748195156407,171,7.323,697
55.90280906196829,-4.207058453941676,195.0,55.815747728441636,-4.150792968910081,172,22.685,1245
55.90280906196829,-4.207058453941676,195.0,55.80041195127493,-4.3806303679601495,173,20.877,1371
55.90280906196829,-4.207058453941676,195.0,55.85487415463933,-4.092829020720908,174,13.86,766
55.90280906196829,-4.207058453941676,195.0,55.80456076444065,-4.203157873727267,175,15.414,1385
55.90280906196829,-4.207058453941676,195.0,55.84723005082115,-4.330151260440624,176,14.385,1024
55.90280906196829,-4.207058453941676,195.0,55.88775631668876,-4.123428423568879,177,8.115,568
55.90280906196829,-4.207058453941676,195.0,55.82857385936083,-4.129579652409029,178,22.575,1324
55.90280906196829,-4.207058453941676,195.0,55.879865395443076,-4.36272007519476,179,15.984,1181
55.90280906196829,-4.207058453941676,195.0,55.87973669437185,-4.215636550296907,180,4.45,575
55.90280906196829,-4.207058453941676,195.0,55.8162521393249,-4.1868605517933455,181,14.556,1297
55.90280906196829,-4.207058453941676,195.0,55.80755514535402,-4.201625161718038,182,15.167,1352
55.90280906196829,-4.207058453941676,195.0,55.85565398843102,-4.250533808562208,183,8.137,852
55.90280906196829,-4.207058453941676,195.0,55.929636326069506,-4.381100658166308,184,15.462,1050
55.90280906196829,-4.207058453941676,195.0,55.879581066995904,-4.21986165885879,185,4.729,540
55.90280906196829,-4.207058453941676,195.0,55.92647877645629,-4.127886630011083,186,8.379,650
55.90280906196829,-4.207058453941676,195.0,55.82282427264178,-4.371094162561755,187,18.526,1258
55.90280906196829,-4.207058453941676,195.0,55.90291353127043,-4.3414180899754955,188,16.248,1210
55.90280906196829,-4.207058453941676,195.0,55.78437024600116,-4.156926419796477,189,29.857,1483
55.90280906196829,-4.207058453941676,195.0,55.8321542449311,-4.1561720476648265,190,20.154,1099
55.90280906196829,-4.207058453941676,195.0,55.88310705812362,-4.084862107847263,191,18.114,928
55.90280906196829,-4.207058453941676,195.0,55.85616333886266,-4.110333739241922,192,12.661,810
55.90280906196829,-4.207058453941676,195.0,55.90185178498145,-4.152652007721208,193,4.911,756
55.90280906196829,-4.207058453941676,195.0,55.8837118458465,-4.182392741162416,194,6.774,1457
55.90280906196829,-4.207058453941676,195.0,55.83086049774818,-4.312434105301623,195,16.429,1162
55.90280906196829,-4.207058453941676,195.0,55.821849459706755,-4.176208567338996,196,22.038,1184
55.90280906196829,-4.207058453941676,195.0,55.88009750494633,-4.255964552703097,197,6.469,640
55.90280906196829,-4.207058453941676,195.0,55.87413911675089,-4.369807111055967,198,18.026,1084
55.90280906196829,-4.207058453941676,195.0,55.86354071984154,-4.093406384811447,199,13.277,864
55.78163198517375,-4.0815150613317295,196.0,55.8391698042901,-4.214478482526657,0,13.549,757
55.78163198517375,-4.0815150613317295,196.0,55.86553667472969,-4.350500876963486,1,29.062,1208
55.78163198517375,-4.0815150613317295,196.0,55.912892829643965,-4.286410947894997,2,30.203,2387
55.78163198517375,-4.0815150613317295,196.0,55.84854019346565,-4.391697428307927,3,28.493,1430
55.78163198517375,-4.0815150613317295,196.0,55.79232875093524,-4.310455024670266,4,18.402,1065
55.78163198517375,-4.0815150613317295,196.0,55.837143362020576,-4.120043492886959,5,14.955,599
55.78163198517375,-4.0815150613317295,196.0,55.84185129809378,-4.283879851305767,6,20.932,1082
55.78163198517375,-4.0815150613317295,196.0,55.90609664927746,-4.311383718964596,7,28.887,1496
55.78163198517375,-4.0815150613317295,196.0,55.7832172019226,-4.31249791159531,8,18.732,1042
55.78163198517375,-4.0815150613317295,196.0,55.8177258987159,-4.260489243356555,9,14.545,900
55.78163198517375,-4.0815150613317295,196.0,55.903262790870684,-4.212111703691823,10,23.44,1277
55.78163198517375,-4.0815150613317295,196.0,55.893978813107424,-4.1413270988368325,11,20.941,1071
55.78163198517375,-4.0815150613317295,196.0,55.894884622950286,-4.154349650804189,12,25.806,972
55.78163198517375,-4.0815150613317295,196.0,55.80680963785043,-4.263605759417426,13,18.283,1123
55.78163198517375,-4.0815150613317295,196.0,55.81824312166051,-4.346878846315483,14,28.121,1321
55.78163198517375,-4.0815150613317295,196.0,55.84742656229786,-4.269221405976544,15,21.297,1101
55.78163198517375,-4.0815150613317295,196.0,55.80730424868546,-4.315177272898423,16,20.039,1198
55.78163198517375,-4.0815150613317295,196.0,55.83798278877758,-4.260604018644594,17,19.403,896
55.78163198517375,-4.0815150613317295,196.0,55.89424631095569,-4.343398240721316,18,30.878,1458
55.78163198517375,-4.0815150613317295,196.0,55.83908093533876,-4.223069302141199,19,14.579,887
55.78163198517375,-4.0815150613317295,196.0,55.8357731433788,-4.270556349194068,20,20.087,946
55.78163198517375,-4.0815150613317295,196.0,55.90309627527835,-4.360750370095284,21,32.911,1693
55.78163198517375,-4.0815150613317295,196.0,55.85652103589449,-4.101365743428073,22,12.432,636
55.78163198517375,-4.0815150613317295,196.0,55.783736419963375,-4.235306054793451,23,13.025,668
55.78163198517375,-4.0815150613317295,196.0,55.92064824587275,-4.2358362157531895,24,27.801,1377
55.78163198517375,-4.0815150613317295,196.0,55.907674892744176,-4.2497703459088045,25,26.553,2422
55.78163198517375,-4.0815150613317295,196.0,55.919604340921964,-4.226208116301384,26,32.598,1382
55.78163198517375,-4.0815150613317295,196.0,55.83219148710444,-4.304581930326681,27,26.999,1348
55.78163198517375,-4.0815150613317295,196.0,55.79569701419853,-4.1769099124482585,28,7.868,387
55.78163198517375,-4.0815150613317295,196.0,55.81260197667657,-4.197841211154324,29,10.428,553
55.78163198517375,-4.0815150613317295,196.0,55.826092940761974,-4.176919409292903,30,14.873,741
55.78163198517375,-4.0815150613317295,196.0,55.828413149208096,-4.109650878166438,31,6.995,534
55.78163198517375,-4.0815150613317295,196.0,55.8999241737755,-4.257993823533507,32,26.652,1367
55.78163198517375,-4.0815150613317295,196.0,55.892514250678616,-4.340118142906542,33,30.907,1469
55.78163198517375,-4.0815150613317295,196.0,55.855241629670886,-4.269936069312288,34,24.739,1006
55.78163198517375,-4.0815150613317295,196.0,55.877364911629314,-4.109701193625618,35,18.673,847
55.78163198517375,-4.0815150613317295,196.0,55.887053111734645,-4.1280531391159245,36,24.32,1052
55.78163198517375,-4.0815150613317295,196.0,55.89108676863447,-4.105446803942431,37,18.661,1063
55.78163198517375,-4.0815150613317295,196.0,55.842635153466425,-4.334387903339716,38,24.93,1136
55.78163198517375,-4.0815150613317295,196.0,55.89197542936556,-4.19614108945253,39,21.224,1001
55.78163198517375,-4.0815150613317295,196.0,55.825849135803445,-4.321179033230789,40,25.177,1248
55.78163198517375,-4.0815150613317295,196.0,55.81864602215581,-4.375055705699034,41,29.991,1343
55.78163198517375,-4.0815150613317295,196.0,55.92613065482397,-4.212698358862173,42,31.972,1377
55.78163198517375,-4.0815150613317295,196.0,55.874439929608144,-4.279689658904073,43,24.58,1128
55.78163198517375,-4.0815150613317295,196.0,55.81998166828728,-4.245455535821837,44,13.405,766
55.78163198517375,-4.0815150613317295,196.0,55.91066980601156,-4.213502644426629,45,32.954,1432
55.78163198517375,-4.0815150613317295,196.0,55.8404807486866,-4.356656090229781,46,28.582,1404
55.78163198517375,-4.0815150613317295,196.0,55.88708229912325,-4.079055837843032,47,16.291,655
55.78163198517375,-4.0815150613317295,196.0,55.84510555179576,-4.178720975321847,48,14.289,714
55.78163198517375,-4.0815150613317295,196.0,55.84413340760586,-4.085244529493477,49,13.444,1042
55.78163198517375,-4.0815150613317295,196.0,55.83324217210475,-4.157183908594519,50,12.97,589
55.78163198517375,-4.0815150613317295,196.0,55.895753278756494,-4.323131413571223,51,28.519,1550
55.78163198517375,-4.0815150613317295,196.0,55.88609925330935,-4.38354364327563,52,30.095,1277
55.78163198517375,-4.0815150613317295,196.0,55.86596770908397,-4.338853955125049,53,26.878,1157
55.78163198517375,-4.0815150613317295,196.0,55.819381988004544,-4.256567679373081,54,15.454,961
55.78163198517375,-4.0815150613317295,196.0,55.919398785577634,-4.298102785445152,55,30.479,2067
55.78163198517375,-4.0815150613317295,196.0,55.81052481551728,-4.0780884232687225,56,7.139,1534
55.78163198517375,-4.0815150613317295,196.0,55.8411814367945,-4.125490362928665,57,10.504,532
55.78163198517375,-4.0815150613317295,196.0,55.844855881791794,-4.151320272286683,58,14.121,688
55.78163198517375,-4.0815150613317295,196.0,55.79334532620707,-4.3052187624925375,59,17.997,1025
55.78163198517375,-4.0815150613317295,196.0,55.78499644933002,-4.082518262203789,60,0.603,76
55.78163198517375,-4.0815150613317295,196.0,55.86482365717543,-4.074666870071637,61,13.984,829
55.78163198517375,-4.0815150613317295,196.0,55.910543969585106,-4.384534109666136,62,34.738,1758
55.78163198517375,-4.0815150613317295,196.0,55.799715679086134,-4.188568421733812,63,9.528,614
55.78163198517375,-4.0815150613317295,196.0,55.90005630083831,-4.294022887833187,64,27.959,1450
55.78163198517375,-4.0815150613317295,196.0,55.82573931186619,-4.210157383495828,65,11.718,597
55.78163198517375,-4.0815150613317295,196.0,55.88010014610652,-4.288014027401103,66,26.68,1418
55.78163198517375,-4.0815150613317295,196.0,55.8836463272421,-4.377148406451105,67,29.865,1354
55.78163198517375,-4.0815150613317295,196.0,55.80511293548626,-4.195982430231648,68,9.685,502
55.78163198517375,-4.0815150613317295,196.0,55.9265186267864,-4.256321117900257,69,30.017,1481
55.78163198517375,-4.0815150613317295,196.0,55.90353118048908,-4.119171950823842,70,19.263,1123
55.78163198517375,-4.0815150613317295,196.0,55.81502357146685,-4.260984914919316,71,14.902,934
55.78163198517375,-4.0815150613317295,196.0,55.894355058439295,-4.293143876300353,72,27.249,1397
55.78163198517375,-4.0815150613317295,196.0,55.80246488546192,-4.242274834364847,73,14.432,809
55.78163198517375,-4.0815150613317295,196.0,55.887581813102464,-4.2985753032369685,74,26.861,1393
55.78163198517375,-4.0815150613317295,196.0,55.928290955083554,-4.295962301582311,75,30.901,1482
55.78163198517375,-4.0815150613317295,196.0,55.81096058143004,-4.368797105646974,76,29.156,1317
55.78163198517375,-4.0815150613317295,196.0,55.84818750128869,-4.3631808239548375,77,29.568,1256
55.78163198517375,-4.0815150613317295,196.0,55.81610352786554,-4.330910795148831,78,27.146,1161
55.78163198517375,-4.0815150613317295,196.0,55.807034270653475,-4.136077366584948,79,5.942,404
55.78163198517375,-4.0815150613317295,196.0,55.86778114631985,-4.233612892312959,80,21.71,992
55.78163198517375,-4.0815150613317295,196.0,55.79578956690847,-4.368290459919509,81,28.251,2356
55.78163198517375,-4.0815150613317295,196.0,55.897877306124535,-4.077031107370425,82,18.65,1401
55.78163198517375,-4.0815150613317295,196.0,55.80721289582252,-4.242612882195534,83,14.822,842
55.78163198517375,-4.0815150613317295,196.0,55.92209393969709,-4.157940141970138,84,27.907,1150
55.78163198517375,-4.0815150613317295,196.0,55.79188265083702,-4.28147512844989,85,16.144,863
55.78163198517375,-4.0815150613317295,196.0,55.88043814367632,-4.104360473798184,86,17.983,787
55.78163198517375,-4.0815150613317295,196.0,55.90345994988174,-4.293652184560058,87,29.676,1523
55.78163198517375,-4.0815150613317295,196.0,55.91230525016259,-4.108196424937476,88,21.943,1025
55.78163198517375,-4.0815150613317295,196.0,55.90569137930351,-4.3852429216612405,89,34.773,1781
55.78163198517375,-4.0815150613317295,196.0,55.824402119970216,-4.298242138123909,90,25.613,1169
55.78163198517375,-4.0815150613317295,196.0,55.887104625653905,-4.201059285828647,91,20.998,1075
55.78163198517375,-4.0815150613317295,196.0,55.92006797200308,-4.195257422106852,92,29.977,1195
55.78163198517375,-4.0815150613317295,196.0,55.7944551107823,-4.1683749063061635,93,8.015,819
55.78163198517375,-4.0815150613317295,196.0,55.88003873447475,-4.304350182381346,94,26.194,1301
55.78163198517375,-4.0815150613317295,196.0,55.88308048053683,-4.2942103285768285,95,25.794,1276
55.78163198517375,-4.0815150613317295,196.0,55.80779271908626,-4.3234306371549245,96,20.487,1244
55.78163198517375,-4.0815150613317295,196.0,55.90123467399992,-4.380968632189907,97,35.079,1910
55.78163198517375,-4.0815150613317295,196.0,55.88049231589054,-4.293733205570284,98,25.696,1266
55.78163198517375,-4.0815150613317295,196.0,55.84697147961761,-4.334108806216461,99,25.044,1169
55.78163198517375,-4.0815150613317295,196.0,55.83067141211495,-4.195633651932574,100,15.891,743
55.78163198517375,-4.0815150613317295,196.0,55.89350845984679,-4.099445363541155,101,17.728,833
55.78163198517375,-4.0815150613317295,196.0,55.92592408664018,-4.179171340754611,102,29.248,1233
55.78163198517375,-4.0815150613317295,196.0,55.84941827409408,-4.169566750359822,103,14.398,737
55.78163198517375,-4.0815150613317295,196.0,55.92413375575165,-4.226670311636797,104,33.187,2120
55.78163198517375,-4.0815150613317295,196.0,55.88995713457192,-4.285031242761631,105,26.189,1300
55.78163198517375,-4.0815150613317295,196.0,55.90528066541109,-4.131569818675147,106,25.586,997
55.78163198517375,-4.0815150613317295,196.0,55.87850608392288,-4.103517886631066,107,18.314,820
55.78163198517375,-4.0815150613317295,196.0,55.80799405798939,-4.284953473560454,108,19.39,1181
55.78163198517375,-4.0815150613317295,196.0,55.906815669822045,-4.385279074380807,109,34.084,1696
55.78163198517375,-4.0815150613317295,196.0,55.916237634416454,-4.222407816066865,110,32.513,1370
55.78163198517375,-4.0815150613317295,196.0,55.915798955837815,-4.088621086891774,111,20.809,908
55.78163198517375,-4.0815150613317295,196.0,55.827538479175395,-4.350653065976025,112,27.49,1252
55.78163198517375,-4.0815150613317295,196.0,55.799515288981674,-4.0866627646338864,113,3.433,319
55.78163198517375,-4.0815150613317295,196.0,55.831024245961984,-4.244756518165482,114,18.843,801
55.78163198517375,-4.0815150613317295,196.0,55.86754360554833,-4.2143078261423845,115,20.383,978
55.78163198517375,-4.0815150613317295,196.0,55.8574985965699,-4.1521224561179935,116,15.277,814
55.78163198517375,-4.0815150613317295,196.0,55.88095643501817,-4.32811659177277,117,28.72,1285
55.78163198517375,-4.0815150613317295,196.0,55.85240433608213,-4.177570445500026,118,15.33,794
55.78163198517375,-4.0815150613317295,196.0,55.91169549549074,-4.359708873069638,119,32.345,1779
55.78163198517375,-4.0815150613317295,196.0,55.92640787519779,-4.300990956079843,120,31.349,1530
55.78163198517375,-4.0815150613317295,196.0,55.84019197366069,-4.205566157974415,121,14.035,872
55.78163198517375,-4.0815150613317295,196.0,55.866619942939494,-4.268153778778456,122,23.657,1109
55.78163198517375,-4.0815150613317295,196.0,55.81327411986783,-4.2587495402872255,123,14.881,944
55.78163198517375,-4.0815150613317295,196.0,55.86022660117776,-4.154711133590585,124,16.712,757
55.78163198517375,-4.0815150613317295,196.0,55.831522729053496,-4.370420634377527,125,29.544,1422
55.78163198517375,-4.0815150613317295,196.0,55.84074346341779,-4.172411658039648,126,13.951,633
55.78163198517375,-4.0815150613317295,196.0,55.8801412435821,-4.258666277618953,127,23.933,1123
55.78163198517375,-4.0815150613317295,196.0,55.8434159429892,-4.1056733307349536,128,10.76,561
55.78163198517375,-4.0815150613317295,196.0,55.83522057783537,-4.25736952395694,129,19.377,898
55.78163198517375,-4.0815150613317295,196.0,55.86467774065618,-4.2250953414252415,130,21.603,896
55.78163198517375,-4.0815150613317295,196.0,55.8953662249987,-4.231143624453162,131,24.827,1188
55.78163198517375,-4.0815150613317295,196.0,55.81920459649808,-4.236238450921302,132,12.821,716
55.78163198517375,-4.0815150613317295,196.0,55.900795402502105,-4.206009410292495,133,22.625,1168
55.78163198517375,-4.0815150613317295,196.0,55.86078490474355,-4.339631469507248,134,27.413,1252
55.78163198517375,-4.0815150613317295,196.0,55.924999437053955,-4.191173279124663,135,29.726,1186
55.78163198517375,-4.0815150613317295,196.0,55.81549096669224,-4.126910343137958,136,6.451,465
55.78163198517375,-4.0815150613317295,196.0,55.90135585493081,-4.207622057499793,137,22.624,1145
55.78163198517375,-4.0815150613317295,196.0,55.845816555475636,-4.129576488296543,138,12.404,657
55.78163198517375,-4.0815150613317295,196.0,55.80470047644827,-4.291960781118721,139,19.232,1179
55.78163198517375,-4.0815150613317295,196.0,55.89185394491289,-4.179857587296262,140,21.828,944
55.78163198517375,-4.0815150613317295,196.0,55.91859399996558,-4.3401659608951215,141,31.211,1630
55.78163198517375,-4.0815150613317295,196.0,55.90671476836246,-4.3642865107142725,142,33.663,1748
55.78163198517375,-4.0815150613317295,196.0,55.81273399651921,-4.167613047894911,143,9.701,486
55.78163198517375,-4.0815150613317295,196.0,55.80939871413575,-4.276056954355674,144,18.411,1053
55.78163198517375,-4.0815150613317295,196.0,55.88312869327199,-4.214542892826467,145,20.625,1046
55.78163198517375,-4.0815150613317295,196.0,55.815340374954424,-4.283514492524949,146,16.227,1076
55.78163198517375,-4.0815150613317295,196.0,55.87864379034378,-4.080636908866371,147,17.271,690
55.78163198517375,-4.0815150613317295,196.0,55.89423440492952,-4.2418874418647645,148,25.39,1272
55.78163198517375,-4.0815150613317295,196.0,55.92796852989922,-4.305970400193036,149,31.477,1554
55.78163198517375,-4.0815150613317295,196.0,55.92895153496988,-4.082888064137351,150,21.767,916
55.78163198517375,-4.0815150613317295,196.0,55.790766759429424,-4.135285962371055,151,4.788,339
55.78163198517375,-4.0815150613317295,196.0,55.80808041573422,-4.184105792933229,152,9.301,438
55.78163198517375,-4.0815150613317295,196.0,55.7982747224006,-4.3931924101572655,153,30.794,1424
55.78163198517375,-4.0815150613317295,196.0,55.81178474630603,-4.337962602706185,154,27.942,1217
55.78163198517375,-4.0815150613317295,196.0,55.852972007756,-4.353957895039277,155,26.612,1255
55.78163198517375,-4.0815150613317295,196.0,55.797152036890715,-4.311451416173846,156,18.287,1058
55.78163198517375,-4.0815150613317295,196.0,55.84839482833289,-4.1889265673730645,157,15.05,750
55.78163198517375,-4.0815150613317295,196.0,55.86383954752864,-4.387927326091926,158,32.204,1282
55.78163198517375,-4.0815150613317295,196.0,55.807182357875575,-4.140487806234959,159,6.153,402
55.78163198517375,-4.0815150613317295,196.0,55.8296607577131,-4.218765551358871,160,12.63,721
55.78163198517375,-4.0815150613317295,196.0,55.82699494590622,-4.295404959002084,161,25.649,1145
55.78163198517375,-4.0815150613317295,196.0,55.861248665443505,-4.307186036515638,162,24.498,1158
55.78163198517375,-4.0815150613317295,196.0,55.897857165570365,-4.156645648865112,163,23.304,981
55.78163198517375,-4.0815150613317295,196.0,55.877747555317356,-4.342792329217214,164,29.31,1382
55.78163198517375,-4.0815150613317295,196.0,55.92259641850896,-4.389236283866068,165,45.566,1846
55.78163198517375,-4.0815150613317295,196.0,55.92621339590465,-4.2820478996479165,166,29.801,1430
55.78163198517375,-4.0815150613317295,196.0,55.80660612206145,-4.094012410496262,167,7.775,706
55.78163198517375,-4.0815150613317295,196.0,55.84605439624201,-4.09192094471571,168,18.5,759
55.78163198517375,-4.0815150613317295,196.0,55.83961965364386,-4.1201104741133365,169,10.111,459
55.78163198517375,-4.0815150613317295,196.0,55.85030951683019,-4.217608837338132,170,16.885,859
55.78163198517375,-4.0815150613317295,196.0,55.85971342373431,-4.246748195156407,171,22.316,1042
55.78163198517375,-4.0815150613317295,196.0,55.815747728441636,-4.150792968910081,172,7.058,536
55.78163198517375,-4.0815150613317295,196.0,55.80041195127493,-4.3806303679601495,173,28.625,1333
55.78163198517375,-4.0815150613317295,196.0,55.85487415463933,-4.092829020720908,174,12.955,590
55.78163198517375,-4.0815150613317295,196.0,55.80456076444065,-4.203157873727267,175,10.176,522
55.78163198517375,-4.0815150613317295,196.0,55.84723005082115,-4.330151260440624,176,24.565,1113
55.78163198517375,-4.0815150613317295,196.0,55.88775631668876,-4.123428423568879,177,20.926,1043
55.78163198517375,-4.0815150613317295,196.0,55.82857385936083,-4.129579652409029,178,7.723,591
55.78163198517375,-4.0815150613317295,196.0,55.879865395443076,-4.36272007519476,179,30.202,1424
55.78163198517375,-4.0815150613317295,196.0,55.87973669437185,-4.215636550296907,180,21.341,1142
55.78163198517375,-4.0815150613317295,196.0,55.8162521393249,-4.1868605517933455,181,10.683,558
55.78163198517375,-4.0815150613317295,196.0,55.80755514535402,-4.201625161718038,182,9.929,489
55.78163198517375,-4.0815150613317295,196.0,55.85565398843102,-4.250533808562208,183,21.056,1085
55.78163198517375,-4.0815150613317295,196.0,55.929636326069506,-4.381100658166308,184,46.552,1867
55.78163198517375,-4.0815150613317295,196.0,55.879581066995904,-4.21986165885879,185,21.526,1177
55.78163198517375,-4.0815150613317295,196.0,55.92647877645629,-4.127886630011083,186,22.169,1178
55.78163198517375,-4.0815150613317295,196.0,55.82282427264178,-4.371094162561755,187,28.68,1345
55.78163198517375,-4.0815150613317295,196.0,55.90291353127043,-4.3414180899754955,188,31.709,1626
55.78163198517375,-4.0815150613317295,196.0,55.78437024600116,-4.156926419796477,189,6.513,384
55.78163198517375,-4.0815150613317295,196.0,55.8321542449311,-4.1561720476648265,190,13.01,602
55.78163198517375,-4.0815150613317295,196.0,55.88310705812362,-4.084862107847263,191,14.432,572
55.78163198517375,-4.0815150613317295,196.0,55.85616333886266,-4.110333739241922,192,13.075,687
55.78163198517375,-4.0815150613317295,196.0,55.90185178498145,-4.152652007721208,193,27.536,1529
55.78163198517375,-4.0815150613317295,196.0,55.8837118458465,-4.182392741162416,194,21.195,1828
55.78163198517375,-4.0815150613317295,196.0,55.83086049774818,-4.312434105301623,195,26.583,1250
55.78163198517375,-4.0815150613317295,196.0,55.821849459706755,-4.176208567338996,196,11.118,631
55.78163198517375,-4.0815150613317295,196.0,55.88009750494633,-4.255964552703097,197,23.619,1102
55.78163198517375,-4.0815150613317295,196.0,55.87413911675089,-4.369807111055967,198,28.206,1173
55.78163198517375,-4.0815150613317295,196.0,55.86354071984154,-4.093406384811447,199,14.535,694
55.79887145971834,-4.271487021944862,197.0,55.8391698042901,-4.214478482526657,0,8.41,830
55.79887145971834,-4.271487021944862,197.0,55.86553667472969,-4.350500876963486,1,16.825,1080
55.79887145971834,-4.271487021944862,197.0,55.912892829643965,-4.286410947894997,2,18.139,2340
55.79887145971834,-4.271487021944862,197.0,55.84854019346565,-4.391697428307927,3,13.241,1108
55.79887145971834,-4.271487021944862,197.0,55.79232875093524,-4.310455024670266,4,3.784,341
55.79887145971834,-4.271487021944862,197.0,55.837143362020576,-4.120043492886959,5,13.876,914
55.79887145971834,-4.271487021944862,197.0,55.84185129809378,-4.283879851305767,6,7.113,669
55.79887145971834,-4.271487021944862,197.0,55.90609664927746,-4.311383718964596,7,15.524,1348
55.79887145971834,-4.271487021944862,197.0,55.7832172019226,-4.31249791159531,8,4.636,351
55.79887145971834,-4.271487021944862,197.0,55.8177258987159,-4.260489243356555,9,2.923,320
55.79887145971834,-4.271487021944862,197.0,55.903262790870684,-4.212111703691823,10,15.08,1437
55.79887145971834,-4.271487021944862,197.0,55.893978813107424,-4.1413270988368325,11,16.556,1439
55.79887145971834,-4.271487021944862,197.0,55.894884622950286,-4.154349650804189,12,18.941,1338
55.79887145971834,-4.271487021944862,197.0,55.80680963785043,-4.263605759417426,13,1.5,243
55.79887145971834,-4.271487021944862,197.0,55.81824312166051,-4.346878846315483,14,8.426,786
55.79887145971834,-4.271487021944862,197.0,55.84742656229786,-4.269221405976544,15,7.396,705
55.79887145971834,-4.271487021944862,197.0,55.80730424868546,-4.315177272898423,16,5.421,471
55.79887145971834,-4.271487021944862,197.0,55.83798278877758,-4.260604018644594,17,5.324,590
55.79887145971834,-4.271487021944862,197.0,55.89424631095569,-4.343398240721316,18,16.114,1211
55.79887145971834,-4.271487021944862,197.0,55.83908093533876,-4.223069302141199,19,7.767,884
55.79887145971834,-4.271487021944862,197.0,55.8357731433788,-4.270556349194068,20,5.55,531
55.79887145971834,-4.271487021944862,197.0,55.90309627527835,-4.360750370095284,21,18.147,1446
55.79887145971834,-4.271487021944862,197.0,55.85652103589449,-4.101365743428073,22,18.809,1237
55.79887145971834,-4.271487021944862,197.0,55.783736419963375,-4.235306054793451,23,5.227,420
55.79887145971834,-4.271487021944862,197.0,55.92064824587275,-4.2358362157531895,24,16.205,1418
55.79887145971834,-4.271487021944862,197.0,55.907674892744176,-4.2497703459088045,25,14.957,2462
55.79887145971834,-4.271487021944862,197.0,55.919604340921964,-4.226208116301384,26,16.129,1429
55.79887145971834,-4.271487021944862,197.0,55.83219148710444,-4.304581930326681,27,6.108,646
55.79887145971834,-4.271487021944862,197.0,55.79569701419853,-4.1769099124482585,28,10.75,793
55.79887145971834,-4.271487021944862,197.0,55.81260197667657,-4.197841211154324,29,10.675,831
55.79887145971834,-4.271487021944862,197.0,55.826092940761974,-4.176919409292903,30,9.387,981
55.79887145971834,-4.271487021944862,197.0,55.828413149208096,-4.109650878166438,31,17.337,1176
55.79887145971834,-4.271487021944862,197.0,55.8999241737755,-4.257993823533507,32,14.588,1327
55.79887145971834,-4.271487021944862,197.0,55.892514250678616,-4.340118142906542,33,16.143,1223
55.79887145971834,-4.271487021944862,197.0,55.855241629670886,-4.269936069312288,34,10.223,919
55.79887145971834,-4.271487021944862,197.0,55.877364911629314,-4.109701193625618,35,25.05,1449
55.79887145971834,-4.271487021944862,197.0,55.887053111734645,-4.1280531391159245,36,19.807,1449
55.79887145971834,-4.271487021944862,197.0,55.89108676863447,-4.105446803942431,37,25.038,1664
55.79887145971834,-4.271487021944862,197.0,55.842635153466425,-4.334387903339716,38,8.774,846
55.79887145971834,-4.271487021944862,197.0,55.89197542936556,-4.19614108945253,39,15.814,1282
55.79887145971834,-4.271487021944862,197.0,55.825849135803445,-4.321179033230789,40,6.087,567
55.79887145971834,-4.271487021944862,197.0,55.81864602215581,-4.375055705699034,41,8.553,714
55.79887145971834,-4.271487021944862,197.0,55.92613065482397,-4.212698358862173,42,16.591,1482
55.79887145971834,-4.271487021944862,197.0,55.874439929608144,-4.279689658904073,43,10.783,977
55.79887145971834,-4.271487021944862,197.0,55.81998166828728,-4.245455535821837,44,3.859,422
55.79887145971834,-4.271487021944862,197.0,55.91066980601156,-4.213502644426629,45,15.543,1432
55.79887145971834,-4.271487021944862,197.0,55.8404807486866,-4.356656090229781,46,9.122,882
55.79887145971834,-4.271487021944862,197.0,55.88708229912325,-4.079055837843032,47,22.668,1257
55.79887145971834,-4.271487021944862,197.0,55.84510555179576,-4.178720975321847,48,12.198,1002
55.79887145971834,-4.271487021944862,197.0,55.84413340760586,-4.085244529493477,49,19.365,1631
55.79887145971834,-4.271487021944862,197.0,55.83324217210475,-4.157183908594519,50,12.06,999
55.79887145971834,-4.271487021944862,197.0,55.895753278756494,-4.323131413571223,51,15.9,1322
55.79887145971834,-4.271487021944862,197.0,55.88609925330935,-4.38354364327563,52,17.858,1148
55.79887145971834,-4.271487021944862,197.0,55.86596770908397,-4.338853955125049,53,14.641,1029
55.79887145971834,-4.271487021944862,197.0,55.819381988004544,-4.256567679373081,54,2.989,314
55.79887145971834,-4.271487021944862,197.0,55.919398785577634,-4.298102785445152,55,18.415,2020
55.79887145971834,-4.271487021944862,197.0,55.81052481551728,-4.0780884232687225,56,20.136,2324
55.79887145971834,-4.271487021944862,197.0,55.8411814367945,-4.125490362928665,57,15.418,1072
55.79887145971834,-4.271487021944862,197.0,55.844855881791794,-4.151320272286683,58,13.05,1052
55.79887145971834,-4.271487021944862,197.0,55.79334532620707,-4.3052187624925375,59,3.379,302
55.79887145971834,-4.271487021944862,197.0,55.78499644933002,-4.082518262203789,60,17.217,965
55.79887145971834,-4.271487021944862,197.0,55.86482365717543,-4.074666870071637,61,20.361,1431
55.79887145971834,-4.271487021944862,197.0,55.910543969585106,-4.384534109666136,62,19.974,1511
55.79887145971834,-4.271487021944862,197.0,55.799715679086134,-4.188568421733812,63,8.449,830
55.79887145971834,-4.271487021944862,197.0,55.90005630083831,-4.294022887833187,64,14.596,1302
55.79887145971834,-4.271487021944862,197.0,55.82573931186619,-4.210157383495828,65,6.887,718
55.79887145971834,-4.271487021944862,197.0,55.88010014610652,-4.288014027401103,66,13.317,1270
55.79887145971834,-4.271487021944862,197.0,55.8836463272421,-4.377148406451105,67,17.628,1226
55.79887145971834,-4.271487021944862,197.0,55.80511293548626,-4.195982430231648,68,9.932,779
55.79887145971834,-4.271487021944862,197.0,55.9265186267864,-4.256321117900257,69,17.953,1434
55.79887145971834,-4.271487021944862,197.0,55.90353118048908,-4.119171950823842,70,25.64,1724
55.79887145971834,-4.271487021944862,197.0,55.81502357146685,-4.260984914919316,71,2.592,266
55.79887145971834,-4.271487021944862,197.0,55.894355058439295,-4.293143876300353,72,13.886,1249
55.79887145971834,-4.271487021944862,197.0,55.80246488546192,-4.242274834364847,73,6.357,557
55.79887145971834,-4.271487021944862,197.0,55.887581813102464,-4.2985753032369685,74,13.498,1245
55.79887145971834,-4.271487021944862,197.0,55.928290955083554,-4.295962301582311,75,18.837,1435
55.79887145971834,-4.271487021944862,197.0,55.81096058143004,-4.368797105646974,76,7.718,688
55.79887145971834,-4.271487021944862,197.0,55.84818750128869,-4.3631808239548375,77,11.868,1016
55.79887145971834,-4.271487021944862,197.0,55.81610352786554,-4.330910795148831,78,6.208,519
55.79887145971834,-4.271487021944862,197.0,55.807034270653475,-4.136077366584948,79,15.498,974
55.79887145971834,-4.271487021944862,197.0,55.86778114631985,-4.233612892312959,80,10.283,1063
55.79887145971834,-4.271487021944862,197.0,55.79578956690847,-4.368290459919509,81,11.534,1811
55.79887145971834,-4.271487021944862,197.0,55.897877306124535,-4.077031107370425,82,25.027,2002
55.79887145971834,-4.271487021944862,197.0,55.80721289582252,-4.242612882195534,83,4.88,549
55.79887145971834,-4.271487021944862,197.0,55.92209393969709,-4.157940141970138,84,20.474,1488
55.79887145971834,-4.271487021944862,197.0,55.79188265083702,-4.28147512844989,85,1.526,137
55.79887145971834,-4.271487021944862,197.0,55.88043814367632,-4.104360473798184,86,24.36,1389
55.79887145971834,-4.271487021944862,197.0,55.90345994988174,-4.293652184560058,87,15.065,1347
55.79887145971834,-4.271487021944862,197.0,55.91230525016259,-4.108196424937476,88,28.32,1626
55.79887145971834,-4.271487021944862,197.0,55.90569137930351,-4.3852429216612405,89,20.009,1534
55.79887145971834,-4.271487021944862,197.0,55.824402119970216,-4.298242138123909,90,4.599,509
55.79887145971834,-4.271487021944862,197.0,55.887104625653905,-4.201059285828647,91,13.419,1401
55.79887145971834,-4.271487021944862,197.0,55.92006797200308,-4.195257422106852,92,17.437,1460
55.79887145971834,-4.271487021944862,197.0,55.7944551107823,-4.1683749063061635,93,10.88,1227
55.79887145971834,-4.271487021944862,197.0,55.88003873447475,-4.304350182381346,94,14.862,1206
55.79887145971834,-4.271487021944862,197.0,55.88308048053683,-4.2942103285768285,95,14.462,1181
55.79887145971834,-4.271487021944862,197.0,55.80779271908626,-4.3234306371549245,96,5.869,518
55.79887145971834,-4.271487021944862,197.0,55.90123467399992,-4.380968632189907,97,20.339,1656
55.79887145971834,-4.271487021944862,197.0,55.88049231589054,-4.293733205570284,98,14.364,1171
55.79887145971834,-4.271487021944862,197.0,55.84697147961761,-4.334108806216461,99,9.085,923
55.79887145971834,-4.271487021944862,197.0,55.83067141211495,-4.195633651932574,100,9.343,865
55.79887145971834,-4.271487021944862,197.0,55.89350845984679,-4.099445363541155,101,24.105,1434
55.79887145971834,-4.271487021944862,197.0,55.92592408664018,-4.179171340754611,102,21.815,1572
55.79887145971834,-4.271487021944862,197.0,55.84941827409408,-4.169566750359822,103,12.903,1068
55.79887145971834,-4.271487021944862,197.0,55.92413375575165,-4.226670311636797,104,17.806,2224
55.79887145971834,-4.271487021944862,197.0,55.88995713457192,-4.285031242761631,105,12.826,1152
55.79887145971834,-4.271487021944862,197.0,55.90528066541109,-4.131569818675147,106,18.153,1336
55.79887145971834,-4.271487021944862,197.0,55.87850608392288,-4.103517886631066,107,24.691,1422
55.79887145971834,-4.271487021944862,197.0,55.80799405798939,-4.284953473560454,108,2.607,301
55.79887145971834,-4.271487021944862,197.0,55.906815669822045,-4.385279074380807,109,19.32,1449
55.79887145971834,-4.271487021944862,197.0,55.916237634416454,-4.222407816066865,110,16.044,1417
55.79887145971834,-4.271487021944862,197.0,55.915798955837815,-4.088621086891774,111,27.186,1510
55.79887145971834,-4.271487021944862,197.0,55.827538479175395,-4.350653065976025,112,7.347,693
55.79887145971834,-4.271487021944862,197.0,55.799515288981674,-4.0866627646338864,113,17.984,1110
55.79887145971834,-4.271487021944862,197.0,55.831024245961984,-4.244756518165482,114,5.186,544
55.79887145971834,-4.271487021944862,197.0,55.86754360554833,-4.2143078261423845,115,11.73,1209
55.79887145971834,-4.271487021944862,197.0,55.8574985965699,-4.1521224561179935,116,14.206,1178
55.79887145971834,-4.271487021944862,197.0,55.88095643501817,-4.32811659177277,117,13.956,1038
55.79887145971834,-4.271487021944862,197.0,55.85240433608213,-4.177570445500026,118,13.067,1119
55.79887145971834,-4.271487021944862,197.0,55.91169549549074,-4.359708873069638,119,20.132,1637
55.79887145971834,-4.271487021944862,197.0,55.92640787519779,-4.300990956079843,120,19.285,1484
55.79887145971834,-4.271487021944862,197.0,55.84019197366069,-4.205566157974415,121,8.896,946
55.79887145971834,-4.271487021944862,197.0,55.866619942939494,-4.268153778778456,122,10.576,1058
55.79887145971834,-4.271487021944862,197.0,55.81327411986783,-4.2587495402872255,123,3.313,368
55.79887145971834,-4.271487021944862,197.0,55.86022660117776,-4.154711133590585,124,14.559,1209
55.79887145971834,-4.271487021944862,197.0,55.831522729053496,-4.370420634377527,125,9.401,863
55.79887145971834,-4.271487021944862,197.0,55.84074346341779,-4.172411658039648,126,11.271,921
55.79887145971834,-4.271487021944862,197.0,55.8801412435821,-4.258666277618953,127,12.425,1143
55.79887145971834,-4.271487021944862,197.0,55.8434159429892,-4.1056733307349536,128,15.674,1101
55.79887145971834,-4.271487021944862,197.0,55.83522057783537,-4.25736952395694,129,5.298,592
55.79887145971834,-4.271487021944862,197.0,55.86467774065618,-4.2250953414252415,130,10.088,975
55.79887145971834,-4.271487021944862,197.0,55.8953662249987,-4.231143624453162,131,13.231,1229
55.79887145971834,-4.271487021944862,197.0,55.81920459649808,-4.236238450921302,132,4.443,472
55.79887145971834,-4.271487021944862,197.0,55.900795402502105,-4.206009410292495,133,15.398,1424
55.79887145971834,-4.271487021944862,197.0,55.86078490474355,-4.339631469507248,134,15.176,1123
55.79887145971834,-4.271487021944862,197.0,55.924999437053955,-4.191173279124663,135,17.688,1469
55.79887145971834,-4.271487021944862,197.0,55.81549096669224,-4.126910343137958,136,16.555,1062
55.79887145971834,-4.271487021944862,197.0,55.90135585493081,-4.207622057499793,137,15.397,1401
55.79887145971834,-4.271487021944862,197.0,55.845816555475636,-4.129576488296543,138,14.423,1142
55.79887145971834,-4.271487021944862,197.0,55.80470047644827,-4.291960781118721,139,3.321,415
55.79887145971834,-4.271487021944862,197.0,55.89185394491289,-4.179857587296262,140,14.718,1207
55.79887145971834,-4.271487021944862,197.0,55.91859399996558,-4.3401659608951215,141,18.998,1488
55.79887145971834,-4.271487021944862,197.0,55.90671476836246,-4.3642865107142725,142,18.899,1502
55.79887145971834,-4.271487021944862,197.0,55.81273399651921,-4.167613047894911,143,10.751,812
55.79887145971834,-4.271487021944862,197.0,55.80939871413575,-4.276056954355674,144,1.628,172
55.79887145971834,-4.271487021944862,197.0,55.88312869327199,-4.214542892826467,145,12.802,1255
55.79887145971834,-4.271487021944862,197.0,55.815340374954424,-4.283514492524949,146,2.65,275
55.79887145971834,-4.271487021944862,197.0,55.87864379034378,-4.080636908866371,147,23.648,1292
55.79887145971834,-4.271487021944862,197.0,55.89423440492952,-4.2418874418647645,148,13.794,1313
55.79887145971834,-4.271487021944862,197.0,55.92796852989922,-4.305970400193036,149,19.413,1507
55.79887145971834,-4.271487021944862,197.0,55.92895153496988,-4.082888064137351,150,28.144,1518
55.79887145971834,-4.271487021944862,197.0,55.790766759429424,-4.135285962371055,151,13.305,869
55.79887145971834,-4.271487021944862,197.0,55.80808041573422,-4.184105792933229,152,9.548,716
55.79887145971834,-4.271487021944862,197.0,55.7982747224006,-4.3931924101572655,153,9.356,795
55.79887145971834,-4.271487021944862,197.0,55.81178474630603,-4.337962602706185,154,6.623,564
55.79887145971834,-4.271487021944862,197.0,55.852972007756,-4.353957895039277,155,10.453,1073
55.79887145971834,-4.271487021944862,197.0,55.797152036890715,-4.311451416173846,156,3.669,335
55.79887145971834,-4.271487021944862,197.0,55.84839482833289,-4.1889265673730645,157,12.849,1036
55.79887145971834,-4.271487021944862,197.0,55.86383954752864,-4.387927326091926,158,19.967,1154
55.79887145971834,-4.271487021944862,197.0,55.807182357875575,-4.140487806234959,159,12.581,928
55.79887145971834,-4.271487021944862,197.0,55.8296607577131,-4.218765551358871,160,6.821,720
55.79887145971834,-4.271487021944862,197.0,55.82699494590622,-4.295404959002084,161,4.542,478
55.79887145971834,-4.271487021944862,197.0,55.861248665443505,-4.307186036515638,162,9.348,948
55.79887145971834,-4.271487021944862,197.0,55.897857165570365,-4.156645648865112,163,16.194,1244
55.79887145971834,-4.271487021944862,197.0,55.877747555317356,-4.342792329217214,164,14.554,1144
55.79887145971834,-4.271487021944862,197.0,55.92259641850896,-4.389236283866068,165,33.329,1717
55.79887145971834,-4.271487021944862,197.0,55.92621339590465,-4.2820478996479165,166,17.737,1383
55.79887145971834,-4.271487021944862,197.0,55.80660612206145,-4.094012410496262,167,19.721,1388
55.79887145971834,-4.271487021944862,197.0,55.84605439624201,-4.09192094471571,168,24.877,1360
55.79887145971834,-4.271487021944862,197.0,55.83961965364386,-4.1201104741133365,169,15.025,999
55.79887145971834,-4.271487021944862,197.0,55.85030951683019,-4.217608837338132,170,8.316,919
55.79887145971834,-4.271487021944862,197.0,55.85971342373431,-4.246748195156407,171,8.821,912
55.79887145971834,-4.271487021944862,197.0,55.815747728441636,-4.150792968910081,172,12.769,1026
55.79887145971834,-4.271487021944862,197.0,55.80041195127493,-4.3806303679601495,173,11.534,758
55.79887145971834,-4.271487021944862,197.0,55.85487415463933,-4.092829020720908,174,19.332,1191
55.79887145971834,-4.271487021944862,197.0,55.80456076444065,-4.203157873727267,175,10.423,800
55.79887145971834,-4.271487021944862,197.0,55.84723005082115,-4.330151260440624,176,8.973,892
55.79887145971834,-4.271487021944862,197.0,55.88775631668876,-4.123428423568879,177,19.942,1455
55.79887145971834,-4.271487021944862,197.0,55.82857385936083,-4.129579652409029,178,18.628,1237
55.79887145971834,-4.271487021944862,197.0,55.879865395443076,-4.36272007519476,179,15.462,1170
55.79887145971834,-4.271487021944862,197.0,55.87973669437185,-4.215636550296907,180,12.089,1267
55.79887145971834,-4.271487021944862,197.0,55.8162521393249,-4.1868605517933455,181,10.93,835
55.79887145971834,-4.271487021944862,197.0,55.80755514535402,-4.201625161718038,182,10.176,766
55.79887145971834,-4.271487021944862,197.0,55.85565398843102,-4.250533808562208,183,7.86,814
55.79887145971834,-4.271487021944862,197.0,55.929636326069506,-4.381100658166308,184,34.315,1738
55.79887145971834,-4.271487021944862,197.0,55.879581066995904,-4.21986165885879,185,11.73,1247
55.79887145971834,-4.271487021944862,197.0,55.92647877645629,-4.127886630011083,186,21.556,1574
55.79887145971834,-4.271487021944862,197.0,55.82282427264178,-4.371094162561755,187,8.537,786
55.79887145971834,-4.271487021944862,197.0,55.90291353127043,-4.3414180899754955,188,16.945,1380
55.79887145971834,-4.271487021944862,197.0,55.78437024600116,-4.156926419796477,189,13.195,846
55.79887145971834,-4.271487021944862,197.0,55.8321542449311,-4.1561720476648265,190,12.1,1012
55.79887145971834,-4.271487021944862,197.0,55.88310705812362,-4.084862107847263,191,20.809,1173
55.79887145971834,-4.271487021944862,197.0,55.85616333886266,-4.110333739241922,192,19.452,1288
55.79887145971834,-4.271487021944862,197.0,55.90185178498145,-4.152652007721208,193,20.103,1868
55.79887145971834,-4.271487021944862,197.0,55.8837118458465,-4.182392741162416,194,16.382,2216
55.79887145971834,-4.271487021944862,197.0,55.83086049774818,-4.312434105301623,195,5.692,548
55.79887145971834,-4.271487021944862,197.0,55.821849459706755,-4.176208567338996,196,12.168,957
55.79887145971834,-4.271487021944862,197.0,55.88009750494633,-4.255964552703097,197,12.111,1121
55.79887145971834,-4.271487021944862,197.0,55.87413911675089,-4.369807111055967,198,15.969,1045
55.79887145971834,-4.271487021944862,197.0,55.86354071984154,-4.093406384811447,199,20.912,1296
55.823704372209164,-4.226917444620302,198.0,55.8391698042901,-4.214478482526657,0,2.982,393
55.823704372209164,-4.226917444620302,198.0,55.86553667472969,-4.350500876963486,1,14.116,850
55.823704372209164,-4.226917444620302,198.0,55.912892829643965,-4.286410947894997,2,15.898,2198
55.823704372209164,-4.226917444620302,198.0,55.84854019346565,-4.391697428307927,3,13.547,1071
55.823704372209164,-4.226917444620302,198.0,55.79232875093524,-4.310455024670266,4,8.463,897
55.823704372209164,-4.226917444620302,198.0,55.837143362020576,-4.120043492886959,5,7.908,556
55.823704372209164,-4.226917444620302,198.0,55.84185129809378,-4.283879851305767,6,5.027,595
55.823704372209164,-4.226917444620302,198.0,55.90609664927746,-4.311383718964596,7,13.52,1257
55.823704372209164,-4.226917444620302,198.0,55.7832172019226,-4.31249791159531,8,9.315,910
55.823704372209164,-4.226917444620302,198.0,55.8177258987159,-4.260489243356555,9,3.023,410
55.823704372209164,-4.226917444620302,198.0,55.903262790870684,-4.212111703691823,10,12.371,1207
55.823704372209164,-4.226917444620302,198.0,55.893978813107424,-4.1413270988368325,11,11.221,1196
55.823704372209164,-4.226917444620302,198.0,55.894884622950286,-4.154349650804189,12,16.232,1108
55.823704372209164,-4.226917444620302,198.0,55.80680963785043,-4.263605759417426,13,5.461,678
55.823704372209164,-4.226917444620302,198.0,55.81824312166051,-4.346878846315483,14,13.175,963
55.823704372209164,-4.226917444620302,198.0,55.84742656229786,-4.269221405976544,15,5.224,609
55.823704372209164,-4.226917444620302,198.0,55.80730424868546,-4.315177272898423,16,7.951,807
55.823704372209164,-4.226917444620302,198.0,55.83798278877758,-4.260604018644594,17,3.498,409
55.823704372209164,-4.226917444620302,198.0,55.89424631095569,-4.343398240721316,18,15.932,1100
55.823704372209164,-4.226917444620302,198.0,55.83908093533876,-4.223069302141199,19,3.473,512
55.823704372209164,-4.226917444620302,198.0,55.8357731433788,-4.270556349194068,20,4.182,459
55.823704372209164,-4.226917444620302,198.0,55.90309627527835,-4.360750370095284,21,17.965,1335
55.823704372209164,-4.226917444620302,198.0,55.85652103589449,-4.101365743428073,22,12.841,879
55.823704372209164,-4.226917444620302,198.0,55.783736419963375,-4.235306054793451,23,7.083,701
55.823704372209164,-4.226917444620302,198.0,55.92064824587275,-4.2358362157531895,24,13.496,1188
55.823704372209164,-4.226917444620302,198.0,55.907674892744176,-4.2497703459088045,25,12.248,2233
55.823704372209164,-4.226917444620302,198.0,55.919604340921964,-4.226208116301384,26,13.42,1199
55.823704372209164,-4.226917444620302,198.0,55.83219148710444,-4.304581930326681,27,7.123,848
55.823704372209164,-4.226917444620302,198.0,55.79569701419853,-4.1769099124482585,28,6.346,612
55.823704372209164,-4.226917444620302,198.0,55.81260197667657,-4.197841211154324,29,3.848,478
55.823704372209164,-4.226917444620302,198.0,55.826092940761974,-4.176919409292903,30,3.959,543
55.823704372209164,-4.226917444620302,198.0,55.828413149208096,-4.109650878166438,31,11.369,819
55.823704372209164,-4.226917444620302,198.0,55.8999241737755,-4.257993823533507,32,12.347,1178
55.823704372209164,-4.226917444620302,198.0,55.892514250678616,-4.340118142906542,33,15.961,1111
55.823704372209164,-4.226917444620302,198.0,55.855241629670886,-4.269936069312288,34,8.219,828
55.823704372209164,-4.226917444620302,198.0,55.877364911629314,-4.109701193625618,35,19.082,1091
55.823704372209164,-4.226917444620302,198.0,55.887053111734645,-4.1280531391159245,36,24.729,1295
55.823704372209164,-4.226917444620302,198.0,55.89108676863447,-4.105446803942431,37,19.07,1306
55.823704372209164,-4.226917444620302,198.0,55.842635153466425,-4.334387903339716,38,9.984,778
55.823704372209164,-4.226917444620302,198.0,55.89197542936556,-4.19614108945253,39,13.105,1053
55.823704372209164,-4.226917444620302,198.0,55.825849135803445,-4.321179033230789,40,7.102,770
55.823704372209164,-4.226917444620302,198.0,55.81864602215581,-4.375055705699034,41,14.204,972
55.823704372209164,-4.226917444620302,198.0,55.92613065482397,-4.212698358862173,42,13.882,1252
55.823704372209164,-4.226917444620302,198.0,55.874439929608144,-4.279689658904073,43,8.779,886
55.823704372209164,-4.226917444620302,198.0,55.81998166828728,-4.245455535821837,44,1.897,284
55.823704372209164,-4.226917444620302,198.0,55.91066980601156,-4.213502644426629,45,12.834,1203
55.823704372209164,-4.226917444620302,198.0,55.8404807486866,-4.356656090229781,46,13.636,1045
55.823704372209164,-4.226917444620302,198.0,55.88708229912325,-4.079055837843032,47,16.7,899
55.823704372209164,-4.226917444620302,198.0,55.84510555179576,-4.178720975321847,48,6.23,644
55.823704372209164,-4.226917444620302,198.0,55.84413340760586,-4.085244529493477,49,13.397,1273
55.823704372209164,-4.226917444620302,198.0,55.83324217210475,-4.157183908594519,50,6.092,641
55.823704372209164,-4.226917444620302,198.0,55.895753278756494,-4.323131413571223,51,15.718,1211
55.823704372209164,-4.226917444620302,198.0,55.88609925330935,-4.38354364327563,52,15.149,918
55.823704372209164,-4.226917444620302,198.0,55.86596770908397,-4.338853955125049,53,11.932,799
55.823704372209164,-4.226917444620302,198.0,55.819381988004544,-4.256567679373081,54,3.932,466
55.823704372209164,-4.226917444620302,198.0,55.919398785577634,-4.298102785445152,55,16.174,1878
55.823704372209164,-4.226917444620302,198.0,55.81052481551728,-4.0780884232687225,56,14.168,1966
55.823704372209164,-4.226917444620302,198.0,55.8411814367945,-4.125490362928665,57,9.45,714
55.823704372209164,-4.226917444620302,198.0,55.844855881791794,-4.151320272286683,58,7.082,694
55.823704372209164,-4.226917444620302,198.0,55.79334532620707,-4.3052187624925375,59,8.058,858
55.823704372209164,-4.226917444620302,198.0,55.78499644933002,-4.082518262203789,60,13.54,900
55.823704372209164,-4.226917444620302,198.0,55.86482365717543,-4.074666870071637,61,14.393,1073
55.823704372209164,-4.226917444620302,198.0,55.910543969585106,-4.384534109666136,62,19.792,1399
55.823704372209164,-4.226917444620302,198.0,55.799715679086134,-4.188568421733812,63,6.328,770
55.823704372209164,-4.226917444620302,198.0,55.90005630083831,-4.294022887833187,64,12.592,1210
55.823704372209164,-4.226917444620302,198.0,55.82573931186619,-4.210157383495828,65,1.759,293
55.823704372209164,-4.226917444620302,198.0,55.88010014610652,-4.288014027401103,66,11.313,1179
55.823704372209164,-4.226917444620302,198.0,55.8836463272421,-4.377148406451105,67,14.919,996
55.823704372209164,-4.226917444620302,198.0,55.80511293548626,-4.195982430231648,68,4.573,511
55.823704372209164,-4.226917444620302,198.0,55.9265186267864,-4.256321117900257,69,15.712,1292
55.823704372209164,-4.226917444620302,198.0,55.90353118048908,-4.119171950823842,70,19.672,1367
55.823704372209164,-4.226917444620302,198.0,55.81502357146685,-4.260984914919316,71,3.38,445
55.823704372209164,-4.226917444620302,198.0,55.894355058439295,-4.293143876300353,72,11.882,1158
55.823704372209164,-4.226917444620302,198.0,55.80246488546192,-4.242274834364847,73,4.644,541
55.823704372209164,-4.226917444620302,198.0,55.887581813102464,-4.2985753032369685,74,11.494,1154
55.823704372209164,-4.226917444620302,198.0,55.928290955083554,-4.295962301582311,75,16.596,1293
55.823704372209164,-4.226917444620302,198.0,55.81096058143004,-4.368797105646974,76,15.861,1054
55.823704372209164,-4.226917444620302,198.0,55.84818750128869,-4.3631808239548375,77,14.622,897
55.823704372209164,-4.226917444620302,198.0,55.81610352786554,-4.330910795148831,78,8.291,783
55.823704372209164,-4.226917444620302,198.0,55.807034270653475,-4.136077366584948,79,11.094,792
55.823704372209164,-4.226917444620302,198.0,55.86778114631985,-4.233612892312959,80,7.574,833
55.823704372209164,-4.226917444620302,198.0,55.79578956690847,-4.368290459919509,81,20.945,2248
55.823704372209164,-4.226917444620302,198.0,55.897877306124535,-4.077031107370425,82,19.059,1644
55.823704372209164,-4.226917444620302,198.0,55.80721289582252,-4.242612882195534,83,3.867,493
55.823704372209164,-4.226917444620302,198.0,55.92209393969709,-4.157940141970138,84,17.765,1259
55.823704372209164,-4.226917444620302,198.0,55.79188265083702,-4.28147512844989,85,6.834,736
55.823704372209164,-4.226917444620302,198.0,55.88043814367632,-4.104360473798184,86,18.392,1031
55.823704372209164,-4.226917444620302,198.0,55.90345994988174,-4.293652184560058,87,13.061,1256
55.823704372209164,-4.226917444620302,198.0,55.91230525016259,-4.108196424937476,88,22.352,1269
55.823704372209164,-4.226917444620302,198.0,55.90569137930351,-4.3852429216612405,89,19.827,1423
55.823704372209164,-4.226917444620302,198.0,55.824402119970216,-4.298242138123909,90,5.737,670
55.823704372209164,-4.226917444620302,198.0,55.887104625653905,-4.201059285828647,91,10.71,1171
55.823704372209164,-4.226917444620302,198.0,55.92006797200308,-4.195257422106852,92,14.728,1230
55.823704372209164,-4.226917444620302,198.0,55.7944551107823,-4.1683749063061635,93,6.476,1046
55.823704372209164,-4.226917444620302,198.0,55.88003873447475,-4.304350182381346,94,11.049,1101
55.823704372209164,-4.226917444620302,198.0,55.88308048053683,-4.2942103285768285,95,10.649,1076
55.823704372209164,-4.226917444620302,198.0,55.80779271908626,-4.3234306371549245,96,8.91,852
55.823704372209164,-4.226917444620302,198.0,55.90123467399992,-4.380968632189907,97,20.133,1552
55.823704372209164,-4.226917444620302,198.0,55.88049231589054,-4.293733205570284,98,10.551,1066
55.823704372209164,-4.226917444620302,198.0,55.84697147961761,-4.334108806216461,99,10.098,811
55.823704372209164,-4.226917444620302,198.0,55.83067141211495,-4.195633651932574,100,3.2,442
55.823704372209164,-4.226917444620302,198.0,55.89350845984679,-4.099445363541155,101,18.137,1076
55.823704372209164,-4.226917444620302,198.0,55.92592408664018,-4.179171340754611,102,19.106,1342
55.823704372209164,-4.226917444620302,198.0,55.84941827409408,-4.169566750359822,103,6.935,710
55.823704372209164,-4.226917444620302,198.0,55.92413375575165,-4.226670311636797,104,15.097,1994
55.823704372209164,-4.226917444620302,198.0,55.88995713457192,-4.285031242761631,105,10.822,1061
55.823704372209164,-4.226917444620302,198.0,55.90528066541109,-4.131569818675147,106,15.444,1106
55.823704372209164,-4.226917444620302,198.0,55.87850608392288,-4.103517886631066,107,18.723,1064
55.823704372209164,-4.226917444620302,198.0,55.80799405798939,-4.284953473560454,108,5.247,681
55.823704372209164,-4.226917444620302,198.0,55.906815669822045,-4.385279074380807,109,19.138,1337
55.823704372209164,-4.226917444620302,198.0,55.916237634416454,-4.222407816066865,110,13.335,1187
55.823704372209164,-4.226917444620302,198.0,55.915798955837815,-4.088621086891774,111,21.218,1152
55.823704372209164,-4.226917444620302,198.0,55.827538479175395,-4.350653065976025,112,12.544,894
55.823704372209164,-4.226917444620302,198.0,55.799515288981674,-4.0866627646338864,113,14.099,1018
55.823704372209164,-4.226917444620302,198.0,55.831024245961984,-4.244756518165482,114,2.477,315
55.823704372209164,-4.226917444620302,198.0,55.86754360554833,-4.2143078261423845,115,7.047,982
55.823704372209164,-4.226917444620302,198.0,55.8574985965699,-4.1521224561179935,116,8.238,820
55.823704372209164,-4.226917444620302,198.0,55.88095643501817,-4.32811659177277,117,13.774,927
55.823704372209164,-4.226917444620302,198.0,55.85240433608213,-4.177570445500026,118,6.851,749
55.823704372209164,-4.226917444620302,198.0,55.91169549549074,-4.359708873069638,119,19.95,1526
55.823704372209164,-4.226917444620302,198.0,55.92640787519779,-4.300990956079843,120,17.044,1341
55.823704372209164,-4.226917444620302,198.0,55.84019197366069,-4.205566157974415,121,3.468,508
55.823704372209164,-4.226917444620302,198.0,55.866619942939494,-4.268153778778456,122,8.572,967
55.823704372209164,-4.226917444620302,198.0,55.81327411986783,-4.2587495402872255,123,3.359,455
55.823704372209164,-4.226917444620302,198.0,55.86022660117776,-4.154711133590585,124,8.591,851
55.823704372209164,-4.226917444620302,198.0,55.831522729053496,-4.370420634377527,125,14.598,1064
55.823704372209164,-4.226917444620302,198.0,55.84074346341779,-4.172411658039648,126,5.303,564
55.823704372209164,-4.226917444620302,198.0,55.8801412435821,-4.258666277618953,127,9.728,1045
55.823704372209164,-4.226917444620302,198.0,55.8434159429892,-4.1056733307349536,128,9.706,743
55.823704372209164,-4.226917444620302,198.0,55.83522057783537,-4.25736952395694,129,3.472,411
55.823704372209164,-4.226917444620302,198.0,55.86467774065618,-4.2250953414252415,130,6.272,739
55.823704372209164,-4.226917444620302,198.0,55.8953662249987,-4.231143624453162,131,10.522,999
55.823704372209164,-4.226917444620302,198.0,55.81920459649808,-4.236238450921302,132,1.313,234
55.823704372209164,-4.226917444620302,198.0,55.900795402502105,-4.206009410292495,133,12.689,1194
55.823704372209164,-4.226917444620302,198.0,55.86078490474355,-4.339631469507248,134,12.467,894
55.823704372209164,-4.226917444620302,198.0,55.924999437053955,-4.191173279124663,135,14.979,1239
55.823704372209164,-4.226917444620302,198.0,55.81549096669224,-4.126910343137958,136,8.184,841
55.823704372209164,-4.226917444620302,198.0,55.90135585493081,-4.207622057499793,137,12.688,1172
55.823704372209164,-4.226917444620302,198.0,55.845816555475636,-4.129576488296543,138,8.455,784
55.823704372209164,-4.226917444620302,198.0,55.80470047644827,-4.291960781118721,139,6.512,786
55.823704372209164,-4.226917444620302,198.0,55.89185394491289,-4.179857587296262,140,12.009,977
55.823704372209164,-4.226917444620302,198.0,55.91859399996558,-4.3401659608951215,141,18.816,1376
55.823704372209164,-4.226917444620302,198.0,55.90671476836246,-4.3642865107142725,142,18.717,1390
55.823704372209164,-4.226917444620302,198.0,55.81273399651921,-4.167613047894911,143,5.679,583
55.823704372209164,-4.226917444620302,198.0,55.80939871413575,-4.276056954355674,144,4.535,570
55.823704372209164,-4.226917444620302,198.0,55.88312869327199,-4.214542892826467,145,10.093,1026
55.823704372209164,-4.226917444620302,198.0,55.815340374954424,-4.283514492524949,146,4.705,587
55.823704372209164,-4.226917444620302,198.0,55.87864379034378,-4.080636908866371,147,17.68,934
55.823704372209164,-4.226917444620302,198.0,55.89423440492952,-4.2418874418647645,148,11.085,1083
55.823704372209164,-4.226917444620302,198.0,55.92796852989922,-4.305970400193036,149,17.172,1365
55.823704372209164,-4.226917444620302,198.0,55.92895153496988,-4.082888064137351,150,22.176,1160
55.823704372209164,-4.226917444620302,198.0,55.790766759429424,-4.135285962371055,151,8.901,687
55.823704372209164,-4.226917444620302,198.0,55.80808041573422,-4.184105792933229,152,4.476,485
55.823704372209164,-4.226917444620302,198.0,55.7982747224006,-4.3931924101572655,153,16.669,1148
55.823704372209164,-4.226917444620302,198.0,55.81178474630603,-4.337962602706185,154,8.706,829
55.823704372209164,-4.226917444620302,198.0,55.852972007756,-4.353957895039277,155,11.666,897
55.823704372209164,-4.226917444620302,198.0,55.797152036890715,-4.311451416173846,156,8.348,891
55.823704372209164,-4.226917444620302,198.0,55.84839482833289,-4.1889265673730645,157,6.881,678
55.823704372209164,-4.226917444620302,198.0,55.86383954752864,-4.387927326091926,158,17.258,924
55.823704372209164,-4.226917444620302,198.0,55.807182357875575,-4.140487806234959,159,7.715,750
55.823704372209164,-4.226917444620302,198.0,55.8296607577131,-4.218765551358871,160,1.393,282
55.823704372209164,-4.226917444620302,198.0,55.82699494590622,-4.295404959002084,161,5.564,634
55.823704372209164,-4.226917444620302,198.0,55.861248665443505,-4.307186036515638,162,9.552,800
55.823704372209164,-4.226917444620302,198.0,55.897857165570365,-4.156645648865112,163,13.485,1014
55.823704372209164,-4.226917444620302,198.0,55.877747555317356,-4.342792329217214,164,14.364,1023
55.823704372209164,-4.226917444620302,198.0,55.92259641850896,-4.389236283866068,165,30.62,1488
55.823704372209164,-4.226917444620302,198.0,55.92621339590465,-4.2820478996479165,166,15.496,1241
55.823704372209164,-4.226917444620302,198.0,55.80660612206145,-4.094012410496262,167,13.753,1031
55.823704372209164,-4.226917444620302,198.0,55.84605439624201,-4.09192094471571,168,18.909,1002
55.823704372209164,-4.226917444620302,198.0,55.83961965364386,-4.1201104741133365,169,9.057,641
55.823704372209164,-4.226917444620302,198.0,55.85030951683019,-4.217608837338132,170,4.022,547
55.823704372209164,-4.226917444620302,198.0,55.85971342373431,-4.246748195156407,171,6.112,683
55.823704372209164,-4.226917444620302,198.0,55.815747728441636,-4.150792968910081,172,5.74,666
55.823704372209164,-4.226917444620302,198.0,55.80041195127493,-4.3806303679601495,173,16.085,1101
55.823704372209164,-4.226917444620302,198.0,55.85487415463933,-4.092829020720908,174,13.364,833
55.823704372209164,-4.226917444620302,198.0,55.80456076444065,-4.203157873727267,175,4.592,513
55.823704372209164,-4.226917444620302,198.0,55.84723005082115,-4.330151260440624,176,9.619,755
55.823704372209164,-4.226917444620302,198.0,55.88775631668876,-4.123428423568879,177,21.335,1287
55.823704372209164,-4.226917444620302,198.0,55.82857385936083,-4.129579652409029,178,8.262,853
55.823704372209164,-4.226917444620302,198.0,55.879865395443076,-4.36272007519476,179,15.256,1066
55.823704372209164,-4.226917444620302,198.0,55.87973669437185,-4.215636550296907,180,9.38,1037
55.823704372209164,-4.226917444620302,198.0,55.8162521393249,-4.1868605517933455,181,3.843,467
55.823704372209164,-4.226917444620302,198.0,55.80755514535402,-4.201625161718038,182,3.827,461
55.823704372209164,-4.226917444620302,198.0,55.85565398843102,-4.250533808562208,183,5.151,584
55.823704372209164,-4.226917444620302,198.0,55.929636326069506,-4.381100658166308,184,31.606,1509
55.823704372209164,-4.226917444620302,198.0,55.879581066995904,-4.21986165885879,185,9.021,1018
55.823704372209164,-4.226917444620302,198.0,55.92647877645629,-4.127886630011083,186,22.578,1421
55.823704372209164,-4.226917444620302,198.0,55.82282427264178,-4.371094162561755,187,13.734,987
55.823704372209164,-4.226917444620302,198.0,55.90291353127043,-4.3414180899754955,188,16.763,1268
55.823704372209164,-4.226917444620302,198.0,55.78437024600116,-4.156926419796477,189,8.245,702
55.823704372209164,-4.226917444620302,198.0,55.8321542449311,-4.1561720476648265,190,6.132,655
55.823704372209164,-4.226917444620302,198.0,55.88310705812362,-4.084862107847263,191,14.841,815
55.823704372209164,-4.226917444620302,198.0,55.85616333886266,-4.110333739241922,192,13.484,931
55.823704372209164,-4.226917444620302,198.0,55.90185178498145,-4.152652007721208,193,17.394,1638
55.823704372209164,-4.226917444620302,198.0,55.8837118458465,-4.182392741162416,194,11.047,1973
55.823704372209164,-4.226917444620302,198.0,55.83086049774818,-4.312434105301623,195,6.707,751
55.823704372209164,-4.226917444620302,198.0,55.821849459706755,-4.176208567338996,196,4.37,540
55.823704372209164,-4.226917444620302,198.0,55.88009750494633,-4.255964552703097,197,9.414,1024
55.823704372209164,-4.226917444620302,198.0,55.87413911675089,-4.369807111055967,198,13.26,815
55.823704372209164,-4.226917444620302,198.0,55.86354071984154,-4.093406384811447,199,14.944,938
55.792529195025175,-4.093151767928012,199.0,55.8391698042901,-4.214478482526657,0,16.218,829
55.792529195025175,-4.093151767928012,199.0,55.86553667472969,-4.350500876963486,1,28.555,1258
55.792529195025175,-4.093151767928012,199.0,55.912892829643965,-4.286410947894997,2,29.696,2437
55.792529195025175,-4.093151767928012,199.0,55.84854019346565,-4.391697428307927,3,27.986,1479
55.792529195025175,-4.093151767928012,199.0,55.79232875093524,-4.310455024670266,4,18.844,1191
55.792529195025175,-4.093151767928012,199.0,55.837143362020576,-4.120043492886959,5,14.448,648
55.792529195025175,-4.093151767928012,199.0,55.84185129809378,-4.283879851305767,6,20.425,1132
55.792529195025175,-4.093151767928012,199.0,55.90609664927746,-4.311383718964596,7,28.38,1546
55.792529195025175,-4.093151767928012,199.0,55.7832172019226,-4.31249791159531,8,19.174,1168
55.792529195025175,-4.093151767928012,199.0,55.8177258987159,-4.260489243356555,9,14.514,1010
55.792529195025175,-4.093151767928012,199.0,55.903262790870684,-4.212111703691823,10,22.933,1326
55.792529195025175,-4.093151767928012,199.0,55.893978813107424,-4.1413270988368325,11,20.434,1120
55.792529195025175,-4.093151767928012,199.0,55.894884622950286,-4.154349650804189,12,25.299,1021
55.792529195025175,-4.093151767928012,199.0,55.80680963785043,-4.263605759417426,13,18.725,1250
55.792529195025175,-4.093151767928012,199.0,55.81824312166051,-4.346878846315483,14,27.614,1370
55.792529195025175,-4.093151767928012,199.0,55.84742656229786,-4.269221405976544,15,20.79,1150
55.792529195025175,-4.093151767928012,199.0,55.80730424868546,-4.315177272898423,16,20.481,1324
55.792529195025175,-4.093151767928012,199.0,55.83798278877758,-4.260604018644594,17,18.896,946
55.792529195025175,-4.093151767928012,199.0,55.89424631095569,-4.343398240721316,18,30.371,1507
55.792529195025175,-4.093151767928012,199.0,55.83908093533876,-4.223069302141199,19,17.248,959
55.792529195025175,-4.093151767928012,199.0,55.8357731433788,-4.270556349194068,20,19.58,996
55.792529195025175,-4.093151767928012,199.0,55.90309627527835,-4.360750370095284,21,32.404,1742
55.792529195025175,-4.093151767928012,199.0,55.85652103589449,-4.101365743428073,22,11.925,685
55.792529195025175,-4.093151767928012,199.0,55.783736419963375,-4.235306054793451,23,12.994,779
55.792529195025175,-4.093151767928012,199.0,55.92064824587275,-4.2358362157531895,24,27.294,1426
55.792529195025175,-4.093151767928012,199.0,55.907674892744176,-4.2497703459088045,25,26.046,2471
55.792529195025175,-4.093151767928012,199.0,55.919604340921964,-4.226208116301384,26,32.091,1432
55.792529195025175,-4.093151767928012,199.0,55.83219148710444,-4.304581930326681,27,26.492,1397
55.792529195025175,-4.093151767928012,199.0,55.79569701419853,-4.1769099124482585,28,7.837,493
55.792529195025175,-4.093151767928012,199.0,55.81260197667657,-4.197841211154324,29,10.397,664
55.792529195025175,-4.093151767928012,199.0,55.826092940761974,-4.176919409292903,30,8.364,773
55.792529195025175,-4.093151767928012,199.0,55.828413149208096,-4.109650878166438,31,4.775,412
55.792529195025175,-4.093151767928012,199.0,55.8999241737755,-4.257993823533507,32,26.145,1416
55.792529195025175,-4.093151767928012,199.0,55.892514250678616,-4.340118142906542,33,30.4,1519
55.792529195025175,-4.093151767928012,199.0,55.855241629670886,-4.269936069312288,34,24.232,1056
55.792529195025175,-4.093151767928012,199.0,55.877364911629314,-4.109701193625618,35,18.166,897
55.792529195025175,-4.093151767928012,199.0,55.887053111734645,-4.1280531391159245,36,23.813,1101
55.792529195025175,-4.093151767928012,199.0,55.89108676863447,-4.105446803942431,37,18.154,1112
55.792529195025175,-4.093151767928012,199.0,55.842635153466425,-4.334387903339716,38,24.423,1186
55.792529195025175,-4.093151767928012,199.0,55.89197542936556,-4.19614108945253,39,20.717,1050
55.792529195025175,-4.093151767928012,199.0,55.825849135803445,-4.321179033230789,40,24.67,1297
55.792529195025175,-4.093151767928012,199.0,55.81864602215581,-4.375055705699034,41,28.643,1379
55.792529195025175,-4.093151767928012,199.0,55.92613065482397,-4.212698358862173,42,31.465,1427
55.792529195025175,-4.093151767928012,199.0,55.874439929608144,-4.279689658904073,43,24.073,1177
55.792529195025175,-4.093151767928012,199.0,55.81998166828728,-4.245455535821837,44,13.374,877
55.792529195025175,-4.093151767928012,199.0,55.91066980601156,-4.213502644426629,45,32.447,1481
55.792529195025175,-4.093151767928012,199.0,55.8404807486866,-4.356656090229781,46,28.075,1453
55.792529195025175,-4.093151767928012,199.0,55.88708229912325,-4.079055837843032,47,15.784,705
55.792529195025175,-4.093151767928012,199.0,55.84510555179576,-4.178720975321847,48,13.782,764
55.792529195025175,-4.093151767928012,199.0,55.84413340760586,-4.085244529493477,49,8.626,1056
55.792529195025175,-4.093151767928012,199.0,55.83324217210475,-4.157183908594519,50,7.637,591
55.792529195025175,-4.093151767928012,199.0,55.895753278756494,-4.323131413571223,51,28.012,1599
55.792529195025175,-4.093151767928012,199.0,55.88609925330935,-4.38354364327563,52,29.588,1326
55.792529195025175,-4.093151767928012,199.0,55.86596770908397,-4.338853955125049,53,26.371,1206
55.792529195025175,-4.093151767928012,199.0,55.819381988004544,-4.256567679373081,54,15.423,1071
55.792529195025175,-4.093151767928012,199.0,55.919398785577634,-4.298102785445152,55,29.972,2116
55.792529195025175,-4.093151767928012,199.0,55.81052481551728,-4.0780884232687225,56,10.48,1676
55.792529195025175,-4.093151767928012,199.0,55.8411814367945,-4.125490362928665,57,9.997,582
55.792529195025175,-4.093151767928012,199.0,55.844855881791794,-4.151320272286683,58,13.614,737
55.792529195025175,-4.093151767928012,199.0,55.79334532620707,-4.3052187624925375,59,18.439,1152
55.792529195025175,-4.093151767928012,199.0,55.78499644933002,-4.082518262203789,60,2.641,257
55.792529195025175,-4.093151767928012,199.0,55.86482365717543,-4.074666870071637,61,13.477,879
55.792529195025175,-4.093151767928012,199.0,55.910543969585106,-4.384534109666136,62,34.231,1807
55.792529195025175,-4.093151767928012,199.0,55.799715679086134,-4.188568421733812,63,9.497,725
55.792529195025175,-4.093151767928012,199.0,55.90005630083831,-4.294022887833187,64,27.452,1499
55.792529195025175,-4.093151767928012,199.0,55.82573931186619,-4.210157383495828,65,11.687,708
55.792529195025175,-4.093151767928012,199.0,55.88010014610652,-4.288014027401103,66,26.173,1468
55.792529195025175,-4.093151767928012,199.0,55.8836463272421,-4.377148406451105,67,29.358,1403
55.792529195025175,-4.093151767928012,199.0,55.80511293548626,-4.195982430231648,68,9.654,613
55.792529195025175,-4.093151767928012,199.0,55.9265186267864,-4.256321117900257,69,29.51,1531
55.792529195025175,-4.093151767928012,199.0,55.90353118048908,-4.119171950823842,70,18.756,1172
55.792529195025175,-4.093151767928012,199.0,55.81502357146685,-4.260984914919316,71,14.871,1045
55.792529195025175,-4.093151767928012,199.0,55.894355058439295,-4.293143876300353,72,26.742,1447
55.792529195025175,-4.093151767928012,199.0,55.80246488546192,-4.242274834364847,73,14.401,920
55.792529195025175,-4.093151767928012,199.0,55.887581813102464,-4.2985753032369685,74,26.354,1443
55.792529195025175,-4.093151767928012,199.0,55.928290955083554,-4.295962301582311,75,30.394,1531
55.792529195025175,-4.093151767928012,199.0,55.81096058143004,-4.368797105646974,76,29.598,1444
55.792529195025175,-4.093151767928012,199.0,55.84818750128869,-4.3631808239548375,77,29.061,1305
55.792529195025175,-4.093151767928012,199.0,55.81610352786554,-4.330910795148831,78,26.639,1211
55.792529195025175,-4.093151767928012,199.0,55.807034270653475,-4.136077366584948,79,3.722,283
55.792529195025175,-4.093151767928012,199.0,55.86778114631985,-4.233612892312959,80,21.203,1042
55.792529195025175,-4.093151767928012,199.0,55.79578956690847,-4.368290459919509,81,28.693,2482
55.792529195025175,-4.093151767928012,199.0,55.897877306124535,-4.077031107370425,82,18.143,1450
55.792529195025175,-4.093151767928012,199.0,55.80721289582252,-4.242612882195534,83,14.791,953
55.792529195025175,-4.093151767928012,199.0,55.92209393969709,-4.157940141970138,84,27.4,1199
55.792529195025175,-4.093151767928012,199.0,55.79188265083702,-4.28147512844989,85,16.586,990
55.792529195025175,-4.093151767928012,199.0,55.88043814367632,-4.104360473798184,86,17.476,837
55.792529195025175,-4.093151767928012,199.0,55.90345994988174,-4.293652184560058,87,29.169,1573
55.792529195025175,-4.093151767928012,199.0,55.91230525016259,-4.108196424937476,88,21.436,1074
55.792529195025175,-4.093151767928012,199.0,55.90569137930351,-4.3852429216612405,89,34.266,1830
55.792529195025175,-4.093151767928012,199.0,55.824402119970216,-4.298242138123909,90,25.106,1218
55.792529195025175,-4.093151767928012,199.0,55.887104625653905,-4.201059285828647,91,20.491,1125
55.792529195025175,-4.093151767928012,199.0,55.92006797200308,-4.195257422106852,92,29.47,1244
55.792529195025175,-4.093151767928012,199.0,55.7944551107823,-4.1683749063061635,93,8.1,923
55.792529195025175,-4.093151767928012,199.0,55.88003873447475,-4.304350182381346,94,25.687,1350
55.792529195025175,-4.093151767928012,199.0,55.88308048053683,-4.2942103285768285,95,25.287,1325
55.792529195025175,-4.093151767928012,199.0,55.80779271908626,-4.3234306371549245,96,20.929,1371
55.792529195025175,-4.093151767928012,199.0,55.90123467399992,-4.380968632189907,97,34.572,1960
55.792529195025175,-4.093151767928012,199.0,55.88049231589054,-4.293733205570284,98,25.189,1315
55.792529195025175,-4.093151767928012,199.0,55.84697147961761,-4.334108806216461,99,24.537,1219
55.792529195025175,-4.093151767928012,199.0,55.83067141211495,-4.195633651932574,100,15.384,793
55.792529195025175,-4.093151767928012,199.0,55.89350845984679,-4.099445363541155,101,17.221,882
55.792529195025175,-4.093151767928012,199.0,55.92592408664018,-4.179171340754611,102,28.741,1283
55.792529195025175,-4.093151767928012,199.0,55.84941827409408,-4.169566750359822,103,13.891,786
55.792529195025175,-4.093151767928012,199.0,55.92413375575165,-4.226670311636797,104,32.68,2169
55.792529195025175,-4.093151767928012,199.0,55.88995713457192,-4.285031242761631,105,25.682,1349
55.792529195025175,-4.093151767928012,199.0,55.90528066541109,-4.131569818675147,106,25.079,1046
55.792529195025175,-4.093151767928012,199.0,55.87850608392288,-4.103517886631066,107,17.807,870
55.792529195025175,-4.093151767928012,199.0,55.80799405798939,-4.284953473560454,108,16.738,1281
55.792529195025175,-4.093151767928012,199.0,55.906815669822045,-4.385279074380807,109,33.577,1745
55.792529195025175,-4.093151767928012,199.0,55.916237634416454,-4.222407816066865,110,32.006,1420
55.792529195025175,-4.093151767928012,199.0,55.915798955837815,-4.088621086891774,111,20.302,958
55.792529195025175,-4.093151767928012,199.0,55.827538479175395,-4.350653065976025,112,26.983,1301
55.792529195025175,-4.093151767928012,199.0,55.799515288981674,-4.0866627646338864,113,1.308,171
55.792529195025175,-4.093151767928012,199.0,55.831024245961984,-4.244756518165482,114,18.336,851
55.792529195025175,-4.093151767928012,199.0,55.86754360554833,-4.2143078261423845,115,19.876,1027
55.792529195025175,-4.093151767928012,199.0,55.8574985965699,-4.1521224561179935,116,14.77,863
55.792529195025175,-4.093151767928012,199.0,55.88095643501817,-4.32811659177277,117,28.213,1334
55.792529195025175,-4.093151767928012,199.0,55.85240433608213,-4.177570445500026,118,14.823,844
55.792529195025175,-4.093151767928012,199.0,55.91169549549074,-4.359708873069638,119,31.838,1829
55.792529195025175,-4.093151767928012,199.0,55.92640787519779,-4.300990956079843,120,30.842,1580
55.792529195025175,-4.093151767928012,199.0,55.84019197366069,-4.205566157974415,121,16.704,944
55.792529195025175,-4.093151767928012,199.0,55.866619942939494,-4.268153778778456,122,23.15,1158
55.792529195025175,-4.093151767928012,199.0,55.81327411986783,-4.2587495402872255,123,14.85,1055
55.792529195025175,-4.093151767928012,199.0,55.86022660117776,-4.154711133590585,124,16.205,807
55.792529195025175,-4.093151767928012,199.0,55.831522729053496,-4.370420634377527,125,29.037,1472
55.792529195025175,-4.093151767928012,199.0,55.84074346341779,-4.172411658039648,126,13.444,683
55.792529195025175,-4.093151767928012,199.0,55.8801412435821,-4.258666277618953,127,23.426,1173
55.792529195025175,-4.093151767928012,199.0,55.8434159429892,-4.1056733307349536,128,10.253,610
55.792529195025175,-4.093151767928012,199.0,55.83522057783537,-4.25736952395694,129,18.87,947
55.792529195025175,-4.093151767928012,199.0,55.86467774065618,-4.2250953414252415,130,21.096,945
55.792529195025175,-4.093151767928012,199.0,55.8953662249987,-4.231143624453162,131,24.32,1238
55.792529195025175,-4.093151767928012,199.0,55.81920459649808,-4.236238450921302,132,12.79,826
55.792529195025175,-4.093151767928012,199.0,55.900795402502105,-4.206009410292495,133,22.118,1217
55.792529195025175,-4.093151767928012,199.0,55.86078490474355,-4.339631469507248,134,26.906,1301
55.792529195025175,-4.093151767928012,199.0,55.924999437053955,-4.191173279124663,135,29.219,1235
55.792529195025175,-4.093151767928012,199.0,55.81549096669224,-4.126910343137958,136,4.231,346
55.792529195025175,-4.093151767928012,199.0,55.90135585493081,-4.207622057499793,137,22.117,1194
55.792529195025175,-4.093151767928012,199.0,55.845816555475636,-4.129576488296543,138,11.897,706
55.792529195025175,-4.093151767928012,199.0,55.80470047644827,-4.291960781118721,139,19.674,1306
55.792529195025175,-4.093151767928012,199.0,55.89185394491289,-4.179857587296262,140,21.321,994
55.792529195025175,-4.093151767928012,199.0,55.91859399996558,-4.3401659608951215,141,30.704,1679
55.792529195025175,-4.093151767928012,199.0,55.90671476836246,-4.3642865107142725,142,33.156,1798
55.792529195025175,-4.093151767928012,199.0,55.81273399651921,-4.167613047894911,143,6.232,489
55.792529195025175,-4.093151767928012,199.0,55.80939871413575,-4.276056954355674,144,18.853,1179
55.792529195025175,-4.093151767928012,199.0,55.88312869327199,-4.214542892826467,145,20.118,1095
55.792529195025175,-4.093151767928012,199.0,55.815340374954424,-4.283514492524949,146,16.196,1187
55.792529195025175,-4.093151767928012,199.0,55.87864379034378,-4.080636908866371,147,16.764,740
55.792529195025175,-4.093151767928012,199.0,55.89423440492952,-4.2418874418647645,148,24.883,1321
55.792529195025175,-4.093151767928012,199.0,55.92796852989922,-4.305970400193036,149,30.97,1603
55.792529195025175,-4.093151767928012,199.0,55.92895153496988,-4.082888064137351,150,21.26,966
55.792529195025175,-4.093151767928012,199.0,55.790766759429424,-4.135285962371055,151,4.565,292
55.792529195025175,-4.093151767928012,199.0,55.80808041573422,-4.184105792933229,152,9.27,549
55.792529195025175,-4.093151767928012,199.0,55.7982747224006,-4.3931924101572655,153,31.236,1551
55.792529195025175,-4.093151767928012,199.0,55.81178474630603,-4.337962602706185,154,28.384,1344
55.792529195025175,-4.093151767928012,199.0,55.852972007756,-4.353957895039277,155,26.105,1305
55.792529195025175,-4.093151767928012,199.0,55.797152036890715,-4.311451416173846,156,18.729,1185
55.792529195025175,-4.093151767928012,199.0,55.84839482833289,-4.1889265673730645,157,14.543,800
55.792529195025175,-4.093151767928012,199.0,55.86383954752864,-4.387927326091926,158,31.697,1332
55.792529195025175,-4.093151767928012,199.0,55.807182357875575,-4.140487806234959,159,3.933,281
55.792529195025175,-4.093151767928012,199.0,55.8296607577131,-4.218765551358871,160,9.446,839
55.792529195025175,-4.093151767928012,199.0,55.82699494590622,-4.295404959002084,161,25.142,1195
55.792529195025175,-4.093151767928012,199.0,55.861248665443505,-4.307186036515638,162,23.991,1208
55.792529195025175,-4.093151767928012,199.0,55.897857165570365,-4.156645648865112,163,22.797,1030
55.792529195025175,-4.093151767928012,199.0,55.877747555317356,-4.342792329217214,164,28.803,1431
55.792529195025175,-4.093151767928012,199.0,55.92259641850896,-4.389236283866068,165,45.059,1895
55.792529195025175,-4.093151767928012,199.0,55.92621339590465,-4.2820478996479165,166,29.294,1479
55.792529195025175,-4.093151767928012,199.0,55.80660612206145,-4.094012410496262,167,8.923,750
55.792529195025175,-4.093151767928012,199.0,55.84605439624201,-4.09192094471571,168,17.993,808
55.792529195025175,-4.093151767928012,199.0,55.83961965364386,-4.1201104741133365,169,9.604,509
55.792529195025175,-4.093151767928012,199.0,55.85030951683019,-4.217608837338132,170,16.378,908
55.792529195025175,-4.093151767928012,199.0,55.85971342373431,-4.246748195156407,171,21.809,1092
55.792529195025175,-4.093151767928012,199.0,55.815747728441636,-4.150792968910081,172,4.838,414
55.792529195025175,-4.093151767928012,199.0,55.80041195127493,-4.3806303679601495,173,29.067,1460
55.792529195025175,-4.093151767928012,199.0,55.85487415463933,-4.092829020720908,174,12.448,639
55.792529195025175,-4.093151767928012,199.0,55.80456076444065,-4.203157873727267,175,10.145,633
55.792529195025175,-4.093151767928012,199.0,55.84723005082115,-4.330151260440624,176,24.058,1162
55.792529195025175,-4.093151767928012,199.0,55.88775631668876,-4.123428423568879,177,20.419,1093
55.792529195025175,-4.093151767928012,199.0,55.82857385936083,-4.129579652409029,178,5.503,470
55.792529195025175,-4.093151767928012,199.0,55.879865395443076,-4.36272007519476,179,29.695,1473
55.792529195025175,-4.093151767928012,199.0,55.87973669437185,-4.215636550296907,180,20.834,1192
55.792529195025175,-4.093151767928012,199.0,55.8162521393249,-4.1868605517933455,181,7.228,630
55.792529195025175,-4.093151767928012,199.0,55.80755514535402,-4.201625161718038,182,9.898,600
55.792529195025175,-4.093151767928012,199.0,55.85565398843102,-4.250533808562208,183,20.549,1134
55.792529195025175,-4.093151767928012,199.0,55.929636326069506,-4.381100658166308,184,46.045,1916
55.792529195025175,-4.093151767928012,199.0,55.879581066995904,-4.21986165885879,185,21.019,1226
55.792529195025175,-4.093151767928012,199.0,55.92647877645629,-4.127886630011083,186,21.662,1227
55.792529195025175,-4.093151767928012,199.0,55.82282427264178,-4.371094162561755,187,28.173,1395
55.792529195025175,-4.093151767928012,199.0,55.90291353127043,-4.3414180899754955,188,31.202,1676
55.792529195025175,-4.093151767928012,199.0,55.78437024600116,-4.156926419796477,189,7.722,512
55.792529195025175,-4.093151767928012,199.0,55.8321542449311,-4.1561720476648265,190,7.677,604
55.792529195025175,-4.093151767928012,199.0,55.88310705812362,-4.084862107847263,191,13.925,621
55.792529195025175,-4.093151767928012,199.0,55.85616333886266,-4.110333739241922,192,12.568,736
55.792529195025175,-4.093151767928012,199.0,55.90185178498145,-4.152652007721208,193,27.029,1578
55.792529195025175,-4.093151767928012,199.0,55.8837118458465,-4.182392741162416,194,20.688,1877
55.792529195025175,-4.093151767928012,199.0,55.83086049774818,-4.312434105301623,195,26.076,1299
55.792529195025175,-4.093151767928012,199.0,55.821849459706755,-4.176208567338996,196,6.454,545
55.792529195025175,-4.093151767928012,199.0,55.88009750494633,-4.255964552703097,197,23.112,1151
55.792529195025175,-4.093151767928012,199.0,55.87413911675089,-4.369807111055967,198,27.699,1222
55.792529195025175,-4.093151767928012,199.0,55.86354071984154,-4.093406384811447,199,14.028,744
